83 35
110.091300 168.790300 7.036140 1
109.847227 174.712888 6.376399 1
109.474042 183.433202 4.877749 1
109.146650 191.866805 3.998116 1
108.459120 213.650735 4.840398 1
109.235378 219.954072 6.569769 1
108.551742 236.716784 6.582747 1
105.250113 200.901474 3.570980 1
93.684303 204.127241 4.107290 1
93.854782 198.325835 5.876409 1
94.351334 181.428415 11.029218 1
94.115174 174.940204 13.080074 1
93.641253 161.919795 17.195691 1
93.641253 161.919795 17.195691 1
112.385840 201.138451 3.266734 1
123.824315 204.651453 2.134805 1
123.912774 198.877268 3.996560 1
124.170424 182.059137 9.419185 1
124.701348 175.603405 11.516878 1
125.766798 162.648175 15.726485 1
125.766798 162.648175 15.726485 1
104.836515 167.505630 6.603540 1
104.247173 151.616367 8.570588 1
103.517360 131.939900 11.006481 1
104.158087 112.091303 9.653088 1
104.691383 95.570748 8.526620 1
102.104802 90.103006 20.985545 1
101.553177 89.596607 27.695584 1
115.376857 167.894306 6.193306 1
115.824325 151.953919 7.740008 1
116.378442 132.214363 9.655343 1
115.878658 112.159921 8.588808 1
115.471062 95.804605 7.718999 1
117.646355 90.359747 20.266232 1
117.990090 89.863018 26.990896 1
110.101500 168.818900 7.042230 1
109.851120 174.740600 6.376905 1
109.467696 183.458455 4.866577 1
109.135304 191.889955 3.968850 1
108.451996 213.676418 4.746598 1
109.262850 219.975945 6.473976 1
108.559360 236.737835 6.460250 1
105.238315 200.923637 3.525273 1
93.671287 204.139025 4.096520 1
93.776629 198.340898 5.881397 1
94.083460 181.453028 11.080100 1
93.773900 174.972406 13.145138 1
93.152683 161.967227 17.289215 1
93.152683 161.967227 17.289215 1
112.373163 201.159028 3.199921 1
123.829121 204.606301 2.042985 1
123.963900 198.834842 3.910404 1
124.356463 182.024648 9.349527 1
124.939343 175.573674 11.448065 1
126.109055 162.627992 15.659367 1
126.109055 162.627992 15.659367 1
104.846388 167.529938 6.626714 1
104.311199 151.623243 8.464071 1
103.648448 131.925188 10.739363 1
104.238191 112.065819 9.528285 1
104.729052 95.536300 8.520271 1
102.203659 90.130657 21.018784 1
101.689516 89.656084 27.734124 1
115.385168 167.925858 6.184553 1
115.842539 151.981607 7.687922 1
116.408919 132.237266 9.549596 1
115.890178 112.179709 8.552989 1
115.467122 95.821852 7.740211 1
117.684701 90.373158 20.278372 1
118.053368 89.875140 27.001621 1
110.127600 168.819000 7.088250 1
109.866679 174.739558 6.416837 1
109.467351 183.454234 4.892351 1
109.121316 191.882610 3.970759 1
108.409620 213.671130 4.660428 1
109.287584 219.966242 6.371010 1
108.574539 236.727586 6.300608 1
105.211368 200.909121 3.496329 1
93.653514 204.146071 4.128263 1
93.639633 198.357098 5.945612 1
93.599208 181.495891 11.238896 1
93.155649 175.033085 13.335100 1
92.265524 162.063660 17.541720 1
92.265524 162.063660 17.541720 1
112.345373 201.152828 3.158841 1
123.828529 204.508302 2.001658 1
124.029450 198.743005 3.882121 1
124.614659 181.950760 9.359239 1
125.271582 175.509447 11.465565 1
126.589882 162.583152 15.692497 1
126.589882 162.583152 15.692497 1
104.873842 167.521243 6.683112 1
104.325594 151.593528 8.324018 1
103.646672 131.869442 10.356034 1
104.310803 111.995499 9.464772 1
104.863579 95.453849 8.722950 1
102.319833 90.090285 21.235862 1
101.784219 89.642304 27.951350 1
115.411212 167.933399 6.222549 1
115.885988 151.988814 7.716962 1
116.473922 132.244061 9.567546 1
115.924097 112.187158 8.574434 1
115.475691 95.829835 7.764505 1
117.721791 90.367845 20.291800 1
118.109296 89.863889 27.013546 1
110.158800 168.819100 7.068100 1
109.893551 174.739505 6.397032 1
109.493987 183.452763 4.864524 1
109.161112 191.878973 3.918603 1
108.518352 213.672727 4.502470 1
109.350521 219.975232 6.208719 1
108.689543 236.738631 6.121518 1
105.279273 200.915326 3.402519 1
93.709790 204.095333 4.106636 1
93.537774 198.339761 6.019477 1
93.036759 181.575840 11.590898 1
92.415487 175.160320 13.784933 1
91.168731 162.285785 18.187878 1
91.168731 162.285785 18.187878 1
112.413800 201.134932 3.059567 1
123.917348 204.427440 1.924248 1
124.216302 198.693221 3.884992 1
125.087048 181.991493 9.595935 1
125.853497 175.590433 11.786292 1
127.391592 162.744919 16.181855 1
127.391592 162.744919 16.181855 1
104.905369 167.518180 6.668907 1
104.350328 151.589580 8.298903 1
103.662994 131.864399 10.317409 1
104.329886 111.989638 9.446675 1
104.884961 95.447308 8.721939 1
102.343761 90.093196 21.239415 1
101.809075 89.650436 27.955324 1
115.441960 167.936689 6.196403 1
115.871793 151.989038 7.671574 1
116.404073 132.240488 9.498330 1
115.896476 112.181439 8.526296 1
115.482509 95.822366 7.733558 1
117.692173 90.389234 20.279867 1
118.055243 89.899099 27.003999 1
110.149000 168.816300 7.026770 1
109.887042 174.739022 6.375139 1
109.485752 183.454126 4.853616 1
109.138721 191.877100 3.884252 1
108.426958 213.672187 4.319394 1
109.406273 219.956044 6.016285 1
108.712734 236.717707 5.869033 1
105.228254 200.897380 3.306767 1
93.703965 204.232055 4.036056 1
93.375586 198.543647 6.121566 1
92.419144 181.975353 12.195908 1
91.623502 175.647680 14.580477 1
90.026825 162.949435 19.365784 1
90.026825 162.949435 19.365784 1
112.362034 201.137235 2.961836 1
123.905797 204.253076 1.739453 1
124.366181 198.598097 3.889899 1
125.707114 182.127168 10.153378 1
126.653559 175.822091 12.542713 1
128.552865 163.169193 17.337581 1
128.552865 163.169193 17.337581 1
104.894772 167.519695 6.624045 1
104.342020 151.591348 8.257292 1
103.657519 131.866481 10.279825 1
104.318683 111.990395 9.435362 1
104.868989 95.446962 8.732493 1
102.341160 90.103973 21.257427 1
101.814016 89.667054 27.974314 1
115.431536 167.933734 6.151455 1
115.847426 151.987982 7.650953 1
116.362439 132.241783 9.507833 1
115.873487 112.181746 8.546710 1
115.474726 95.821867 7.762870 1
117.667271 90.412585 20.322481 1
118.018954 89.934475 27.048085 1
110.156900 168.803200 6.952910 1
109.895718 174.725789 6.299759 1
109.496637 183.438907 4.766330 1
109.154847 191.858560 3.766726 1
108.464998 213.656514 4.075094 1
109.457746 219.946249 5.742139 1
108.826514 236.710292 5.585689 1
105.253120 200.879223 3.138351 1
93.741499 204.256903 3.869815 1
93.214478 198.705024 6.260224 1
91.679463 182.534388 13.222627 1
90.662281 176.374929 15.940176 1
88.621023 164.014252 21.393697 1
88.621023 164.014252 21.393697 1
112.386983 201.109935 2.788941 1
123.929252 204.224367 1.548979 1
124.569543 198.721056 4.022592 1
126.434484 182.691883 11.227340 1
127.580317 176.538561 13.907332 1
129.879753 164.190199 19.285485 1
129.879753 164.190199 19.285485 1
104.902101 167.507594 6.554440 1
104.346207 151.582685 8.219825 1
103.657816 131.862075 10.282154 1
104.323036 111.987165 9.413542 1
104.876719 95.444711 8.690572 1
102.356879 90.101681 21.217098 1
101.833641 89.664869 27.934298 1
115.438600 167.919258 6.073950 1
115.871983 151.976234 7.597311 1
116.408657 132.233414 9.483743 1
115.873217 112.176344 8.486161 1
115.436542 95.818884 7.672587 1
117.657730 90.382066 20.215265 1
118.029953 89.890963 26.938826 1
110.152200 168.808600 6.914110 1
109.885709 174.729495 6.247872 1
109.481669 183.437897 4.689163 1
109.141115 191.853236 3.653455 1
108.469872 213.653169 3.838083 1
109.488931 219.950705 5.459168 1
108.914852 236.716733 5.295512 1
105.247004 200.873507 2.974270 1
93.758783 204.334449 3.684076 1
93.045947 198.967906 6.424011 1
90.969718 183.337085 14.404456 1
89.746199 177.400651 17.506136 1
87.290867 165.487536 23.730523 1
87.290867 165.487536 23.730523 1
112.381023 201.096148 2.622795 1
123.922801 204.194105 1.337812 1
124.750439 198.725419 3.832538 1
127.161051 182.797096 11.098778 1
128.527292 177.257681 14.814547 1
131.269036 166.141297 22.271276 1
131.269036 166.141297 22.271276 1
104.898341 167.507644 6.520707 1
104.340568 151.585951 8.215954 1
103.649850 131.869324 10.315264 1
104.307820 111.995289 9.421505 1
104.855467 95.453561 8.677605 1
102.332609 90.110176 21.203372 1
101.808947 89.672766 27.920500 1
115.434288 167.927191 6.034932 1
115.873311 151.986642 7.582385 1
116.416971 132.246886 9.498650 1
115.885699 112.189628 8.502634 1
115.452423 95.832014 7.690336 1
117.676872 90.411199 20.239361 1
118.050134 89.928433 26.963468 1
110.093700 168.813400 6.889040 1
109.820586 174.732343 6.208300 1
109.411834 183.435731 4.623042 1
109.076203 191.846792 3.551595 1
108.440943 213.648486 3.617532 1
109.465278 219.951842 5.212461 1
108.943441 236.718914 4.991017 1
105.197378 200.869665 2.821403 1
93.738012 204.430120 3.504968 1
92.841342 199.321439 6.653385 1
90.229669 184.441680 15.823593 1
88.803003 178.810571 19.375200 1
85.940002 167.510178 26.502493 1
85.940002 167.510178 26.502493 1
112.331936 201.078608 2.472486 1
123.847272 204.257430 1.148361 1
124.830272 198.596453 3.098288 1
127.693401 182.108055 8.777726 1
129.174898 177.829714 13.862963 1
132.147937 169.244027 24.067911 1
132.147937 169.244027 24.067911 1
104.841323 167.505583 6.498617 1
104.277230 151.591250 8.259602 1
103.578686 131.883737 10.440318 1
104.239223 112.012696 9.484043 1
104.789007 95.473462 8.688107 1
102.253358 90.121091 21.207454 1
101.723211 89.678732 27.923748 1
115.376811 167.935776 6.012229 1
115.821333 151.996360 7.569749 1
116.371803 132.258007 9.498479 1
115.841831 112.200126 8.514367 1
115.409617 95.842006 7.711778 1
117.632839 90.433825 20.266470 1
118.005208 89.957748 26.991104 1
110.111800 168.822800 6.812000 1
109.835823 174.739749 6.115270 1
109.426931 183.437685 4.500401 1
109.098405 191.843785 3.388572 1
108.498440 213.646468 3.319400 1
109.521587 219.958586 4.880074 1
109.049605 236.726406 4.609000 1
105.234858 200.868235 2.599272 1
93.826881 204.609382 3.167647 1
92.790462 199.842441 6.775593 1
89.771750 185.958047 17.284245 1
88.191199 180.726534 21.345254 1
85.019382 170.228039 29.494803 1
85.019382 170.228039 29.494803 1
112.370049 201.063490 2.255400 1
123.863658 204.307642 0.901296 1
124.993521 198.660291 2.810745 1
128.284410 182.211581 8.372288 1
129.746367 179.068062 14.232291 1
132.680194 172.759712 25.992026 1
132.680194 172.759712 25.992026 1
104.860246 167.511182 6.423256 1
104.291710 151.599492 8.206549 1
103.587663 131.895251 10.414890 1
104.242797 112.024835 9.442048 1
104.788084 95.486121 8.632325 1
102.237948 90.142625 21.152520 1
101.701192 89.704630 27.868575 1
115.395677 167.945599 5.939394 1
115.841454 152.006042 7.495120 1
116.393477 132.267515 9.421629 1
115.868134 112.207881 8.471363 1
115.439694 95.848330 7.696376 1
117.663859 90.450822 20.255493 1
118.036242 89.980295 26.980517 1
110.130300 168.865100 6.686470 1
109.864973 174.784338 6.005219 1
109.468567 183.483208 4.392263 1
109.149702 191.884487 3.241858 1
108.569461 213.686091 2.967730 1
109.610147 219.984722 4.570716 1
109.167395 236.751986 4.225935 1
105.293655 200.904632 2.370895 1
93.932890 204.788257 2.929141 1
92.849144 200.516292 7.099390 1
89.692586 188.073586 19.245830 1
88.047806 183.365810 23.881583 1
84.747098 173.918340 33.184518 1
84.747098 173.918340 33.184518 1
112.428716 201.090104 2.019005 1
123.896685 204.412433 0.637349 1
125.156608 198.888647 2.808878 1
128.826311 182.799835 9.133766 1
130.165494 180.613975 15.441481 1
132.852939 176.227435 28.099675 1
132.852939 176.227435 28.099675 1
104.875666 167.564752 6.301504 1
104.315860 151.654414 8.099567 1
103.622624 131.951848 10.326197 1
104.284868 112.079740 9.393574 1
104.836073 95.539617 8.617326 1
102.323265 90.239558 21.163505 1
101.805712 89.825118 27.882562 1
115.411265 167.979800 5.804461 1
115.860511 152.042697 7.384142 1
116.416831 132.307209 9.340317 1
115.895829 112.245705 8.427877 1
115.470929 95.884629 7.683739 1
117.719572 90.501864 20.244824 1
118.104373 90.038998 26.969681 1
110.097600 168.802400 6.598180 1
109.837309 174.721316 5.912201 1
109.452380 183.417780 4.283571 1
109.150145 191.815247 3.101291 1
108.625884 213.616320 2.701076 1
109.676529 219.923138 4.264897 1
109.275344 236.689932 3.852907 1
105.317780 200.840043 2.175695 1
93.998414 204.846043 2.709637 1
92.832526 200.706521 6.989851 1
89.436717 188.649574 19.456579 1
88.017760 184.955633 24.997339 1
85.170227 177.542706 36.116424 1
85.170227 177.542706 36.116424 1
112.453526 201.005251 1.827634 1
123.869588 204.469571 0.367089 1
125.259642 199.192623 3.019774 1
129.308374 183.822766 10.746095 1
130.471214 182.432041 17.309048 1
132.804779 179.641163 30.479448 1
132.804779 179.641163 30.479448 1
104.841954 167.506113 6.213333 1
104.210724 151.600301 8.027702 1
103.429040 131.903338 10.274526 1
104.169812 112.033078 9.361813 1
104.786378 95.494493 8.602137 1
102.220525 90.156154 21.121320 1
101.664687 89.724545 27.836237 1
115.377979 167.912015 5.717787 1
115.830202 151.974346 7.290888 1
116.390207 132.238156 9.238914 1
115.875626 112.174118 8.380145 1
115.455962 95.810975 7.679778 1
117.714128 90.438023 20.243356 1
118.103313 89.980168 26.968303 1
110.046100 168.923100 6.596710 1
109.812869 174.839110 5.876774 1
109.464773 183.527474 4.197411 1
109.190168 191.918631 2.964659 1
108.714935 213.717935 2.429634 1
109.766735 220.029460 3.973567 1
109.426759 236.796001 3.500744 1
105.379152 200.946027 1.978271 1
94.075366 205.001456 2.467241 1
92.836508 200.767296 6.632848 1
89.228166 188.434700 18.765767 1
88.351495 186.189889 25.133730 1
86.592212 181.685050 37.912826 1
86.592212 181.685050 37.912826 1
112.515718 201.093282 1.639072 1
123.900573 204.609346 0.063147 1
125.325321 199.701802 3.334425 1
129.475103 185.407881 12.862486 1
130.400284 184.694329 19.570209 1
132.256921 183.262387 33.031131 1
132.256921 183.262387 33.031131 1
104.785383 167.647733 6.211246 1
104.137434 151.732567 7.935458 1
103.335047 132.024021 10.070635 1
104.123944 112.150644 9.273412 1
104.780566 95.609465 8.609862 1
102.197097 90.266205 21.123322 1
101.624947 89.834259 27.836847 1
115.323820 168.004558 5.729396 1
115.799678 152.061097 7.235408 1
116.388951 132.317736 9.100355 1
115.883907 112.250935 8.302641 1
115.472022 95.885539 7.652069 1
117.787502 90.518257 20.207636 1
118.206088 90.063002 26.930993 1
110.046500 168.929600 6.549880 1
109.817920 174.842358 5.802265 1
109.480532 183.522826 4.080422 1
109.222757 191.907701 2.802135 1
108.806062 213.704626 2.137171 1
109.821693 220.026109 3.664490 1
109.592021 236.791696 3.100241 1
105.436827 200.939154 1.757977 1
94.130310 204.983300 2.276363 1
93.147839 200.984595 6.732850 1
90.286262 189.337799 19.713000 1
90.096711 188.142536 26.413305 1
89.716324 185.743908 39.859340 1
89.716324 185.743908 39.859340 1
112.574123 201.065464 1.425757 1
123.944846 204.631511 -0.139848 1
125.229849 200.144895 3.737550 1
128.972603 187.076992 15.031021 1
129.472845 186.933635 21.819826 1
130.476721 186.645949 35.443461 1
130.476721 186.645949 35.443461 1
104.785112 167.656183 6.167138 1
104.146298 151.742033 7.904089 1
103.355223 132.034746 10.055043 1
104.133744 112.161518 9.244016 1
104.781730 95.620464 8.568976 1
102.197457 90.273084 21.080510 1
101.626245 89.838471 27.793943 1
115.324092 168.003287 5.690083 1
115.809683 152.060759 7.202845 1
116.411010 132.318552 9.076151 1
115.908936 112.251571 8.281090 1
115.499473 95.886029 7.632682 1
117.831549 90.524333 20.187564 1
118.258454 90.071876 26.910587 1
110.039700 168.933200 6.511370 1
109.811377 174.842864 5.739600 1
109.477032 183.516872 3.984924 1
109.226841 191.897864 2.679946 1
108.841671 213.693579 1.958677 1
109.844414 220.033491 3.416542 1
109.715889 236.795607 2.730252 1
105.454048 200.932046 1.612109 1
94.160850 205.006935 2.177906 1
93.584046 201.239710 6.899186 1
91.904027 190.267130 20.650579 1
92.548624 189.968459 27.422134 1
93.842189 189.369092 41.011152 1
93.842189 189.369092 41.011152 1
112.591550 201.047197 1.280259 1
123.950935 204.645881 -0.292963 1
124.825834 200.581106 4.126009 1
127.374104 188.741870 16.996891 1
127.198134 189.081267 23.794870 1
126.845002 189.762361 37.436914 1
126.845002 189.762361 37.436914 1
104.778170 167.658566 6.134686 1
104.141872 151.746925 7.895382 1
103.353914 132.042744 10.075739 1
104.128446 112.170263 9.242898 1
104.773111 95.629830 8.549700 1
102.187024 90.275165 21.057743 1
101.615465 89.836431 27.770878 1
115.317095 168.003036 5.654525 1
115.814193 152.065909 7.219557 1
116.429769 132.330390 9.157590 1
115.910634 112.263704 8.366049 1
115.487257 95.898402 7.720510 1
117.838772 90.534781 20.270943 1
118.277913 90.081913 26.993150 1
110.076600 168.934900 6.494880 1
109.840134 174.843097 5.714385 1
109.500205 183.514742 3.949133 1
109.259883 191.895138 2.638484 1
108.942008 213.691840 1.914236 1
109.940006 220.061287 3.240698 1
109.808436 236.816491 2.402930 1
105.513898 200.940937 1.574613 1
94.232404 205.039023 2.202898 1
94.266032 201.499617 7.131045 1
94.363985 191.190591 21.484971 1
95.981963 191.594904 28.086285 1
99.228888 192.406271 41.333667 1
99.228888 192.406271 41.333667 1
112.651241 201.033656 1.232473 1
123.985560 204.696382 -0.373395 1
124.364863 200.875009 4.324306 1
125.469638 189.744717 18.007028 1
124.458399 190.702197 24.671808 1
122.429068 192.623649 38.046553 1
122.429068 192.623649 38.046553 1
104.815701 167.653889 6.131233 1
104.180480 151.744742 7.914716 1
103.393853 132.043651 10.123292 1
104.152446 112.171872 9.259625 1
104.783846 95.632021 8.540771 1
102.213641 90.269192 21.048589 1
101.652572 89.825417 27.762278 1
115.353209 168.009210 5.628404 1
115.834055 152.068160 7.158162 1
116.429506 132.327784 9.052516 1
115.917502 112.259819 8.289244 1
115.499940 95.893475 7.666760 1
117.855116 90.541714 20.221569 1
118.295362 90.094908 26.944110 1
110.107600 168.938200 6.487570 1
109.871947 174.847002 5.711420 1
109.531937 183.520312 3.954381 1
109.295759 191.902441 2.654102 1
109.005464 213.700599 1.962873 1
109.981357 220.105706 3.123731 1
109.864747 236.853022 2.138916 1
105.558483 200.954951 1.617032 1
94.297909 205.093709 2.345954 1
95.139407 201.803889 7.374286 1
97.590395 192.221818 22.020015 1
100.229530 193.050832 28.241459 1
105.525693 194.714481 40.726526 1
105.525693 194.714481 40.726526 1
112.694662 201.038322 1.249174 1
124.028370 204.682544 -0.402454 1
123.847542 201.023017 4.433900 1
123.320854 190.364126 18.520469 1
121.460042 191.949547 24.875191 1
117.725802 195.131138 37.627716 1
117.725802 195.131138 37.627716 1
104.844626 167.660639 6.142278 1
104.207444 151.752244 7.931749 1
103.418390 132.052083 10.147741 1
104.159071 112.180983 9.253418 1
104.775562 95.641699 8.509048 1
102.248706 90.270456 21.022088 1
101.712830 89.821517 27.737491 1
115.380455 168.009778 5.601391 1
115.846476 152.071306 7.162280 1
116.423568 132.334121 9.095183 1
115.914827 112.265776 8.339776 1
115.499926 95.899122 7.723707 1
117.882867 90.557270 20.277496 1
118.337290 90.115536 26.999429 1
110.107700 168.939000 6.557480 1
109.886425 174.850312 5.796358 1
109.565427 183.527836 4.056638 1
109.344865 191.911782 2.765356 1
109.089006 213.710474 2.077367 1
110.064009 220.149685 3.031978 1
109.897927 236.888246 1.914364 1
105.621438 200.970403 1.731842 1
94.381007 205.138078 2.594618 1
96.124744 202.058464 7.523160 1
101.203630 193.088647 21.878232 1
104.825027 194.140202 27.547304 1
112.092376 196.250440 38.923881 1
112.092376 196.250440 38.923881 1
112.757515 201.042415 1.359636 1
124.085914 204.674435 -0.354123 1
123.158076 201.466509 4.711792 1
120.455615 192.122971 19.466987 1
117.886998 193.800999 25.545235 1
112.732351 197.168434 37.742938 1
112.732351 197.168434 37.742938 1
104.841235 167.675651 6.213125 1
104.226674 151.762606 7.968847 1
103.465633 132.056686 10.143045 1
104.191039 112.185871 9.230086 1
104.794817 95.646823 8.470204 1
102.314110 90.260973 20.986199 1
101.804354 89.803738 27.703076 1
115.377490 167.999451 5.664819 1
115.860506 152.054663 7.154416 1
116.458644 132.309659 8.999036 1
115.949164 112.242604 8.210563 1
115.533661 95.877002 7.567527 1
117.960696 90.535733 20.113115 1
118.438206 90.094131 26.833456 1
110.132500 168.942700 6.742360 1
109.899535 174.852433 5.972508 1
109.563381 183.527888 4.225351 1
109.337659 191.912138 2.936940 1
109.098073 213.712043 2.282326 1
110.185949 220.152351 3.097381 1
109.780565 236.867042 1.715068 1
105.618643 200.975427 1.928776 1
94.417559 205.221067 2.914394 1
96.147233 201.900792 7.689241 1
101.185160 192.230016 21.596656 1
105.087110 193.623126 26.999682 1
112.917464 196.418792 37.842365 1
112.917464 196.418792 37.842365 1
112.753562 201.041988 1.534039 1
124.082875 204.679633 -0.161653 1
122.853845 201.736614 5.000060 1
119.274121 193.164653 20.034283 1
116.421003 194.956289 25.951075 1
110.695424 198.551707 37.824772 1
110.695424 198.551707 37.824772 1
104.866764 167.670832 6.418854 1
104.237224 151.757504 8.166691 1
103.457633 132.051235 10.331125 1
104.168228 112.184063 9.331363 1
104.759677 95.648047 8.499233 1
102.288828 90.238463 21.006939 1
101.786462 89.767777 27.723444 1
115.400491 168.009680 5.832398 1
115.879200 152.064808 7.322480 1
116.472004 132.319699 9.167700 1
115.947290 112.252568 8.391263 1
115.519362 95.886903 7.758043 1
117.977456 90.523964 20.288329 1
118.473589 90.071419 27.006592 1
110.183700 168.943900 6.872270 1
109.941803 174.849778 6.076047 1
109.595407 183.519756 4.303879 1
109.366184 191.904230 3.017546 1
109.135385 213.706315 2.436523 1
110.261948 220.152254 3.147921 1
109.799881 236.838116 1.467280 1
105.650307 200.972431 2.042517 1
94.449105 205.229360 2.976741 1
95.969426 201.822595 7.761899 1
100.397583 191.899905 21.699346 1
104.271822 193.670131 27.011149 1
112.046566 197.222584 37.670764 1
112.046566 197.222584 37.670764 1
112.784976 201.037313 1.643008 1
124.158368 204.485669 -0.150308 1
122.998327 201.641768 5.082445 1
119.619545 193.358506 20.323579 1
116.860722 195.424556 26.195462 1
111.324372 199.570663 37.979035 1
111.324372 199.570663 37.979035 1
104.919600 167.663059 6.557653 1
104.281875 151.748001 8.286669 1
103.492149 132.039590 10.427795 1
104.189650 112.174370 9.381106 1
104.770201 95.639980 8.509918 1
102.282003 90.207004 21.004039 1
101.772109 89.723144 27.719040 1
115.452479 168.014345 5.963324 1
115.934049 152.065856 7.413237 1
116.530397 132.316268 9.208715 1
115.988440 112.250471 8.409970 1
115.546451 95.885894 7.758556 1
118.016702 90.512467 20.281957 1
118.521346 90.054973 26.999251 1
110.242100 168.939800 6.941260 1
109.991274 174.845204 6.144279 1
109.636390 183.512425 4.360344 1
109.410270 191.892421 3.044620 1
109.217428 213.691241 2.340331 1
110.330064 220.127086 3.157215 1
109.799369 236.788843 1.270356 1
105.709747 200.961485 2.020468 1
94.511684 205.257588 2.800248 1
95.836879 201.910667 7.684625 1
99.696701 192.162280 21.911062 1
103.371253 193.962252 27.353160 1
110.745271 197.574401 38.274250 1
110.745271 197.574401 38.274250 1
112.844278 201.011546 1.616388 1
124.206248 204.441435 -0.281682 1
123.248632 201.651498 5.020618 1
120.459441 193.525408 20.464318 1
117.870623 195.753103 26.354484 1
112.675436 200.223597 38.174750 1
112.675436 200.223597 38.174750 1
104.979330 167.651841 6.633524 1
104.324410 151.737096 8.358986 1
103.513389 132.029072 10.495713 1
104.198468 112.166256 9.396507 1
104.768679 95.633868 8.481608 1
102.266434 90.189085 20.967782 1
101.750895 89.698229 27.681844 1
115.510969 168.017149 6.025827 1
115.991240 152.065519 7.441209 1
116.585979 132.312041 9.193925 1
116.024945 112.246790 8.394647 1
115.567398 95.882658 7.742799 1
118.046623 90.502693 20.261618 1
118.558457 90.042494 26.978184 1
110.218600 168.956800 7.124510 1
109.987698 174.858272 6.293129 1
109.665406 183.516735 4.461123 1
109.462548 191.890266 3.101193 1
109.299249 213.685547 2.288269 1
110.399168 220.121724 3.119626 1
109.890374 236.797360 1.353179 1
105.778677 200.958361 2.010576 1
94.612877 205.347700 2.731543 1
95.608015 202.086744 7.750610 1
98.506499 192.588743 22.369350 1
101.828141 194.342972 28.048086 1
108.493945 197.863323 39.444057 1
108.493945 197.863323 39.444057 1
112.915512 200.998318 1.648219 1
124.249646 204.540445 -0.209710 1
123.565781 201.712414 5.114737 1
121.573927 193.475370 20.622942 1
119.131096 195.851714 26.517366 1
114.228876 200.620513 38.346176 1
114.228876 200.620513 38.346176 1
104.954607 167.680289 6.791071 1
104.323250 151.758317 8.457647 1
103.541409 132.041345 10.521451 1
104.229617 112.178324 9.427923 1
104.802433 95.645765 8.517748 1
102.259098 90.184434 20.988383 1
101.721204 89.684762 27.700041 1
115.490720 168.015902 6.247162 1
116.005424 152.052987 7.515592 1
116.642802 132.285536 9.086332 1
116.081416 112.222425 8.235252 1
115.623581 95.860039 7.541156 1
118.112783 90.465847 20.051871 1
118.629773 89.997946 26.767509 1
110.220700 168.969500 7.207180 1
109.984628 174.870883 6.376619 1
109.656808 183.528309 4.540701 1
109.451951 191.899666 3.167741 1
109.287193 213.692706 2.297090 1
110.384255 220.131200 3.114160 1
109.948367 236.816850 1.424447 1
105.769597 200.964204 2.042973 1
94.649315 205.484012 2.652767 1
95.204669 202.331299 7.807099 1
96.822219 193.148570 22.819820 1
99.675909 194.871260 28.756778 1
105.402636 198.328319 40.670942 1
105.402636 198.328319 40.670942 1
112.907413 201.004486 1.700524 1
124.200326 204.653314 -0.201406 1
123.842791 201.788606 5.135333 1
122.801418 193.444739 20.679342 1
120.573119 195.938461 26.610168 1
116.101414 200.942814 38.512028 1
116.101414 200.942814 38.512028 1
104.959226 167.686473 6.859303 1
104.313285 151.765181 8.526779 1
103.513383 132.049049 10.591699 1
104.190988 112.186546 9.482270 1
104.754978 95.654417 8.558861 1
102.160022 90.188203 21.016715 1
101.596169 89.685276 27.725998 1
115.496332 168.035428 6.343756 1
116.001433 152.071833 7.607461 1
116.626919 132.303538 9.172351 1
116.064654 112.240670 8.316129 1
115.606102 95.878482 7.617841 1
118.046786 90.478287 20.135524 1
118.538377 90.007381 26.852859 1
110.248700 168.960400 7.185820 1
110.014000 174.864992 6.377989 1
109.686874 183.527709 4.567073 1
109.480066 191.900388 3.202497 1
109.303236 213.692556 2.312595 1
110.467911 220.116179 3.152808 1
110.057717 236.788366 1.329089 1
105.792728 200.961881 2.069548 1
94.693228 205.545043 2.576404 1
94.802117 202.501094 7.824039 1
95.119275 193.635156 23.108520 1
97.452943 195.341105 29.273129 1
102.136102 198.764567 41.644139 1
102.136102 198.764567 41.644139 1
112.930538 201.005829 1.727409 1
124.234757 204.582772 -0.242686 1
124.210323 201.713454 5.103488 1
124.139153 193.356159 20.674980 1
122.232277 195.985670 26.658972 1
118.405599 201.262519 38.667525 1
118.405599 201.262519 38.667525 1
104.986984 167.679870 6.832444 1
104.338424 151.758153 8.494835 1
103.535280 132.041495 10.553457 1
104.199861 112.179230 9.431935 1
104.753011 95.647300 8.498461 1
102.162809 90.187025 20.959908 1
101.603120 89.686748 27.669738 1
115.524221 168.028514 6.319359 1
116.022536 152.065440 7.592321 1
116.639620 132.297792 9.168675 1
116.074177 112.234877 8.315657 1
115.613033 95.872651 7.619981 1
118.040627 90.470262 20.139262 1
118.525819 89.998389 26.856995 1
110.246000 168.961800 7.253010 1
110.014524 174.868017 6.456202 1
109.691198 183.533579 4.658262 1
109.486329 191.907371 3.300238 1
109.309555 213.699600 2.411823 1
110.567924 220.102085 3.277875 1
110.156144 236.759285 1.322325 1
105.799245 200.968908 2.166816 1
94.759074 205.697028 2.636570 1
94.519001 202.727619 7.922413 1
93.819760 194.078789 23.318179 1
95.781718 195.745864 29.621373 1
99.718935 199.091315 42.270493 1
99.718935 199.091315 42.270493 1
112.937157 201.012949 1.826835 1
124.244919 204.553533 -0.188099 1
124.400540 201.728079 5.179186 1
124.853808 193.498543 20.812166 1
123.156376 196.146578 26.850817 1
119.750005 201.460601 38.969058 1
119.750005 201.460601 38.969058 1
104.983765 167.684569 6.895452 1
104.345090 151.760934 8.543239 1
103.554186 132.041902 10.583776 1
104.213613 112.179948 9.453740 1
104.762473 95.648277 8.513180 1
102.184654 90.196124 20.980750 1
101.632209 89.700022 27.691490 1
115.521347 168.028905 6.386579 1
116.029796 152.068564 7.689445 1
116.659428 132.304300 9.302830 1
116.094885 112.241298 8.451250 1
115.634475 95.879001 7.756747 1
118.067942 90.477981 20.275479 1
118.556198 90.006814 26.993039 1
110.244700 168.964800 7.258300 1
110.006936 174.871334 6.465706 1
109.677361 183.538494 4.676623 1
109.471706 191.914365 3.331604 1
109.305774 213.708485 2.488651 1
110.624212 220.099210 3.352203 1
110.248230 236.754711 1.375096 1
105.789424 200.980029 2.215706 1
94.781095 205.776235 2.739423 1
94.538735 202.887247 8.069542 1
93.832830 194.472654 23.594268 1
95.777556 196.119037 29.908231 1
99.680195 199.422964 42.578963 1
99.680195 199.422964 42.578963 1
112.927486 201.021335 1.878547 1
124.241440 204.544121 -0.132822 1
124.397213 201.750247 5.250966 1
124.850924 193.612696 20.932012 1
123.162639 196.275669 26.966657 1
119.774624 201.619669 39.076858 1
119.774624 201.619669 39.076858 1
104.983940 167.682076 6.898702 1
104.346801 151.759670 8.558916 1
103.557800 132.042160 10.614843 1
104.213141 112.181075 9.467307 1
104.758600 95.650126 8.512180 1
102.174652 90.202599 20.980504 1
101.619621 89.708743 27.691196 1
115.521247 168.038298 6.392317 1
116.003739 152.073679 7.651915 1
116.601226 132.304116 9.211719 1
116.067882 112.238847 8.394131 1
115.632916 95.874701 7.727349 1
118.029275 90.498213 20.263787 1
118.494302 90.039080 26.983828 1
110.223700 168.968500 7.250710 1
109.983743 174.873873 6.450166 1
109.654761 183.540725 4.659486 1
109.452992 191.919387 3.331360 1
109.302210 213.716983 2.580468 1
110.672934 220.104375 3.385265 1
110.343183 236.768110 1.470269 1
105.778703 200.991979 2.245837 1
94.792221 205.833853 2.806758 1
94.976470 203.108533 8.224677 1
95.513127 195.170648 24.005132 1
97.937406 196.934749 30.118191 1
102.802399 200.474911 42.385752 1
102.802399 200.474911 42.385752 1
112.917512 201.030292 1.924519 1
124.223539 204.581255 -0.081868 1
124.218911 201.747338 5.283209 1
124.205431 193.493154 20.909759 1
122.278398 196.253049 26.828221 1
118.411268 201.791550 38.705270 1
118.411268 201.791550 38.705270 1
104.964597 167.681809 6.881188 1
104.334116 151.760191 8.551468 1
103.553359 132.043656 10.619858 1
104.211885 112.183163 9.463913 1
104.759997 95.652708 8.501788 1
102.152408 90.208070 20.966451 1
101.584582 89.715793 27.676189 1
115.502750 168.044438 6.397468 1
115.987722 152.075269 7.597008 1
116.588282 132.300072 9.082439 1
116.060243 112.233901 8.283761 1
115.629603 95.869019 7.632401 1
118.002583 90.502656 20.177621 1
118.454724 90.048828 26.898902 1
110.180800 168.976300 7.290470 1
109.949769 174.884980 6.512002 1
109.635503 183.557856 4.748044 1
109.446026 191.939445 3.436687 1
109.316087 213.737866 2.706112 1
110.693298 220.131307 3.449445 1
110.431086 236.809162 1.650431 1
105.783255 201.016130 2.346464 1
94.867010 206.016043 2.892036 1
96.008114 203.550392 8.317311 1
99.331744 196.368829 24.119192 1
102.702560 198.125036 29.768263 1
109.467046 201.649357 41.104702 1
109.467046 201.649357 41.104702 1
112.923217 201.048795 2.051201 1
124.209206 204.669092 0.055939 1
123.851474 201.777622 5.378212 1
122.809528 193.355806 20.880088 1
120.428970 196.216747 26.581547 1
115.651716 201.958026 38.023117 1
115.651716 201.958026 38.023117 1
104.921741 167.696514 6.897108 1
104.303965 151.772957 8.553595 1
103.538943 132.054022 10.604905 1
104.202251 112.192909 9.462419 1
104.754341 95.661939 8.511496 1
102.130924 90.227215 20.977164 1
101.554119 89.740432 27.686537 1
115.461928 168.050072 6.452575 1
115.951759 152.076586 7.591123 1
116.558336 132.296044 9.001026 1
116.043225 112.229725 8.197644 1
115.623130 95.864723 7.542448 1
117.965121 90.506897 20.097136 1
118.399310 90.057183 26.819877 1
110.165300 168.975300 7.331820 1
109.926312 174.888195 6.588553 1
109.605298 183.568739 4.863967 1
109.414283 191.952251 3.565187 1
109.288244 213.749555 2.801373 1
110.672914 220.150085 3.465650 1
110.505156 236.845523 1.825456 1
105.755328 201.027580 2.451126 1
94.840832 206.006462 3.189828 1
96.639359 203.463109 8.396728 1
101.877829 196.055226 23.562562 1
105.986517 197.925744 28.659473 1
114.231751 201.679462 38.887850 1
114.231751 201.679462 38.887850 1
112.896084 201.059216 2.175604 1
124.140286 204.821218 0.206738 1
123.397249 201.916167 5.481559 1
121.233050 193.454794 20.845224 1
118.384131 196.332306 26.319003 1
112.666978 202.106839 37.303669 1
112.666978 202.106839 37.303669 1
104.909282 167.689312 6.918547 1
104.287060 151.765936 8.575111 1
103.516531 132.047225 10.626517 1
104.175319 112.186518 9.474415 1
104.723648 95.655884 8.515488 1
102.069081 90.227848 20.977475 1
101.476515 89.744319 27.685710 1
115.449869 168.062802 6.500577 1
115.931669 152.088618 7.632733 1
116.528301 132.307211 9.034722 1
116.017594 112.240762 8.231770 1
115.601090 95.875654 7.576925 1
117.885968 90.512608 20.139906 1
118.289633 90.060118 26.864363 1
110.184000 168.976300 7.425900 1
109.928296 174.883371 6.642950 1
109.579882 183.556099 4.884686 1
109.354668 191.941337 3.602634 1
109.118444 213.743061 3.010346 1
110.638029 220.130975 3.469439 1
110.512610 236.824657 1.807724 1
105.650833 201.006433 2.555582 1
94.709197 205.889473 3.503052 1
96.397931 203.098581 8.619130 1
101.316613 194.969706 23.520431 1
105.596225 197.303371 28.274124 1
114.184465 201.986521 37.813737 1
114.184465 201.986521 37.813737 1
112.791658 201.076565 2.289092 1
124.042233 204.786098 0.258056 1
123.011869 201.945917 5.519889 1
120.010789 193.673487 20.845724 1
116.929915 196.579753 26.176812 1
110.747281 202.411989 36.875131 1
110.747281 202.411989 36.875131 1
104.932779 167.671383 7.010980 1
104.288347 151.750282 8.680857 1
103.490314 132.034386 10.748750 1
104.161955 112.176796 9.551234 1
104.720982 95.648757 8.554508 1
101.993996 90.206041 20.994436 1
101.361925 89.714777 27.698502 1
115.472967 168.074626 6.610978 1
115.937551 152.097268 7.704891 1
116.512864 132.311930 9.059522 1
116.006079 112.245187 8.261464 1
115.592773 95.879838 7.610610 1
117.829289 90.499886 20.175065 1
118.207243 90.038405 26.900405 1
110.180400 168.967900 7.450410 1
109.924636 174.875523 6.671656 1
109.573044 183.548917 4.917313 1
109.348381 191.934024 3.634311 1
109.132879 213.735545 3.026859 1
110.590393 220.132514 3.555822 1
110.481260 236.805523 1.697089 1
105.648414 201.002464 2.602648 1
94.624090 205.707723 3.489210 1
96.187287 202.859076 8.613347 1
100.740325 194.561982 23.538122 1
104.940512 197.162720 28.223552 1
113.369362 202.381827 37.626178 1
113.369362 202.381827 37.626178 1
112.787581 201.064410 2.293174 1
123.924559 204.985891 0.045760 1
122.879933 202.284504 5.377404 1
119.837311 194.416331 20.906573 1
116.687523 197.250184 26.236375 1
110.366595 202.937104 36.932111 1
110.366595 202.937104 36.932111 1
104.925712 167.667338 7.066910 1
104.276286 151.746131 8.733848 1
103.472070 132.030106 10.798101 1
104.141481 112.174420 9.568202 1
104.698652 95.647965 8.544523 1
102.038013 90.200978 20.996942 1
101.441402 89.707511 27.704095 1
115.463585 168.062395 6.602881 1
115.931410 152.087589 7.732117 1
116.510736 132.305412 9.130489 1
115.995240 112.239225 8.324040 1
115.574831 95.874331 7.666343 1
117.887635 90.481624 20.211504 1
118.307000 90.013499 26.933929 1
110.195000 168.972400 7.534350 1
109.925120 174.876944 6.737228 1
109.550279 183.542774 4.950616 1
109.306598 191.920778 3.625376 1
109.057516 213.717630 2.879077 1
110.487332 220.111998 3.506012 1
110.319377 236.784960 1.651249 1
105.589379 200.977243 2.551403 1
94.574251 205.714709 3.378769 1
95.844154 202.795890 8.544328 1
99.542931 194.294410 23.589748 1
103.543320 196.937947 28.423718 1
111.571220 202.242944 38.124430 1
111.571220 202.242944 38.124430 1
112.727067 201.047155 2.211048 1
123.815542 205.034593 -0.156910 1
122.960105 202.409159 5.245912 1
120.468523 194.762209 20.982397 1
117.441313 197.676752 26.339646 1
111.366371 203.525597 37.090462 1
111.366371 203.525597 37.090462 1
104.941031 167.661153 7.178368 1
104.289163 151.736717 8.813202 1
103.481923 132.016693 10.837699 1
104.150187 112.163071 9.574321 1
104.706403 95.638334 8.522776 1
102.069418 90.167602 20.969817 1
101.485382 89.661400 27.677127 1
115.476022 168.073571 6.666481 1
115.955018 152.097944 7.779291 1
116.548177 132.314749 9.157323 1
116.023973 112.249416 8.335405 1
115.596461 95.885218 7.665093 1
117.965615 90.487807 20.197710 1
118.415735 90.017347 26.917983 1
110.192600 168.980100 7.617260 1
109.904301 174.878292 6.780540 1
109.503587 183.532201 4.942504 1
109.244477 191.903694 3.579580 1
108.987158 213.698052 2.766237 1
110.405914 220.094394 3.398129 1
110.149266 236.774558 1.619833 1
105.520596 200.955947 2.493246 1
94.575603 205.860858 3.274353 1
95.409842 202.876269 8.490812 1
97.839685 194.183226 23.684483 1
101.529787 196.754573 28.796233 1
108.935010 201.914700 39.054388 1
108.935010 201.914700 39.054388 1
112.656744 201.026350 2.122091 1
123.681296 205.112490 -0.372680 1
123.151238 202.544128 5.098858 1
121.607370 195.063411 21.035486 1
118.794370 198.082671 26.451182 1
113.149300 204.141662 37.319291 1
113.149300 204.141662 37.319291 1
104.940425 167.653340 7.293767 1
104.296139 151.729589 8.938247 1
103.498287 132.010413 10.974688 1
104.162382 112.160724 9.648852 1
104.715129 95.639260 8.545321 1
102.104512 90.132887 20.982200 1
101.535021 89.607359 27.689275 1
115.471967 168.088436 6.732105 1
115.959280 152.111116 7.816659 1
116.562739 132.325827 9.159700 1
116.032182 112.260230 8.348376 1
115.599490 95.895816 7.686703 1
118.024386 90.480510 20.200925 1
118.505032 90.000660 26.918419 1
110.184300 168.971400 7.595460 1
109.900816 174.868949 6.752586 1
109.502491 183.520643 4.903635 1
109.242304 191.889748 3.526327 1
108.985205 213.682261 2.664901 1
110.414059 220.074372 3.316549 1
110.118766 236.749203 1.494783 1
105.513365 200.940560 2.445353 1
94.588416 205.896643 3.182849 1
94.936225 202.878402 8.434936 1
95.949273 194.087342 23.732379 1
99.213548 196.668115 29.121515 1
105.764231 201.847157 39.936322 1
105.764231 201.847157 39.936322 1
112.646759 201.008066 2.024111 1
123.652204 205.064805 -0.599667 1
123.470707 202.572129 4.929238 1
122.942069 195.311856 21.032957 1
120.444094 198.442470 26.539138 1
115.431208 204.724925 37.588831 1
115.431208 204.724925 37.588831 1
104.927694 167.653597 7.309498 1
104.319267 151.727215 8.942113 1
103.565822 132.004780 10.963863 1
104.216235 112.156067 9.616806 1
104.757593 95.635416 8.495613 1
102.262782 90.108856 20.947298 1
101.755868 89.572395 27.658528 1
115.455933 168.069084 6.675678 1
115.966893 152.096623 7.819303 1
116.599636 132.317350 9.235494 1
116.062678 112.252568 8.408371 1
115.624766 95.888819 7.733814 1
118.160807 90.459802 20.220034 1
118.701074 89.972557 26.932463 1
110.184500 168.968300 7.572260 1
109.896568 174.864652 6.722546 1
109.484813 183.513704 4.864202 1
109.214135 191.881053 3.478274 1
108.949180 213.672590 2.594816 1
110.404260 220.060449 3.229924 1
110.126974 236.726173 1.323942 1
105.476410 200.930501 2.416387 1
94.533498 205.850656 3.127656 1
94.553265 202.749783 8.342956 1
94.610845 193.718044 23.533255 1
97.571529 196.324809 29.082832 1
103.512969 201.556010 40.219608 1
103.512969 201.556010 40.219608 1
112.606303 200.997857 1.939518 1
123.602629 205.013073 -0.784454 1
123.743270 202.583489 4.773649 1
124.152906 195.506980 20.962411 1
121.979811 198.693168 26.573519 1
117.618889 205.087145 37.833776 1
117.618889 205.087145 37.833776 1
104.925403 167.651919 7.328691 1
104.330530 151.723963 8.950912 1
103.593869 131.999580 10.959790 1
104.233694 112.151760 9.594618 1
104.766239 95.631852 8.458347 1
102.362628 90.099458 20.925371 1
101.905260 89.559714 27.639896 1
115.448605 168.062713 6.613410 1
115.975340 152.095455 7.820765 1
116.627617 132.322626 9.315875 1
116.084124 112.257832 8.493334 1
115.640882 95.894073 7.822514 1
118.277319 90.460262 20.285833 1
118.871636 89.970455 26.993506 1
110.148000 168.977300 7.586630 1
109.846334 174.869611 6.713958 1
109.415202 183.512239 4.830295 1
109.128914 191.877758 3.436479 1
108.833485 213.669806 2.575591 1
110.309519 220.059599 3.138824 1
110.111669 236.725235 1.222190 1
105.377749 200.923217 2.388087 1
94.397065 205.758815 3.097143 1
94.397229 202.582930 8.267144 1
94.397712 193.332710 23.325505 1
97.373725 196.040622 28.818157 1
103.345929 201.474805 39.840697 1
103.345929 201.474805 39.840697 1
112.506997 201.000711 1.903186 1
123.531321 204.966987 -0.778998 1
123.838508 202.503456 4.757410 1
124.733235 195.328074 20.882984 1
122.732120 198.540308 26.542998 1
118.716323 204.986555 37.901397 1
118.716323 204.986555 37.901397 1
104.891541 167.648518 7.353684 1
104.293954 151.722780 8.996555 1
103.553931 132.001144 11.031004 1
104.200740 112.155404 9.639151 1
104.739098 95.637227 8.480673 1
102.322689 90.091918 20.939483 1
101.857894 89.545398 27.652949 1
115.413084 168.079401 6.625928 1
115.949545 152.111052 7.814423 1
116.613865 132.336872 9.286177 1
116.067859 112.271260 8.485548 1
115.622567 95.906834 7.832597 1
118.272560 90.469186 20.291367 1
118.874604 89.977460 26.998211 1
110.155500 168.978000 7.591120 1
109.846446 174.866811 6.697660 1
109.409360 183.504207 4.791500 1
109.119072 191.868632 3.391960 1
108.809816 213.661554 2.558488 1
110.248191 220.068580 3.012867 1
110.099443 236.736329 1.110222 1
105.365582 200.912393 2.337254 1
94.378571 205.742263 2.984634 1
94.839688 202.592168 8.149848 1
96.182764 193.417067 23.194264 1
99.652655 196.217540 28.339735 1
106.615964 201.837472 38.665560 1
106.615964 201.837472 38.665560 1
112.497045 200.996382 1.887244 1
123.527402 205.011905 -0.694998 1
123.484435 202.439926 4.800295 1
123.359289 194.948674 20.806115 1
120.980723 198.114349 26.345031 1
116.207466 204.467162 37.460415 1
116.207466 204.467162 37.460415 1
104.902905 167.637942 7.336607 1
104.287099 151.715678 9.006201 1
103.524515 131.998343 11.073743 1
104.185062 112.153600 9.674138 1
104.734855 95.636254 8.509208 1
102.231568 90.086988 20.949088 1
101.719547 89.538469 27.658955 1
115.427038 168.087509 6.659347 1
115.958367 152.117313 7.825097 1
116.616333 132.340844 9.268685 1
116.071361 112.275278 8.466189 1
115.626912 95.910890 7.811716 1
118.211978 90.465045 20.280543 1
118.779534 89.969061 26.990080 1
110.155000 168.970300 7.585740 1
109.845706 174.860698 6.702884 1
109.413350 183.500380 4.806032 1
109.128635 191.864557 3.403860 1
108.826266 213.656146 2.533821 1
110.222457 220.077018 2.919055 1
110.071559 236.747008 1.036313 1
105.382305 200.906915 2.312323 1
94.443638 205.859929 2.836141 1
95.660701 202.799211 7.931818 1
99.205576 193.884431 22.773697 1
103.335627 196.496463 27.514861 1
111.623730 201.738234 37.029332 1
111.623730 201.738234 37.029332 1
112.516337 200.989634 1.904818 1
123.578644 205.007687 -0.532762 1
122.823171 202.408528 4.897597 1
120.622748 194.838110 20.714288 1
117.636241 197.840499 26.045808 1
111.642981 203.865632 36.744993 1
111.642981 203.865632 36.744993 1
104.905168 167.626067 7.298369 1
104.269206 151.706449 8.985552 1
103.481663 131.992391 11.074874 1
104.158591 112.147835 9.680467 1
104.722019 95.630644 8.519863 1
102.137464 90.089904 20.946918 1
101.580901 89.546224 27.653631 1
115.432588 168.086503 6.682276 1
115.951349 152.114207 7.824699 1
116.593751 132.335139 9.239402 1
116.057341 112.269571 8.431221 1
115.619874 95.905181 7.772111 1
118.117904 90.446126 20.252896 1
118.638412 89.942960 26.965712 1
110.117200 168.966400 7.577830 1
109.813931 174.862703 6.733125 1
109.396030 183.511878 4.876725 1
109.123934 191.878114 3.484369 1
108.837795 213.667865 2.564253 1
110.187323 220.104942 2.825346 1
110.049328 236.787167 1.053237 1
105.390015 200.919637 2.344462 1
94.465787 205.899262 2.915200 1
96.041009 202.681243 7.811953 1
100.629072 193.308302 22.074437 1
105.156646 195.896831 26.451565 1
114.242489 201.091440 35.235497 1
114.242489 201.091440 35.235497 1
112.526983 200.998441 1.991194 1
123.583430 205.046603 -0.423041 1
122.281840 202.550105 4.951764 1
118.490775 195.278701 20.606645 1
115.105195 198.052804 25.822090 1
108.311083 203.619819 36.288338 1
108.311083 203.619819 36.288338 1
104.869664 167.624104 7.243331 1
104.220297 151.708021 8.958529 1
103.416153 131.998341 11.082545 1
104.107200 112.153065 9.705412 1
104.682378 95.635275 8.559185 1
102.020160 90.104165 20.974129 1
101.421089 89.565882 27.677614 1
115.401233 168.088875 6.706494 1
115.907506 152.117400 7.865870 1
116.534442 132.339348 9.301565 1
116.007651 112.274701 8.464703 1
115.578030 95.911062 7.782204 1
117.964801 90.433433 20.276616 1
118.425204 89.920185 26.993059 1
110.101800 168.961700 7.520760 1
109.795427 174.856319 6.665488 1
109.374094 183.504878 4.806995 1
109.093893 191.874841 3.438858 1
108.767837 213.669192 2.650369 1
110.164534 220.100699 2.751939 1
110.000140 236.770205 0.866055 1
105.346565 200.915739 2.338682 1
94.384964 205.803089 2.985431 1
95.971329 202.478122 7.806552 1
100.591845 192.793680 21.848746 1
105.151990 195.468598 26.139265 1
114.303198 200.836569 34.749389 1
114.303198 200.836569 34.749389 1
112.484753 201.010832 2.015333 1
123.543230 205.021134 -0.452200 1
122.203093 202.569986 4.933993 1
118.299754 195.430670 20.622042 1
114.907781 198.223543 25.823297 1
108.100839 203.828222 36.261068 1
108.100839 203.828222 36.261068 1
104.857466 167.612610 7.164111 1
104.181217 151.700766 8.908007 1
103.343784 131.996335 11.067561 1
104.060455 112.151126 9.702609 1
104.656962 95.633392 8.566522 1
101.911376 90.109796 20.966645 1
101.265437 89.576202 27.666152 1
115.390844 168.089147 6.675212 1
115.881021 152.118097 7.847285 1
116.488027 132.340571 9.298703 1
115.973514 112.275941 8.453813 1
115.553905 95.912317 7.764766 1
117.861881 90.414893 20.265286 1
118.279255 89.890775 26.983702 1
110.103300 168.951700 7.466680 1
109.806409 174.846889 6.611997 1
109.400065 183.494111 4.743967 1
109.131892 191.859619 3.346486 1
108.829120 213.649268 2.429277 1
110.184075 220.084975 2.695989 1
109.896797 236.732261 0.636528 1
105.394874 200.897741 2.189881 1
94.378998 205.670119 2.769583 1
95.827126 202.443707 7.699933 1
100.045008 193.046319 22.060273 1
104.334839 195.609010 26.685058 1
112.943584 200.751767 35.965980 1
112.943584 200.751767 35.965980 1
112.533425 200.983552 1.871997 1
123.608027 204.964495 -0.570635 1
122.517862 202.501277 4.866208 1
119.342604 195.326803 20.701783 1
116.150696 198.214566 25.977313 1
109.745241 204.009672 36.564138 1
109.745241 204.009672 36.564138 1
104.857207 167.610540 7.106009 1
104.167184 151.699950 8.855938 1
103.312694 131.997071 11.022962 1
104.041476 112.151362 9.671764 1
104.648062 95.633212 8.547125 1
101.891603 90.120627 20.949736 1
101.238590 89.593391 27.649060 1
115.391644 168.071316 6.624881 1
115.879328 152.103455 7.840619 1
116.483246 132.329877 9.346110 1
115.971411 112.266223 8.476774 1
115.553988 95.903394 7.767790 1
117.860268 90.401090 20.266475 1
118.276247 89.874185 26.984759 1
110.097000 168.956500 7.471350 1
109.798682 174.849075 6.599315 1
109.389151 183.488870 4.697914 1
109.119504 191.846829 3.256248 1
108.817041 213.629842 2.192942 1
110.148298 220.067894 2.516369 1
109.737872 236.719414 0.512752 1
105.382528 200.877063 2.039461 1
94.453280 205.848358 2.586223 1
95.562049 202.606435 7.593790 1
98.791499 193.163870 22.179037 1
102.875343 195.669433 27.016706 1
111.070718 200.697546 36.724840 1
111.070718 200.697546 36.724840 1
112.521045 200.960600 1.720218 1
123.621864 204.867269 -0.723330 1
122.927042 202.367862 4.761681 1
120.903274 195.087985 20.737555 1
118.070228 198.075241 26.160545 1
112.384930 204.070006 37.043290 1
112.384930 204.070006 37.043290 1
104.851092 167.613205 7.115975 1
104.159938 151.701781 8.857857 1
103.304048 131.997870 11.014917 1
104.035509 112.151677 9.672304 1
104.644325 95.633124 8.554809 1
101.882963 90.113979 20.953411 1
101.226862 89.583348 27.652165 1
115.385312 168.074714 6.630818 1
115.885467 152.106659 7.838924 1
116.504829 132.332842 9.334964 1
115.984010 112.269573 8.462071 1
115.559259 95.907059 7.750187 1
117.886234 90.398611 20.242328 1
118.314194 89.868692 26.959623 1
110.080500 168.961700 7.440380 1
109.779365 174.854483 6.570722 1
109.366367 183.495085 4.673745 1
109.104551 191.853655 3.234173 1
108.859875 213.637366 2.170314 1
110.188801 220.078429 2.438685 1
109.732162 236.729426 0.440734 1
105.387563 200.894612 2.035929 1
94.503202 205.968915 2.529178 1
95.163131 202.680426 7.585412 1
97.085272 193.102233 22.312407 1
100.828500 195.604569 27.419777 1
108.340334 200.626206 37.669141 1
108.340334 200.626206 37.669141 1
112.524538 200.957372 1.679598 1
123.616214 204.860421 -0.810805 1
123.359563 202.340999 4.702978 1
122.612031 195.002825 20.762654 1
120.190670 198.011375 26.370176 1
115.331533 204.048873 37.623237 1
115.331533 204.048873 37.623237 1
104.832224 167.620266 7.114133 1
104.157288 151.710932 8.881278 1
103.321482 132.009609 11.069622 1
104.044007 112.164503 9.706258 1
104.645385 95.646855 8.571492 1
101.962972 90.125613 20.986482 1
101.349726 89.593776 27.689200 1
115.363731 168.078182 6.570238 1
115.861709 152.111010 7.790849 1
116.478374 132.338286 9.302373 1
115.966782 112.273029 8.470719 1
115.549557 95.908892 7.792466 1
117.934384 90.413929 20.279635 1
118.391958 89.890755 26.995506 1
110.066100 168.959300 7.403670 1
109.769414 174.851726 6.530072 1
109.358722 183.491246 4.627674 1
109.094131 191.848947 3.183576 1
108.834977 213.631989 2.109467 1
110.253082 220.053783 2.383138 1
109.869228 236.680903 0.181417 1
105.368640 200.887430 1.993095 1
94.489582 205.978889 2.422397 1
94.650851 202.651398 7.493586 1
95.120575 192.959605 22.264140 1
98.411608 195.493297 27.659339 1
105.015987 200.577860 38.486314 1
105.015987 200.577860 38.486314 1
112.504359 200.953583 1.613020 1
123.634428 204.730693 -0.900182 1
123.741677 202.231971 4.627933 1
124.054056 194.954090 20.729351 1
122.078122 197.960456 26.510018 1
118.112858 203.993570 38.110544 1
118.112858 203.993570 38.110544 1
104.815231 167.623951 7.094640 1
104.168478 151.710551 8.835514 1
103.367572 132.004191 10.991325 1
104.076869 112.157481 9.644468 1
104.667238 95.638498 8.523441 1
102.047253 90.115141 20.950816 1
101.468235 89.581981 27.656472 1
115.345564 168.068673 6.518047 1
115.861977 152.105347 7.780585 1
116.501471 132.337386 9.344029 1
115.985854 112.272940 8.495465 1
115.565346 95.909465 7.803421 1
118.011524 90.427322 20.284356 1
118.501695 89.910908 26.998450 1
110.069100 168.965000 7.362030 1
109.771425 174.857421 6.488731 1
109.357046 183.497260 4.588586 1
109.092282 191.855742 3.149046 1
108.849144 213.639833 2.092610 1
110.338531 220.045900 2.356013 1
110.042497 236.650624 -0.021284 1
105.370053 200.898694 1.982543 1
94.490835 205.990636 2.401942 1
94.299344 202.575936 7.413759 1
93.741607 192.630133 22.011386 1
96.768578 195.265494 27.511476 1
102.843042 200.554083 38.548943 1
102.843042 200.554083 38.548943 1
112.504010 200.958297 1.569710 1
123.663523 204.643208 -0.949785 1
123.979882 202.190205 4.590779 1
124.901321 195.045485 20.728459 1
123.234687 197.994799 26.634604 1
119.890121 203.913423 38.486934 1
119.890121 203.913423 38.486934 1
104.816160 167.632327 7.077613 1
104.181316 151.717412 8.809000 1
103.395157 132.009177 10.953063 1
104.095011 112.161691 9.612724 1
104.677520 95.642061 8.497122 1
102.121304 90.124993 20.940560 1
101.577003 89.595115 27.649384 1
115.343935 168.071465 6.452085 1
115.872729 152.110783 7.742614 1
116.527555 132.346096 9.340721 1
116.008646 112.280830 8.513838 1
115.585452 95.916685 7.839476 1
118.097710 90.451593 20.314761 1
118.623178 89.944265 27.026878 1
110.068900 168.965200 7.307540 1
109.772393 174.854711 6.414439 1
109.361558 183.490129 4.493538 1
109.102562 191.848219 3.050677 1
108.880088 213.634201 2.029274 1
110.378942 220.039666 2.250196 1
110.180856 236.638365 -0.178793 1
105.389178 200.896502 1.897402 1
94.469276 205.895285 2.376013 1
94.342630 202.454083 7.371737 1
93.973761 192.431093 21.922489 1
97.084531 195.188368 27.315004 1
103.327159 200.721613 38.136591 1
103.327159 200.721613 38.136591 1
112.523337 200.950126 1.487258 1
123.698416 204.637771 -0.958159 1
123.951735 202.180110 4.583582 1
124.689563 195.021824 20.724689 1
122.978588 197.924202 26.641397 1
119.545039 203.748637 38.514925 1
119.545039 203.748637 38.514925 1
104.815901 167.632290 7.025350 1
104.187852 151.718101 8.765872 1
103.410109 132.010767 10.921249 1
104.108379 112.162970 9.584688 1
104.689570 95.643081 8.472231 1
102.132223 90.127536 20.916112 1
101.587534 89.598404 27.624963 1
115.343998 168.067923 6.402821 1
115.883774 152.107907 7.697038 1
116.552199 132.344045 9.299711 1
116.031504 112.278351 8.484399 1
115.606854 95.913859 7.819474 1
118.132535 90.461438 20.297593 1
118.665240 89.960932 27.009652 1
110.073100 168.969500 7.294470 1
109.773716 174.856193 6.383919 1
109.363148 183.488152 4.447479 1
109.099829 191.846985 3.009711 1
108.844049 213.635605 2.054535 1
110.343116 220.044118 2.149999 1
110.223875 236.649211 -0.240127 1
105.377294 200.892097 1.861079 1
94.548663 206.093399 2.246268 1
95.062327 202.785823 7.307023 1
96.558454 193.152033 22.047189 1
100.278057 195.699384 27.149564 1
107.742481 200.811356 37.388903 1
107.742481 200.811356 37.388903 1
112.513790 200.959878 1.496192 1
123.680404 204.732188 -0.857014 1
123.259646 202.258602 4.667432 1
122.034128 195.053931 20.758163 1
119.635109 197.866424 26.475965 1
114.820808 203.510477 37.950333 1
114.820808 203.510477 37.950333 1
104.824055 167.627957 6.981302 1
104.176740 151.717708 8.750545 1
103.375138 132.015252 10.941488 1
104.088804 112.166642 9.625292 1
104.682809 95.646076 8.529786 1
102.023383 90.136430 20.954868 1
101.423077 89.610670 27.659237 1
115.355357 168.077782 6.426782 1
115.882916 152.113154 7.668060 1
116.536213 132.343579 9.205178 1
116.015694 112.276935 8.413493 1
115.591189 95.911667 7.767837 1
118.031153 90.465322 20.265650 1
118.518622 89.968372 26.981409 1
110.067100 168.974000 7.274380 1
109.775261 174.863061 6.376789 1
109.378591 183.498981 4.455167 1
109.125244 191.859263 3.024051 1
108.873945 213.647842 2.066742 1
110.286702 220.076396 2.010412 1
110.194110 236.708571 -0.184634 1
105.410272 200.903912 1.847615 1
94.638548 206.220550 2.253191 1
96.066245 202.973579 7.175997 1
100.224621 193.516313 21.514366 1
104.712065 195.796587 26.099327 1
113.717376 200.372595 35.300333 1
113.717376 200.372595 35.300333 1
112.549280 200.972554 1.535899 1
123.671560 204.934506 -0.713325 1
122.475576 202.564694 4.742752 1
118.992103 195.662281 20.634351 1
115.897890 198.172274 26.155623 1
109.688486 203.209278 37.235599 1
109.688486 203.209278 37.235599 1
104.820357 167.634047 6.918710 1
104.155203 151.726883 8.708951 1
103.331509 132.028247 10.925896 1
104.054761 112.178591 9.630880 1
104.656745 95.657155 8.553001 1
101.907392 90.154121 20.961429 1
101.258493 89.631948 27.661550 1
115.355552 168.083735 6.443726 1
115.870555 152.117177 7.665314 1
116.508303 132.345214 9.178049 1
115.992707 112.278874 8.375507 1
115.572216 95.913854 7.720997 1
117.914581 90.462962 20.235490 1
118.349893 89.963658 26.954657 1
110.066700 168.968800 7.211770 1
109.793982 174.860874 6.328046 1
109.419007 183.503944 4.434419 1
109.163963 191.871297 3.045552 1
108.840547 213.664988 2.237958 1
110.298107 220.076467 1.931652 1
110.135213 236.719656 -0.173998 1
105.423700 200.910756 1.910071 1
94.645355 206.192222 2.538209 1
96.048040 202.691333 7.291252 1
100.133565 192.494495 21.135159 1
104.850186 195.153450 25.263369 1
114.315404 200.489387 33.547774 1
114.315404 200.489387 33.547774 1
112.564120 201.006741 1.640811 1
123.719473 204.895979 -0.571228 1
122.418124 202.488110 4.843920 1
118.627762 195.474852 20.616306 1
115.459814 197.989383 26.093523 1
109.102442 203.035493 37.085091 1
109.102442 203.035493 37.085091 1
104.819776 167.641200 6.814844 1
104.156521 151.736240 8.625255 1
103.335179 132.040333 10.867178 1
104.064933 112.188471 9.610170 1
104.672328 95.665200 8.563926 1
101.874180 90.162355 20.961527 1
101.198364 89.640477 27.659009 1
115.359053 168.069296 6.416673 1
115.873802 152.104639 7.662964 1
116.511237 132.335031 9.206289 1
116.000534 112.269474 8.381349 1
115.584034 95.905093 7.708572 1
117.855885 90.444908 20.232010 1
118.253365 89.940624 26.953149 1
110.060800 168.968100 7.128810 1
109.792346 174.857710 6.227531 1
109.426460 183.499081 4.324394 1
109.181042 191.870518 2.958596 1
108.882538 213.669429 2.295165 1
110.296912 220.090585 1.989115 1
110.006494 236.685990 -0.453063 1
105.452421 200.921398 1.877088 1
94.613354 206.082254 2.461346 1
95.832991 202.554505 7.244925 1
99.385361 192.279430 21.177774 1
103.955157 195.140283 25.336038 1
113.125730 200.881384 33.680755 1
113.125730 200.881384 33.680755 1
112.593369 201.011359 1.620036 1
123.714117 204.947846 -0.680879 1
122.792163 202.417852 4.756427 1
120.106843 195.048887 20.593352 1
117.185153 197.711684 26.136989 1
111.321968 203.055332 37.261846 1
111.321968 203.055332 37.261846 1
104.814104 167.641569 6.725345 1
104.141556 151.740547 8.566660 1
103.308705 132.049518 10.846853 1
104.040046 112.196626 9.607148 1
104.648763 95.672498 8.575308 1
101.824220 90.166996 20.965741 1
101.134043 89.643715 27.661649 1
115.354329 168.064072 6.346782 1
115.862950 152.101092 7.616830 1
116.492795 132.333558 9.189573 1
115.977504 112.267895 8.370090 1
115.557261 95.903427 7.701764 1
117.804762 90.446425 20.230982 1
118.189931 89.944104 26.952985 1
110.068900 168.964700 7.071540 1
109.806650 174.858239 6.194442 1
109.448305 183.504064 4.310192 1
109.212972 191.873491 2.930370 1
108.948017 213.668831 2.146333 1
110.249110 220.118626 1.965631 1
109.839009 236.715897 -0.446516 1
105.497986 200.924019 1.800102 1
94.615149 206.004561 2.261750 1
95.653014 202.577572 7.160091 1
98.675946 192.595975 21.427200 1
102.949888 195.344931 25.958791 1
111.526750 200.861481 35.052695 1
111.526750 200.861481 35.052695 1
112.638970 201.001471 1.539974 1
123.755310 204.953202 -0.756108 1
123.226999 202.330459 4.689741 1
121.688220 194.691350 20.551549 1
119.055686 197.475744 26.179656 1
113.772771 203.063409 37.474025 1
113.772771 203.063409 37.474025 1
104.820323 167.645979 6.666940 1
104.144443 151.746984 8.524461 1
103.307468 132.058463 10.824721 1
104.035350 112.204257 9.604187 1
104.641187 95.679034 8.588303 1
101.837139 90.178539 20.985613 1
101.158074 89.657951 27.682867 1
115.360729 168.057650 6.281547 1
115.873832 152.098746 7.600098 1
116.509226 132.336261 9.232904 1
115.991546 112.269770 8.435496 1
115.569355 95.904627 7.785172 1
117.831936 90.465937 20.319636 1
118.225298 89.973473 27.041894 1
110.069200 168.973500 7.053480 1
109.806164 174.862668 6.147721 1
109.450553 183.500021 4.224506 1
109.224368 191.864351 2.812619 1
109.001152 213.657576 1.959810 1
110.276402 220.112782 1.788338 1
109.801764 236.732284 -0.452851 1
105.526131 200.918463 1.656425 1
94.705586 206.136160 2.047100 1
95.359876 202.718658 7.017789 1
97.265591 192.764696 21.495623 1
101.252535 195.453495 26.315717 1
109.253454 200.849322 35.988581 1
109.253454 200.849322 35.988581 1
112.667058 200.981211 1.390850 1
123.771414 204.939957 -0.950687 1
123.649166 202.252675 4.487947 1
123.293102 194.425587 20.328739 1
120.998377 197.295438 26.060830 1
116.393372 203.054597 37.563872 1
116.393372 203.054597 37.563872 1
104.820167 167.652961 6.660905 1
104.149576 151.751742 8.501233 1
103.319149 132.060468 10.780202 1
104.042692 112.205664 9.566841 1
104.644918 95.679943 8.556926 1
101.849363 90.170557 20.952206 1
101.175051 89.645109 27.649561 1
115.360170 168.062427 6.262364 1
115.878171 152.101866 7.558755 1
116.519631 132.337329 9.164121 1
115.999803 112.271006 8.363866 1
115.575861 95.906001 7.711220 1
117.866414 90.478783 20.245577 1
118.274648 89.992429 26.967393 1
110.058200 168.971200 6.962420 1
109.796702 174.863141 6.074428 1
109.440865 183.504908 4.171184 1
109.217579 191.870548 2.766615 1
109.016400 213.663497 1.901357 1
110.351770 220.107258 1.759627 1
109.880083 236.718544 -0.542266 1
105.525338 200.928274 1.619599 1
94.755146 206.253248 1.949420 1
94.898270 202.820410 6.950450 1
95.315145 192.821776 21.516655 1
98.898557 195.515707 26.641162 1
106.089674 200.921831 36.924916 1
106.089674 200.921831 36.924916 1
112.665221 200.982511 1.325579 1
123.775653 204.918555 -1.025381 1
124.022614 202.192493 4.389667 1
124.741921 194.252448 20.161766 1
122.793053 197.178606 25.992562 1
118.882107 203.050759 37.693685 1
118.882107 203.050759 37.693685 1
104.806360 167.656488 6.588268 1
104.159425 151.757160 8.453235 1
103.358294 132.068228 10.762718 1
104.067458 112.212809 9.550912 1
104.657717 95.686578 8.542293 1
101.941446 90.172982 20.953318 1
101.310607 89.645040 27.654711 1
115.344956 168.057622 6.146412 1
115.866994 152.101317 7.492620 1
116.513455 132.342050 9.159675 1
115.989478 112.274880 8.383753 1
115.562153 95.909184 7.750952 1
117.900778 90.493719 20.281514 1
118.334926 90.013712 27.002162 1
110.026600 168.969100 6.880160 1
109.783896 174.863304 6.001899 1
109.448946 183.509675 4.115857 1
109.235652 191.879216 2.733146 1
109.039629 213.674886 1.938089 1
110.482210 220.094038 1.741118 1
110.061022 236.684596 -0.714902 1
105.543094 200.941855 1.626675 1
94.810141 206.344940 1.894179 1
94.445912 202.841132 6.834404 1
93.385051 192.635789 21.223509 1
96.558418 195.340977 26.605922 1
102.926668 200.769694 37.407236 1
102.926668 200.769694 37.407236 1
112.682035 200.994522 1.310355 1
123.806257 204.856637 -1.097326 1
124.336281 202.124391 4.294247 1
125.880051 194.166335 19.997970 1
124.252005 197.117060 25.914165 1
120.984877 203.038515 37.786663 1
120.984877 203.038515 37.786663 1
104.769095 167.673811 6.518013 1
104.168611 151.769229 8.353477 1
103.425001 132.073789 10.626422 1
104.123648 112.215396 9.458029 1
104.705153 95.686689 8.485542 1
102.085360 90.170381 20.916088 1
101.506180 89.641115 27.622038 1
115.307849 168.037825 6.048645 1
115.867959 152.090331 7.481183 1
116.561566 132.341975 9.255144 1
116.028834 112.275802 8.459633 1
115.594368 95.910919 7.810857 1
118.020066 90.488237 20.321729 1
118.501194 90.004443 27.038906 1
110.000300 168.969700 6.834170 1
109.757237 174.866286 5.972148 1
109.411443 183.517110 4.108616 1
109.181483 191.889420 2.745481 1
108.939664 213.686210 1.994970 1
110.518540 220.072677 1.781551 1
110.171339 236.644553 -0.808507 1
105.463749 200.947459 1.686666 1
94.797975 206.484440 1.897081 1
94.100453 202.869554 6.720071 1
92.068825 192.340682 20.767709 1
95.023832 194.996488 26.297022 1
100.953880 200.326104 37.393133 1
100.953880 200.326104 37.393133 1
112.599801 201.013759 1.312917 1
123.761496 204.741188 -1.133306 1
124.444561 202.016637 4.244928 1
126.434085 194.080995 19.909799 1
125.064350 197.004478 25.904442 1
122.315595 202.871264 37.934368 1
122.315595 202.871264 37.934368 1
104.738855 167.680767 6.508396 1
104.145602 151.777264 8.355527 1
103.410948 132.083161 10.642922 1
104.098658 112.225654 9.453174 1
104.671059 95.697684 8.462913 1
102.148353 90.187932 20.916427 1
101.621998 89.662037 27.626996 1
115.274163 168.034976 5.960706 1
115.829435 152.094229 7.468263 1
116.517050 132.354228 9.335124 1
116.000359 112.286422 8.570861 1
115.578974 95.920206 7.947569 1
118.077397 90.519099 20.453462 1
118.595075 90.046043 27.168686 1
109.986100 168.971200 6.796440 1
109.739081 174.864126 5.910842 1
109.388373 183.509194 4.021690 1
109.154651 191.880008 2.650031 1
108.907166 213.677416 1.919606 1
110.538425 220.050238 1.692682 1
110.235345 236.627617 -0.867526 1
105.433951 200.938144 1.602532 1
94.739588 206.415969 1.894421 1
94.160792 202.763556 6.704831 1
92.474971 192.125382 20.715828 1
95.564634 194.833701 26.145162 1
101.764905 200.268700 37.040636 1
101.764905 200.268700 37.040636 1
112.569678 201.006444 1.222988 1
123.748889 204.709670 -1.179618 1
124.415160 201.953328 4.184506 1
126.355770 193.925091 19.808278 1
125.022716 196.763907 25.851684 1
122.347571 202.460785 37.979468 1
122.347571 202.460785 37.979468 1
104.725166 167.677982 6.479513 1
104.141698 151.772306 8.310989 1
103.419160 132.075513 10.578997 1
104.110536 112.217077 9.407014 1
104.685989 95.688334 8.431540 1
102.167377 90.176218 20.884836 1
101.642550 89.649280 27.595443 1
115.259890 168.035955 5.923087 1
115.820594 152.086799 7.336765 1
116.514936 132.336385 9.087372 1
116.000999 112.268506 8.323146 1
115.581860 95.902232 7.699884 1
118.101102 90.509941 20.205404 1
118.629315 90.041400 26.920124 1
109.954200 168.979900 6.774120 1
109.707152 174.869936 5.869507 1
109.355028 183.511512 3.964707 1
109.116904 191.883613 2.601689 1
108.848712 213.683444 1.955767 1
110.521693 220.041532 1.637643 1
110.207125 236.627925 -0.862095 1
105.388413 200.942096 1.585358 1
94.704820 206.436510 1.950622 1
94.809037 202.874933 6.861780 1
95.112589 192.501332 21.166222 1
98.865733 195.215932 26.156565 1
106.397466 200.663536 36.171083 1
106.397466 200.663536 36.171083 1
112.524478 201.018881 1.213881 1
123.666646 204.866469 -1.133316 1
123.725094 202.064091 4.247987 1
123.895331 193.901765 19.921795 1
121.893865 196.628329 25.830996 1
117.877366 202.099941 37.689460 1
117.877366 202.099941 37.689460 1
104.694035 167.684464 6.453508 1
104.114481 151.780198 8.298415 1
103.396791 132.085150 10.583054 1
104.099491 112.226459 9.422177 1
104.684369 95.697504 8.455946 1
102.146799 90.185978 20.905654 1
101.610490 89.659790 27.615412 1
115.229489 168.043119 5.911533 1
115.794662 152.098520 7.374000 1
116.494538 132.353750 9.185025 1
115.989573 112.285312 8.429562 1
115.577752 95.918581 7.813446 1
118.086050 90.531118 20.323247 1
118.607385 90.064830 27.038661 1
109.938900 168.979700 6.749960 1
109.689076 174.871019 5.854509 1
109.335446 183.515562 3.963503 1
109.094195 191.889917 2.614956 1
108.808513 213.690696 2.009835 1
110.452213 220.052061 1.614053 1
110.160951 236.642648 -0.860547 1
105.360752 200.947014 1.604473 1
94.738697 206.557726 1.995685 1
95.951565 203.185397 6.891756 1
99.484219 193.363006 21.152253 1
104.073903 195.765761 25.570425 1
113.284386 200.587562 34.436720 1
113.284386 200.587562 34.436720 1
112.497852 201.030842 1.255067 1
123.604786 205.007380 -1.043700 1
122.725532 202.348555 4.338931 1
120.164579 194.604348 20.016609 1
117.349357 197.000255 25.734373 1
111.699828 201.808313 37.208665 1
111.699828 201.808313 37.208665 1
104.680988 167.679845 6.410808 1
104.099338 151.778345 8.278759 1
103.379051 132.086723 10.591936 1
104.093433 112.228274 9.434068 1
104.688035 95.699519 8.470342 1
102.113906 90.194056 20.915227 1
101.556907 89.671469 27.623581 1
115.217731 168.049354 5.902206 1
115.772747 152.098982 7.304359 1
116.460045 132.347061 9.040693 1
115.964110 112.278484 8.282957 1
115.559654 95.911639 7.664988 1
118.016097 90.523190 20.184649 1
118.508891 90.056129 26.902165 1
109.923500 168.976300 6.737120 1
109.675421 174.870912 5.863114 1
109.322654 183.521894 4.001622 1
109.076142 191.900351 2.679770 1
108.758694 213.702389 2.139281 1
110.403434 220.051098 1.578851 1
110.094835 236.645874 -0.865368 1
105.330654 200.954836 1.690675 1
94.716242 206.566411 2.243535 1
96.117019 202.967747 6.923556 1
100.196986 192.486121 20.554777 1
105.115535 195.040991 24.509417 1
114.985981 200.168052 32.445506 1
114.985981 200.168052 32.445506 1
112.468140 201.050373 1.352316 1
123.569160 205.082901 -0.876413 1
122.182039 202.596216 4.481521 1
118.141851 195.353391 20.087262 1
115.011677 197.371175 25.787194 1
108.730107 201.420421 37.225702 1
108.730107 201.420421 37.225702 1
104.666188 167.677853 6.383581 1
104.085922 151.776026 8.249175 1
103.367350 132.083999 10.559434 1
104.078877 112.224896 9.411038 1
104.671102 95.695598 8.455196 1
102.086461 90.195330 20.900199 1
101.524162 89.675419 27.608318 1
115.203845 168.048972 5.895514 1
115.753051 152.098077 7.294007 1
116.433154 132.345509 9.025810 1
115.937861 112.277067 8.264072 1
115.533928 95.910333 7.642838 1
117.955841 90.513788 20.165740 1
118.430327 90.042458 26.884275 1
109.922000 168.972900 6.676360 1
109.670288 174.868996 5.813468 1
109.311228 183.525836 3.980636 1
109.058717 191.911734 2.708016 1
108.726765 213.717338 2.351369 1
110.403110 220.053180 1.741186 1
109.975994 236.585990 -1.076582 1
105.306975 200.971757 1.796373 1
94.658399 206.517308 2.358386 1
95.963129 202.798001 6.971367 1
99.763343 191.964986 20.407325 1
104.635304 194.574263 24.384049 1
114.412257 199.810506 32.364457 1
114.412257 199.810506 32.364457 1
112.444294 201.074855 1.456709 1
123.537231 205.056938 -0.899329 1
121.954820 202.741659 4.481249 1
117.345822 195.998079 20.152945 1
114.233430 197.718001 25.959282 1
107.987544 201.169506 37.611321 1
107.987544 201.169506 37.611321 1
104.665508 167.671856 6.320186 1
104.077921 151.773741 8.214901 1
103.350283 132.086312 10.561221 1
104.065544 112.227299 9.413591 1
104.660877 95.698076 8.458386 1
102.069033 90.203477 20.904395 1
101.502562 89.686721 27.612407 1
115.202949 168.050442 5.833193 1
115.749084 152.104655 7.289929 1
116.425385 132.358413 9.093856 1
115.928824 112.289435 8.347227 1
115.523858 95.922263 7.738317 1
117.928522 90.521238 20.262611 1
118.394182 90.047650 26.981605 1
109.948200 168.959800 6.643810 1
109.702086 174.857848 5.792724 1
109.353332 183.516469 3.966326 1
109.114320 191.900759 2.680578 1
108.827367 213.705457 2.239453 1
110.379343 220.083867 1.757153 1
109.859340 236.594621 -1.172118 1
105.380699 200.964954 1.736578 1
94.620184 206.298574 2.210917 1
95.826649 202.580499 6.851555 1
99.340655 191.751075 20.368068 1
103.922766 194.161577 24.789878 1
113.118053 198.998925 33.663475 1
113.118053 198.998925 33.663475 1
112.517954 201.051892 1.391110 1
123.574280 205.099461 -1.024676 1
122.013829 202.852755 4.391269 1
117.468796 196.308905 20.165980 1
114.513753 197.702895 26.139520 1
108.583634 200.500327 38.127098 1
108.583634 200.500327 38.127098 1
104.689758 167.665447 6.292072 1
104.094154 151.767167 8.182891 1
103.356589 132.079532 10.524387 1
104.072205 112.219994 9.386112 1
104.667833 95.690334 8.438693 1
102.094004 90.201770 20.891102 1
101.537090 89.688317 27.600168 1
115.226971 168.032963 5.791853 1
115.781264 152.096463 7.344001 1
116.467666 132.361720 9.266081 1
115.964744 112.293396 8.506241 1
115.554589 95.926758 7.886557 1
117.981404 90.526884 20.407074 1
118.459386 90.054062 27.125257 1
109.974900 168.959300 6.659250 1
109.723959 174.854646 5.791027 1
109.369914 183.507207 3.937131 1
109.130565 191.886867 2.621608 1
108.856896 213.689833 2.094793 1
110.302020 220.095710 1.645663 1
109.716306 236.634138 -1.109945 1
105.401559 200.949648 1.646311 1
94.612103 206.227116 2.090311 1
95.592498 202.467994 6.751104 1
98.448043 191.519015 20.326321 1
102.680502 193.610266 25.232605 1
111.174117 197.806946 35.078435 1
111.174117 197.806946 35.078435 1
112.538449 201.030668 1.291978 1
123.544913 205.198754 -1.146462 1
122.133681 202.890767 4.284632 1
118.023269 196.168426 20.103464 1
115.340205 197.142017 26.285046 1
109.955888 199.095800 38.690118 1
109.955888 199.095800 38.690118 1
104.716716 167.660767 6.319251 1
104.105602 151.765119 8.227179 1
103.348829 132.080745 10.589862 1
104.065900 112.222671 9.427220 1
104.662740 95.694229 8.459521 1
102.084209 90.196284 20.906818 1
101.524916 89.677723 27.615293 1
115.252945 168.033092 5.802124 1
115.800739 152.091231 7.300610 1
116.479094 132.349851 9.156237 1
115.965065 112.281803 8.396538 1
115.545851 95.915390 7.776968 1
117.986885 90.510715 20.292648 1
118.473743 90.035740 27.010042 1
109.935300 168.894400 6.678590 1
109.694658 174.788397 5.798378 1
109.350127 183.438769 3.932512 1
109.113102 191.818051 2.614161 1
108.830755 213.621270 2.102607 1
110.275923 220.024689 1.619834 1
109.591960 236.558381 -1.141556 1
105.379236 200.880152 1.651220 1
94.579999 206.139723 2.069016 1
95.325237 202.244747 6.661287 1
97.495854 190.900075 20.036922 1
101.355721 192.545514 25.399070 1
109.101624 195.847546 36.159718 1
109.101624 195.847546 36.159718 1
112.515498 200.963975 1.285075 1
123.509348 205.144312 -1.189032 1
122.276960 202.692657 4.222601 1
118.687455 195.551865 19.984750 1
116.383056 195.984590 26.377023 1
111.758635 196.852974 39.204907 1
111.758635 196.852974 39.204907 1
104.674194 167.605335 6.347892 1
104.163577 151.714886 8.327323 1
103.531255 132.036948 10.778552 1
104.155159 112.183867 9.484366 1
104.674453 95.659580 8.407179 1
102.213288 90.135258 20.866551 1
101.728107 89.598766 27.579384 1
115.210464 167.956198 5.816786 1
115.791740 152.031323 7.474773 1
116.511556 132.310976 9.527917 1
115.985260 112.249124 8.626238 1
115.556043 95.887764 7.890877 1
118.053874 90.473271 20.391098 1
118.571139 89.992994 27.105842 1
109.966200 168.906300 6.714960 1
109.721578 174.801876 5.846501 1
109.363398 183.456143 4.001381 1
109.102507 191.838770 2.709061 1
108.736668 213.642534 2.280327 1
110.266903 220.023961 1.769317 1
109.526820 236.513450 -1.231528 1
105.331416 200.890300 1.792888 1
94.511153 206.108890 2.179407 1
94.954689 201.990776 6.613319 1
96.246553 189.996182 19.527714 1
99.672376 191.189945 25.289426 1
106.547250 193.585566 36.851912 1
106.547250 193.585566 36.851912 1
112.466018 201.002338 1.402721 1
123.543165 204.945835 -1.088625 1
122.580164 202.210299 4.240975 1
119.775288 194.242662 19.764191 1
117.916151 194.270336 26.314115 1
114.185274 194.325870 39.458370 1
114.185274 194.325870 39.458370 1
104.704545 167.616441 6.396319 1
104.197028 151.725172 8.369958 1
103.568545 132.046219 10.814013 1
104.190841 112.192624 9.526962 1
104.708797 95.667909 8.455713 1
102.280177 90.126403 20.913841 1
101.812078 89.580808 27.627153 1
115.239219 167.971142 5.836878 1
115.847568 152.046772 7.490002 1
116.600908 132.327051 9.537124 1
116.033052 112.264727 8.671909 1
115.569940 95.902982 7.966286 1
118.119925 90.479814 20.452207 1
118.670329 89.996606 27.164105 1
109.951900 168.906900 6.746490 1
109.702035 174.804459 5.893117 1
109.348398 183.463373 4.069045 1
109.118238 191.849347 2.792693 1
108.900721 213.655665 2.394046 1
110.341672 220.062248 1.941600 1
109.575099 236.482793 -1.410135 1
105.408282 200.927616 1.891616 1
94.417857 205.765489 2.408065 1
94.528046 201.353403 6.571779 1
94.848991 188.502571 18.699183 1
97.646942 189.296227 24.855501 1
103.261812 190.888918 37.209873 1
103.261812 190.888918 37.209873 1
112.543202 200.991563 1.496468 1
123.640713 204.899677 -0.959762 1
123.033876 201.735341 4.181627 1
121.266380 192.518762 19.156654 1
119.823560 192.171999 25.801704 1
116.928140 191.476121 39.136856 1
116.928140 191.476121 39.136856 1
104.690395 167.614665 6.435082 1
104.195494 151.723764 8.414880 1
103.582633 132.045268 10.866562 1
104.198878 112.193885 9.542987 1
104.711796 95.671011 8.441339 1
102.315755 90.119312 20.901236 1
101.865713 89.568050 27.615320 1
115.223726 167.977093 5.855649 1
115.829094 152.051425 7.497326 1
116.578745 132.330098 9.530272 1
116.020880 112.267307 8.669388 1
115.565917 95.905182 7.967296 1
118.124379 90.469968 20.446244 1
118.678184 89.979893 27.157364 1
110.028200 168.908200 6.863240 1
109.782358 174.805991 6.010303 1
109.412272 183.467388 4.201342 1
109.127649 191.858332 2.969417 1
108.678038 213.663768 2.763101 1
110.327963 220.012588 2.219423 1
109.570895 236.348647 -1.524384 1
105.317975 200.904282 2.164518 1
94.366749 205.832782 2.656162 1
94.114226 201.118660 6.467781 1
93.378722 187.388106 17.569661 1
95.646634 187.514012 23.988336 1
100.197836 187.766677 36.869201 1
100.197836 187.766677 36.869201 1
112.449957 201.047305 1.738267 1
123.656479 204.592742 -0.772694 1
123.403572 200.927761 4.056294 1
122.666945 190.252986 18.121405 1
121.751571 189.541226 24.830664 1
119.914620 188.112880 38.294668 1
119.914620 188.112880 38.294668 1
104.764628 167.621384 6.564570 1
104.239997 151.726555 8.504782 1
103.590320 132.043194 10.907443 1
104.209131 112.192958 9.567951 1
104.724187 95.671040 8.453054 1
102.328990 90.115135 20.911239 1
101.879000 89.561746 27.625151 1
115.296898 167.972933 5.959703 1
115.837054 152.039858 7.551500 1
116.505949 132.309358 9.522677 1
115.997137 112.245690 8.651902 1
115.582179 95.882849 7.941745 1
118.113350 90.479885 20.440248 1
118.646334 90.005056 27.154149 1
110.018300 168.911700 6.946680 1
109.773042 174.812053 6.111474 1
109.401983 183.479274 4.330833 1
109.118183 191.874812 3.130417 1
108.680852 213.681175 3.016199 1
110.299952 220.044323 2.553371 1
109.583669 236.288962 -1.576361 1
105.311217 200.926240 2.375870 1
94.257714 205.608302 2.975483 1
93.740777 200.640751 6.420968 1
92.235129 186.172050 16.456431 1
93.808508 185.554544 23.052023 1
96.965934 184.315347 36.287921 1
96.965934 184.315347 36.287921 1
112.441816 201.066891 1.926331 1
123.678206 204.594015 -0.474527 1
123.743081 200.415535 3.924479 1
123.932041 188.245118 16.737209 1
123.490194 186.915413 23.400190 1
122.603504 184.246988 36.771325 1
122.603504 184.246988 36.771325 1
104.753025 167.628738 6.661767 1
104.225241 151.730416 8.572283 1
103.571659 132.042730 10.938170 1
104.190024 112.193856 9.578451 1
104.704708 95.673071 8.446718 1
102.347447 90.107887 20.907997 1
101.917316 89.549699 27.622813 1
115.283435 167.976035 6.023011 1
115.841589 152.037381 7.551484 1
116.532772 132.299972 9.444245 1
116.007631 112.236408 8.580788 1
115.579356 95.873652 7.876599 1
118.170098 90.446740 20.352500 1
118.736911 89.959654 27.062752 1
109.998000 168.916500 7.044020 1
109.752954 174.817946 6.216513 1
109.382093 183.488277 4.451032 1
109.095334 191.886877 3.272953 1
108.639497 213.693130 3.236774 1
110.274090 220.058455 2.867844 1
109.542800 236.215244 -1.590791 1
105.281914 200.937730 2.544534 1
94.157247 205.434284 3.240188 1
93.439210 200.247713 6.305978 1
91.347834 185.141088 15.235525 1
92.264031 183.673307 21.820726 1
94.102640 180.727796 35.035772 1
94.102640 180.727796 35.035772 1
112.413156 201.086076 2.107839 1
123.697641 204.540869 -0.169434 1
124.018956 199.947239 3.781576 1
124.954831 186.567638 15.289452 1
125.026750 184.445121 21.758488 1
125.171076 180.185698 34.740415 1
125.171076 180.185698 34.740415 1
104.733567 167.632733 6.747424 1
104.205476 151.729412 8.615783 1
103.551515 132.035536 10.929465 1
104.176133 112.186981 9.567936 1
104.696021 95.666462 8.434698 1
102.318637 90.082072 20.883555 1
101.876782 89.513832 27.596767 1
115.265080 167.983314 6.128969 1
115.827385 152.045238 7.661948 1
116.523709 132.308546 9.560290 1
115.977983 112.247613 8.649741 1
115.532920 95.887004 7.907146 1
118.106536 90.439021 20.377407 1
118.666549 89.941419 27.087458 1
110.134400 168.884000 7.030820 1
109.865995 174.794998 6.282527 1
109.455613 183.483643 4.618760 1
109.128357 191.890238 3.510309 1
108.569226 213.694007 3.579510 1
110.239569 220.054276 3.292648 1
109.494021 236.131802 -1.441628 1
105.268716 200.926197 2.842993 1
94.131390 205.393532 3.524209 1
93.269393 200.048351 6.263034 1
90.758711 184.479751 14.240250 1
91.088184 182.078048 20.602791 1
91.749366 177.258360 33.371010 1
91.749366 177.258360 33.371010 1
112.396994 201.110485 2.372875 1
123.729000 204.472586 0.195012 1
124.248437 199.640337 3.827466 1
125.761372 185.565729 14.407505 1
126.352831 182.465050 20.440301 1
127.539761 176.242672 32.546794 1
127.539761 176.242672 32.546794 1
104.872768 167.586755 6.743302 1
104.303534 151.688383 8.641458 1
103.598624 132.000634 10.992040 1
104.220323 112.154691 9.591660 1
104.737782 95.636346 8.426085 1
102.377116 90.047500 20.876124 1
101.945064 89.476587 27.589747 1
115.399870 167.980484 6.077527 1
115.924264 152.039712 7.595832 1
116.573641 132.299680 9.476003 1
116.006674 112.237475 8.607438 1
115.544287 95.875828 7.899082 1
118.078946 90.419009 20.373458 1
118.621327 89.917779 27.084688 1
110.107600 168.887500 7.146810 1
109.841353 174.800564 6.414232 1
109.433107 183.494877 4.779808 1
109.099935 191.906237 3.709940 1
108.499098 213.708125 3.905985 1
110.176772 220.069771 3.705410 1
109.421680 236.094532 -1.203045 1
105.225602 200.938717 3.081821 1
94.059476 205.326363 3.808022 1
93.120637 199.860269 6.268829 1
90.386144 183.939495 13.436275 1
90.202981 180.622945 19.379810 1
89.835414 173.967360 31.307176 1
89.835414 173.967360 31.307176 1
112.355197 201.139182 2.639107 1
123.719755 204.452525 0.558300 1
124.394827 199.578165 4.107955 1
126.361070 185.380900 14.446831 1
127.389759 181.184708 19.709191 1
129.454112 172.763875 30.269589 1
129.454112 172.763875 30.269589 1
104.847342 167.590394 6.834585 1
104.271439 151.663693 8.475863 1
103.558269 131.940863 10.508340 1
104.320756 112.073359 9.554441 1
104.955397 95.537068 8.760484 1
102.539036 90.030779 21.236597 1
102.056881 89.511164 27.950975 1
115.376965 167.987378 6.212006 1
115.911649 152.050470 7.766856 1
116.573769 132.315224 9.692280 1
115.987588 112.257864 8.729669 1
115.509531 95.900168 7.944615 1
118.005449 90.436088 20.423623 1
118.528800 89.931562 27.136116 1
110.090000 168.835300 7.204500 1
109.835934 174.751924 6.496765 1
109.444891 183.454172 4.900811 1
109.121352 191.871326 3.874442 1
108.523940 213.671763 4.199706 1
110.176065 220.042309 4.090223 1
109.423959 236.031106 -0.934589 1
105.250040 200.908144 3.291735 1
94.048163 205.203429 4.019509 1
93.070602 199.686354 6.347903 1
90.223322 183.617087 13.129679 1
89.539820 179.373860 18.410447 1
88.168183 170.858639 29.007786 1
88.168183 170.858639 29.007786 1
112.380647 201.109897 2.866234 1
123.754983 204.429955 0.850577 1
124.541766 199.773887 4.660717 1
126.833383 186.212429 15.758290 1
128.150059 180.969657 19.898143 1
130.792337 170.448572 28.205915 1
130.792337 170.448572 28.205915 1
104.828260 167.548836 6.873760 1
104.263028 151.644025 8.718409 1
103.563073 131.948301 11.002730 1
104.173769 112.103340 9.583729 1
104.682070 95.585811 8.402655 1
102.272254 90.016071 20.851840 1
101.816233 89.454587 27.564673 1
115.360066 167.929912 6.278778 1
115.886075 151.979932 7.696484 1
116.537453 132.228496 9.452080 1
115.967350 112.164858 8.619415 1
115.502405 95.802042 7.940339 1
117.977085 90.322180 20.416656 1
118.488654 89.809043 27.129405 1
110.050900 168.894100 7.272350 1
109.807557 174.814068 6.589233 1
109.431399 183.524138 5.032869 1
109.121080 191.947037 4.050486 1
108.553039 213.745958 4.504490 1
110.152299 220.130866 4.478422 1
109.430740 236.119014 -0.552931 1
105.262788 200.992456 3.516948 1
94.018731 205.179220 4.226422 1
93.174756 199.835461 6.973622 1
90.716569 184.271002 14.975230 1
89.618388 179.000256 19.143192 1
87.414581 168.423031 27.507372 1
87.414581 168.423031 27.507372 1
112.394157 201.186951 3.100937 1
123.746544 204.603660 1.123419 1
124.638877 199.645611 4.505231 1
127.237924 185.204591 14.355240 1
128.666392 179.710216 18.114229 1
131.533014 168.684218 25.657690 1
131.533014 168.684218 25.657690 1
104.787459 167.617803 6.929514 1
104.220362 151.708273 8.732436 1
103.518098 132.006708 10.965084 1
104.149110 112.160432 9.573616 1
104.674320 95.641810 8.415457 1
102.261839 90.079682 20.867529 1
101.801878 89.523165 27.580507 1
115.320633 167.983847 6.349509 1
115.847274 152.032650 7.753230 1
116.499434 132.279709 9.491506 1
115.942454 112.219016 8.582506 1
115.488213 95.858601 7.841174 1
117.955164 90.366001 20.313420 1
118.460572 89.845335 27.026056 1
109.996200 168.886800 7.378170 1
109.769457 174.809045 6.709230 1
109.415907 183.523820 5.174046 1
109.114932 191.949629 4.213965 1
108.530641 213.746720 4.730876 1
110.132985 220.130151 4.829193 1
109.450767 236.152240 -0.098613 1
105.253629 200.994210 3.688047 1
93.983870 205.107121 4.421291 1
93.231637 199.737801 7.145206 1
91.040659 184.098893 15.078992 1
89.776708 178.168843 18.176669 1
87.240239 166.268540 24.393025 1
87.240239 166.268540 24.393025 1
112.386903 201.194412 3.309042 1
123.747587 204.627870 1.409730 1
124.727336 199.414203 4.354714 1
127.580994 184.228658 12.932396 1
129.105863 178.447999 16.190837 1
132.165940 166.847494 22.729809 1
132.165940 166.847494 22.729809 1
104.731905 167.622966 7.003732 1
104.182162 151.710325 8.784438 1
103.501388 132.004908 10.989575 1
104.149021 112.157933 9.615824 1
104.688064 95.638729 8.472413 1
102.249502 90.080555 20.921169 1
101.773797 89.526748 27.633274 1
115.268820 167.967376 6.481274 1
115.812800 152.020360 7.925313 1
116.486431 132.272597 9.713518 1
115.940480 112.215496 8.722284 1
115.495233 95.858011 7.913886 1
117.931554 90.343472 20.382471 1
118.419024 89.810505 27.095468 1
109.932900 168.836200 7.419530 1
109.714901 174.759157 6.753993 1
109.374970 183.476417 5.229881 1
109.081486 191.905051 4.292552 1
108.497184 213.699815 4.899720 1
110.076769 220.087025 5.083576 1
109.423634 236.164759 0.336371 1
105.222453 200.952099 3.793065 1
93.922744 204.988258 4.491037 1
93.174112 199.400708 6.734694 1
90.993623 183.126174 13.269661 1
89.731704 176.943014 15.825979 1
87.199312 164.534775 20.955945 1
87.199312 164.534775 20.955945 1
112.356863 201.153296 3.436652 1
123.721204 204.625655 1.632313 1
124.734762 199.170865 4.088556 1
127.686893 183.283016 11.242712 1
129.248833 177.232299 13.946013 1
132.383303 165.089845 19.370943 1
132.383303 165.089845 19.370943 1
104.668453 167.578476 7.027089 1
104.097419 151.652358 8.675707 1
103.390279 131.930250 10.717272 1
104.132627 112.072552 9.564127 1
104.750506 95.544422 8.604331 1
102.259879 90.005913 21.051544 1
101.743338 89.467055 27.761847 1
115.207387 167.911541 6.539146 1
115.756688 151.962332 7.956701 1
116.436909 132.211853 9.712109 1
115.904461 112.154231 8.724075 1
115.470227 95.796321 7.918287 1
117.885422 90.267570 20.384689 1
118.360234 89.726517 27.097946 1
109.878000 168.834900 7.513810 1
109.662372 174.757291 6.842489 1
109.327880 183.475014 5.319822 1
109.039896 191.906131 4.403344 1
108.465589 213.698000 5.114948 1
109.971892 220.098864 5.407086 1
109.374086 236.239559 0.870939 1
105.187351 200.957663 3.936061 1
93.854594 204.907867 4.588509 1
93.164748 199.196793 6.517993 1
91.155478 182.562478 12.137886 1
89.957546 176.231725 14.339065 1
87.553561 163.527299 18.756348 1
87.553561 163.527299 18.756348 1
112.322936 201.156603 3.602653 1
123.678032 204.703498 1.887280 1
124.676297 199.107212 4.008650 1
127.583888 182.807235 10.187442 1
129.128475 176.597004 12.512512 1
132.228123 164.134440 17.178415 1
132.228123 164.134440 17.178415 1
104.614811 167.577010 7.105348 1
104.036843 151.635896 8.599366 1
103.321115 131.895218 10.449482 1
104.205854 112.026578 9.634997 1
104.942247 95.489341 8.957078 1
102.399665 90.020003 21.424357 1
101.835436 89.524967 28.134195 1
115.155287 167.909316 6.651358 1
115.716869 151.970693 8.178902 1
116.412297 132.233323 10.070512 1
115.876520 112.185639 8.899510 1
115.439570 95.835834 7.944504 1
117.824532 90.283314 20.406160 1
118.282639 89.729315 27.119523 1
109.803500 168.838800 7.589680 1
109.604216 174.760313 6.905686 1
109.293976 183.478001 5.377692 1
109.022604 191.911825 4.481278 1
108.467288 213.700040 5.310194 1
109.912393 220.114330 5.616653 1
109.359192 236.334078 1.365797 1
105.181134 200.969745 4.047816 1
93.832984 204.891287 4.597507 1
93.241293 199.084304 6.254016 1
91.517918 182.170644 11.078832 1
90.428425 175.722312 12.973743 1
88.242056 162.781930 16.776412 1
88.242056 162.781930 16.776412 1
112.318234 201.163170 3.744975 1
123.643428 204.817879 2.058484 1
124.591541 199.109022 3.881996 1
127.353054 182.481166 9.193233 1
128.841703 176.142431 11.183968 1
131.829095 163.421987 15.178935 1
131.829095 163.421987 15.178935 1
104.539372 167.591910 7.160140 1
103.976328 151.647298 8.622186 1
103.279083 131.902288 10.432712 1
104.167153 112.034390 9.603858 1
104.906320 95.497771 8.913980 1
102.335529 90.005375 21.365327 1
101.755818 89.498018 28.072925 1
115.082495 167.899668 6.752704 1
115.665463 151.956953 8.228664 1
116.387374 132.214515 10.056396 1
115.866733 112.169565 8.832947 1
115.442127 95.821990 7.835167 1
117.823301 90.259132 20.292938 1
118.277278 89.698854 27.006059 1
109.752100 168.851100 7.655880 1
109.562780 174.772592 6.968879 1
109.264452 183.490302 5.438641 1
108.995651 191.924511 4.545079 1
108.420303 213.711415 5.394527 1
109.877546 220.117368 5.801424 1
109.347795 236.422912 1.889307 1
105.147704 200.979682 4.111618 1
93.793429 204.885729 4.644909 1
93.302666 199.015196 6.097891 1
91.873256 181.916435 10.329906 1
90.895995 175.388273 11.999256 1
88.934848 162.287691 15.349274 1
88.934848 162.287691 15.349274 1
112.285337 201.179314 3.825848 1
123.613443 204.855249 2.206380 1
124.504158 199.067596 3.795362 1
127.098491 182.210237 8.423498 1
128.523153 175.780215 10.150875 1
131.382135 162.876580 13.617340 1
131.382135 162.876580 13.617340 1
104.487382 167.611306 7.213230 1
103.938242 151.662797 8.637578 1
103.258214 131.912962 10.401420 1
104.149543 112.045086 9.575544 1
104.891422 95.508485 8.888145 1
102.307983 90.000461 21.329967 1
101.720934 89.484854 28.036297 1
115.031940 167.904316 6.832977 1
115.626985 151.962941 8.318557 1
116.363851 132.222163 10.158203 1
115.864467 112.176789 8.932833 1
115.457197 95.828868 7.933487 1
117.834644 90.257638 20.388228 1
118.284269 89.692050 27.101197 1
109.762400 168.734300 7.702730 1
109.567629 174.655905 7.018227 1
109.262575 183.374155 5.492399 1
108.987423 191.808738 4.604320 1
108.393515 213.594459 5.471168 1
109.859266 219.994711 5.933445 1
109.345325 236.387215 2.401062 1
105.132989 200.861227 4.172486 1
93.795277 204.825698 4.620182 1
93.412698 198.910508 5.916072 1
92.298391 181.681679 9.690533 1
91.441847 175.095076 11.187748 1
89.722955 161.877214 14.192329 1
89.722955 161.877214 14.192329 1
112.270896 201.066739 3.897970 1
123.611722 204.685598 2.239449 1
124.452512 198.845246 3.653142 1
126.901430 181.834393 7.770722 1
128.270010 175.341633 9.297064 1
131.016450 162.312094 12.360095 1
131.016450 162.312094 12.360095 1
104.499736 167.488932 7.251386 1
103.915677 151.564985 8.916327 1
103.192408 131.845565 10.978107 1
104.100169 111.994559 9.828076 1
104.855725 95.472000 8.870874 1
102.242716 89.950755 21.300654 1
101.640410 89.427794 28.005063 1
115.044539 167.793706 6.887516 1
115.523427 151.856799 8.460454 1
116.116453 132.121554 10.408278 1
115.746755 112.085936 8.992203 1
115.445252 95.745972 7.837329 1
117.681676 90.340439 20.390816 1
118.037666 89.857725 27.115863 1
109.692400 168.873300 7.770920 1
109.496236 174.793869 7.077910 1
109.191800 183.510036 5.540106 1
108.921628 191.943721 4.642021 1
108.350855 213.730914 5.487130 1
109.779018 220.130103 6.066866 1
109.270600 236.596528 2.895997 1
105.077248 200.999951 4.199153 1
93.720757 204.909689 4.652195 1
93.433379 198.965705 5.836101 1
92.596355 181.653009 9.284394 1
91.846097 175.026741 10.658570 1
90.340494 161.729283 13.416238 1
90.340494 161.729283 13.416238 1
112.215525 201.197460 3.928396 1
123.552177 204.856563 2.330758 1
124.328669 198.973844 3.597972 1
126.590314 181.839588 7.288913 1
127.887502 175.296334 8.653390 1
130.490673 162.165465 11.391592 1
130.490673 162.165465 11.391592 1
104.430302 167.625772 7.318940 1
103.867157 151.680446 8.773150 1
103.169787 131.934553 10.573972 1
104.067050 112.071324 9.648726 1
104.813868 95.538592 8.878619 1
102.185424 90.003077 21.298795 1
101.574366 89.472557 28.001817 1
114.975183 167.933074 6.959460 1
115.532616 151.975098 8.271225 1
116.222908 132.213761 9.895628 1
115.782853 112.166232 8.682850 1
115.423969 95.816553 7.693774 1
117.741980 90.234658 20.154942 1
118.153366 89.661194 26.869695 1
109.676700 168.889200 7.833000 1
109.476844 174.808259 7.128244 1
109.169100 183.521829 5.576443 1
108.898055 191.954695 4.670964 1
108.329191 213.742061 5.512908 1
109.746179 220.135038 6.181744 1
109.227818 236.660311 3.335218 1
105.055360 201.011377 4.222740 1
93.693706 204.908018 4.658824 1
93.490767 198.950602 5.791596 1
92.899687 181.598782 9.090953 1
92.244031 174.951590 10.411418 1
90.928276 161.612142 13.061300 1
90.928276 161.612142 13.061300 1
112.193962 201.207919 3.959956 1
123.539370 204.835914 2.353554 1
124.263692 198.928312 3.532857 1
126.373383 181.721582 6.967743 1
127.612371 175.147174 8.232942 1
130.098747 161.953785 10.771918 1
130.098747 161.953785 10.771918 1
104.416047 167.636820 7.377634 1
103.846393 151.692727 8.842777 1
103.140962 131.948360 10.657136 1
104.034224 112.087283 9.683103 1
104.777713 95.556342 8.872388 1
102.123488 90.002510 21.278897 1
101.499558 89.461755 27.979915 1
114.961084 167.951386 7.029214 1
115.505831 151.999895 8.422639 1
116.180411 132.246589 10.148167 1
115.761959 112.200329 8.907081 1
115.420693 95.851686 7.894918 1
117.708794 90.279753 20.366068 1
118.101500 89.710772 27.082321 1
109.733500 168.778400 7.808840 1
109.531014 174.695699 7.090188 1
109.221517 183.406214 5.521677 1
108.950575 191.838148 4.607529 1
108.384292 213.625694 5.446548 1
109.787178 220.012192 6.201469 1
109.264988 236.582786 3.632659 1
105.110105 200.895455 4.152905 1
93.747428 204.790515 4.576282 1
93.613827 198.834179 5.724921 1
93.224702 181.485504 9.070492 1
92.647044 174.835520 10.413138 1
91.487814 161.490469 13.107533 1
91.487814 161.490469 13.107533 1
112.249111 201.090730 3.900367 1
123.610880 204.684512 2.333171 1
124.292933 198.761640 3.459920 1
126.279509 181.510437 6.741735 1
127.471512 174.916484 7.949033 1
129.863601 161.683873 10.371816 1
129.863601 161.683873 10.371816 1
104.474283 167.521717 7.348768 1
103.897903 151.579091 8.827183 1
103.184143 131.836541 10.657979 1
104.077807 111.977612 9.641442 1
104.821630 95.448459 8.795350 1
102.140326 89.876843 21.188054 1
101.502012 89.326397 27.886928 1
115.019616 167.842015 7.014835 1
115.588988 151.889954 8.391791 1
116.294062 132.135942 10.096924 1
115.851983 112.091100 8.841214 1
115.491449 95.743613 7.817124 1
117.790594 90.145246 20.274396 1
118.192170 89.563027 26.988990 1
109.684200 168.901800 7.895240 1
109.476918 174.817738 7.166824 1
109.157589 183.525674 5.586007 1
108.870206 191.956215 4.664059 1
108.242424 213.742437 5.493624 1
109.677657 220.114498 6.307443 1
109.147419 236.720422 3.979744 1
105.004880 201.002585 4.202393 1
93.671975 204.987571 4.584909 1
93.605022 199.043592 5.801378 1
93.410018 181.730910 9.344512 1
92.907930 175.092169 10.770586 1
91.900352 161.769678 13.632405 1
91.900352 161.769678 13.632405 1
112.143529 201.217673 3.955939 1
123.523768 204.753080 2.389977 1
124.169711 198.824627 3.508618 1
126.051112 181.557164 6.766817 1
127.202915 174.954439 7.965165 1
129.514332 161.704226 10.369987 1
129.514332 161.704226 10.369987 1
104.426655 167.639430 7.431641 1
103.855301 151.696431 8.907995 1
103.147765 131.953420 10.736238 1
104.023118 112.094690 9.700083 1
104.751700 95.565702 8.837662 1
102.049919 89.997780 21.227579 1
101.403489 89.448356 27.925759 1
114.972030 167.969109 7.108332 1
115.535238 152.015079 8.464865 1
116.232680 132.258630 10.144708 1
115.796305 112.213515 8.891356 1
115.440421 95.865806 7.869189 1
117.719711 90.254857 20.324449 1
118.110210 89.665728 27.039093 1
109.689500 168.911900 7.925240 1
109.479411 174.826864 7.189746 1
109.159183 183.533172 5.600176 1
108.875489 191.963267 4.673025 1
108.267182 213.750230 5.497633 1
109.667174 220.118159 6.400331 1
109.131260 236.752273 4.284891 1
105.019096 201.013150 4.205529 1
93.666272 204.939141 4.606977 1
93.663298 199.015768 5.921817 1
93.654641 181.763102 9.751470 1
93.224852 175.145009 11.292508 1
92.362362 161.863956 14.385032 1
92.362362 161.863956 14.385032 1
112.158197 201.221525 3.966501 1
123.546111 204.751741 2.445263 1
124.128015 198.820786 3.585579 1
125.822894 181.546038 6.906911 1
126.903938 174.936817 8.135003 1
129.073357 161.673568 10.599514 1
129.073357 161.673568 10.599514 1
104.433145 167.645876 7.458117 1
103.850634 151.705061 8.953563 1
103.129281 131.964754 10.805449 1
104.001730 112.107571 9.737677 1
104.727895 95.579870 8.848940 1
102.002724 90.002511 21.229486 1
101.344434 89.447724 27.926068 1
114.978626 167.981429 7.144439 1
115.532694 152.025983 8.488018 1
116.218818 132.267779 10.151818 1
115.783612 112.222413 8.902096 1
115.428683 95.874498 7.882891 1
117.688057 90.254549 20.337722 1
118.068028 89.660640 27.052549 1
109.737900 168.801400 7.918970 1
109.524511 174.716169 7.182860 1
109.199421 183.422082 5.592109 1
108.912830 191.851886 4.663206 1
108.301127 213.638983 5.481731 1
109.670899 220.004778 6.443882 1
109.135672 236.663269 4.529652 1
105.055278 200.901086 4.192066 1
93.694117 204.803022 4.592146 1
93.735909 198.905655 6.018497 1
93.857643 181.728736 10.172944 1
93.478667 175.138933 11.843135 1
92.718148 161.914650 15.194839 1
92.718148 161.914650 15.194839 1
112.194423 201.110426 3.955196 1
123.574888 204.666937 2.439477 1
124.069685 198.740734 3.643824 1
125.510852 181.479826 7.151655 1
126.495529 174.870812 8.459333 1
128.471561 161.607980 11.083556 1
128.471561 161.607980 11.083556 1
104.482427 167.532217 7.450498 1
103.879307 151.594313 8.968625 1
103.132433 131.857610 10.848597 1
104.009559 112.002470 9.747196 1
104.739618 95.476469 8.830469 1
101.990680 89.882905 21.198444 1
101.319381 89.319398 27.893006 1
115.027795 167.873990 7.139735 1
115.570856 151.918143 8.483048 1
116.243349 132.159443 10.146520 1
115.810492 112.114165 8.894563 1
115.457478 95.766323 7.873535 1
117.698093 90.141434 20.329525 1
118.067905 89.544847 27.044681 1
