68 35
107.806400 188.113000 34.791400 1
107.725015 195.914687 34.370298 1
107.659953 205.973637 33.121340 1
107.634856 215.656706 32.366097 1
107.692480 240.596740 33.467859 1
108.581864 247.659271 35.935327 1
109.642513 266.278103 31.359533 1
103.560290 226.151321 31.795644 1
89.944501 227.932075 30.962420 1
88.932557 221.157824 32.109354 1
85.985119 201.426815 35.449972 1
87.168965 194.900178 39.540723 1
89.544684 181.802635 47.749972 1
89.544684 181.802635 47.749972 1
111.739265 226.135568 31.724449 1
124.655117 230.844697 32.234263 1
125.529551 223.955309 32.193409 1
128.076469 203.888947 32.074418 1
128.457641 196.532685 34.618596 1
129.222566 181.770264 39.724208 1
129.222566 181.770264 39.724208 1
100.932521 186.654163 33.711690 1
99.258061 168.486145 35.554035 1
97.184504 145.987894 37.835491 1
95.158514 123.481219 34.937064 1
93.472214 104.748146 32.524600 1
90.609413 98.016586 46.587899 1
90.160577 97.132497 54.251873 1
114.755987 186.816058 34.039488 1
115.129181 168.528637 35.346979 1
115.591321 145.882747 36.966085 1
115.199979 123.109292 33.817584 1
114.880820 104.536468 31.249832 1
114.891983 97.895321 45.643613 1
113.948858 97.103454 53.272760 1
107.805600 188.112700 34.891500 1
107.721606 195.913133 34.448271 1
107.652398 205.969373 33.177892 1
107.620221 215.651665 32.413017 1
107.652189 240.591586 33.518372 1
108.543947 247.673278 35.929420 1
109.542167 266.267630 31.241413 1
103.534816 226.142157 31.844256 1
89.914516 227.887837 31.010543 1
88.899080 221.059025 31.762999 1
85.941474 201.169100 33.954641 1
87.082664 195.042101 38.633346 1
89.372784 182.746543 48.022492 1
89.372784 182.746543 48.022492 1
111.713800 226.134844 31.772701 1
124.633184 230.834578 32.279714 1
125.419201 223.937453 32.075244 1
127.708591 203.848554 31.479694 1
128.229710 196.570449 34.216544 1
129.275478 181.964873 39.708808 1
129.275478 181.964873 39.708808 1
100.932629 186.648370 33.813449 1
99.254144 168.478151 35.630237 1
97.175604 145.977173 37.880045 1
95.150836 123.474741 34.948003 1
93.465554 104.745202 32.507562 1
90.582782 98.013515 46.566720 1
90.122845 97.129444 54.230037 1
114.755917 186.816101 34.145770 1
115.127486 168.523929 35.385519 1
115.587612 145.872156 36.920737 1
115.203441 123.099515 33.765474 1
114.890132 104.527355 31.192207 1
114.883632 97.878103 45.582249 1
113.931299 97.081993 53.209810 1
107.833000 188.121700 34.989200 1
107.741831 195.921118 34.529810 1
107.663255 205.975911 33.248577 1
107.623778 215.658876 32.492606 1
107.643666 240.595477 33.670738 1
108.516513 247.713416 35.979814 1
109.415980 266.257101 31.076094 1
103.533199 226.148985 31.954825 1
89.914133 227.903258 31.118991 1
88.911598 221.033437 31.293497 1
85.991565 201.024066 31.801770 1
86.979369 195.599649 37.309280 1
88.961674 184.714022 48.361657 1
88.961674 184.714022 48.361657 1
111.712179 226.145878 31.882523 1
124.616973 230.892662 32.317697 1
125.330743 224.003099 31.813303 1
127.409705 203.936224 30.344182 1
128.201537 196.889831 33.577457 1
129.790566 182.749250 40.065939 1
129.790566 182.749250 40.065939 1
100.960014 186.649281 33.922314 1
99.284187 168.479031 35.741246 1
97.208935 145.978015 37.993709 1
95.137336 123.485933 35.015338 1
93.413074 104.765007 32.536335 1
90.533948 98.039019 46.598967 1
90.083776 97.154937 54.262864 1
114.783537 186.829459 34.237974 1
115.202637 168.535028 35.428237 1
115.721625 145.880457 36.902175 1
115.248015 123.104892 33.780352 1
114.861763 104.530347 31.234357 1
114.944096 97.888865 45.627752 1
114.038952 97.096905 53.261489 1
107.871000 188.275000 35.088200 1
107.777168 196.074498 34.630719 1
107.696776 206.130361 33.358022 1
107.663026 215.814837 32.621379 1
107.714620 240.747576 33.877698 1
108.499978 247.901118 36.106779 1
109.305840 266.385987 30.970243 1
103.586221 226.311859 32.114795 1
89.969183 228.075865 31.266497 1
88.972811 221.215376 30.853082 1
86.070731 201.233188 29.648950 1
86.898139 196.791711 35.998863 1
88.558565 187.878630 48.741760 1
88.558565 187.878630 48.741760 1
111.765219 226.298407 32.045874 1
124.623609 231.176929 32.387767 1
125.254806 224.313887 31.533242 1
127.093263 204.324261 29.044311 1
128.216334 197.800074 33.156052 1
130.470089 184.707447 41.407424 1
130.470089 184.707447 41.407424 1
100.997344 186.800893 34.027984 1
99.269021 168.628411 35.774034 1
97.128762 146.124631 37.936243 1
95.142008 123.614799 35.035162 1
93.488365 104.879101 32.620490 1
90.518625 98.158031 46.666621 1
90.025287 97.274114 54.327878 1
114.821130 186.984891 34.329582 1
115.311588 168.683552 35.377916 1
115.918939 146.020426 36.676098 1
115.248850 123.231908 33.687641 1
114.702362 104.646799 31.250412 1
114.918487 98.008933 45.644089 1
114.088987 97.220502 53.286780 1
107.920600 188.269500 35.093800 1
107.828622 196.070204 34.656975 1
107.739036 206.128003 33.400290 1
107.679116 215.812048 32.659652 1
107.635794 240.747756 33.855935 1
108.399861 247.896749 36.106899 1
109.112598 266.352118 30.851887 1
103.553607 226.290511 32.163229 1
89.962144 228.275953 31.398259 1
88.947329 221.448591 30.631931 1
85.991531 201.562891 28.399890 1
86.509505 198.421221 35.512859 1
87.548964 192.116572 49.787044 1
87.548964 192.116572 49.787044 1
111.731691 226.311413 32.023708 1
124.607750 231.145052 32.336856 1
125.178651 224.307044 31.266490 1
126.841484 204.390332 28.148891 1
128.318159 198.685188 33.248252 1
131.281519 187.236201 43.481562 1
131.281519 187.236201 43.481562 1
101.042163 186.801298 34.056648 1
99.364715 168.627898 35.842320 1
97.287458 146.122982 38.053595 1
95.177807 123.637269 35.053918 1
93.421873 104.921645 32.557181 1
90.594479 98.201782 46.633232 1
90.180485 97.317808 54.299180 1
114.867108 186.978195 34.304651 1
115.324545 168.680937 35.435874 1
115.891007 146.022865 36.836702 1
115.233865 123.248083 33.742530 1
114.697934 104.674176 31.219085 1
114.949294 98.040579 45.614158 1
114.134269 97.252950 53.258489 1
107.880500 188.272100 35.090700 1
107.799158 196.073973 34.673049 1
107.732592 206.133925 33.432272 1
107.710890 215.817990 32.689801 1
107.798207 240.755894 33.836894 1
108.431166 247.940322 36.014531 1
109.011567 266.420821 30.832054 1
103.644147 226.317625 32.157137 1
90.081408 228.464630 31.321955 1
88.991053 221.653693 30.514342 1
85.815233 201.815832 28.162050 1
86.194432 200.150436 35.765693 1
86.955400 196.808349 51.024553 1
86.955400 196.808349 51.024553 1
111.822693 226.293981 32.048598 1
124.589796 231.414874 32.229077 1
125.071088 224.572997 31.139560 1
126.472919 204.645017 27.966180 1
128.285422 200.044750 33.989890 1
131.922716 190.813010 46.078170 1
131.922716 190.813010 46.078170 1
101.000282 186.815763 34.048644 1
99.151771 168.632871 35.545434 1
96.862679 146.116202 37.398975 1
95.131192 123.547961 34.804283 1
93.690018 104.763646 32.644628 1
90.553726 98.046150 46.656224 1
89.973608 97.162503 54.311431 1
114.825406 186.973341 34.299684 1
115.359875 168.663694 35.165561 1
116.021727 145.990281 36.237803 1
115.298571 123.171552 33.503009 1
114.708802 104.561805 31.272654 1
114.982052 97.947300 45.676110 1
114.193234 97.174822 53.324736 1
107.873000 188.332400 35.063800 1
107.789621 196.134218 34.645539 1
107.721266 206.192083 33.388048 1
107.699974 215.872450 32.598802 1
107.793656 240.818714 33.546213 1
108.440705 247.977387 35.803087 1
108.895293 266.505229 30.779522 1
103.635642 226.368480 31.983178 1
90.102382 228.684908 31.122899 1
88.898302 221.869116 30.552690 1
85.391238 202.017113 28.891873 1
85.665722 202.113545 36.679561 1
86.216550 202.307065 52.307759 1
86.216550 202.307065 52.307759 1
111.814153 226.341964 31.872680 1
124.590973 231.440411 31.989925 1
125.106466 224.576369 31.068418 1
126.607916 204.583833 28.384395 1
128.590824 201.413883 35.221954 1
132.570084 195.052482 48.943452 1
132.570084 195.052482 48.943452 1
100.994495 186.873761 34.013687 1
99.170318 168.684535 35.462595 1
96.911358 146.160020 37.256842 1
95.141896 123.587406 34.726612 1
93.669112 104.799451 32.620612 1
90.535549 98.085075 46.634314 1
89.961070 97.201442 54.289948 1
114.819259 187.035844 34.281102 1
115.398280 168.725933 35.112048 1
116.115301 146.052193 36.141033 1
115.326570 123.229606 33.457026 1
114.683324 104.616713 31.268091 1
114.984887 98.024871 45.681369 1
114.218059 97.266788 53.333670 1
107.867900 188.322900 35.086400 1
107.779706 196.124315 34.661645 1
107.709494 206.178119 33.372186 1
107.690617 215.851965 32.506627 1
107.799042 240.808127 33.139639 1
108.460048 247.898600 35.598705 1
108.819437 266.473197 30.742887 1
103.633019 226.341857 31.756629 1
90.123531 228.782043 30.865408 1
88.834774 221.958240 30.796142 1
85.081078 202.082906 30.594391 1
85.410653 204.005407 38.139462 1
86.072036 207.863449 53.280781 1
86.072036 207.863449 53.280781 1
111.811568 226.309009 31.650803 1
124.606579 231.362096 31.746016 1
125.299958 224.475779 31.173459 1
127.319530 204.418359 29.505803 1
129.202387 202.873981 36.908672 1
132.980865 199.774750 51.764624 1
132.980865 199.774750 51.764624 1
100.991668 186.858704 34.029159 1
99.200218 168.660005 35.397725 1
96.981787 146.123760 37.092480 1
95.182597 123.541785 34.668993 1
93.685070 104.746038 32.651839 1
90.541003 98.037117 46.665800 1
89.967748 97.153609 54.321541 1
114.815985 187.030449 34.313171 1
115.486200 168.719580 35.049026 1
116.316152 146.044654 35.960256 1
115.425106 123.209337 33.420415 1
114.698416 104.586062 31.349053 1
115.045885 97.957931 45.744644 1
114.322512 97.186931 53.399885 1
107.840300 188.308700 35.076200 1
107.743481 196.109804 34.647629 1
107.668091 206.159642 33.327908 1
107.651659 215.826195 32.384331 1
107.781442 240.788417 32.689548 1
108.446066 247.809950 35.338149 1
108.778306 266.444934 30.717459 1
103.604121 226.308850 31.492234 1
90.131529 228.925753 30.545601 1
88.795621 222.140685 31.184483 1
84.904592 202.378169 33.045322 1
85.433116 206.025057 39.912169 1
86.493747 213.343569 53.692441 1
86.493747 213.343569 53.692441 1
111.782746 226.267509 31.395628 1
124.587064 231.296179 31.525932 1
125.457854 224.406487 31.464015 1
127.994157 204.339238 31.283673 1
129.662378 204.422243 38.895694 1
133.010128 204.588816 54.171370 1
133.010128 204.588816 54.171370 1
100.966716 186.836058 34.013485 1
99.163724 168.651165 35.541158 1
96.931000 146.132016 37.432943 1
95.113718 123.572643 34.819866 1
93.601132 104.795710 32.644910 1
90.479122 98.078881 46.660015 1
89.907710 97.195231 54.315876 1
114.790564 187.023905 34.309831 1
115.365382 168.714981 35.165094 1
116.077200 146.042464 36.224193 1
115.317152 123.222396 33.510658 1
114.697297 104.611556 31.297641 1
114.950242 98.009769 45.707301 1
114.155653 97.245746 53.356179 1
107.784900 188.298400 35.088100 1
107.688618 196.098288 34.637826 1
107.618159 206.141536 33.268593 1
107.611321 215.798977 32.235810 1
107.773064 240.762856 32.202937 1
108.414348 247.733987 34.986968 1
108.699311 266.423795 30.589960 1
103.579256 226.273738 31.193558 1
90.131199 228.988438 30.176105 1
88.824271 222.330158 31.655706 1
85.017651 202.936932 35.965260 1
85.789674 208.167760 41.690218 1
87.338955 218.664896 53.178965 1
87.338955 218.664896 53.178965 1
111.757997 226.220642 31.114015 1
124.560175 231.254880 31.239394 1
125.598211 224.405568 31.728654 1
128.621643 204.455932 33.153694 1
129.953484 205.969337 40.681544 1
132.626192 209.006411 55.788306 1
132.626192 209.006411 55.788306 1
100.913893 186.822388 34.013464 1
99.136591 168.634597 35.536742 1
96.935681 146.111860 37.423084 1
95.115732 123.553981 34.798992 1
93.600927 104.778291 32.614867 1
90.470890 98.060109 46.627533 1
89.893480 97.176376 54.282935 1
114.737003 187.011954 34.341434 1
115.335093 168.701864 35.154742 1
116.075729 146.027902 36.161884 1
115.298857 123.207601 33.455082 1
114.665282 104.596571 31.247555 1
114.911666 97.967766 45.644921 1
114.117169 97.190605 53.292484 1
107.738400 188.288600 35.107500 1
107.641217 196.087192 34.635503 1
107.576242 206.124186 33.220887 1
107.581939 215.773045 32.110782 1
107.785802 240.734586 31.790707 1
108.387557 247.673727 34.662109 1
108.623566 266.383888 30.349575 1
103.571693 226.241666 30.931647 1
90.150556 229.056325 29.833545 1
89.056368 222.576236 32.078799 1
85.869382 203.702017 38.618435 1
87.062563 209.816993 43.299898 1
89.457016 222.088425 52.694578 1
89.457016 222.088425 52.694578 1
111.750586 226.174277 30.885540 1
124.508511 231.321112 30.907519 1
125.607609 224.548286 31.980261 1
128.808896 204.821426 35.104780 1
129.840891 207.476883 42.358486 1
131.911875 212.805808 56.915101 1
131.911875 212.805808 56.915101 1
100.871157 186.807572 34.015838 1
99.045156 168.622333 35.511744 1
96.783938 146.102757 37.364189 1
95.066318 123.532346 34.779179 1
93.636685 104.746224 32.627583 1
90.380478 98.026603 46.610777 1
89.732345 97.142792 54.260506 1
114.693139 187.002203 34.385715 1
115.287516 168.688776 35.123071 1
116.023554 146.010682 36.036160 1
115.271251 123.184102 33.375756 1
114.657712 104.567952 31.206071 1
114.842868 97.932796 45.601428 1
114.016544 97.152495 53.245298 1
107.711900 188.282600 35.166200 1
107.619493 196.080058 34.674901 1
107.566036 206.111063 33.217953 1
107.585172 215.751032 32.033275 1
107.824833 240.707074 31.432388 1
108.410043 247.631832 34.341684 1
108.547636 266.359559 30.101746 1
103.592071 226.211244 30.728067 1
90.199567 229.140727 29.581764 1
89.387928 222.913229 32.546470 1
87.023910 204.774720 41.181616 1
88.560552 211.487602 44.829720 1
91.644256 224.958901 52.150672 1
91.644256 224.958901 52.150672 1
111.770937 226.132010 30.699439 1
124.514377 231.314175 30.629037 1
125.584467 224.655087 32.284762 1
128.701264 205.259508 37.107305 1
129.498430 208.785529 44.011248 1
131.098164 215.861486 57.865963 1
131.098164 215.861486 57.865963 1
100.847037 186.801922 34.059204 1
99.052642 168.614058 35.561416 1
96.830564 146.091229 37.421670 1
95.121061 123.514770 34.884530 1
93.698183 104.723615 32.772780 1
90.494499 97.987149 46.760000 1
89.852989 97.102994 54.410248 1
114.668031 186.991393 34.466759 1
115.249802 168.679278 35.245576 1
115.970230 146.002808 36.210008 1
115.242441 123.187177 33.450713 1
114.648895 104.579955 31.200377 1
114.805001 97.926798 45.587769 1
113.959636 97.135718 53.228448 1
107.665700 188.269800 35.223200 1
107.579221 196.065809 34.708390 1
107.536508 206.090417 33.207718 1
107.570294 215.721740 31.954990 1
107.854351 240.670251 31.110232 1
108.426780 247.604755 33.998781 1
108.449972 266.334458 29.765407 1
103.597864 226.175489 30.539584 1
90.224283 229.177784 29.361194 1
89.755825 223.190426 32.848609 1
88.391371 205.751361 43.006222 1
90.501191 212.656074 45.939875 1
94.735139 226.512335 51.827078 1
94.735139 226.512335 51.827078 1
111.776621 226.081969 30.527784 1
124.508874 231.288549 30.337282 1
125.431418 224.770623 32.549865 1
128.118462 205.786199 38.994341 1
128.753800 209.979092 45.532590 1
130.028780 218.393317 58.653440 1
130.028780 218.393317 58.653440 1
100.803360 186.789682 34.099932 1
99.023554 168.601242 35.612495 1
96.819542 146.077701 37.485567 1
95.130307 123.501851 34.929504 1
93.724299 104.711203 32.802003 1
90.509876 97.967739 46.783386 1
89.852455 97.083716 54.432299 1
114.623169 186.972608 34.548582 1
115.200190 168.660927 35.341008 1
115.914736 145.984994 36.322291 1
115.214198 123.176732 33.495826 1
114.642877 104.575522 31.190710 1
114.765346 97.898399 45.567320 1
113.899827 97.093813 53.204332 1
107.648600 188.258100 35.286400 1
107.566620 196.052551 34.747810 1
107.529861 206.070888 33.205679 1
107.567434 215.694097 31.892176 1
107.851748 240.634539 30.835763 1
108.453571 247.585172 33.679221 1
108.354676 266.308699 29.419698 1
103.597210 226.135137 30.380071 1
90.258754 229.275338 29.163607 1
90.121485 223.460151 32.957645 1
89.721668 206.522557 44.008343 1
92.892822 213.173851 46.545425 1
99.256637 226.521556 51.636799 1
99.256637 226.521556 51.636799 1
111.775979 226.042117 30.385164 1
124.504157 231.253793 30.090268 1
125.221078 224.885211 32.765555 1
127.309217 206.335774 40.557725 1
127.678964 211.008834 46.783359 1
128.420960 220.386649 59.276856 1
128.420960 220.386649 59.276856 1
100.787150 186.777866 34.157860 1
99.036437 168.590628 35.718080 1
96.868453 146.068575 37.650168 1
95.141743 123.508685 34.980751 1
93.704543 104.731320 32.758900 1
90.496717 97.992067 46.743829 1
89.849518 97.107744 54.393578 1
114.606394 186.955535 34.625628 1
115.184775 168.644005 35.420555 1
115.901004 145.968259 36.404937 1
115.212311 123.165354 33.532718 1
114.650650 104.568511 31.190287 1
114.765794 97.861559 45.553067 1
113.896855 97.041283 53.188020 1
107.609800 188.224400 35.414000 1
107.540719 196.014840 34.818565 1
107.524391 206.022024 33.205307 1
107.587233 215.636045 31.827084 1
107.948699 240.568272 30.612213 1
108.530421 247.550369 33.381808 1
108.342982 266.270569 29.110654 1
103.651015 226.079159 30.242151 1
90.365729 229.422676 28.986324 1
90.493023 223.708065 32.930559 1
90.863786 207.063414 44.418726 1
95.465516 212.891339 46.783487 1
104.700188 224.586719 51.529049 1
104.700188 224.586719 51.529049 1
111.829448 225.961500 30.260867 1
124.528789 231.239874 29.913661 1
125.004497 224.974566 32.871631 1
126.390069 206.725930 41.487159 1
125.926154 211.733149 47.440750 1
124.995171 221.781551 59.388317 1
124.995171 221.781551 59.388317 1
100.745349 186.747564 34.299342 1
99.085467 168.559220 35.943684 1
97.029961 146.035799 37.979944 1
95.204302 123.512784 35.075337 1
93.684744 104.766112 32.657729 1
90.555385 98.037038 46.665319 1
89.964532 97.152929 54.319652 1
114.565085 186.905293 34.759664 1
115.150816 168.596521 35.610765 1
115.876147 145.924191 36.664707 1
115.204009 123.134657 33.684474 1
114.655848 104.548719 31.253953 1
114.824084 97.818320 45.605236 1
113.979192 96.984151 53.241383 1
107.628000 188.221400 35.580000 1
107.560213 196.005508 34.906701 1
107.550893 205.997660 33.202761 1
107.637292 215.601334 31.755403 1
108.104087 240.524977 30.407595 1
108.657858 247.515334 33.162045 1
108.299210 266.210267 28.792306 1
103.745091 226.052413 30.115236 1
90.535141 229.666116 28.813921 1
90.921584 224.026716 32.848495 1
92.047157 207.601126 44.599790 1
98.061625 212.058103 46.766411 1
110.131355 221.002291 51.114349 1
110.131355 221.002291 51.114349 1
111.922954 225.900249 30.133713 1
124.565486 231.310118 29.740318 1
124.839408 225.149279 32.933904 1
125.637247 207.204921 42.235696 1
123.855324 212.384022 47.779556 1
120.279384 222.777350 58.904879 1
120.279384 222.777350 58.904879 1
100.760189 186.736126 34.497725 1
99.115782 168.545757 36.135193 1
97.079442 146.019827 38.162940 1
95.249993 123.511462 35.149205 1
93.727281 104.776984 32.640767 1
90.592840 98.053028 46.649678 1
90.006008 97.168981 54.304327 1
114.581112 186.893109 34.921164 1
115.173707 168.583123 35.740801 1
115.907537 145.909289 36.755782 1
115.235623 123.121449 33.762568 1
114.687646 104.536893 31.321460 1
114.907050 97.776218 45.657813 1
114.091532 96.926653 53.295456 1
107.653800 188.208800 35.624400 1
107.576126 195.988725 34.905372 1
107.560368 205.969916 33.138405 1
107.659294 215.562839 31.622193 1
108.214004 240.473018 30.073724 1
108.724794 247.468646 32.823093 1
108.277104 266.175935 28.514880 1
103.799894 226.015101 29.913478 1
90.523837 229.401039 28.673809 1
91.439989 224.031220 32.981439 1
94.108416 208.390827 45.528051 1
100.346267 212.428597 47.877168 1
112.864278 220.531526 52.591336 1
112.864278 220.531526 52.591336 1
111.977143 225.832296 29.902057 1
124.651639 231.175688 29.656362 1
124.597948 225.109669 33.037264 1
124.441566 207.441490 42.884642 1
121.680036 212.782911 47.842050 1
116.138240 223.501981 57.790491 1
116.138240 223.501981 57.790491 1
100.782315 186.711375 34.582953 1
99.151263 168.522764 36.252988 1
97.131459 145.999012 38.321065 1
95.280704 123.508823 35.187043 1
93.740257 104.789474 32.578487 1
90.636919 98.070091 46.596514 1
90.073023 97.186136 54.252897 1
114.604920 186.882472 34.941037 1
115.194156 168.572655 35.766854 1
115.923828 145.899031 36.789488 1
115.241778 123.109400 33.812242 1
114.685534 104.523384 31.384156 1
114.966489 97.741636 45.709478 1
114.183118 96.880616 53.349203 1
107.669800 188.196300 35.655300 1
107.601459 195.972181 34.892890 1
107.585100 205.949723 33.105435 1
107.667895 215.550304 31.637498 1
108.150615 240.478935 30.391375 1
108.748043 247.584217 32.823822 1
108.226004 266.241148 28.310491 1
103.773993 226.012254 30.072388 1
90.408548 229.079672 28.971990 1
91.077159 223.420172 32.940994 1
93.024585 206.936041 44.501305 1
98.867075 211.373624 47.129211 1
110.591681 220.278892 52.402849 1
110.591681 220.278892 52.402849 1
111.951580 225.851557 30.025456 1
124.615680 231.222078 29.843442 1
124.947004 224.929975 32.763995 1
125.912036 206.603293 41.270539 1
122.378665 211.526152 46.170892 1
115.287951 221.405259 56.004838 1
115.287951 221.405259 56.004838 1
100.791526 186.704188 34.651739 1
99.172799 168.514889 36.326257 1
97.168260 145.990283 38.399886 1
95.315561 123.508322 35.208506 1
93.773497 104.795821 32.552209 1
90.724325 98.077146 46.582457 1
90.191567 97.192944 54.241042 1
114.615795 186.854894 34.949627 1
115.196470 168.548140 35.846368 1
115.915541 145.878309 36.956829 1
115.232703 123.090431 33.966378 1
114.675817 104.505844 31.527524 1
115.052958 97.731584 45.854179 1
114.312558 96.871720 53.498319 1
107.680900 188.195100 35.627700 1
107.621827 195.973813 34.893942 1
107.614446 205.957979 33.143803 1
107.700195 215.564128 31.712932 1
108.174116 240.497708 30.566414 1
108.757015 247.593829 33.028941 1
108.179979 266.065785 27.815724 1
103.803490 226.030695 30.186135 1
90.439514 229.092439 29.052592 1
90.729425 223.222745 32.752945 1
91.573834 206.126391 43.530769 1
97.259486 210.721435 46.231074 1
108.669352 219.942694 51.650002 1
108.669352 219.942694 51.650002 1
111.981177 225.873393 30.145546 1
124.605480 231.330912 29.833289 1
125.133484 224.986279 32.607602 1
126.671375 206.506596 40.688198 1
123.106373 211.268467 45.722884 1
115.952184 220.824506 55.826406 1
115.952184 220.824506 55.826406 1
100.799501 186.715652 34.626817 1
99.200212 168.523521 36.289214 1
97.219744 145.995409 38.347832 1
95.341703 123.514053 35.167020 1
93.778546 104.802056 32.519518 1
90.783696 98.084637 46.562063 1
90.282224 97.200451 54.222761 1
114.624297 186.847246 34.908872 1
115.202934 168.542633 35.849556 1
115.919480 145.875452 37.014432 1
115.242255 123.089317 34.009463 1
114.689947 104.506151 31.558767 1
115.094389 97.736102 45.886669 1
114.366915 96.877924 53.532238 1
107.712900 188.187700 35.549100 1
107.660527 195.972666 34.884402 1
107.660531 205.967561 33.196595 1
107.753026 215.575034 31.775067 1
108.243105 240.503143 30.521389 1
108.725633 247.565325 33.100438 1
107.972242 265.910859 27.479266 1
103.862577 226.037580 30.205354 1
90.482044 229.018649 29.052272 1
90.482711 223.134873 32.741602 1
90.484652 205.997505 43.487320 1
95.945136 210.982640 45.949894 1
106.903139 220.986724 50.891747 1
106.903139 220.986724 50.891747 1
112.040135 225.874598 30.161331 1
124.645255 231.372654 29.790681 1
125.172282 224.986345 32.467857 1
126.707327 206.385275 40.265527 1
123.551741 211.112061 45.597739 1
117.219160 220.597692 56.298331 1
117.219160 220.597692 56.298331 1
100.830729 186.722865 34.532155 1
99.238090 168.525159 36.138990 1
97.265855 145.990144 38.128804 1
95.363344 123.496287 35.052633 1
93.779820 104.773885 32.492228 1
90.811384 98.059145 46.541661 1
90.327313 97.175201 54.203507 1
114.655504 186.840560 34.821329 1
115.258605 168.535958 35.746738 1
116.005444 145.868792 36.892701 1
115.289495 123.076451 33.944299 1
114.705604 104.488225 31.539736 1
115.118173 97.715557 45.866169 1
114.400981 96.858010 53.512781 1
107.766200 188.179100 35.459200 1
107.702153 195.968569 34.850651 1
107.693049 205.973217 33.221677 1
107.781114 215.585234 31.830917 1
108.265088 240.514102 30.590023 1
108.717103 247.601458 33.104742 1
107.809263 265.917439 27.410495 1
103.890790 226.047056 30.256080 1
90.539683 229.140619 29.059052 1
90.460905 223.255208 32.744931 1
90.231451 206.113077 43.480599 1
95.312150 211.584608 45.712539 1
105.508010 222.564785 50.191557 1
105.508010 222.564785 50.191557 1
112.068493 225.887140 30.232931 1
124.655322 231.428824 29.891553 1
125.157818 225.023131 32.526809 1
126.621413 206.365605 40.202383 1
123.976914 211.081866 45.814533 1
118.669972 220.546375 57.076899 1
118.669972 220.546375 57.076899 1
100.889840 186.709663 34.410094 1
99.262417 168.520521 36.077882 1
97.247108 145.996111 38.143177 1
95.328965 123.504769 35.058334 1
93.732430 104.784461 32.490710 1
90.746487 98.063047 46.533240 1
90.244351 97.178926 54.193902 1
114.713414 186.849371 34.743500 1
115.264902 168.546129 35.726244 1
115.947828 145.880648 36.943205 1
115.261293 123.097603 33.916990 1
114.701391 104.516958 31.448967 1
115.018841 97.801284 45.804623 1
114.241828 96.971002 53.448399 1
107.803300 188.152400 35.397300 1
107.729887 195.944702 34.827295 1
107.716965 205.956658 33.243891 1
107.808305 215.573587 31.887726 1
108.310087 240.505285 30.712492 1
108.701493 247.618915 33.162352 1
107.683628 265.887542 27.336117 1
103.930035 226.041373 30.322820 1
90.589764 229.159441 29.069885 1
90.500108 223.312184 32.815750 1
90.238974 206.281180 43.726139 1
95.005439 212.086276 45.803252 1
104.570698 223.735844 49.971566 1
104.570698 223.735844 49.971566 1
112.107682 225.877338 30.334499 1
124.757973 231.278481 30.104634 1
125.182834 224.850746 32.699568 1
126.420304 206.129016 40.257699 1
124.227044 210.821746 46.080123 1
119.825640 220.239033 57.764463 1
119.825640 220.239033 57.764463 1
100.933938 186.677722 34.310389 1
99.319975 168.491635 36.023946 1
97.321335 145.971008 38.145919 1
95.313778 123.491025 35.035284 1
93.642821 104.780170 32.446193 1
90.658437 98.059688 46.489500 1
90.158452 97.175547 54.150301 1
114.755667 186.836864 34.705812 1
115.285941 168.533625 35.700200 1
115.942598 145.868146 36.931581 1
115.249472 123.090988 33.862856 1
114.684195 104.515143 31.360164 1
114.912252 97.826352 45.730062 1
114.086989 97.010137 53.370295 1
107.840200 188.152000 35.311500 1
107.763148 195.944850 34.749519 1
107.749490 205.959768 33.184966 1
107.842343 215.581658 31.864566 1
108.349950 240.519373 30.827645 1
108.728637 247.649182 33.232052 1
107.562799 265.845789 27.211414 1
103.969007 226.058426 30.348302 1
90.643488 229.230668 29.074547 1
90.600100 223.437802 32.904794 1
90.473728 206.565222 44.060954 1
95.402328 212.271996 46.029292 1
105.292958 223.724252 49.979318 1
105.292958 223.724252 49.979318 1
112.146585 225.893205 30.377976 1
124.789418 231.312855 30.174970 1
125.146320 224.872002 32.747518 1
126.185849 206.112063 40.240443 1
124.106075 210.780412 46.123791 1
119.932416 220.148771 57.930393 1
119.932416 220.148771 57.930393 1
100.975195 186.673760 34.202129 1
99.324239 168.492054 35.926898 1
97.279788 145.976852 38.062755 1
95.274205 123.490000 35.000882 1
93.604891 104.773427 32.452377 1
90.569205 98.049104 46.482844 1
90.035870 97.165034 54.141404 1
114.795544 186.841971 34.639781 1
115.293480 168.538763 35.651331 1
115.910093 145.873324 36.903964 1
115.234825 123.098147 33.816607 1
114.684112 104.523919 31.298721 1
114.835037 97.855394 45.679051 1
113.966019 97.048987 53.315473 1
107.850700 188.147800 35.228600 1
107.777388 195.941218 34.674050 1
107.768291 205.959069 33.128352 1
107.864288 215.585764 31.843683 1
108.373298 240.528817 30.945042 1
108.774296 247.682344 33.274203 1
107.460096 265.829340 27.135539 1
103.993895 226.070628 30.376668 1
90.753638 229.570186 29.071391 1
90.741074 223.821799 32.968294 1
90.704480 207.078769 44.318601 1
96.497552 211.959946 46.148121 1
108.122989 221.755410 49.819571 1
108.122989 221.755410 49.819571 1
112.171394 225.905426 30.423170 1
124.783806 231.396150 30.238562 1
125.167628 224.956737 32.810840 1
126.285569 206.200994 40.302980 1
123.667817 210.782580 46.037887 1
118.414552 219.976827 57.546601 1
118.414552 219.976827 57.546601 1
100.987351 186.672989 34.104519 1
99.327527 168.494083 35.850167 1
97.272095 145.982349 38.011881 1
95.256792 123.492049 34.981878 1
93.579388 104.772607 32.459900 1
90.526009 98.048270 46.486520 1
89.982899 97.164239 54.144397 1
114.806884 186.836044 34.569059 1
115.297603 168.533297 35.592402 1
115.905277 145.868428 36.859638 1
115.208235 123.092325 33.783978 1
114.639764 104.517340 31.275631 1
114.776998 97.840582 45.652278 1
113.899798 97.029487 53.287268 1
107.842700 188.151100 35.155600 1
107.767368 195.944946 34.607365 1
107.760252 205.963958 33.069203 1
107.861010 215.591729 31.792988 1
108.384405 240.535371 30.919327 1
108.799380 247.690660 33.240617 1
107.371937 265.809944 27.045642 1
103.999718 226.079824 30.325089 1
90.883122 229.999436 28.966187 1
91.066719 224.333660 32.978076 1
91.601473 207.831250 44.663295 1
98.288485 211.460780 46.349441 1
111.707868 218.744460 49.733172 1
111.707868 218.744460 49.733172 1
112.176976 225.910662 30.394238 1
124.752288 231.485999 30.214807 1
125.144403 225.146862 33.023998 1
126.286497 206.683186 41.206184 1
122.928180 211.237756 46.564385 1
116.188762 220.377787 57.317130 1
116.188762 220.377787 57.317130 1
100.982463 186.674380 34.015147 1
99.326236 168.499070 35.801187 1
97.275258 145.991789 38.012919 1
95.262421 123.500086 34.991699 1
93.587070 104.779477 32.477031 1
90.505342 98.056755 46.498225 1
89.948534 97.172886 54.155137 1
114.800868 186.842775 34.510325 1
115.295543 168.541069 35.550241 1
115.908117 145.877489 36.838001 1
115.197571 123.100295 33.773526 1
114.618087 104.524422 31.274301 1
114.716912 97.832873 45.644385 1
113.823400 97.015338 53.276796 1
107.826500 188.147300 35.064200 1
107.750847 195.940996 34.513892 1
107.744856 205.961348 32.984472 1
107.854598 215.592677 31.736151 1
108.425245 240.539276 30.985105 1
108.835526 247.737602 33.170171 1
107.260746 265.866731 27.040038 1
104.011449 226.095390 30.326307 1
90.826821 229.815609 29.069084 1
91.404603 224.191286 33.101841 1
93.087479 207.809612 44.847842 1
99.659961 211.648838 46.519832 1
112.849502 219.353333 49.875155 1
112.849502 219.353333 49.875155 1
112.188461 225.910009 30.381626 1
124.831434 231.332918 30.429961 1
125.126722 224.964047 33.183186 1
125.986793 206.413766 41.202364 1
122.191681 210.979948 46.250119 1
114.575711 220.143282 56.379866 1
114.575711 220.143282 56.379866 1
100.963605 186.671036 33.939253 1
99.320160 168.498656 35.766441 1
97.285011 145.995003 38.029127 1
95.270144 123.504053 35.003663 1
93.593103 104.784069 32.485463 1
90.546330 98.063791 46.515464 1
90.010623 97.180442 54.173942 1
114.783084 186.837996 34.404008 1
115.281392 168.539595 35.498906 1
115.898465 145.880109 36.854752 1
115.212780 123.100731 33.800868 1
114.653571 104.523076 31.310280 1
114.785428 97.838063 45.683140 1
113.908588 97.023698 53.317823 1
107.787300 188.145200 35.016900 1
107.728357 195.939257 34.469670 1
107.734225 205.964849 32.974984 1
107.843890 215.607780 31.819688 1
108.390838 240.563684 31.464490 1
108.843314 247.836965 33.375875 1
107.146248 265.824611 26.872925 1
103.988218 226.128074 30.586136 1
90.769200 229.757299 29.427972 1
91.028753 223.836809 33.048800 1
91.784739 206.592505 43.595000 1
97.976267 210.915260 45.521526 1
110.401317 219.590091 49.387646 1
110.401317 219.590091 49.387646 1
112.165497 225.949330 30.619482 1
124.811663 231.364987 30.606012 1
125.344642 224.902701 33.092930 1
126.897021 206.080336 40.336447 1
122.754031 210.352648 45.367918 1
114.439945 218.926248 55.464987 1
114.439945 218.926248 55.464987 1
100.916087 186.686116 33.920682 1
99.309276 168.509843 35.741723 1
97.319493 146.001370 37.996797 1
95.315171 123.508422 34.979190 1
93.646906 104.786776 32.467528 1
90.689367 98.065566 46.516165 1
90.203075 97.181413 54.177846 1
114.737787 186.819144 34.326614 1
115.246215 168.525172 35.488785 1
115.875820 145.871168 36.927937 1
115.171239 123.093516 33.865493 1
114.596621 104.517268 31.367924 1
114.829380 97.829127 45.738049 1
114.003074 97.012030 53.378075 1
107.760600 188.148400 34.978900 1
107.716344 195.945325 34.472672 1
107.737845 205.976953 33.019201 1
107.863222 215.621941 31.882830 1
108.451637 240.576841 31.523344 1
108.780303 247.818687 33.574295 1
107.100677 265.616045 26.563115 1
104.025049 226.148414 30.647418 1
90.781520 229.674860 29.452359 1
90.850312 223.682425 32.961770 1
91.050677 206.228572 43.183448 1
96.980481 210.879709 45.167653 1
108.880309 220.213532 49.149523 1
108.880309 220.213532 49.149523 1
112.202019 225.956091 30.680901 1
124.864817 231.332640 30.717127 1
125.388080 224.836520 33.116415 1
126.912159 205.915607 40.104697 1
123.124570 210.083102 45.491613 1
115.523697 218.446357 56.301985 1
115.523697 218.446357 56.301985 1
100.882921 186.709435 33.896721 1
99.308357 168.527820 35.692415 1
97.358506 146.012730 37.916101 1
95.356361 123.515520 34.928969 1
93.689909 104.790327 32.442674 1
90.813155 98.070904 46.508930 1
90.373142 97.186816 54.173415 1
114.706078 186.811469 34.259776 1
115.235317 168.523866 35.509601 1
115.890692 145.877750 37.057297 1
115.237686 123.099719 33.986247 1
114.705129 104.523163 31.481661 1
114.992552 97.844200 45.855065 1
114.195550 97.032066 53.498732 1
107.754200 188.143300 34.919300 1
107.719840 195.942247 34.444422 1
107.754609 205.978997 33.027015 1
107.894481 215.627070 31.918870 1
108.523007 240.581741 31.615802 1
108.723108 247.852016 33.580950 1
107.025564 265.600549 26.451316 1
104.074133 226.162401 30.703887 1
90.854139 229.764572 29.474595 1
90.837645 223.791348 33.017234 1
90.789603 206.393449 43.335695 1
96.155622 211.748335 45.142283 1
106.924055 222.494430 48.767712 1
106.924055 222.494430 48.767712 1
112.250755 225.956942 30.743687 1
124.899592 231.365318 30.850699 1
125.367309 224.854891 33.222524 1
126.729603 205.892309 40.130815 1
123.801887 210.154479 45.961348 1
117.926592 218.707726 57.661960 1
117.926592 218.707726 57.661960 1
100.874461 186.717512 33.832783 1
99.311398 168.534375 35.623114 1
97.375789 146.017402 37.840159 1
95.363311 123.516553 34.887582 1
93.688258 104.788331 32.430048 1
90.848054 98.069066 46.503805 1
90.428082 97.185012 54.169418 1
114.697811 186.800370 34.193358 1
115.239755 168.516533 35.491898 1
115.910863 145.875082 37.099919 1
115.259996 123.098773 34.015675 1
114.729183 104.523621 31.500327 1
115.040146 97.849250 45.875374 1
114.255762 97.039592 53.520609 1
107.758400 188.142900 34.881300 1
107.711206 195.942917 34.425482 1
107.734600 205.982832 33.030427 1
107.865877 215.632627 31.936322 1
108.470738 240.588082 31.650175 1
108.651083 247.873668 33.559748 1
106.883281 265.621140 26.444559 1
104.039721 226.164872 30.712888 1
90.837901 229.816619 29.435492 1
90.776707 223.872927 33.026975 1
90.598469 206.561044 43.487700 1
95.663650 212.225609 45.216678 1
105.828366 223.593163 48.686362 1
105.828366 223.593163 48.686362 1
112.216332 225.967503 30.783794 1
124.889590 231.315307 30.994926 1
125.301781 224.837414 33.464131 1
126.502349 205.969592 40.656054 1
124.359152 210.487343 46.633457 1
120.058217 219.553486 58.628809 1
120.058217 219.553486 58.628809 1
100.885680 186.706901 33.764240 1
99.309259 168.527004 35.575643 1
97.357108 146.014044 37.818784 1
95.332250 123.512624 34.879050 1
93.646892 104.783927 32.432206 1
90.763207 98.061748 46.495726 1
90.315627 97.177695 54.159777 1
114.707327 186.814787 34.179359 1
115.239163 168.527999 35.439952 1
115.897755 145.882892 37.000983 1
115.229890 123.106216 33.923090 1
114.685214 104.530764 31.412922 1
114.923600 97.862645 45.792257 1
114.100739 97.056348 53.433802 1
107.770100 188.129100 34.871700 1
107.718591 195.928729 34.409748 1
107.745256 205.968372 33.012802 1
107.883712 215.619091 31.927763 1
108.509713 240.574559 31.692776 1
108.680276 247.881822 33.518583 1
106.824197 265.596170 26.343584 1
104.071294 226.156772 30.708259 1
90.871241 229.797186 29.381224 1
90.788286 223.915517 33.072979 1
90.546670 206.784283 43.825760 1
95.543729 212.531082 45.479973 1
105.571741 224.063661 48.799619 1
105.571741 224.063661 48.799619 1
112.247361 225.952675 30.814187 1
124.913438 231.317785 31.017016 1
125.223357 224.880900 33.605535 1
126.126042 206.132519 41.144979 1
124.569641 210.944430 47.074216 1
121.446276 220.600888 58.972908 1
121.446276 220.600888 58.972908 1
100.905639 186.685983 33.713779 1
99.334690 168.509495 35.563722 1
97.389314 146.000753 37.854587 1
95.317748 123.507144 34.887751 1
93.593514 104.784947 32.418349 1
90.658634 98.063135 46.471449 1
90.183796 97.179019 54.133853 1
114.724389 186.806821 34.213194 1
115.234932 168.520315 35.486627 1
115.867156 145.875559 37.063558 1
115.237743 123.103701 33.942215 1
114.724426 104.532179 31.396611 1
114.849266 97.871252 45.780712 1
113.966051 97.068758 53.415918 1
107.772600 188.123500 34.885600 1
107.719950 195.922412 34.411826 1
107.744444 205.960510 33.003777 1
107.870638 215.611604 31.920581 1
108.431620 240.568939 31.722644 1
108.608042 247.887115 33.503636 1
106.754180 265.573323 26.258983 1
104.035298 226.140884 30.700393 1
90.903962 230.001308 29.314679 1
90.853015 224.185101 33.109295 1
90.704623 207.244537 44.161675 1
96.133342 212.607944 45.741419 1
107.027601 223.371141 48.911621 1
107.027601 223.371141 48.911621 1
112.211386 225.958203 30.838805 1
124.900573 231.268248 31.046158 1
125.195375 224.869280 33.728745 1
126.054030 206.231340 41.542177 1
124.520397 211.279621 47.277641 1
121.442722 221.410425 58.787470 1
121.442722 221.410425 58.787470 1
100.915804 186.675214 33.689350 1
99.310260 168.498780 35.509896 1
97.322044 145.990107 37.764357 1
95.267816 123.483475 34.885528 1
93.558012 104.750440 32.489377 1
90.515966 98.027817 46.519281 1
89.981231 97.143838 54.177753 1
114.731307 186.803760 34.270073 1
115.252153 168.510118 35.431952 1
115.897134 145.856524 36.870741 1
115.233492 123.075766 33.822286 1
114.692261 104.496986 31.336127 1
114.750703 97.820161 45.713279 1
113.834662 97.010068 53.343812 1
107.743800 188.126400 34.883500 1
107.691182 195.925290 34.409364 1
107.717129 205.962787 32.997061 1
107.841692 215.612040 31.897404 1
108.387230 240.569014 31.624794 1
108.564600 247.879486 33.437053 1
106.596208 265.557236 26.201974 1
104.001745 226.135131 30.638908 1
90.978743 230.330763 29.206036 1
91.098976 224.575283 33.090616 1
91.449171 207.811596 44.405031 1
97.461997 212.516284 45.968537 1
109.528431 221.957574 49.106155 1
109.528431 221.957574 49.106155 1
112.177704 225.958079 30.791548 1
124.844893 231.319940 31.010203 1
125.105290 224.975440 33.822583 1
125.863732 206.496143 42.014054 1
123.678547 211.676870 47.410140 1
119.293349 222.073464 58.238913 1
119.293349 222.073464 58.238913 1
100.890568 186.676960 33.668379 1
99.268693 168.505523 35.523997 1
97.260254 146.003038 37.821890 1
95.220645 123.498017 34.920167 1
93.523008 104.766322 32.504961 1
90.445103 98.040134 46.525332 1
89.885843 97.156202 54.182058 1
114.704394 186.807781 34.287210 1
115.205926 168.515457 35.477976 1
115.826991 145.863495 36.952538 1
115.194811 123.088665 33.853524 1
114.679239 104.514719 31.326130 1
114.687491 97.826568 45.698133 1
113.742114 97.009528 53.324347 1
107.717400 188.135800 34.886500 1
107.653607 195.933579 34.395754 1
107.671298 205.967429 32.957648 1
107.801859 215.612664 31.823956 1
108.400708 240.566936 31.439055 1
108.500884 247.884276 33.229377 1
106.463553 265.638441 26.203518 1
103.983114 226.138266 30.522674 1
90.945823 230.293722 29.102719 1
91.492848 224.636569 33.093628 1
93.086139 208.159273 44.717741 1
99.381668 212.444905 46.370739 1
112.015424 221.045240 49.687947 1
112.015424 221.045240 49.687947 1
112.158841 225.944292 30.666967 1
124.858461 231.224528 30.973243 1
124.997582 224.922181 33.887181 1
125.402795 206.565661 42.374455 1
122.366910 211.737720 47.350994 1
116.274544 222.116917 57.337825 1
116.274544 222.116917 57.337825 1
100.865088 186.674332 33.680627 1
99.236609 168.502223 35.523833 1
97.219993 145.998905 37.806357 1
95.207763 123.490072 34.915109 1
93.532917 104.755204 32.508622 1
90.439885 98.027222 46.524802 1
89.870390 97.143102 54.180752 1
114.679270 186.825494 34.286784 1
115.200419 168.528662 35.397163 1
115.845776 145.871119 36.772179 1
115.164547 123.087378 33.750003 1
114.608973 104.506166 31.285275 1
114.642238 97.809545 45.653297 1
113.710925 96.988282 53.280788 1
107.671800 188.133300 34.880100 1
107.615679 195.928981 34.356191 1
107.636424 205.960524 32.902121 1
107.766248 215.610128 31.806160 1
108.362049 240.566994 31.656563 1
108.437482 247.942932 33.189071 1
106.331773 265.693022 26.173082 1
103.942101 226.147252 30.618995 1
90.806580 230.025064 29.324510 1
91.295596 224.147599 32.991422 1
92.719928 207.028614 43.671847 1
98.871847 211.384706 45.649489 1
111.217413 220.126439 49.618188 1
111.217413 220.126439 49.618188 1
112.118311 225.952735 30.731699 1
124.830239 231.201467 31.067488 1
125.182179 224.749364 33.612379 1
126.207256 205.956658 41.024753 1
122.400971 210.637323 45.957935 1
114.762577 220.030399 55.857759 1
114.762577 220.030399 55.857759 1
100.811819 186.675660 33.713847 1
99.200246 168.501240 35.549109 1
97.204565 145.995060 37.821795 1
95.214480 123.487326 34.906759 1
93.558065 104.753373 32.480472 1
90.528287 98.023375 46.509495 1
89.990742 97.139194 54.167748 1
114.628971 186.811308 34.252170 1
115.146884 168.519782 35.448177 1
115.788233 145.868809 36.929229 1
115.185130 123.088360 33.865921 1
114.693272 104.509832 31.367649 1
114.778846 97.816118 45.736809 1
113.874149 96.995996 53.367625 1
107.617900 188.136500 34.814900 1
107.575840 195.934432 34.324229 1
107.606899 205.970991 32.905388 1
107.737264 215.622786 31.828951 1
108.307748 240.580324 31.693444 1
108.336102 247.926833 33.362798 1
106.204201 265.505950 25.936263 1
103.903373 226.156654 30.644321 1
90.746891 229.951222 29.316428 1
90.992288 223.953668 32.809148 1
91.707042 206.484902 42.982211 1
97.641549 211.074281 45.092177 1
109.550814 220.284168 49.326420 1
109.550814 220.284168 49.326420 1
112.079679 225.970407 30.763768 1
124.792439 231.221117 31.029895 1
125.275717 224.743967 33.488134 1
126.683334 205.878309 40.648120 1
122.805036 210.187655 45.855909 1
115.022130 218.835574 56.306809 1
115.022130 218.835574 56.306809 1
100.750553 186.697838 33.668607 1
99.173574 168.518545 35.485569 1
97.220732 146.006331 37.735592 1
95.242403 123.495080 34.839777 1
93.595774 104.758199 32.429488 1
90.650592 98.030032 46.477391 1
90.161833 97.145796 54.138906 1
114.569900 186.802975 34.154897 1
115.108176 168.515822 35.407450 1
115.774743 145.870265 36.958525 1
115.190333 123.089250 33.895803 1
114.713718 104.510260 31.398008 1
114.871367 97.816810 45.766682 1
114.005047 96.996861 53.401968 1
107.571700 188.140500 34.780400 1
107.547082 195.940498 34.322485 1
107.596330 205.980186 32.926474 1
107.742763 215.630061 31.834994 1
108.356285 240.585485 31.565054 1
108.190571 247.886575 33.415830 1
106.001906 265.418227 25.894213 1
103.923502 226.164216 30.606480 1
90.726238 229.815019 29.280241 1
90.732989 223.815036 32.777400 1
90.752653 206.339195 42.963392 1
96.447773 211.287384 44.916274 1
107.876643 221.217326 48.835283 1
107.876643 221.217326 48.835283 1
112.099808 225.964229 30.701160 1
124.800626 231.241095 31.015728 1
125.283054 224.746630 33.428020 1
126.688196 205.830539 40.454179 1
123.369879 210.162773 46.017742 1
116.710731 218.856623 57.182605 1
116.710731 218.856623 57.182605 1
100.697200 186.723320 33.650337 1
99.147627 168.538865 35.439004 1
97.228722 146.020259 37.653989 1
95.262967 123.503920 34.789330 1
93.626803 104.762805 32.404974 1
90.753084 98.036292 46.468461 1
90.305026 97.152259 54.132487 1
114.518260 186.792889 34.092325 1
115.074749 168.510985 35.411747 1
115.763869 145.871926 37.045627 1
115.194899 123.092704 33.966708 1
114.730877 104.515176 31.455702 1
114.957313 97.825834 45.825369 1
114.127588 97.008078 53.464954 1
107.562000 188.140400 34.755000 1
107.529886 195.941686 34.320058 1
107.571658 205.984240 32.944572 1
107.713123 215.634447 31.855374 1
108.317707 240.589634 31.546185 1
108.119405 247.898396 33.363165 1
105.811963 265.487081 26.012134 1
103.890901 226.165232 30.607329 1
90.734691 229.949201 29.246893 1
90.704098 223.953721 32.751639 1
90.614990 206.490995 42.959730 1
95.949022 211.874812 44.775038 1
106.653264 222.678965 48.417967 1
106.653264 222.678965 48.417967 1
112.067209 225.968397 30.708271 1
124.748919 231.288887 31.057083 1
125.163984 224.810245 33.523838 1
126.372924 205.940240 40.708630 1
123.818363 210.554831 46.445570 1
118.691908 219.815313 57.958362 1
118.691908 219.815313 57.958362 1
100.689273 186.719821 33.618439 1
99.131052 168.536391 35.410014 1
97.201439 146.019055 37.628601 1
95.239455 123.499485 34.786848 1
93.606430 104.755681 32.421557 1
90.729318 98.027670 46.483634 1
90.277580 97.143556 54.147434 1
114.510109 186.801629 34.065310 1
115.063595 168.518749 35.372422 1
115.748996 145.878483 36.991059 1
115.182531 123.097475 33.924911 1
114.720553 104.518492 31.424321 1
114.923324 97.843039 45.800799 1
114.081335 97.032775 53.439840 1
107.551000 188.148000 34.782500 1
107.517033 195.949087 34.344143 1
107.559033 205.990529 32.960569 1
107.698939 215.639036 31.856219 1
108.289450 240.593767 31.488555 1
108.050520 247.899998 33.310822 1
105.666507 265.534587 26.095454 1
103.873939 226.164468 30.572040 1
90.699736 229.869212 29.168371 1
90.658811 223.950131 32.800557 1
90.539611 206.709930 43.379834 1
95.551624 212.425467 45.095957 1
105.609644 223.895311 48.539844 1
105.609644 223.895311 48.539844 1
112.050047 225.972827 30.696450 1
124.732908 231.291800 31.026040 1
125.059503 224.845769 33.589629 1
126.010761 206.070749 41.056461 1
124.100246 210.975247 46.803508 1
120.266251 220.817507 58.336584 1
120.266251 220.817507 58.336584 1
100.683873 186.723662 33.617159 1
99.120364 168.539737 35.399064 1
97.184202 146.021786 37.605675 1
95.230835 123.498418 34.788185 1
93.604982 104.751453 32.443089 1
90.680039 98.020418 46.493846 1
90.198264 97.136241 54.155810 1
114.502631 186.812260 34.123090 1
115.055348 168.526377 35.387839 1
115.739797 145.882393 36.954016 1
115.180803 123.101725 33.883975 1
114.724918 104.523018 31.380210 1
114.867229 97.848947 45.758055 1
113.993354 97.039497 53.393601 1
107.564900 188.122800 34.817700 1
107.518204 195.922253 34.352285 1
107.546529 205.959179 32.935974 1
107.673572 215.604626 31.803698 1
108.230066 240.559124 31.372609 1
107.998541 247.858734 33.222160 1
105.566966 265.521918 26.093126 1
103.835247 226.121450 30.489118 1
90.660741 229.818356 29.067741 1
90.679004 223.980488 32.829247 1
90.732200 206.976831 43.785190 1
95.873850 212.575666 45.502515 1
106.192024 223.811312 48.948812 1
106.192024 223.811312 48.948812 1
112.011496 225.941401 30.621350 1
124.706616 231.231956 30.936018 1
125.011792 224.797909 33.532145 1
125.900662 206.057795 41.093750 1
123.873757 211.034765 46.737698 1
119.806194 221.022461 58.063876 1
119.806194 221.022461 58.063876 1
100.704591 186.681791 33.632859 1
99.154406 168.510078 35.546148 1
97.234744 146.007250 37.915457 1
95.114558 123.517603 34.952932 1
93.349856 104.798704 32.487118 1
90.385594 98.084474 46.537675 1
89.903914 97.200760 54.199698 1
114.521272 186.797618 34.187645 1
115.050447 168.509011 35.422725 1
115.705742 145.861653 36.952162 1
115.151833 123.087109 33.836113 1
114.700094 104.513396 31.294826 1
114.763614 97.827585 45.667780 1
113.847513 97.011766 53.297696 1
107.549600 188.121000 34.853600 1
107.497500 195.919757 34.377213 1
107.520997 205.953490 32.938378 1
107.641315 215.594913 31.771615 1
108.173161 240.547529 31.217902 1
107.941293 247.831396 33.128469 1
105.486182 265.543008 26.128826 1
103.793560 226.101258 30.401961 1
90.690473 230.029320 28.940971 1
90.823012 224.246108 32.783738 1
91.209051 207.401645 43.976366 1
97.082508 212.192103 45.789303 1
108.869260 221.805512 49.427474 1
108.869260 221.805512 49.427474 1
111.969871 225.930092 30.541925 1
124.652404 231.250369 30.862956 1
124.953225 224.814267 33.454495 1
125.829413 206.068168 41.002733 1
122.981112 210.883520 46.427886 1
117.265184 220.546885 57.314989 1
117.265184 220.546885 57.314989 1
100.693223 186.672631 33.655055 1
99.135728 168.504142 35.592876 1
97.207013 146.005308 37.992563 1
95.062916 123.521426 35.003611 1
93.278312 104.807325 32.515801 1
90.280506 98.094396 46.559862 1
89.782013 97.210786 54.220822 1
114.508495 186.800736 34.241329 1
115.041515 168.509733 35.438684 1
115.701572 145.859406 36.921404 1
115.140761 123.084604 33.808477 1
114.683394 104.510681 31.269738 1
114.721224 97.816641 45.638952 1
113.791654 96.996512 53.266776 1
107.537800 188.128400 34.898700 1
107.479623 195.925676 34.399334 1
107.497907 205.954201 32.924560 1
107.619186 215.589374 31.707359 1
108.170664 240.537157 30.981744 1
107.904801 247.796194 32.980353 1
105.361656 265.598810 26.248113 1
103.778381 226.089223 30.270058 1
90.721081 230.165669 28.805633 1
91.199801 224.511193 32.809093 1
92.594146 208.041693 44.469763 1
98.989885 212.087322 46.329905 1
111.824743 220.206024 50.062807 1
111.824743 220.206024 50.062807 1
111.954707 225.912313 30.401745 1
124.630295 231.249724 30.712508 1
124.845793 224.901566 33.520430 1
125.473461 206.411616 41.698917 1
121.807344 211.085507 46.743424 1
114.450239 220.464989 56.866653 1
114.450239 220.464989 56.866653 1
100.681603 186.671481 33.709522 1
99.129615 168.502136 35.643723 1
97.207720 146.002241 38.038929 1
95.079357 123.520044 35.026142 1
93.307848 104.807347 32.518493 1
90.305973 98.093741 46.561361 1
89.804828 97.209938 54.222125 1
114.497208 186.811428 34.285168 1
115.044882 168.518751 35.449893 1
115.723087 145.866351 36.892206 1
115.168703 123.088210 33.802642 1
114.716577 104.511565 31.282956 1
114.770510 97.812680 45.649861 1
113.848897 96.989774 53.278352 1
107.479000 188.130500 34.912000 1
107.425613 195.924257 34.359942 1
107.449295 205.945767 32.838305 1
107.583188 215.580216 31.616705 1
108.201248 240.528985 30.984694 1
107.868450 247.825011 32.832934 1
105.199780 265.719618 26.399813 1
103.762587 226.096516 30.247437 1
90.594578 229.860794 28.947897 1
91.325853 224.223928 32.938002 1
93.455798 207.805719 44.559774 1
99.729526 211.948630 46.611442 1
112.319535 220.262555 50.728695 1
112.319535 220.262555 50.728695 1
111.939093 225.895822 30.321012 1
124.639095 231.170207 30.702926 1
124.815263 224.785789 33.430222 1
125.328378 206.190226 41.373873 1
121.292611 210.742409 46.244492 1
113.193697 219.877650 56.018767 1
113.193697 219.877650 56.018767 1
100.615658 186.672149 33.766602 1
99.070121 168.500429 35.683581 1
97.156216 145.997592 38.057459 1
95.052913 123.516477 35.019114 1
93.302262 104.804680 32.490192 1
90.338622 98.090492 46.540901 1
89.857706 97.206627 54.202955 1
114.434062 186.802682 34.273095 1
114.985371 168.514188 35.500133 1
115.668076 145.866969 37.019611 1
115.162115 123.089429 33.917336 1
114.749479 104.513273 31.387283 1
114.865917 97.820496 45.756663 1
113.977628 97.000877 53.389460 1
107.431700 188.136000 34.913000 1
107.384552 195.929736 34.360078 1
107.405453 205.953682 32.854530 1
107.524777 215.594414 31.681965 1
108.078845 240.549197 31.264499 1
107.847315 247.881516 32.979795 1
105.048928 265.692085 26.370979 1
103.675134 226.112439 30.410814 1
90.496185 229.861517 29.180058 1
91.011292 223.953676 32.794204 1
92.511618 206.746215 43.320939 1
98.423556 211.328210 45.508869 1
110.287530 220.523280 49.899569 1
110.287530 220.523280 49.899569 1
111.852244 225.931830 30.467345 1
124.588397 231.128225 30.674559 1
124.938833 224.731810 33.356544 1
125.959531 206.101306 41.168223 1
121.924931 210.559164 46.126270 1
113.828362 219.505115 56.075992 1
113.828362 219.505115 56.075992 1
100.561545 186.685218 33.799270 1
99.046638 168.503906 35.648558 1
97.170663 145.989192 37.938613 1
95.095026 123.498046 34.955989 1
93.367403 104.777900 32.473445 1
90.464491 98.064923 46.537404 1
90.018195 97.181099 54.201557 1
114.382264 186.800265 34.242425 1
114.978781 168.509560 35.414110 1
115.717469 145.859603 36.865044 1
115.165256 123.068853 33.869505 1
114.714900 104.481925 31.426500 1
114.946272 97.784671 45.792403 1
114.119013 96.962653 53.431797 1
107.376800 188.140800 34.855200 1
107.355716 195.937969 34.351236 1
107.401265 205.968139 32.888290 1
107.537107 215.608916 31.717899 1
108.122979 240.561216 31.206060 1
107.769356 247.815669 33.207714 1
104.970153 265.499947 26.268368 1
103.695915 226.127456 30.425612 1
90.462308 229.687073 29.219041 1
90.702759 223.739413 32.796400 1
91.403108 206.415975 43.215990 1
97.086805 211.310398 45.330919 1
108.492752 221.132443 49.575123 1
108.492752 221.132443 49.575123 1
111.872947 225.935870 30.445515 1
124.570504 231.226477 30.636771 1
124.934104 224.820634 33.294392 1
125.993143 206.162670 41.035106 1
122.608421 210.815276 46.291497 1
115.816016 220.152042 56.839931 1
115.816016 220.152042 56.839931 1
100.494853 186.722604 33.772743 1
99.027604 168.535225 35.600670 1
97.210645 146.012997 37.864273 1
95.147335 123.521352 34.876863 1
93.429973 104.800790 32.390337 1
90.675852 98.088705 46.484614 1
90.308823 97.206083 54.153110 1
114.318259 186.783434 34.135547 1
114.930414 168.503825 35.462104 1
115.688467 145.867609 37.104820 1
115.183654 123.085734 34.034351 1
114.771956 104.506043 31.530238 1
115.105812 97.796933 45.888591 1
114.332931 96.968555 53.532992 1
107.356300 188.142200 34.855200 1
107.335085 195.940951 34.376345 1
107.380979 205.975355 32.942739 1
107.522421 215.618823 31.795406 1
108.141461 240.571227 31.329758 1
107.716542 247.832763 33.291460 1
104.848045 265.516749 26.379718 1
103.692285 226.145115 30.533789 1
90.447066 229.669879 29.352583 1
90.510043 223.675732 32.859176 1
90.693474 206.216889 43.072649 1
95.884272 211.682666 45.050935 1
106.301076 222.651295 49.020926 1
106.301076 222.651295 49.020926 1
111.869067 225.942206 30.530937 1
124.548322 231.276993 30.708733 1
124.905953 224.838060 33.285983 1
125.947607 206.083716 40.792606 1
123.388931 210.874138 46.381680 1
118.254218 220.487473 57.597739 1
118.254218 220.487473 57.597739 1
100.471648 186.728364 33.784304 1
99.004163 168.537357 35.575581 1
97.186914 146.010638 37.793799 1
95.144749 123.512739 34.839125 1
93.444987 104.786973 32.379845 1
90.720930 98.070833 46.478032 1
90.368163 97.186859 54.147042 1
114.295873 186.786272 34.114943 1
114.922548 168.506453 35.431786 1
115.698581 145.869977 37.062472 1
115.183485 123.085876 34.010281 1
114.763399 104.504370 31.521075 1
115.138288 97.809865 45.885230 1
114.387469 96.989337 53.532676 1
107.362900 188.144000 34.872000 1
107.333134 195.943864 34.412103 1
107.371749 205.981550 33.001443 1
107.509993 215.627462 31.874445 1
108.126604 240.580778 31.456915 1
107.736139 247.859825 33.360005 1
104.831732 265.552971 26.486812 1
103.680981 226.155604 30.624912 1
90.444309 229.703385 29.417094 1
90.454665 223.705375 32.917628 1
90.484827 206.235284 43.113453 1
95.215142 212.126486 45.024101 1
104.707856 223.948852 48.858356 1
104.707856 223.948852 48.858356 1
111.857779 225.953772 30.638106 1
124.523268 231.321300 30.811535 1
124.774857 224.865725 33.359519 1
125.507645 206.062908 40.780901 1
123.744044 211.010885 46.537632 1
120.204873 220.940398 58.090142 1
120.204873 220.940398 58.090142 1
100.481725 186.724560 33.786267 1
99.032604 168.534904 35.605986 1
97.238095 146.009857 37.859424 1
95.159877 123.522459 34.850450 1
93.430107 104.805433 32.345975 1
90.721955 98.087882 46.446554 1
90.375929 97.203919 54.115872 1
114.305306 186.798166 34.139933 1
114.913248 168.518628 35.469401 1
115.666085 145.882500 37.115721 1
115.175927 123.105283 34.008538 1
114.776180 104.529391 31.474483 1
115.093417 97.840208 45.842506 1
114.311854 97.022492 53.487173 1
107.378600 188.124200 34.911900 1
107.339646 195.923311 34.440072 1
107.370391 205.960217 33.023677 1
107.506363 215.607387 31.907220 1
108.130062 240.561577 31.558110 1
107.789289 247.854835 33.415799 1
104.860665 265.527045 26.499157 1
103.681078 226.139945 30.683759 1
90.442971 229.682226 29.475529 1
90.513805 223.721233 33.038045 1
90.720120 206.358960 43.414401 1
95.228351 212.445338 45.248676 1
104.275390 224.659380 48.929670 1
104.275390 224.659380 48.929670 1
111.857811 225.935833 30.702001 1
124.532140 231.283870 30.824144 1
124.664943 224.832763 33.392324 1
125.051753 206.042958 40.872530 1
123.705274 211.076952 46.667236 1
121.003176 221.179082 58.295954 1
121.003176 221.179082 58.295954 1
100.502356 186.693863 33.809358 1
99.043104 168.505714 35.636036 1
97.236047 145.982535 37.898091 1
95.136101 123.500203 34.866431 1
93.388245 104.787393 32.343073 1
90.642012 98.068564 46.435676 1
90.273618 97.184577 54.103949 1
114.324797 186.786596 34.201021 1
114.912275 168.503675 35.492635 1
115.639769 145.863358 37.092081 1
115.157894 123.087936 33.970477 1
114.764903 104.513508 31.424662 1
115.012839 97.823064 45.793461 1
114.194564 97.004729 53.434218 1
107.370400 188.124200 34.928500 1
107.319170 195.922488 34.444402 1
107.339373 205.957755 33.016252 1
107.468042 215.604653 31.896584 1
108.077721 240.559359 31.559812 1
107.874544 247.855012 33.428211 1
104.915157 265.551396 26.586882 1
103.638406 226.135545 30.672396 1
90.457058 229.877509 29.445686 1
90.666607 224.029473 33.185545 1
91.276949 206.996205 44.078436 1
96.128923 212.838444 45.827524 1
105.865778 224.562552 49.337563 1
105.865778 224.562552 49.337563 1
111.815221 225.936179 30.702415 1
124.528849 231.189587 30.845271 1
124.654067 224.740701 33.419404 1
125.018780 205.957367 40.916950 1
123.349407 210.981952 46.635294 1
119.999333 221.065200 58.110770 1
119.999333 221.065200 58.110770 1
100.499968 186.680067 33.807860 1
99.017052 168.495375 35.649828 1
97.180692 145.976475 37.930818 1
95.105815 123.492301 34.895568 1
93.378825 104.777957 32.369224 1
90.567763 98.055193 46.447160 1
90.158548 97.171305 54.113374 1
114.321005 186.797705 34.240251 1
114.906928 168.511162 35.480270 1
115.632496 145.866360 37.015823 1
115.149507 123.088515 33.912131 1
114.755607 104.512109 31.380922 1
114.953190 97.814376 45.747106 1
114.107924 96.992090 53.384500 1
107.337500 188.124000 34.933500 1
107.290426 195.921608 34.438169 1
107.316380 205.954612 32.994296 1
107.452184 215.599443 31.857794 1
108.083437 240.552919 31.472975 1
107.915409 247.837644 33.386949 1
104.982219 265.583431 26.663317 1
103.632198 226.131221 30.611275 1
90.525831 230.121440 29.363732 1
90.879095 224.362837 33.229435 1
91.908026 207.590051 44.488867 1
97.891813 212.212089 46.376665 1
109.899972 221.487518 50.165066 1
109.899972 221.487518 50.165066 1
111.808822 225.924907 30.645797 1
124.531539 231.155125 30.825664 1
124.633773 224.762788 33.538144 1
124.931544 206.144161 41.438644 1
122.799417 211.188804 46.982859 1
118.520695 221.312307 58.108896 1
118.520695 221.312307 58.108896 1
100.466826 186.681729 33.811942 1
98.990615 168.494962 35.638748 1
97.162557 145.973493 37.900961 1
95.100010 123.487112 34.873659 1
93.383281 104.770933 32.353929 1
90.570713 98.047502 46.431246 1
90.160105 97.163482 54.097371 1
114.287732 186.793005 34.250189 1
114.886958 168.505703 35.472523 1
115.628999 145.859960 36.986177 1
115.142929 123.080362 33.895854 1
114.746516 104.502528 31.375550 1
114.956664 97.796851 45.737849 1
114.117974 96.970305 53.375508 1
107.332200 188.131000 34.937800 1
107.271265 195.928451 34.441499 1
107.286219 205.959479 32.983813 1
107.424008 215.599719 31.809232 1
108.089912 240.549251 31.261588 1
107.928315 247.804895 33.283533 1
105.038334 265.654967 26.822362 1
103.619732 226.128314 30.489909 1
90.559184 230.255120 29.206704 1
91.345088 224.708111 33.310729 1
93.634148 208.551628 45.264310 1
100.295686 212.208757 46.991171 1
113.663944 219.547822 50.456607 1
113.663944 219.547822 50.456607 1
111.796027 225.911056 30.533998 1
124.575714 230.990666 30.897589 1
124.488817 224.748144 33.939519 1
124.235716 206.565875 42.799590 1
121.787145 211.820165 48.008204 1
116.873390 222.364384 58.460759 1
116.873390 222.364384 58.460759 1
100.462673 186.676884 33.824544 1
98.985620 168.491963 35.668964 1
97.156520 145.972781 37.952990 1
95.113921 123.487583 34.903457 1
93.413797 104.772388 32.365224 1
90.597160 98.048036 46.441287 1
90.183090 97.164016 54.107225 1
114.283877 186.811748 34.246459 1
114.891630 168.522903 35.441187 1
115.644232 145.875250 36.920654 1
115.155580 123.090423 33.869536 1
114.757061 104.508324 31.381205 1
114.972140 97.808832 45.746317 1
114.136463 96.985710 53.384676 1
107.300000 188.133000 34.983500 1
107.234684 195.928447 34.457188 1
107.245949 205.957689 32.987228 1
107.388775 215.602465 31.851115 1
108.091706 240.554965 31.533127 1
107.969580 247.885771 33.266077 1
105.032622 265.807237 27.027557 1
103.599800 226.148416 30.630043 1
90.556502 230.344304 29.396366 1
91.569443 224.765658 33.406682 1
94.519784 208.517026 45.087319 1
101.169240 212.086749 47.030135 1
114.513253 219.250410 50.928946 1
114.513253 219.250410 50.928946 1
111.775775 225.918596 30.669544 1
124.582595 230.926591 31.070045 1
124.645427 224.548076 33.816054 1
124.828434 205.969706 41.814212 1
121.799840 211.013049 46.925477 1
115.722103 221.133942 57.182674 1
115.722103 221.133942 57.182674 1
100.428821 186.671686 33.890037 1
98.953604 168.486478 35.733088 1
97.126778 145.966939 38.015418 1
95.112134 123.482978 34.938292 1
93.435278 104.768813 32.377091 1
90.625922 98.042487 46.453667 1
90.213436 97.158352 54.119677 1
114.250806 186.814024 34.282935 1
114.860612 168.525203 35.476985 1
115.615756 145.877580 36.955614 1
115.138030 123.092948 33.901306 1
114.748422 104.511009 31.410372 1
114.989178 97.811365 45.775006 1
114.166801 96.988039 53.414787 1
107.264300 188.135800 34.988600 1
107.200684 195.932088 34.474681 1
107.205830 205.964642 33.027465 1
107.333330 215.614076 31.929733 1
107.973304 240.569680 31.754230 1
108.046348 247.896911 33.504970 1
105.026040 265.692450 26.953611 1
103.517297 226.157259 30.770580 1
90.529621 230.533204 29.576257 1
91.124445 224.632275 33.189453 1
92.856959 207.444944 43.713421 1
99.487471 210.850819 45.986974 1
112.793468 217.685673 50.549503 1
112.793468 217.685673 50.549503 1
111.693841 225.947821 30.805403 1
124.512364 230.935696 31.053622 1
125.005894 224.465400 33.527821 1
126.443372 205.619703 40.734293 1
122.650927 210.184924 45.784921 1
115.040310 219.346328 55.920435 1
115.040310 219.346328 55.920435 1
100.390182 186.678708 33.908057 1
98.923818 168.490365 35.727089 1
97.107955 145.966944 37.979674 1
95.117963 123.479386 34.912814 1
93.461626 104.762227 32.360157 1
90.682280 98.035010 46.442263 1
90.284810 97.150921 54.109072 1
114.213053 186.815397 34.270577 1
114.830999 168.526322 35.456522 1
115.596224 145.878384 36.925113 1
115.126098 123.091398 33.887234 1
114.742688 104.507539 31.409700 1
115.010328 97.808520 45.774149 1
114.202480 96.985607 53.415525 1
107.250900 188.139200 34.980000 1
107.202807 195.937523 34.496156 1
107.227569 205.975348 33.086169 1
107.374868 215.627865 32.018426 1
108.072815 240.582276 31.905517 1
108.081980 247.877237 33.787590 1
105.153953 265.573829 26.933316 1
103.580730 226.182876 30.895618 1
90.569027 230.482355 29.685194 1
90.944363 224.474413 33.148389 1
92.037583 206.975390 43.235456 1
98.729285 210.098419 45.725544 1
112.158076 216.365661 50.722610 1
112.158076 216.365661 50.722610 1
111.756822 225.954266 30.910105 1
124.512855 231.103988 31.048054 1
125.064231 224.564858 33.320881 1
126.670195 205.518675 39.940823 1
122.518667 209.783564 44.971555 1
114.187447 218.342266 55.067139 1
114.187447 218.342266 55.067139 1
100.370308 186.701270 33.915107 1
98.924812 168.507439 35.695544 1
97.134791 145.977222 37.900338 1
95.152537 123.484353 34.867598 1
93.502640 104.762773 32.343342 1
90.792712 98.036317 46.439334 1
90.434126 97.152198 54.108057 1
114.194496 186.806402 34.235477 1
114.830337 168.520600 35.461737 1
115.617720 145.876714 36.980253 1
115.141805 123.090413 33.938139 1
114.753674 104.507113 31.457151 1
115.094169 97.807261 45.819670 1
114.324842 96.983818 53.464963 1
107.281700 188.145600 34.949900 1
107.246164 195.944473 34.473900 1
107.286575 205.983732 33.074520 1
107.454288 215.637457 32.020811 1
108.228417 240.589786 31.953651 1
108.099350 247.884139 33.833677 1
105.223332 265.656233 27.154982 1
103.687234 226.206257 30.937198 1
90.649666 230.438225 29.767866 1
90.977884 224.471187 33.305762 1
91.933868 207.091307 43.610407 1
98.724254 209.963112 46.135503 1
112.351084 215.726203 51.202823 1
112.351084 215.726203 51.202823 1
111.862558 225.952555 30.911588 1
124.594696 231.156964 31.160260 1
125.044593 224.548424 33.247067 1
126.354987 205.300073 39.325201 1
122.083884 209.334746 44.444949 1
113.512704 217.431456 54.719170 1
113.512704 217.431456 54.719170 1
100.395857 186.720892 33.901297 1
98.952542 168.523657 35.648411 1
97.165222 145.989226 37.811938 1
95.175843 123.491778 34.818077 1
93.520016 104.766387 32.326180 1
90.855896 98.040210 46.431034 1
90.522513 97.156128 54.100898 1
114.220989 186.801274 34.186189 1
114.845602 168.520180 35.486201 1
115.619083 145.882124 37.096046 1
115.167671 123.100537 34.015148 1
114.799523 104.521080 31.502529 1
115.168227 97.841617 45.873845 1
114.414451 97.029212 53.521867 1
107.350900 188.149300 34.906800 1
107.307464 195.948017 34.428900 1
107.338571 205.988366 33.037128 1
107.499981 215.644870 32.008185 1
108.263902 240.597569 32.050090 1
108.215320 247.906112 33.878092 1
105.293398 265.759780 27.441269 1
103.729279 226.216747 30.968149 1
90.737412 230.590051 29.810282 1
91.119572 224.637208 33.366626 1
92.232668 207.298670 43.725003 1
99.014349 210.006140 46.447341 1
112.623709 215.439447 51.910485 1
112.623709 215.439447 51.910485 1
111.904722 225.966494 30.946684 1
124.720824 230.957682 31.247725 1
125.185498 224.334310 33.283649 1
126.538933 205.042758 39.213579 1
122.154483 208.805287 44.443559 1
113.355838 216.355864 54.938991 1
113.355838 216.355864 54.938991 1
100.467110 186.717140 33.854875 1
99.008115 168.518715 35.576385 1
97.201378 145.982810 37.708205 1
95.209774 123.476294 34.784814 1
93.552094 104.743355 32.351573 1
90.863565 98.016561 46.451500 1
90.515952 97.132527 54.120738 1
114.291996 186.812047 34.147108 1
114.922904 168.527039 35.387665 1
115.704180 145.884135 36.923886 1
115.199033 123.094607 33.910800 1
114.787061 104.508675 31.453485 1
115.160489 97.846825 45.832853 1
114.409522 97.043895 53.482152 1
107.394400 188.151200 34.806800 1
107.347792 195.950681 34.341836 1
107.376105 205.993818 32.970268 1
107.532042 215.653101 31.966879 1
108.272293 240.606241 32.090725 1
108.315221 247.892166 34.007021 1
105.400554 265.764272 27.618257 1
103.752718 226.224740 30.956136 1
90.804383 230.723608 29.791721 1
91.194816 224.744919 33.303531 1
92.332011 207.331101 43.532195 1
99.051581 209.815193 46.599667 1
112.536298 214.800228 52.755417 1
112.536298 214.800228 52.755417 1
111.928414 225.982259 30.944702 1
124.769288 230.912043 31.198179 1
125.309775 224.293648 33.231574 1
126.884025 205.016594 39.154137 1
122.364003 208.192865 44.650810 1
113.293295 214.566949 55.681439 1
113.293295 214.566949 55.681439 1
100.512663 186.717468 33.743645 1
99.033314 168.524400 35.503952 1
97.201371 145.995127 37.683818 1
95.202431 123.487918 34.770784 1
93.538646 104.754402 32.346164 1
90.837298 98.024558 46.442185 1
90.478567 97.140527 54.110912 1
114.337114 186.818570 34.053802 1
114.941614 168.536194 35.345273 1
115.690188 145.896551 36.944540 1
115.197136 123.111504 33.895774 1
114.795028 104.529226 31.409360 1
115.121032 97.867213 45.789805 1
114.344902 97.064215 53.436585 1
107.413600 188.127900 34.750300 1
107.365639 195.928243 34.300165 1
107.390774 205.972954 32.940109 1
107.540862 215.631975 31.933312 1
108.260228 240.585912 32.010740 1
108.326065 247.828963 34.082605 1
105.442411 265.754959 27.832245 1
103.751853 226.198562 30.906142 1
90.771877 230.607979 29.751883 1
91.143811 224.606482 33.226600 1
92.227125 207.126232 43.347230 1
98.900589 209.184942 46.805452 1
112.292783 213.316329 53.745355 1
112.292783 213.316329 53.745355 1
111.927739 225.962924 30.888688 1
124.784341 230.853511 31.100840 1
125.398711 224.257431 33.185124 1
127.188157 205.045369 39.255908 1
122.566064 207.208993 45.145535 1
113.290521 211.550912 56.964735 1
113.290521 211.550912 56.964735 1
100.533420 186.694555 33.676600 1
99.099609 168.503814 35.497596 1
97.324059 145.977423 37.752615 1
95.231978 123.487767 34.770247 1
93.490667 104.768860 32.287917 1
90.838423 98.043961 46.395618 1
90.513050 97.159949 54.065834 1
114.357486 186.798368 34.002643 1
114.953852 168.519961 35.352743 1
115.692353 145.885233 37.024612 1
115.186255 123.106677 33.929830 1
114.773509 104.529692 31.405888 1
115.085065 97.872796 45.789023 1
114.301337 97.072549 53.435317 1
107.435100 188.133200 34.683900 1
107.392778 195.933756 34.236906 1
107.422519 205.978416 32.876568 1
107.571621 215.636545 31.861106 1
108.272191 240.591115 31.894732 1
108.287125 247.814869 34.033869 1
105.458625 265.859016 28.106633 1
103.775720 226.198432 30.811285 1
90.746891 230.457540 29.643102 1
91.139151 224.487360 33.169155 1
92.281668 207.098327 43.439307 1
98.819027 208.457869 47.457677 1
111.938088 211.186176 55.521673 1
111.938088 211.186176 55.521673 1
111.951795 225.968911 30.802452 1
124.796566 230.889094 31.044688 1
125.448939 224.298514 33.134813 1
127.349072 205.102471 39.222612 1
122.785319 205.906020 45.488327 1
113.626852 207.518566 58.062253 1
113.626852 207.518566 58.062253 1
100.553880 186.705263 33.609656 1
99.115795 168.514394 35.426002 1
97.334952 145.987845 37.675262 1
95.233828 123.494295 34.728835 1
93.484992 104.772147 32.276420 1
90.835682 98.048551 46.385293 1
90.513706 97.164521 54.055651 1
114.378019 186.798948 33.935674 1
114.966100 168.522417 35.314493 1
115.694341 145.890012 37.021925 1
115.187530 123.111917 33.923867 1
114.774202 104.535308 31.397253 1
115.085830 97.891062 45.786234 1
114.302244 97.097574 53.433246 1
107.470700 188.137500 34.661000 1
107.431059 195.937563 34.205244 1
107.465407 205.980321 32.831040 1
107.615369 215.636444 31.796800 1
108.301281 240.591427 31.768123 1
108.244402 247.805328 33.939561 1
105.432912 265.972254 28.391398 1
103.817385 226.193314 30.704898 1
90.669402 230.061598 29.512430 1
90.993661 224.137461 33.122059 1
91.938113 206.882535 43.635640 1
98.278422 207.265516 48.150783 1
111.002045 208.034077 57.211698 1
111.002045 208.034077 57.211698 1
111.993565 225.968611 30.728075 1
124.837335 230.887037 31.046966 1
125.425597 224.290617 33.137698 1
127.138998 205.077568 39.227265 1
122.928488 204.357957 45.745430 1
114.478902 202.913852 58.825970 1
114.478902 202.913852 58.825970 1
100.591502 186.709866 33.573482 1
99.111891 168.515307 35.318095 1
97.279623 145.984188 37.478525 1
95.314180 123.445948 34.791382 1
93.678275 104.686603 32.554778 1
91.014103 97.936447 46.648162 1
90.648351 97.052108 54.316521 1
114.414925 186.800907 33.929257 1
114.990085 168.525142 35.323597 1
115.702326 145.893686 37.050251 1
115.194465 123.117964 33.934960 1
114.780281 104.543292 31.394293 1
115.057312 97.913080 45.790454 1
114.255841 97.127220 53.436401 1
107.506900 188.135500 34.624000 1
107.469186 195.934126 34.144131 1
107.508287 205.972893 32.741191 1
107.663474 215.626576 31.685174 1
108.357533 240.581253 31.615326 1
108.206644 247.796402 33.778101 1
105.424619 266.075959 28.597185 1
103.872999 226.182714 30.560590 1
90.601590 229.595829 29.345931 1
90.828674 223.722096 33.044264 1
91.490090 206.613981 43.816208 1
97.486259 206.023399 48.758869 1
109.519266 204.838231 58.677717 1
109.519266 204.838231 58.677717 1
112.048962 225.955469 30.614709 1
124.896321 230.862643 30.961210 1
125.316517 224.271555 33.108524 1
126.540399 205.074035 39.362896 1
123.017274 202.724458 45.905052 1
115.947124 198.009366 59.033735 1
115.947124 198.009366 59.033735 1
100.631279 186.704821 33.518019 1
99.121497 168.512148 35.256441 1
97.251868 145.983365 37.409205 1
95.322093 123.434003 34.790388 1
93.715876 104.665402 32.610653 1
90.990878 97.908845 46.689333 1
90.582965 97.024525 54.355567 1
114.453448 186.796367 33.919456 1
115.008138 168.519683 35.310039 1
115.695030 145.887089 37.032041 1
115.177732 123.114780 33.893442 1
114.755851 104.542891 31.333766 1
114.982572 97.908894 45.729063 1
114.153779 97.120814 53.371868 1
107.542900 188.207400 34.596900 1
107.514743 196.005359 34.105666 1
107.564652 206.041532 32.684630 1
107.723098 215.692444 31.604054 1
108.401963 240.647176 31.452468 1
108.120957 247.848250 33.648900 1
105.396773 266.212468 28.743992 1
103.929073 226.242389 30.434235 1
90.571111 229.286611 29.188197 1
90.723269 223.507595 33.036546 1
91.166451 206.675355 44.245433 1
96.543936 204.440621 49.424364 1
107.335381 199.955994 59.817357 1
107.335381 199.955994 59.817357 1
112.105006 226.020435 30.510472 1
124.964774 230.884476 30.982192 1
125.100644 224.347849 33.323989 1
125.496387 205.308955 40.144821 1
123.038228 201.245383 46.323620 1
118.105232 193.090676 58.723126 1
118.105232 193.090676 58.723126 1
100.667182 186.782947 33.483516 1
99.151609 168.589024 35.203719 1
97.274808 146.058693 37.333922 1
95.312673 123.509315 34.739394 1
93.679521 104.740701 32.579876 1
90.938922 97.987187 46.656988 1
90.526674 97.102918 54.322996 1
114.488880 186.859336 33.903879 1
115.033602 168.582769 35.299934 1
115.708150 145.950320 37.028711 1
115.156521 123.180673 33.876680 1
114.706643 104.610954 31.306048 1
114.931760 97.983570 45.704416 1
114.102413 97.199104 53.347532 1
107.631400 188.315500 34.658200 1
107.613293 196.113034 34.159795 1
107.674816 206.146969 32.723493 1
107.838668 215.794870 31.617142 1
108.509676 240.749056 31.370475 1
108.107156 247.932279 33.606101 1
105.420322 266.345933 28.868799 1
104.045099 226.338848 30.393292 1
90.627926 229.091269 29.105396 1
90.701854 223.443831 33.146553 1
90.917180 206.994831 44.917018 1
95.262984 203.136823 50.109560 1
103.984069 195.394641 60.529864 1
103.984069 195.394641 60.529864 1
112.220800 226.120043 30.498140 1
125.159778 230.736941 31.220725 1
125.137817 224.380689 34.018501 1
125.073850 205.867164 42.167436 1
123.877555 200.022989 47.182136 1
121.476845 188.294997 57.245547 1
121.476845 188.294997 57.245547 1
100.755401 186.898325 33.537284 1
99.129084 168.690060 34.982649 1
97.115145 146.141969 36.772507 1
95.348659 123.538433 34.532940 1
93.878352 104.724740 32.668869 1
90.912729 97.977390 46.703264 1
90.387228 97.092821 54.362308 1
114.576631 186.958420 33.975340 1
115.202110 168.667127 35.122481 1
115.976663 146.016441 36.543020 1
115.238391 123.217181 33.654224 1
114.636295 104.623311 31.298274 1
114.957828 98.055481 45.722078 1
114.187859 97.305457 53.374858 1
107.670800 188.130700 34.832100 1
107.658119 195.925847 34.297514 1
107.729708 205.955580 32.832612 1
107.905731 215.603925 31.732018 1
108.605316 240.558120 31.586340 1
108.097960 247.773237 33.694285 1
105.423795 266.190710 28.964665 1
104.129966 226.156826 30.530215 1
90.677693 228.706111 29.191361 1
90.564349 223.176223 33.391058 1
90.234217 207.069604 45.623298 1
93.206797 201.566724 50.272470 1
99.172118 190.523639 59.602350 1
99.172118 190.523639 59.602350 1
112.304786 225.928496 30.675608 1
125.311881 230.272191 31.772353 1
125.366263 223.971900 34.693542 1
125.524658 205.621369 43.201937 1
125.506615 198.624572 46.633734 1
125.470402 184.583520 53.520604 1
125.470402 184.583520 53.520604 1
100.797243 186.711806 33.698455 1
99.256762 168.512589 35.338678 1
97.349116 145.975703 37.369838 1
95.343507 123.429612 34.779995 1
93.674170 104.663733 32.624377 1
90.860477 97.914878 46.689298 1
90.415424 97.030427 54.353450 1
114.617218 186.766973 34.175048 1
115.143407 168.480243 35.438857 1
115.795005 145.835209 37.003872 1
115.177963 123.074008 33.803330 1
114.674737 104.511179 31.193136 1
114.880930 97.857520 45.579665 1
114.042550 97.059456 53.220387 1
107.704000 188.265900 35.033900 1
107.695253 196.058498 34.463283 1
107.769137 206.087772 32.995356 1
107.936165 215.745114 31.975212 1
108.573856 240.699844 32.253274 1
108.061276 247.990867 34.080015 1
105.475790 266.305438 28.920991 1
104.140789 226.307594 30.929463 1
90.674563 228.757199 29.545542 1
90.101775 223.080665 33.505193 1
88.433444 206.546917 45.038263 1
89.954470 200.388789 49.565587 1
93.006835 188.030763 58.650944 1
93.006835 188.030763 58.650944 1
112.315197 226.096607 31.117817 1
125.261520 230.553637 32.452982 1
125.651433 224.061749 34.888825 1
126.787111 205.153165 41.983579 1
127.826549 197.881298 44.585931 1
129.912470 183.288238 49.808287 1
129.912470 183.288238 49.808287 1
100.833910 186.843561 33.883679 1
99.049331 168.639850 35.193303 1
96.839408 146.097400 36.815067 1
95.225503 123.477658 34.624497 1
93.882196 104.650478 32.801208 1
90.635089 97.898532 46.770940 1
89.948304 97.014347 54.417253 1
114.652217 186.897358 34.406548 1
115.185929 168.589068 35.301106 1
115.846844 145.917334 36.408863 1
115.218196 123.118347 33.492114 1
114.705505 104.524700 31.113367 1
114.834765 97.867151 45.498993 1
113.961595 97.069113 53.135821 1
107.718900 188.239100 35.197700 1
107.727911 196.034923 34.672990 1
107.824724 206.076408 33.292476 1
108.001040 215.747188 32.410561 1
108.613185 240.692090 33.184948 1
108.006031 248.024781 34.804131 1
105.714269 266.102163 28.747742 1
104.205405 226.325355 31.538787 1
90.716550 228.602127 30.082023 1
89.501042 222.579844 33.320018 1
85.960694 205.039053 42.751160 1
85.880490 198.356714 46.760228 1
85.719534 184.946709 54.805558 1
85.719534 184.946709 54.805558 1
112.377997 226.116813 31.796088 1
125.199503 230.881612 33.266027 1
125.995165 224.145984 34.758745 1
128.312651 204.527471 39.106507 1
130.003775 197.068770 40.603372 1
133.397490 182.100777 43.607257 1
133.397490 182.100777 43.607257 1
100.854959 186.835818 33.988853 1
99.130108 168.634069 35.401692 1
96.994149 146.094046 37.151273 1
95.255296 123.507028 34.730745 1
93.807990 104.707084 32.716053 1
90.593709 97.961701 46.696543 1
89.934103 97.077516 54.345249 1
114.669134 186.861871 34.613169 1
115.185502 168.555231 35.550649 1
115.824938 145.885541 36.711558 1
115.202588 123.111288 33.606320 1
114.695032 104.537812 31.073852 1
114.740298 97.832198 45.437646 1
113.821922 97.008430 53.066435 1
107.709900 188.211100 35.319000 1
107.733345 196.013111 34.896688 1
107.860464 206.072727 33.657909 1
108.072241 215.755642 32.930486 1
108.773414 240.680464 34.148730 1
107.950975 248.036357 35.553425 1
105.985267 265.804355 28.542145 1
104.326215 226.362713 32.208145 1
90.832344 228.545645 30.657245 1
88.943114 222.262568 32.934026 1
83.440454 203.962177 39.565485 1
82.263691 196.863709 42.558761 1
79.902180 182.618624 48.565615 1
79.902180 182.618624 48.565615 1
112.495060 226.116672 32.540390 1
125.269488 230.977832 34.101853 1
126.516597 224.145955 34.089678 1
130.148986 204.247102 34.054219 1
131.832165 196.681647 34.868783 1
135.209935 181.499420 36.503437 1
135.209935 181.499420 36.503437 1
100.854605 186.833353 34.034114 1
99.128962 168.630300 35.429074 1
96.992022 146.088663 37.156514 1
95.275109 123.494775 34.784925 1
93.846064 104.689114 32.810968 1
90.593380 97.938239 46.779921 1
89.905406 97.053918 54.426111 1
114.663044 186.831961 34.774980 1
115.143239 168.522999 35.685956 1
115.737881 145.850433 36.814045 1
115.157335 123.086605 33.625386 1
114.683872 104.521632 31.024882 1
114.583971 97.787105 45.374868 1
113.586319 96.947228 52.991936 1
107.723700 188.161400 35.507900 1
107.753930 195.967254 35.164395 1
107.894561 206.040022 34.039149 1
108.121855 215.731583 33.443476 1
108.860217 240.632797 35.058051 1
108.121836 248.065195 36.044461 1
106.107984 265.617174 28.521417 1
104.397688 226.355463 32.870590 1
90.967647 228.863375 31.258318 1
88.566043 222.445445 32.386343 1
81.571015 203.752273 35.671883 1
79.687042 196.551195 37.980094 1
75.906313 182.100196 42.612172 1
75.906313 182.100196 42.612172 1
112.564400 226.089481 33.238049 1
125.339606 230.963994 34.750751 1
126.894653 224.330413 33.406359 1
131.423960 205.009124 29.490616 1
133.223016 197.432725 29.797704 1
136.833325 182.228537 30.413963 1
136.833325 182.228537 30.413963 1
100.872802 186.801410 34.181317 1
99.128444 168.600180 35.576788 1
96.968328 146.060801 37.304862 1
95.271503 123.470329 34.886733 1
93.859178 104.667511 32.874039 1
90.617970 97.904927 46.839995 1
89.919808 97.020541 54.485255 1
114.678106 186.783018 34.978279 1
115.076016 168.473934 35.925742 1
115.568764 145.801218 37.099014 1
115.106934 123.059417 33.738407 1
114.730290 104.512409 30.997672 1
114.483443 97.757505 45.336300 1
113.401113 96.904485 52.940335 1
