82 35
109.717200 168.914100 7.034260 1
109.600821 174.817481 6.192574 1
109.431271 183.502897 4.470978 1
109.230785 191.926120 3.463153 1
108.590579 213.715237 4.202271 1
109.030851 220.189890 5.302446 1
108.495488 236.937325 4.470069 1
105.409221 200.976306 2.769992 1
93.744579 203.867518 2.574583 1
93.835960 198.102248 4.463594 1
94.102122 181.310057 9.965615 1
93.773389 174.858688 12.117463 1
93.113696 161.912214 16.435747 1
93.113696 161.912214 16.435747 1
112.551050 201.181405 2.909774 1
123.813483 205.335062 2.304885 1
123.745547 199.570651 4.197532 1
123.547672 182.780987 9.710136 1
123.899857 176.339468 11.887627 1
124.606621 163.412760 16.257373 1
124.606621 163.412760 16.257373 1
104.483733 167.682496 6.296519 1
103.894739 151.811367 8.404977 1
103.165358 132.157354 11.015985 1
103.896829 112.297376 9.895610 1
104.505654 95.767349 8.963091 1
101.288466 90.264876 21.258778 1
100.389146 89.742049 27.929842 1
115.032966 167.928534 6.563546 1
115.329525 152.018591 8.427469 1
115.696765 132.316735 10.735631 1
115.452842 112.276746 9.354597 1
115.253913 95.933216 8.228302 1
116.715323 90.487545 20.878218 1
116.653953 89.982163 27.610728 1
109.720900 168.919100 7.033680 1
109.601548 174.823138 6.197038 1
109.429082 183.509557 4.480798 1
109.227410 191.932894 3.474165 1
108.587001 213.722251 4.205982 1
109.039968 220.198469 5.291698 1
108.475310 236.944058 4.441723 1
105.406518 200.982925 2.775287 1
93.742072 203.874387 2.572080 1
93.831112 198.110653 4.465880 1
94.090455 181.322931 9.981850 1
93.759079 174.873400 12.138796 1
93.094083 161.930615 16.467313 1
93.094083 161.930615 16.467313 1
112.548243 201.187953 2.920399 1
123.830699 205.292717 2.356256 1
123.772401 199.529313 4.252290 1
123.602599 182.742582 9.774757 1
123.965700 176.302610 11.955026 1
124.694370 163.379004 16.330346 1
124.694370 163.379004 16.330346 1
104.488668 167.685004 6.291357 1
103.886696 151.816456 8.415527 1
103.141244 132.165642 11.045992 1
103.886323 112.306417 9.921236 1
104.506473 95.777017 8.985070 1
101.269668 90.276112 21.276309 1
100.358459 89.754564 27.945860 1
115.037571 167.937126 6.565680 1
115.327419 152.028619 8.442873 1
115.686350 132.328542 10.767467 1
115.447262 112.289423 9.373028 1
115.252278 95.946603 8.235801 1
116.693675 90.504123 20.889385 1
116.621371 90.000339 27.621907 1
109.730900 168.901500 7.023020 1
109.609529 174.805804 6.188546 1
109.433623 183.492318 4.473137 1
109.226646 191.914971 3.461867 1
108.566195 213.704591 4.167594 1
109.036099 220.176171 5.273576 1
108.460367 236.919290 4.383329 1
105.398181 200.960748 2.749505 1
93.744553 203.896193 2.556393 1
93.806027 198.133178 4.453475 1
93.985080 181.347551 9.979004 1
93.622850 174.900860 12.139474 1
92.895937 161.963772 16.475061 1
92.895937 161.963772 16.475061 1
112.539609 201.172343 2.899696 1
123.858421 205.178530 2.355531 1
123.845884 199.416958 4.257975 1
123.809368 182.635562 9.799113 1
124.224338 176.199331 11.981176 1
125.057096 163.283235 16.360096 1
125.057096 163.283235 16.360096 1
104.499782 167.665343 6.276294 1
103.895400 151.798693 8.413912 1
103.146965 132.150228 11.061030 1
103.874755 112.291618 9.914318 1
104.480516 95.762730 8.959878 1
101.233113 90.271282 21.252551 1
100.319042 89.753873 27.922032 1
115.048361 167.922088 6.558640 1
115.329210 152.013621 8.437536 1
115.676997 132.313593 10.764239 1
115.439902 112.273850 9.378459 1
115.246541 95.930520 8.248293 1
116.668033 90.490325 20.905112 1
116.585154 89.987761 27.637602 1
109.736000 168.947800 7.032800 1
109.611114 174.851575 6.195111 1
109.430713 183.536551 4.472396 1
109.217462 191.957653 3.449576 1
108.532513 213.747821 4.113794 1
109.049036 220.210569 5.250216 1
108.462848 236.950323 4.305196 1
105.380847 200.998027 2.712881 1
93.739918 203.984416 2.535660 1
93.757830 198.225599 4.446354 1
93.810004 181.452201 10.011530 1
93.398985 175.013290 12.186421 1
92.574162 162.091813 16.550947 1
92.574162 162.091813 16.550947 1
112.521732 201.217491 2.876956 1
123.895993 205.069085 2.374393 1
123.946016 199.308466 4.279106 1
124.091714 182.529846 9.826850 1
124.577525 176.096794 12.003658 1
125.552445 163.187076 16.372031 1
125.552445 163.187076 16.372031 1
104.507459 167.706681 6.276317 1
103.949029 151.805835 8.156874 1
103.257497 132.115022 10.485662 1
104.011342 112.238045 9.746384 1
104.638790 95.693870 9.131063 1
101.369563 90.297309 21.459919 1
100.435978 89.833941 28.130671 1
115.055228 167.972819 6.579467 1
115.330479 152.046198 8.298613 1
115.671334 132.323691 10.427492 1
115.436354 112.279296 9.110324 1
115.244718 95.932173 8.036115 1
116.628694 90.500407 20.700709 1
116.526006 90.002374 27.433264 1
109.731600 168.938000 7.026280 1
109.620055 174.840905 6.180610 1
109.459240 183.523894 4.445984 1
109.260938 191.943921 3.411375 1
108.600338 213.735769 4.044402 1
109.139907 220.193177 5.200301 1
108.551137 236.930208 4.209751 1
105.436900 200.987838 2.653100 1
93.793020 203.963050 2.481774 1
93.753284 198.255099 4.539141 1
93.637547 181.629855 10.531525 1
93.162012 175.252801 12.869412 1
92.207719 162.455459 17.561036 1
92.207719 162.455459 17.561036 1
112.577621 201.199040 2.834252 1
123.970495 205.006463 2.425454 1
124.022678 199.260854 4.374921 1
124.174668 182.525954 10.053020 1
124.662704 176.110746 12.281383 1
125.642089 163.236840 16.753217 1
125.642089 163.236840 16.753217 1
104.502609 167.705843 6.258343 1
103.960044 151.798730 8.089909 1
103.288159 132.100157 10.358029 1
104.056824 112.221429 9.683978 1
104.696606 95.675795 9.122948 1
101.417249 90.297327 21.457019 1
100.475636 89.844612 28.127373 1
115.050076 167.952312 6.587513 1
115.398160 152.045637 8.470322 1
115.829206 132.347828 10.801871 1
115.543675 112.312190 9.366730 1
115.310813 95.972210 8.196308 1
116.762822 90.473311 20.824261 1
116.701487 89.941342 27.554723 1
109.737700 168.935900 6.928280 1
109.599850 174.843087 6.117091 1
109.410893 183.532551 4.418091 1
109.202679 191.953027 3.389098 1
108.555911 213.746965 3.961561 1
109.124489 220.194916 5.155715 1
108.536557 236.930086 4.133735 1
105.387050 200.997549 2.596452 1
93.748264 203.992395 2.421142 1
93.605760 198.406939 4.787028 1
93.190698 182.138480 11.678020 1
92.600475 175.908420 14.360677 1
91.416031 163.406061 19.744179 1
91.416031 163.406061 19.744179 1
112.527424 201.204218 2.795625 1
123.937211 204.960336 2.383927 1
124.040294 199.273978 4.498135 1
124.340538 182.711656 10.656065 1
124.885574 176.367342 13.066728 1
125.979346 163.635705 17.904396 1
125.979346 163.635705 17.904396 1
104.516010 167.683667 6.143326 1
103.934293 151.788131 8.061346 1
103.213924 132.103895 10.436527 1
103.996157 112.226378 9.742659 1
104.647232 95.681753 9.165135 1
101.308505 90.323584 21.492111 1
100.334443 89.881963 28.158549 1
115.061571 167.977871 6.493693 1
115.379465 152.059158 8.277503 1
115.773126 132.346443 10.486458 1
115.477720 112.305677 9.126907 1
115.236804 95.961515 8.018132 1
116.587050 90.484734 20.666971 1
116.474031 89.965416 27.397752 1
109.752700 168.911900 6.873020 1
109.614277 174.818339 6.056506 1
109.424917 183.505427 4.345440 1
109.214054 191.923343 3.296241 1
108.550884 213.718617 3.794259 1
109.181013 220.156362 5.012343 1
108.570870 236.892168 4.014060 1
105.393905 200.962480 2.464877 1
93.785211 204.072158 2.293726 1
93.486903 198.693837 5.086524 1
92.618039 183.028689 13.220957 1
91.854563 177.046666 16.381838 1
90.322438 165.042064 22.725031 1
90.322438 165.042064 22.725031 1
112.533676 201.174828 2.679121 1
123.961213 204.875219 2.255240 1
124.126423 199.413656 4.893270 1
124.607620 183.506080 12.576906 1
125.255797 177.309092 15.322060 1
126.556551 164.873104 20.830980 1
126.556551 164.873104 20.830980 1
104.533129 167.656994 6.078305 1
103.929481 151.771846 8.074036 1
103.181954 132.100474 10.545450 1
103.966303 112.225385 9.787387 1
104.619140 95.682781 9.156430 1
101.244608 90.338801 21.479816 1
100.252779 89.904312 28.144102 1
115.077826 167.955544 6.450295 1
115.392061 152.038086 8.245913 1
115.781190 132.326925 10.469491 1
115.438864 112.281368 9.194201 1
115.159683 95.933297 8.154146 1
116.487255 90.465351 20.809206 1
116.368075 89.952774 27.540397 1
109.798900 168.908800 6.716140 1
109.653996 174.814130 5.892756 1
109.456370 183.498641 4.169587 1
109.242999 191.914509 3.104586 1
108.590785 213.711227 3.551205 1
109.233896 220.152799 4.741967 1
108.617277 236.892230 3.810699 1
105.425202 200.953359 2.259423 1
93.866625 204.242416 2.053066 1
93.408724 199.185748 5.375034 1
92.075018 184.457459 15.050753 1
91.135187 178.854441 18.803294 1
89.249154 167.610417 26.333818 1
89.249154 167.610417 26.333818 1
112.565506 201.162946 2.458022 1
124.002481 204.828218 1.986259 1
124.418353 199.033700 3.737194 1
125.629638 182.156344 8.837040 1
126.127453 177.348717 13.632619 1
127.126464 167.700871 23.256288 1
127.126464 167.700871 23.256288 1
104.578426 167.648924 5.935340 1
103.959484 151.770101 7.976208 1
103.193018 132.106561 10.503517 1
103.959037 112.231409 9.728548 1
104.596617 95.688752 9.083520 1
101.231692 90.360529 21.416352 1
100.248101 89.933524 28.082343 1
115.123743 167.956012 6.281950 1
115.455426 152.041561 8.100932 1
115.866163 132.334123 10.353442 1
115.488370 112.286569 9.120248 1
115.180264 95.936870 8.114524 1
116.544847 90.492556 20.775834 1
116.449324 89.993912 27.508449 1
109.818200 168.917600 6.618500 1
109.667728 174.822128 5.790376 1
109.465311 183.503178 4.050405 1
109.257786 191.914662 2.950197 1
108.649610 213.715076 3.256558 1
109.301531 220.142073 4.519119 1
108.702827 236.882384 3.591983 1
105.456714 200.955464 2.052175 1
93.949297 204.419093 1.842912 1
93.370523 199.779278 5.709717 1
91.684762 186.265136 16.972354 1
90.629408 181.206811 21.406115 1
88.511548 171.055868 30.303698 1
88.511548 171.055868 30.303698 1
112.597712 201.152057 2.238780 1
124.033160 204.815684 1.719608 1
124.661044 198.930518 3.055929 1
126.489847 181.789140 6.948153 1
126.794264 178.669852 12.992658 1
127.405164 172.410132 25.122649 1
127.405164 172.410132 25.122649 1
104.597029 167.653589 5.849131 1
103.964181 151.780241 7.927976 1
103.180494 132.123482 10.502313 1
103.939268 112.248341 9.719975 1
104.570819 95.705693 9.068813 1
101.214576 90.385570 21.407506 1
100.236902 89.962525 28.074620 1
115.142806 167.967981 6.174559 1
115.462785 152.052897 7.990095 1
115.859028 132.344675 10.238335 1
115.493841 112.294066 9.051902 1
115.196016 95.941875 8.084312 1
116.564280 90.544924 20.765487 1
116.468869 90.070816 27.499876 1
109.861100 169.008000 6.519840 1
109.709861 174.911219 5.682573 1
109.509291 183.588841 3.925375 1
109.312172 191.997436 2.801425 1
108.755359 213.800197 3.027976 1
109.415603 220.226517 4.289664 1
108.848179 236.968323 3.369891 1
105.530790 201.043720 1.875910 1
94.093070 204.725219 1.582116 1
93.207553 199.758083 4.952347 1
90.628354 185.290569 14.768638 1
89.891748 181.977228 20.670998 1
88.413545 175.328081 32.515732 1
88.413545 175.328081 32.515732 1
112.672513 201.224296 2.050524 1
124.080776 204.962489 1.468606 1
124.880156 199.136536 2.963403 1
127.208463 182.167620 7.317213 1
127.226310 180.568962 13.935569 1
127.262129 177.360810 27.217152 1
127.262129 177.360810 27.217152 1
104.638237 167.743542 5.762783 1
103.904394 151.862096 7.744303 1
102.995639 132.195309 10.198118 1
103.858155 112.317989 9.600430 1
104.576052 95.773527 9.102957 1
101.140199 90.432263 21.410567 1
100.103553 90.003166 28.068378 1
115.184681 168.056876 6.066927 1
115.518797 152.130405 7.777005 1
115.932546 132.408084 9.894655 1
115.546038 112.347407 8.900779 1
115.230825 95.987006 8.090228 1
116.635531 90.605829 20.774122 1
116.561025 90.140632 27.509396 1
109.862200 169.013000 6.447770 1
109.705259 174.915650 5.607547 1
109.501205 183.589714 3.833266 1
109.311941 191.992848 2.667884 1
108.804715 213.797928 2.722406 1
109.463143 220.211655 4.047519 1
108.952306 236.956730 3.154463 1
105.550553 201.040106 1.673013 1
94.157433 204.857596 1.381899 1
93.155771 200.041906 4.934482 1
90.238285 186.015502 15.281900 1
89.835475 183.996491 21.771893 1
89.027126 179.944779 34.795877 1
89.027126 179.944779 34.795877 1
112.692768 201.205824 1.842191 1
124.088939 204.969399 1.191073 1
124.994856 199.303976 3.165271 1
127.633468 182.802627 8.915401 1
127.275239 182.579775 15.711038 1
126.556357 182.132562 29.348383 1
126.556357 182.132562 29.348383 1
104.639389 167.744026 5.697945 1
103.892753 151.867869 7.716714 1
102.968157 132.207631 10.216656 1
103.833272 112.330723 9.609090 1
104.553333 95.786605 9.103397 1
101.117236 90.447986 21.412085 1
100.080421 90.020332 28.069963 1
115.185956 168.065825 5.988681 1
115.513333 152.140043 7.706448 1
115.918737 132.418572 9.833620 1
115.541835 112.356168 8.871440 1
115.234455 95.994358 8.086738 1
116.637512 90.640292 20.782282 1
116.561047 90.189112 27.518487 1
109.811900 169.020600 6.472900 1
109.680804 174.917687 5.590252 1
109.511868 183.579406 3.753089 1
109.350493 191.974292 2.525714 1
108.898359 213.780378 2.416522 1
109.553638 220.187027 3.776970 1
109.067217 236.935148 2.928511 1
105.612964 201.023303 1.459431 1
94.250326 204.933306 1.207460 1
93.308288 200.362950 5.085533 1
90.564466 187.051114 16.380987 1
90.657198 186.120313 23.125145 1
90.843292 184.252399 36.659185 1
90.843292 184.252399 36.659185 1
112.755408 201.172273 1.634433 1
124.119179 205.029955 0.967979 1
125.017852 199.621391 3.567015 1
127.635364 183.868182 11.137077 1
126.763254 184.700722 17.838194 1
125.013125 186.371447 31.285859 1
125.013125 186.371447 31.285859 1
104.584566 167.768338 5.726509 1
103.861092 151.886946 7.712269 1
102.965179 132.220225 10.171335 1
103.830573 112.342973 9.575548 1
104.550866 95.798568 9.079659 1
101.133077 90.457425 21.392349 1
100.105659 90.028574 28.051607 1
115.132086 168.047700 6.026391 1
115.481851 152.121720 7.737902 1
115.914979 132.400005 9.857327 1
115.538889 112.338247 8.881439 1
115.232171 95.976965 8.085559 1
116.693394 90.626211 20.775937 1
116.647190 90.176580 27.512521 1
109.791100 169.031200 6.462860 1
109.669187 174.923833 5.549677 1
109.515831 183.575924 3.666360 1
109.369407 191.964016 2.391578 1
108.953304 213.769779 2.152197 1
109.576703 220.180109 3.510286 1
109.109739 236.930771 2.702002 1
105.648282 201.012636 1.266234 1
94.291992 204.941639 1.023768 1
93.601995 200.722020 5.328854 1
91.592278 188.431763 17.868049 1
92.252100 188.319096 24.643786 1
93.576221 188.092996 38.241196 1
93.576221 188.092996 38.241196 1
112.790706 201.150953 1.450517 1
124.130733 205.066602 0.720683 1
124.843862 199.969167 3.933589 1
126.920952 185.122163 13.291632 1
125.483553 186.713882 19.753751 1
122.599013 189.908113 32.721799 1
122.599013 189.908113 32.721799 1
104.562990 167.782239 5.716374 1
103.847404 151.898537 7.686456 1
102.961259 132.228956 10.126107 1
103.822367 112.351054 9.546011 1
104.539092 95.806108 9.063181 1
101.111721 90.463975 21.372778 1
100.079317 90.034522 28.031225 1
115.110501 168.048756 6.028043 1
115.463902 152.123237 7.743093 1
115.901534 132.402092 9.866900 1
115.538026 112.340435 8.884218 1
115.241570 95.979233 8.082798 1
116.710905 90.638789 20.776581 1
116.667453 90.194096 27.513512 1
109.814100 169.037500 6.420430 1
109.693633 174.928154 5.494381 1
109.546646 183.574217 3.583076 1
109.415546 191.955646 2.263585 1
109.063072 213.760150 1.862218 1
109.672980 220.171018 3.223888 1
109.173335 236.922620 2.455612 1
105.720418 201.006495 1.072436 1
94.351092 204.904223 0.986872 1
94.099619 201.061544 5.675755 1
93.367167 189.869178 19.332814 1
94.677799 190.349187 25.996934 1
97.307951 191.312457 39.370355 1
97.307951 191.312457 39.370355 1
112.863291 201.125283 1.252898 1
124.200919 205.043105 0.497883 1
124.540703 200.271448 4.230309 1
125.530374 186.373321 15.101527 1
123.513578 188.427440 21.271762 1
119.466316 192.549605 33.654063 1
119.466316 192.549605 33.654063 1
104.584733 167.789013 5.681999 1
103.867471 151.906351 7.659836 1
102.979249 132.238057 10.109091 1
103.837321 112.360295 9.519760 1
104.551518 95.815466 9.029244 1
101.131996 90.473830 21.341238 1
100.104306 90.044489 28.000423 1
115.132661 168.051947 5.982390 1
115.461828 152.124230 7.681783 1
115.869449 132.400364 9.786201 1
115.530137 112.336932 8.831497 1
115.253415 95.974283 8.052893 1
116.714390 90.653217 20.755776 1
116.663724 90.217846 27.493265 1
109.822900 169.031600 6.383290 1
109.695514 174.924936 5.475407 1
109.535325 183.574751 3.582231 1
109.393949 191.956077 2.263147 1
109.028615 213.759528 1.818365 1
109.716797 220.190995 3.038199 1
109.208150 236.941420 2.250415 1
105.688856 201.002609 1.070148 1
94.348812 204.984922 1.145949 1
94.750978 201.486829 6.087270 1
95.922345 191.298119 20.479590 1
98.081724 192.182530 26.875961 1
102.415125 193.957348 39.712067 1
102.415125 193.957348 39.712067 1
112.832416 201.125318 1.217840 1
124.189476 204.972221 0.393399 1
123.998404 200.563557 4.557813 1
123.441881 187.722700 16.687259 1
120.930813 189.905067 22.627838 1
115.891657 194.284597 34.549272 1
115.891657 194.284597 34.549272 1
104.590659 167.782974 5.665748 1
103.870989 151.903309 7.666641 1
102.979786 132.238726 10.144447 1
103.829528 112.361324 9.531398 1
104.536793 95.816794 9.021142 1
101.171154 90.475326 21.348048 1
100.173632 90.045732 28.011802 1
115.139768 168.049745 5.917289 1
115.454821 152.124738 7.644528 1
115.844963 132.404229 9.783427 1
115.509229 112.339505 8.854952 1
115.235425 95.975803 8.097740 1
116.724971 90.670660 20.803964 1
116.688761 90.243493 27.542071 1
109.824900 169.029800 6.407760 1
109.697139 174.924944 5.511747 1
109.537571 183.577919 3.633009 1
109.406702 191.960576 2.321321 1
109.101706 213.764999 1.878730 1
109.802743 220.230038 2.897149 1
109.307460 236.975964 2.011316 1
105.722016 201.017716 1.145736 1
94.442715 205.163730 1.367339 1
95.687910 201.972128 6.375154 1
99.314725 192.676122 20.961150 1
102.430325 193.745665 26.919990 1
108.682651 195.892001 38.878068 1
108.682651 195.892001 38.878068 1
112.866507 201.119976 1.260271 1
124.202805 205.013921 0.373308 1
123.410757 200.988320 4.843472 1
121.103806 189.263187 17.863457 1
118.126050 191.219931 23.665422 1
112.150356 195.146687 35.308687 1
112.150356 195.146687 35.308687 1
104.588389 167.786072 5.713224 1
103.887770 151.902866 7.692658 1
103.020158 132.233899 10.143890 1
103.860397 112.356945 9.503802 1
104.559753 95.812788 8.971040 1
101.266942 90.462057 21.313588 1
100.309581 90.027190 27.982888 1
115.138774 168.045256 5.914105 1
115.469012 152.121799 7.652761 1
115.877958 132.403209 9.805800 1
115.541005 112.338603 8.875211 1
115.266206 95.974998 8.116274 1
116.826764 90.677883 20.817324 1
116.827738 90.254807 27.555786 1
109.808000 169.024800 6.507420 1
109.681974 174.924509 5.641718 1
109.522122 183.585297 3.799362 1
109.393972 191.971209 2.508369 1
109.113559 213.776283 2.081916 1
109.807275 220.278811 2.831081 1
109.372048 237.017725 1.794075 1
105.713660 201.033704 1.360688 1
94.450404 205.220859 1.621370 1
96.095862 201.930231 6.446231 1
100.888501 192.345794 20.499343 1
104.684294 193.900097 25.933933 1
112.301614 197.019239 36.839956 1
112.301614 197.019239 36.839956 1
112.858828 201.127000 1.432753 1
124.167632 205.088933 0.497228 1
122.847180 201.373065 5.108508 1
119.001178 190.550073 18.539513 1
115.651945 192.203194 24.232359 1
108.930776 195.520645 35.656647 1
108.930776 195.520645 35.656647 1
104.565961 167.790692 5.837874 1
103.887542 151.902502 7.784771 1
103.047421 132.227362 10.195710 1
103.874693 112.351501 9.506653 1
104.563255 95.808254 8.933133 1
101.366231 90.438791 21.292717 1
100.461742 89.993427 27.968701 1
115.117658 168.036534 5.977191 1
115.469028 152.111620 7.698277 1
115.904144 132.391227 9.829558 1
115.554152 112.326718 8.901703 1
115.268720 95.963192 8.144995 1
116.918549 90.664813 20.834230 1
116.967659 90.241327 27.572488 1
109.827500 169.023000 6.640370 1
109.692202 174.922041 5.771524 1
109.514424 183.583651 3.934681 1
109.368574 191.973180 2.669320 1
109.049372 213.779730 2.362317 1
109.831651 220.297471 2.844436 1
109.408922 237.020055 1.566724 1
105.667625 201.035435 1.588022 1
94.446174 205.330943 1.886028 1
95.854985 201.815443 6.626445 1
99.958355 191.576034 20.433605 1
103.907192 193.751550 25.535808 1
111.831641 198.117330 35.774805 1
111.831641 198.117330 35.774805 1
112.812885 201.140576 1.627082 1
124.168954 204.946208 0.618112 1
122.468586 201.447588 5.274674 1
117.516023 191.257361 18.837571 1
113.993225 192.761176 24.466701 1
106.923750 195.779003 35.763126 1
106.923750 195.779003 35.763126 1
104.583683 167.783655 5.994856 1
103.910969 151.892980 7.923374 1
103.077914 132.214764 10.311553 1
103.894445 112.341016 9.552326 1
104.574068 95.799527 8.920400 1
101.419529 90.400875 21.278186 1
100.539288 89.939307 27.956310 1
115.135663 168.039275 6.087219 1
115.495462 152.109825 7.764008 1
115.941016 132.383813 9.840434 1
115.580539 112.319293 8.916845 1
115.286554 95.955758 8.163618 1
116.988217 90.651562 20.843574 1
117.065723 90.225284 27.581389 1
109.860500 169.017400 6.734250 1
109.707311 174.916284 5.867308 1
109.511835 183.576347 4.024976 1
109.371064 191.962672 2.737990 1
109.126677 213.768577 2.332356 1
109.936476 220.270563 2.959858 1
109.371578 236.956026 1.306904 1
105.698364 201.032755 1.626435 1
94.448947 205.257413 1.879504 1
95.693380 201.689940 6.627089 1
99.317975 191.299149 20.455124 1
103.131889 193.595490 25.606778 1
110.785577 198.203740 35.945012 1
110.785577 198.203740 35.945012 1
112.844031 201.113158 1.643552 1
124.221407 204.812644 0.490170 1
122.382069 201.445282 5.190476 1
117.024739 191.637363 18.880783 1
113.468979 193.126770 24.492993 1
106.333356 196.115682 35.755464 1
106.333356 196.115682 35.755464 1
104.617227 167.765343 6.109169 1
103.932728 151.876425 8.047979 1
103.085079 132.200383 10.448904 1
103.895312 112.329635 9.608708 1
104.569692 95.790644 8.909391 1
101.429453 90.370184 21.261270 1
100.558272 89.896381 27.939726 1
115.168831 168.046816 6.159909 1
115.529596 152.101543 7.678652 1
115.976345 132.355938 9.559366 1
115.599214 112.290625 8.659983 1
115.291649 95.926442 7.926495 1
117.019442 90.615743 20.600193 1
117.112669 90.186640 27.337630 1
109.869500 169.014300 6.852930 1
109.719301 174.913095 5.984859 1
109.525413 183.571326 4.133773 1
109.385975 191.954574 2.826746 1
109.151340 213.758902 2.338944 1
110.006635 220.250797 3.009122 1
109.329168 236.920213 1.240612 1
105.713450 201.022335 1.695845 1
94.513401 205.377179 1.931283 1
95.370533 201.699599 6.680576 1
97.867055 190.988110 20.513586 1
101.460747 193.366097 25.785135 1
108.672496 198.138190 36.363970 1
108.672496 198.138190 36.363970 1
112.859167 201.098943 1.683010 1
124.205186 204.866731 0.444944 1
122.587683 201.445128 5.187462 1
117.876476 191.479223 19.000720 1
114.439528 193.153245 24.634875 1
107.542335 196.512639 35.941385 1
107.542335 196.512639 35.941385 1
104.622174 167.768025 6.250720 1
103.943596 151.875248 8.159761 1
103.103279 132.194429 10.523821 1
103.903551 112.325420 9.634396 1
104.569640 95.787876 8.894103 1
101.482946 90.351592 21.252523 1
100.641754 89.868883 27.934184 1
115.174213 168.037503 6.256125 1
115.551786 152.098967 7.840100 1
116.019351 132.361705 9.801592 1
115.631766 112.297635 8.879209 1
115.315675 95.934466 8.126965 1
117.120226 90.605168 20.782146 1
117.254941 90.166398 27.518258 1
109.882200 169.019800 6.962910 1
109.724808 174.916130 6.079507 1
109.518450 183.569117 4.205386 1
109.366968 191.948202 2.873253 1
109.102681 213.750447 2.312859 1
109.996360 220.232220 3.029320 1
109.318703 236.900496 1.250170 1
105.681194 201.007226 1.715736 1
94.551773 205.540268 1.936401 1
94.884512 201.774927 6.682613 1
95.853663 190.807819 20.506653 1
99.075541 193.188561 26.012126 1
105.541144 197.966184 37.060396 1
105.541144 197.966184 37.060396 1
112.826786 201.093325 1.695514 1
124.152553 204.884619 0.348565 1
123.025911 201.386824 5.176739 1
119.744406 191.198997 19.239481 1
116.661574 193.198533 24.971555 1
110.475015 197.211162 36.474566 1
110.475015 197.211162 36.474566 1
104.635593 167.766356 6.369378 1
103.957261 151.871422 8.260458 1
103.117248 132.187930 10.602277 1
103.910515 112.320839 9.665037 1
104.570774 95.784891 8.884947 1
101.481648 90.319054 21.229717 1
100.639990 89.820074 27.910125 1
115.187338 168.047092 6.363211 1
115.568713 152.106016 7.920490 1
116.040985 132.365608 9.848923 1
115.656155 112.301920 8.917135 1
115.342310 95.939063 8.157220 1
117.158999 90.613960 20.812430 1
117.299778 90.177288 27.548555 1
109.880500 169.017000 7.040940 1
109.720419 174.915278 6.171127 1
109.507248 183.570249 4.306956 1
109.346879 191.947563 2.964767 1
109.057319 213.747360 2.326959 1
109.981632 220.214586 3.130689 1
109.325111 236.871707 1.242475 1
105.648511 200.998352 1.783245 1
94.533834 205.571898 1.871542 1
94.347823 201.772339 6.598464 1
93.806043 190.705567 20.366319 1
96.512202 193.080041 26.145353 1
101.942871 197.845085 37.742601 1
101.942871 197.845085 37.742601 1
112.793940 201.092185 1.746422 1
124.076941 204.982931 0.326160 1
123.518621 201.480701 5.249353 1
121.892435 191.279961 19.588852 1
119.226317 193.546719 25.429424 1
113.876008 198.095604 37.150167 1
113.876008 198.095604 37.150167 1
104.632778 167.764183 6.456002 1
103.966313 151.867693 8.338208 1
103.140995 132.182276 10.669037 1
103.926563 112.316484 9.698372 1
104.580414 95.781617 8.890461 1
101.527395 90.292995 21.234104 1
100.705781 89.781513 27.916061 1
115.184448 168.046359 6.427525 1
115.576567 152.100115 7.928194 1
116.062144 132.353307 9.786524 1
115.668939 112.290789 8.833260 1
115.348263 95.928887 8.055830 1
117.197113 90.568116 20.691308 1
117.355875 90.112739 27.425794 1
109.886600 169.019800 7.142860 1
109.716590 174.917523 6.271171 1
109.486388 183.570585 4.400179 1
109.308015 191.945299 3.044098 1
108.970442 213.742721 2.351152 1
109.958819 220.188736 3.244104 1
109.324858 236.837184 1.273488 1
105.588217 200.985066 1.845596 1
94.465010 205.538588 1.874946 1
93.888119 201.697032 6.535921 1
92.207841 190.507935 20.111692 1
94.460858 192.846832 26.096017 1
98.982170 197.540480 38.105237 1
98.982170 197.540480 38.105237 1
112.733357 201.094168 1.796738 1
124.021685 204.940825 0.300720 1
123.881000 201.527317 5.315033 1
123.471237 191.584991 19.919930 1
121.201985 194.047840 25.848129 1
116.648103 198.990237 37.744718 1
116.648103 198.990237 37.744718 1
104.639818 167.759128 6.566429 1
103.971095 151.861657 8.439519 1
103.142983 132.175023 10.759059 1
103.924742 112.311358 9.742861 1
104.575423 95.778261 8.897052 1
101.523518 90.273765 21.233899 1
100.703233 89.753443 27.915337 1
115.191009 168.056664 6.521653 1
115.579604 152.098408 7.889696 1
116.060816 132.336726 9.583791 1
115.668534 112.274323 8.627750 1
115.348612 95.912514 7.848057 1
117.202647 90.547172 20.480835 1
117.364103 90.089335 27.215090 1
109.895700 169.015100 7.209740 1
109.715493 174.912704 6.339295 1
109.473049 183.565247 4.467446 1
109.288670 191.938819 3.105138 1
108.952590 213.735281 2.381909 1
109.955728 220.173462 3.314053 1
109.348886 236.823920 1.351895 1
105.568283 200.977307 1.898841 1
94.433772 205.502530 1.977543 1
93.717681 201.631416 6.594547 1
91.631964 190.356228 20.042250 1
93.689397 192.640251 26.117518 1
97.818213 197.223781 38.309240 1
97.818213 197.223781 38.309240 1
112.713363 201.085535 1.840323 1
123.988547 204.964031 0.327485 1
123.965661 201.632522 5.398548 1
123.899005 191.929029 20.168740 1
121.700128 194.507175 26.074396 1
117.287471 199.680948 37.925745 1
117.287471 199.680948 37.925745 1
104.649916 167.746665 6.641312 1
103.972866 151.849271 8.512068 1
103.134442 132.162734 10.828718 1
103.914568 112.300934 9.775465 1
104.563889 95.769391 8.898814 1
101.510388 90.260207 21.233174 1
100.689884 89.737127 27.914370 1
115.200567 168.060011 6.580073 1
115.590923 152.106659 8.003675 1
116.074317 132.351049 9.766571 1
115.680845 112.288637 8.811214 1
115.359953 95.926820 8.032077 1
117.222789 90.553407 20.660129 1
117.389097 90.091321 27.393975 1
109.907900 169.008800 7.228170 1
109.719302 174.905332 6.352257 1
109.466936 183.556451 4.475147 1
109.277522 191.930077 3.113857 1
108.939487 213.727116 2.409180 1
109.928554 220.170002 3.323688 1
109.370763 236.832453 1.450821 1
105.556658 200.969216 1.913935 1
94.398165 205.433657 2.048016 1
93.903189 201.658970 6.772609 1
92.461498 190.664641 20.533678 1
94.707361 192.980530 26.529629 1
99.214318 197.628008 38.562179 1
99.214318 197.628008 38.562179 1
112.701749 201.078221 1.858141 1
123.986250 204.953822 0.408690 1
123.582269 201.659051 5.487710 1
122.405616 192.062562 20.281076 1
119.803988 194.694944 25.996035 1
114.583098 199.977556 37.464701 1
114.583098 199.977556 37.464701 1
104.664128 167.732173 6.659522 1
103.983094 151.836943 8.547145 1
103.139735 132.153086 10.884682 1
103.921791 112.292310 9.813706 1
104.572719 95.761619 8.922304 1
101.503191 90.255802 21.254189 1
100.674296 89.734447 27.934484 1
115.214324 168.060892 6.600784 1
115.603465 152.108689 8.037537 1
116.085354 132.354503 9.816719 1
115.685122 112.291278 8.881438 1
115.358715 95.928799 8.118675 1
117.207542 90.540748 20.742548 1
117.367464 90.071228 27.476035 1
109.896500 169.010900 7.234410 1
109.705531 174.907477 6.359316 1
109.451326 183.559199 4.485236 1
109.258111 191.933789 3.130423 1
108.898490 213.731312 2.451866 1
109.869506 220.184716 3.309802 1
109.358674 236.861765 1.557340 1
105.531887 200.970292 1.927282 1
94.374803 205.436970 2.098831 1
94.508411 201.893232 7.022154 1
94.897565 191.571575 21.362055 1
97.762685 193.949302 27.062596 1
103.512351 198.720875 38.502325 1
103.512351 198.720875 38.502325 1
112.677016 201.087315 1.899679 1
123.944902 205.035037 0.517140 1
122.796595 201.933096 5.603840 1
119.451989 192.898252 20.419575 1
116.228232 195.283339 25.922066 1
109.758866 200.069685 36.964356 1
109.758866 200.069685 36.964356 1
104.656328 167.729198 6.644388 1
103.972904 151.834784 8.538005 1
103.126586 132.151937 10.882965 1
103.910489 112.290715 9.821654 1
104.562955 95.759653 8.938295 1
101.444107 90.264583 21.262597 1
100.588942 89.748899 27.940020 1
115.206343 168.068454 6.628067 1
115.588478 152.113741 8.038592 1
116.061691 132.356446 9.785294 1
115.666708 112.293079 8.850845 1
115.344582 95.930483 8.088760 1
117.133670 90.537398 20.719089 1
117.261714 90.065188 27.453070 1
109.885200 169.008600 7.255340 1
109.698173 174.908494 6.402017 1
109.453153 183.565346 4.550542 1
109.267605 191.940679 3.199257 1
108.916163 213.737101 2.482152 1
109.840918 220.205135 3.278844 1
109.368938 236.894994 1.641195 1
105.549458 200.975922 1.962142 1
94.398255 205.452488 2.230840 1
95.609889 202.195870 7.204915 1
99.138951 192.710490 21.692637 1
102.965088 195.069259 26.806887 1
110.643304 199.802787 37.070058 1
110.643304 199.802787 37.070058 1
112.694660 201.091399 1.970309 1
123.958565 205.063397 0.625378 1
122.066167 202.384659 5.730116 1
116.554290 194.582453 20.598390 1
112.906256 196.474228 26.027175 1
105.585459 200.270607 36.921550 1
105.585459 200.270607 36.921550 1
104.648051 167.728975 6.634765 1
103.952885 151.835258 8.529966 1
103.092027 132.153276 10.876889 1
103.883964 112.291608 9.829978 1
104.543116 95.760175 8.958605 1
101.367144 90.284862 21.277110 1
100.480989 89.779895 27.951311 1
115.197999 168.068700 6.671356 1
115.567771 152.111762 8.059833 1
116.025674 132.351712 9.779233 1
115.641388 112.288405 8.839038 1
115.327987 95.925859 8.072267 1
117.043265 90.529302 20.711350 1
117.131392 90.055042 27.445827 1
109.879000 169.008300 7.273990 1
109.691914 174.911970 6.447208 1
109.447781 183.577079 4.634650 1
109.258844 191.958233 3.320436 1
108.882078 213.757148 2.698267 1
109.781679 220.251448 3.281486 1
109.342779 236.939771 1.619166 1
105.533378 200.994165 2.110672 1
94.395167 205.497038 2.465009 1
96.091348 202.384649 7.389544 1
101.031725 193.319357 21.732973 1
105.235686 195.606069 26.576146 1
113.672111 200.194995 36.295326 1
113.672111 200.194995 36.295326 1
112.678360 201.118590 2.143382 1
123.939103 205.117953 0.854223 1
121.585391 202.715180 5.904162 1
114.729869 195.716763 20.612826 1
110.826839 197.281247 25.967955 1
102.994321 200.420823 36.714522 1
102.994321 200.420823 36.714522 1
104.644716 167.728929 6.629192 1
103.931601 151.836974 8.532481 1
103.048516 132.157173 10.889419 1
103.845820 112.295816 9.840696 1
104.509440 95.764641 8.967815 1
101.286545 90.302862 21.280140 1
100.375233 89.805138 27.951496 1
115.194295 168.073760 6.704289 1
115.552174 152.114660 8.070868 1
115.995349 132.351934 9.763151 1
115.612802 112.288984 8.814654 1
115.300818 95.926730 8.041112 1
116.953387 90.522742 20.685373 1
117.008481 90.044652 27.419931 1
109.879600 168.994900 7.253530 1
109.691385 174.897647 6.420439 1
109.447372 183.563573 4.611773 1
109.256633 191.949208 3.326732 1
108.865244 213.751454 2.846449 1
109.787295 220.248635 3.358129 1
109.341733 236.903393 1.389236 1
105.528154 200.990126 2.164428 1
94.409776 205.545962 2.459707 1
95.779637 202.487393 7.517738 1
99.769559 193.578860 22.249994 1
103.652479 195.824010 27.372581 1
111.444647 200.329528 37.652484 1
111.444647 200.329528 37.652484 1
112.672899 201.119627 2.220733 1
123.940925 205.077124 0.867600 1
121.556238 202.736235 5.932051 1
114.610497 195.918062 20.682983 1
110.700304 197.545260 26.014144 1
102.853411 200.810689 36.712612 1
102.853411 200.810689 36.712612 1
104.648421 167.711376 6.592003 1
103.924213 151.822647 8.517896 1
103.027390 132.146840 10.902826 1
103.841560 112.286281 9.851936 1
104.519219 95.755771 8.977251 1
101.248671 90.302074 21.280589 1
100.310350 89.809132 27.948556 1
115.197446 168.063404 6.702970 1
115.553846 152.104107 8.067625 1
115.995192 132.341135 9.757524 1
115.613906 112.277799 8.816733 1
115.302951 95.915229 8.049476 1
116.911037 90.504816 20.696725 1
116.942636 90.023371 27.431195 1
109.883100 168.982600 7.233100 1
109.699093 174.888140 6.419087 1
109.463079 183.556948 4.623211 1
109.285008 191.940234 3.321135 1
108.940305 213.740273 2.720105 1
109.850799 220.227950 3.357596 1
109.316500 236.866459 1.276583 1
105.575050 200.982611 2.111878 1
94.454988 205.538311 2.337696 1
95.636811 202.690961 7.563682 1
99.079046 194.397634 22.785132 1
102.637342 196.541928 28.179499 1
109.778061 200.845052 39.004804 1
109.778061 200.845052 39.004804 1
112.720104 201.096950 2.161246 1
123.956551 205.086942 0.650152 1
121.884599 202.679994 5.820140 1
115.849744 195.669415 20.878464 1
112.141841 197.495354 26.289200 1
104.700900 201.159613 37.147358 1
104.700900 201.159613 37.147358 1
104.649947 167.705836 6.574108 1
103.920497 151.816158 8.490172 1
103.017181 132.139177 10.862929 1
103.830264 112.278417 9.814999 1
104.507016 95.747740 8.942777 1
101.253735 90.305489 21.255758 1
100.324964 89.818682 27.925512 1
115.199413 168.048148 6.672835 1
115.551203 152.090885 8.062243 1
115.986838 132.330431 9.782795 1
115.606187 112.266836 8.847298 1
115.295750 95.904054 8.084359 1
116.916474 90.504228 20.734520 1
116.954388 90.028279 27.469348 1
109.859000 168.992400 7.263010 1
109.678873 174.898534 6.452440 1
109.448159 183.566266 4.650697 1
109.279865 191.945524 3.321675 1
108.977866 213.742380 2.595281 1
109.898452 220.225004 3.268675 1
109.336340 236.876684 1.303571 1
105.584434 200.988402 2.072339 1
94.575237 205.806570 2.282116 1
95.319208 203.077160 7.649785 1
97.486135 195.127353 23.283907 1
100.600009 197.098281 29.009106 1
106.848870 201.053497 40.498316 1
106.848870 201.053497 40.498316 1
112.729833 201.088231 2.097207 1
123.870007 205.283558 0.436809 1
122.361664 202.700451 5.715788 1
117.968401 195.176786 21.091565 1
114.593938 197.171268 26.658764 1
107.822139 201.173754 37.830908 1
107.822139 201.173754 37.830908 1
104.622012 167.721998 6.622445 1
103.904821 151.828971 8.515222 1
103.016688 132.147843 10.859143 1
103.826395 112.287424 9.802188 1
104.500339 95.757030 8.922455 1
101.302483 90.310795 21.248187 1
100.403558 89.821889 27.921876 1
115.172157 168.052069 6.682987 1
115.538325 152.094286 8.062674 1
115.991766 132.333188 9.771188 1
115.605561 112.269772 8.834127 1
115.290594 95.907136 8.069913 1
116.973758 90.511013 20.713498 1
117.045115 90.037101 27.448198 1
109.837600 168.996700 7.296920 1
109.666210 174.900957 6.470930 1
109.445405 183.564253 4.646748 1
109.289286 191.940811 3.299343 1
109.033006 213.736910 2.533746 1
109.935369 220.221669 3.211243 1
109.421138 236.866870 1.179280 1
105.608710 200.989659 2.049388 1
94.674356 205.978581 2.157766 1
94.908181 203.429824 7.659057 1
95.589231 196.006194 23.682374 1
98.033886 197.760424 29.790156 1
102.939773 201.280776 42.047128 1
102.939773 201.280776 42.047128 1
112.754355 201.073446 2.042779 1
123.813707 205.447550 0.305218 1
122.978321 202.777829 5.689443 1
120.545139 195.001885 21.371761 1
117.661245 197.125420 27.162480 1
111.873911 201.386888 38.783178 1
111.873911 201.386888 38.783178 1
104.595204 167.735528 6.682903 1
103.912096 151.839361 8.561859 1
103.066169 132.154342 10.888665 1
103.864109 112.294369 9.814517 1
104.528258 95.764347 8.920474 1
101.416065 90.302927 21.261405 1
100.563828 89.805694 27.940601 1
115.146178 168.043651 6.696103 1
115.535074 152.081441 8.017122 1
116.016660 132.314863 9.652985 1
115.632184 112.251140 8.721786 1
115.318627 95.888255 7.962352 1
117.095379 90.489557 20.592024 1
117.215738 90.013972 27.325909 1
109.848900 168.995100 7.302980 1
109.668781 174.898262 6.471042 1
109.431589 183.558865 4.636164 1
109.256237 191.932300 3.271819 1
108.945628 213.725455 2.444960 1
109.942712 220.190206 3.178559 1
109.447872 236.821133 1.028335 1
105.550655 200.968722 2.005947 1
94.683495 206.103495 2.016104 1
94.484580 203.718308 7.591617 1
93.905213 196.771099 23.831119 1
95.735734 198.341431 30.198373 1
99.409189 201.492740 42.976047 1
99.409189 201.492740 42.976047 1
112.696036 201.069581 1.980087 1
123.755253 205.412414 0.164959 1
123.637190 202.674821 5.578535 1
123.293316 194.701192 21.346343 1
121.030980 197.033249 27.329822 1
116.490974 201.713176 39.337344 1
116.490974 201.713176 39.337344 1
104.606371 167.727400 6.703726 1
103.926244 151.831408 8.585251 1
103.084009 132.146608 10.915238 1
103.871742 112.287828 9.811891 1
104.527396 95.758799 8.893545 1
101.435195 90.281933 21.232655 1
100.594815 89.775988 27.912700 1
115.156991 168.047338 6.689631 1
115.541792 152.090442 8.074507 1
116.018305 132.330444 9.789447 1
115.625619 112.266070 8.875888 1
115.305367 95.902653 8.130841 1
117.098402 90.530147 20.769378 1
117.228271 90.068809 27.504077 1
109.872300 168.991400 7.309780 1
109.690877 174.895724 6.486415 1
109.454281 183.556894 4.654137 1
109.287996 191.927779 3.273112 1
109.028378 213.717857 2.352862 1
110.009896 220.178133 3.144579 1
109.531962 236.804600 0.956381 1
105.600385 200.967825 1.980911 1
94.694810 206.020493 1.993876 1
94.236422 203.708937 7.585086 1
92.901298 196.976191 23.870306 1
94.334356 198.521371 30.344673 1
97.210190 201.622206 43.337300 1
97.210190 201.622206 43.337300 1
112.745861 201.050805 1.929883 1
123.790815 205.400013 0.044530 1
124.166820 202.698923 5.464668 1
125.261991 194.831615 21.251589 1
123.499893 197.221001 27.378947 1
119.963754 202.015972 39.675204 1
119.963754 202.015972 39.675204 1
104.627018 167.726233 6.729566 1
103.958715 151.828276 8.598682 1
103.131123 132.141041 10.913301 1
103.905809 112.282209 9.801689 1
104.550603 95.753136 8.876465 1
101.514008 90.272471 21.227692 1
100.704651 89.764156 27.911387 1
115.177607 168.042700 6.674195 1
115.566494 152.087783 8.080558 1
116.048068 132.330235 9.822106 1
115.645541 112.266312 8.902924 1
115.317264 95.903264 8.153290 1
117.161531 90.510340 20.775749 1
117.319541 90.038400 27.509112 1
109.899400 168.994900 7.349770 1
109.712900 174.896568 6.508686 1
109.470675 183.551844 4.649493 1
109.304300 191.918075 3.240557 1
109.057216 213.704884 2.242717 1
110.020206 220.168919 3.026459 1
109.597182 236.806099 0.909543 1
105.622410 200.955494 1.914120 1
94.629156 205.813316 2.019456 1
94.201049 203.501971 7.613154 1
92.954126 196.769841 23.905618 1
94.422698 198.474208 30.331899 1
97.369801 201.894497 43.228029 1
97.369801 201.894497 43.228029 1
112.767959 201.034368 1.866893 1
123.864913 205.260724 0.007671 1
124.359236 202.590582 5.433642 1
125.799021 194.813417 21.237550 1
124.196001 197.290283 27.373846 1
120.979099 202.260811 39.688039 1
120.979099 202.260811 39.688039 1
104.655468 167.723236 6.771559 1
103.969119 151.826791 8.646984 1
103.119180 132.141429 10.969416 1
103.894591 112.283887 9.835485 1
104.539988 95.755888 8.891683 1
101.471729 90.267544 21.231670 1
100.645665 89.754925 27.912991 1
115.205784 168.049125 6.718830 1
115.583301 152.092988 8.114400 1
116.050795 132.333928 9.842582 1
115.643479 112.270421 8.916469 1
115.311295 95.907711 8.161182 1
117.139766 90.510293 20.784018 1
117.290093 90.036210 27.517406 1
109.937900 168.992400 7.377160 1
109.751148 174.889478 6.504536 1
109.509885 183.536607 4.607684 1
109.345762 191.899538 3.179033 1
109.104643 213.686052 2.173327 1
110.041172 220.160373 2.902323 1
109.659380 236.803306 0.823125 1
105.668245 200.937164 1.841916 1
94.623219 205.673919 2.020011 1
94.694773 203.448536 7.664264 1
94.903186 196.966780 24.103978 1
96.916073 198.821422 30.338339 1
100.955495 202.543279 42.849327 1
100.955495 202.543279 42.849327 1
112.813890 201.014750 1.809472 1
123.934150 205.203201 0.004512 1
123.969500 202.544664 5.458510 1
124.072463 194.801297 21.344053 1
121.982766 197.325510 27.312317 1
117.789209 202.391051 39.289309 1
117.789209 202.391051 39.289309 1
104.695656 167.715824 6.794485 1
103.988799 151.821169 8.677451 1
103.113464 132.138024 11.009221 1
103.891946 112.281135 9.865998 1
104.539900 95.753679 8.914462 1
101.418921 90.257011 21.237512 1
100.564510 89.739813 27.914914 1
115.245947 168.045209 6.762544 1
115.610521 152.089510 8.166546 1
116.061989 132.330994 9.905170 1
115.650189 112.268418 8.961025 1
115.314349 95.906469 8.191032 1
117.112339 90.493178 20.811449 1
117.247247 90.010917 27.544584 1
109.956200 168.996100 7.439590 1
109.778324 174.889987 6.543856 1
109.550246 183.531894 4.621746 1
109.391116 191.893595 3.185348 1
109.135964 213.681012 2.202938 1
110.075023 220.166401 2.822016 1
109.704176 236.807793 0.728555 1
105.711822 200.929619 1.842309 1
94.718794 205.786165 2.011020 1
95.728017 203.649341 7.599445 1
98.667528 197.425529 23.876553 1
101.731428 199.342375 29.646898 1
107.880001 203.189061 41.226709 1
107.880001 203.189061 41.226709 1
112.857473 201.013247 1.841102 1
124.020999 205.135310 0.154253 1
122.952359 202.711597 5.613080 1
119.839795 195.652190 21.512687 1
116.853420 197.951043 27.183270 1
110.860427 202.564335 38.562880 1
110.860427 202.564335 38.562880 1
104.715754 167.721449 6.836864 1
104.000179 151.826745 8.716122 1
103.114047 132.143540 11.043301 1
103.892628 112.286570 9.901556 1
104.540663 95.759047 8.951250 1
101.360312 90.251269 21.254143 1
100.474111 89.727912 27.926921 1
115.266339 168.042429 6.853745 1
115.631167 152.082616 8.210111 1
116.082947 132.319004 9.889746 1
115.665851 112.258433 8.906175 1
115.325692 95.898117 8.104030 1
117.085959 90.462273 20.720071 1
117.201719 89.968314 27.452713 1
109.959400 169.001300 7.529730 1
109.785544 174.894124 6.626248 1
109.566426 183.534687 4.697062 1
109.411970 191.896720 3.262090 1
109.149312 213.685170 2.304900 1
110.102139 220.182094 2.760368 1
109.772817 236.828258 0.698135 1
105.734940 200.932198 1.909212 1
94.794739 205.903685 2.148972 1
96.610575 203.643638 7.479072 1
101.899463 197.060918 23.003770 1
105.819254 198.821989 28.285109 1
113.685413 202.356068 38.883590 1
113.685413 202.356068 38.883590 1
112.880430 201.020072 1.948729 1
124.066660 205.130140 0.387713 1
122.031740 203.132878 5.743570 1
116.104747 197.315568 21.343264 1
112.548815 199.068834 26.878612 1
105.412849 202.587252 37.986838 1
105.412849 202.587252 37.986838 1
104.722812 167.724862 6.897956 1
103.997474 151.831176 8.782069 1
103.099252 132.149231 11.115262 1
103.877409 112.292832 9.963343 1
104.525093 95.765784 9.004570 1
101.274182 90.240333 21.281068 1
100.350288 89.707181 27.947955 1
115.273055 168.048076 6.975904 1
115.628779 152.085544 8.302360 1
116.069286 132.318566 9.944957 1
115.648216 112.259042 8.941899 1
115.304815 95.899581 8.123861 1
116.995547 90.437446 20.738056 1
117.075355 89.929851 27.470207 1
109.978700 169.037700 7.529810 1
109.809857 174.925540 6.593481 1
109.599307 183.560780 4.639668 1
109.445497 191.926507 3.226315 1
109.157513 213.721610 2.443828 1
110.186992 220.216317 2.734198 1
109.866901 236.844567 0.530814 1
105.762521 200.967715 1.929041 1
94.812658 205.914517 2.230406 1
96.452474 203.490559 7.545524 1
101.228680 196.430426 23.026582 1
105.052548 198.197853 28.375686 1
112.726210 201.744689 39.110155 1
112.726210 201.744689 39.110155 1
112.907619 201.064784 2.003082 1
124.169337 204.993556 0.519975 1
121.949375 203.070572 5.829312 1
115.483419 197.469609 21.293510 1
111.846045 199.212426 26.779015 1
104.546640 202.709878 37.787216 1
104.546640 202.709878 37.787216 1
104.745458 167.757928 6.877393 1
104.016538 151.866806 8.781643 1
103.113880 132.188035 11.139770 1
103.890942 112.331726 9.985567 1
104.537712 95.804753 9.024891 1
101.219418 90.264226 21.276540 1
100.259483 89.722686 27.937657 1
115.295157 168.081412 7.009159 1
115.643225 152.118831 8.337063 1
116.074252 132.351793 9.981454 1
115.649736 112.292915 8.967005 1
115.303526 95.933980 8.139677 1
116.939109 90.451565 20.752346 1
116.990544 89.933509 27.483976 1
110.010500 169.038900 7.489930 1
109.848755 174.928406 6.562869 1
109.647845 183.566444 4.620442 1
109.504920 191.933507 3.213875 1
109.250846 213.729270 2.438030 1
110.305206 220.217332 2.782601 1
109.939418 236.817118 0.380654 1
105.835016 200.980949 1.923026 1
94.881111 205.920551 2.194042 1
96.264134 203.367423 7.521689 1
100.292391 195.931062 23.039243 1
103.984941 197.819424 28.439042 1
111.395077 201.608950 39.275248 1
111.395077 201.608950 39.275248 1
112.980332 201.066616 1.989738 1
124.242125 204.941201 0.370859 1
122.241241 202.868119 5.710705 1
116.413381 196.829973 21.263763 1
112.862594 198.846881 26.711943 1
105.736951 202.894372 37.645241 1
105.736951 202.894372 37.645241 1
104.774767 167.767368 6.841401 1
104.039569 151.869563 8.686538 1
103.129137 132.182516 10.971465 1
103.894533 112.321236 9.897820 1
104.531595 95.790124 9.004196 1
101.226993 90.254700 21.261851 1
100.274494 89.715936 27.924260 1
115.325044 168.076073 6.961852 1
115.660475 152.121171 8.382084 1
116.075852 132.363642 10.140807 1
115.694205 112.309264 9.025364 1
115.382957 95.954001 8.115671 1
117.024822 90.503245 20.741238 1
117.073638 90.000034 27.474014 1
110.009400 169.041700 7.501200 1
109.846956 174.932933 6.585300 1
109.648319 183.571639 4.645612 1
109.517888 191.934905 3.215449 1
109.327245 213.726308 2.309818 1
110.360851 220.212368 2.743456 1
110.014343 236.822489 0.411107 1
105.871540 200.985546 1.881007 1
94.946482 205.992490 2.067551 1
95.881439 203.303348 7.425668 1
98.604637 195.470829 23.031969 1
101.998764 197.449167 28.592971 1
108.810031 201.419255 39.752676 1
108.810031 201.419255 39.752676 1
113.017244 201.049956 1.926636 1
124.252579 204.976399 0.249892 1
122.713089 202.613830 5.622359 1
118.229106 195.732512 21.270431 1
114.859793 198.130877 26.679150 1
108.098328 202.943868 37.533259 1
108.098328 202.943868 37.533259 1
104.770754 167.773687 6.869523 1
104.035436 151.873991 8.698243 1
103.124855 132.184602 10.962839 1
103.891475 112.323829 9.880707 1
104.529555 95.793140 8.980019 1
101.266466 90.257180 21.248549 1
100.336052 89.718287 27.914068 1
115.321541 168.077434 6.951985 1
115.665515 152.125994 8.408596 1
116.091472 132.372752 10.212368 1
115.713790 112.317955 9.103142 1
115.405774 95.962349 8.198518 1
117.099516 90.532806 20.826373 1
117.174775 90.040486 27.559711 1
109.951600 169.045200 7.522510 1
109.798606 174.932405 6.579485 1
109.614558 183.563578 4.605131 1
109.501306 191.923018 3.151337 1
109.362498 213.713301 2.210018 1
110.392177 220.196073 2.698676 1
110.100716 236.816003 0.429534 1
105.876962 200.980038 1.800327 1
94.990921 206.074395 1.853132 1
95.393360 203.331273 7.250202 1
96.565524 195.341527 22.969960 1
99.476316 197.306405 28.803073 1
105.317637 201.249482 40.508845 1
105.317637 201.249482 40.508845 1
113.022775 201.027675 1.849351 1
124.227100 205.039181 0.166468 1
123.247991 202.393515 5.538336 1
120.396198 194.687637 21.184661 1
117.287733 197.435239 26.583438 1
111.049731 202.949074 37.417594 1
111.049731 202.949074 37.417594 1
104.711145 167.782479 6.895254 1
104.010649 151.880258 8.715670 1
103.143189 132.187742 10.969982 1
103.909351 112.327267 9.882071 1
104.547049 95.796827 8.976573 1
101.313689 90.241674 21.244298 1
100.398750 89.692584 27.911127 1
115.262371 168.070122 6.979171 1
115.639320 152.109976 8.328277 1
116.106111 132.345951 9.998922 1
115.727175 112.290457 8.902815 1
115.418137 95.934281 8.008890 1
117.160739 90.515106 20.634550 1
117.261894 90.028259 27.367946 1
109.943500 169.043400 7.463580 1
109.794019 174.932394 6.531222 1
109.613219 183.566465 4.569280 1
109.504154 191.926866 3.120695 1
109.383860 213.717079 2.175241 1
110.465695 220.181880 2.776357 1
110.196541 236.794023 0.448204 1
105.884627 200.987155 1.778732 1
95.047061 206.183525 1.700891 1
94.889620 203.438874 7.109878 1
94.431051 195.444675 22.864347 1
96.725565 197.298911 29.000769 1
101.330152 201.019953 41.315216 1
101.330152 201.019953 41.315216 1
113.030599 201.027797 1.806186 1
124.224390 205.039263 0.054519 1
123.751621 202.238702 5.416282 1
122.374612 194.081668 21.033178 1
119.610599 197.047254 26.503480 1
114.063840 202.998531 37.481172 1
114.063840 202.998531 37.481172 1
104.699765 167.787453 6.850287 1
104.020314 151.885995 8.685289 1
103.178916 132.194425 10.957665 1
103.933920 112.333677 9.866948 1
104.562332 95.803008 8.959115 1
101.393863 90.239813 21.240120 1
100.514600 89.686210 27.911374 1
115.251507 168.063507 6.902196 1
115.633931 152.112312 8.351882 1
116.107502 132.359373 10.147078 1
115.720476 112.302775 9.074238 1
115.404840 95.945699 8.199289 1
117.193330 90.533780 20.821644 1
117.319541 90.051004 27.554910 1
109.936600 169.038800 7.396060 1
109.795108 174.930741 6.481240 1
109.621592 183.570028 4.541729 1
109.518645 191.933274 3.109209 1
109.420389 213.724759 2.190910 1
110.549524 220.174648 2.861241 1
110.320363 236.781933 0.494467 1
105.903506 200.999629 1.796705 1
95.093903 206.252841 1.664704 1
94.529924 203.433097 7.007552 1
92.887255 195.220181 22.569377 1
94.819656 197.101395 28.821219 1
98.697561 200.876576 41.367287 1
98.697561 200.876576 41.367287 1
113.049569 201.031477 1.787863 1
124.248288 204.995314 -0.039121 1
124.119758 202.156628 5.321896 1
123.745395 193.888552 20.936619 1
121.298488 196.933314 26.513422 1
116.388088 203.043481 37.704838 1
116.388088 203.043481 37.704838 1
104.687239 167.795741 6.805044 1
104.024242 151.892901 8.634076 1
103.203221 132.199619 10.899057 1
103.945410 112.337310 9.828144 1
104.563157 95.805342 8.936794 1
101.481853 90.251415 21.244145 1
100.650380 89.702683 27.921926 1
115.239674 168.049258 6.805727 1
115.625172 152.103228 8.310388 1
116.102549 132.356686 10.173662 1
115.709662 112.299588 9.112349 1
115.389246 95.942106 8.246802 1
117.244891 90.541201 20.864180 1
117.407017 90.064331 27.597097 1
109.920500 169.039200 7.349290 1
109.773665 174.927538 6.412379 1
109.594370 183.561086 4.447998 1
109.483082 191.922549 3.005726 1
109.350066 213.714347 2.099321 1
110.571031 220.137794 2.856907 1
110.425181 236.760861 0.596730 1
105.856921 200.983317 1.685073 1
95.031834 206.205838 1.622335 1
94.432239 203.344024 6.938871 1
92.685833 195.008571 22.424060 1
94.694859 197.059339 28.597943 1
98.726535 201.174778 40.987564 1
98.726535 201.174778 40.987564 1
113.002902 201.027658 1.702447 1
124.255687 204.868077 -0.054593 1
124.130735 202.062407 5.323861 1
123.766794 193.890495 20.989371 1
121.416307 196.914955 26.618448 1
116.699400 202.984382 37.914767 1
116.699400 202.984382 37.914767 1
104.675311 167.786037 6.742774 1
104.000193 151.886012 8.591736 1
103.164160 132.196216 10.881398 1
103.916738 112.334935 9.798731 1
104.543130 95.803823 8.897598 1
101.394119 90.255984 21.190549 1
100.525779 89.710599 27.863910 1
115.227274 168.055544 6.782850 1
115.611956 152.104543 8.234076 1
116.088324 132.351845 10.031181 1
115.697469 112.293048 9.001691 1
115.378711 95.934181 8.162096 1
117.183785 90.554417 20.795832 1
117.319272 90.088937 27.530135 1
109.931200 169.033000 7.332560 1
109.787085 174.921054 6.393445 1
109.611658 183.555078 4.430809 1
109.499902 191.918483 2.999880 1
109.351016 213.712386 2.148170 1
110.578583 220.133673 2.913354 1
110.504230 236.777418 0.807108 1
105.869386 200.979580 1.693519 1
95.061382 206.236848 1.596888 1
94.924709 203.453954 6.986866 1
94.526631 195.348366 22.685967 1
97.124513 197.546148 28.583376 1
102.337892 201.956609 40.418175 1
102.337892 201.956609 40.418175 1
113.015267 201.029742 1.727925 1
124.260482 204.929640 0.055467 1
123.652753 202.295680 5.487600 1
121.882657 194.623895 21.309461 1
119.162808 197.449156 26.875338 1
113.704674 203.118834 38.044827 1
113.704674 203.118834 38.044827 1
104.687541 167.779902 6.712827 1
104.001421 151.881768 8.573962 1
103.151763 132.194314 10.878698 1
103.910290 112.332479 9.810444 1
104.541635 95.800906 8.921308 1
101.356382 90.266120 21.210804 1
100.468188 89.727882 27.882133 1
115.239377 168.048912 6.780195 1
115.618124 152.098312 8.237379 1
116.087142 132.346111 10.041860 1
115.697503 112.287556 9.007213 1
115.379737 95.928886 8.163412 1
117.151537 90.530493 20.793911 1
117.269580 90.055182 27.527856 1
109.902200 169.033500 7.358680 1
109.766848 174.921954 6.420769 1
109.605308 183.556701 4.460122 1
109.499172 191.920447 3.030761 1
109.335570 213.714365 2.182130 1
110.538126 220.136688 2.977732 1
110.490562 236.801661 1.045777 1
105.867891 200.978543 1.705846 1
95.107381 206.331989 1.590916 1
95.976792 203.726021 7.000916 1
98.509079 196.135756 22.758333 1
102.072188 198.262477 28.156478 1
109.222567 202.530338 38.989364 1
109.222567 202.530338 38.989364 1
113.013422 201.035070 1.780007 1
124.252432 205.003723 0.232229 1
122.857355 202.694201 5.666844 1
118.793995 195.967393 21.495929 1
115.548867 198.384458 26.971840 1
109.036613 203.234978 37.960788 1
109.036613 203.234978 37.960788 1
104.661534 167.783560 6.708020 1
103.970421 151.884614 8.560350 1
103.114581 132.196154 10.854183 1
103.884340 112.333427 9.810837 1
104.525033 95.801112 8.942431 1
101.278505 90.277848 21.221072 1
100.356316 89.746112 27.888308 1
115.212949 168.046618 6.836867 1
115.588714 152.093865 8.271073 1
116.054038 132.338997 10.047101 1
115.672163 112.281261 8.993868 1
115.360728 95.923258 8.134910 1
117.069399 90.520714 20.772330 1
117.153533 90.043102 27.506621 1
109.950500 169.022800 7.356440 1
109.795412 174.916404 6.454629 1
109.614287 183.560467 4.537218 1
109.501734 191.928112 3.131360 1
109.345644 213.722598 2.296013 1
110.512418 220.157847 3.038681 1
110.440185 236.851304 1.371553 1
105.878100 200.987667 1.795533 1
95.138559 206.384264 1.782811 1
96.926076 203.796621 6.971638 1
102.132484 196.259728 22.084856 1
106.436761 198.088838 27.033212 1
115.074496 201.759457 36.963470 1
115.074496 201.759457 36.963470 1
113.023222 201.042947 1.902704 1
124.232344 205.133422 0.458828 1
122.009907 203.268060 5.787652 1
115.536745 197.834928 21.308607 1
111.835214 199.626780 26.735079 1
104.407060 203.222635 37.624814 1
104.407060 203.222635 37.624814 1
104.717457 167.756221 6.677232 1
103.980161 151.865061 8.577946 1
103.067131 132.186245 10.931695 1
103.844883 112.325031 9.865725 1
104.492230 95.793975 8.978490 1
101.154303 90.277988 21.235877 1
100.183120 89.749984 27.896450 1
115.267151 168.060204 6.849577 1
115.604864 152.100127 8.209857 1
116.023067 132.336190 9.894340 1
115.638892 112.277381 8.862590 1
115.325581 95.918503 8.021151 1
116.909473 90.498427 20.667316 1
116.928674 90.012003 27.401475 1
109.915200 169.025200 7.390410 1
109.781015 174.913603 6.452014 1
109.620073 183.552158 4.508162 1
109.503817 191.924277 3.129504 1
109.277543 213.725135 2.502486 1
110.531816 220.155955 3.132338 1
110.416490 236.850912 1.482744 1
105.851931 200.984385 1.876962 1
95.043351 206.239442 2.018909 1
96.433677 203.330758 7.159103 1
100.483207 194.858788 22.130670 1
104.594800 196.869362 27.171609 1
112.845861 200.904140 37.287662 1
112.845861 200.904140 37.287662 1
112.996735 201.061834 1.991401 1
124.295291 204.893344 0.534241 1
121.611833 203.316902 5.742796 1
113.795880 198.725292 20.913452 1
109.939411 200.237352 26.317153 1
102.200330 203.271724 37.161192 1
102.200330 203.271724 37.161192 1
104.679636 167.771184 6.707329 1
103.987408 151.876180 8.592777 1
103.130187 132.192602 10.927622 1
103.880297 112.331733 9.835719 1
104.504637 95.800965 8.926899 1
101.188390 90.280607 21.188203 1
100.232428 89.749051 27.850695 1
115.229844 168.042522 6.901347 1
115.577924 152.089315 8.337488 1
116.008966 132.333885 10.115912 1
115.631522 112.279769 8.994357 1
115.323701 95.924718 8.079679 1
116.931452 90.477629 20.711218 1
116.962323 89.976455 27.444252 1
109.957600 169.011800 7.418970 1
109.810986 174.898946 6.474568 1
109.632212 183.534578 4.519318 1
109.504296 191.903880 3.124683 1
109.266715 213.702986 2.443293 1
110.503235 220.112235 3.290587 1
110.428924 236.798373 1.551812 1
105.844912 200.959226 1.859650 1
94.931173 205.992764 1.982027 1
96.109792 203.031335 7.144956 1
99.542695 194.405738 22.182743 1
103.468723 196.656390 27.269936 1
111.347399 201.172951 37.478810 1
111.347399 201.172951 37.478810 1
112.989977 201.040035 1.953615 1
124.250307 204.930425 0.362706 1
121.750895 203.213402 5.618173 1
114.471002 198.212327 20.925465 1
110.675402 199.880251 26.326402 1
103.058473 203.227407 37.164894 1
103.058473 203.227407 37.164894 1
104.722095 167.748480 6.752794 1
103.975755 151.854647 8.627447 1
103.051525 132.172520 10.948923 1
103.834474 112.312295 9.868427 1
104.486144 95.782062 8.969101 1
101.137725 90.259205 21.220531 1
100.160463 89.727595 27.879928 1
115.272373 168.037278 6.915207 1
115.607470 152.073973 8.237727 1
116.022435 132.306038 9.875450 1
115.635282 112.249638 8.798950 1
115.319542 95.892724 7.921015 1
116.935127 90.440738 20.549442 1
116.971085 89.937267 27.282279 1
109.966200 169.016200 7.511180 1
109.807237 174.901152 6.555172 1
109.611525 183.530166 4.572518 1
109.473923 191.891414 3.131275 1
109.233291 213.684368 2.276262 1
110.401858 220.084160 3.277497 1
110.373462 236.794994 1.793162 1
105.810264 200.936281 1.805122 1
94.877905 205.930583 1.845584 1
95.672714 202.924655 7.055931 1
97.987714 194.169448 22.231830 1
101.526049 196.397508 27.605340 1
108.626708 200.868732 38.388788 1
108.626708 200.868732 38.388788 1
112.955581 201.017975 1.876429 1
124.197232 204.951128 0.258792 1
122.279136 202.827890 5.609299 1
116.692407 196.643658 21.193411 1
113.132072 198.781279 26.589082 1
105.987269 203.071013 37.417005 1
105.987269 203.071013 37.417005 1
104.730386 167.743460 6.865684 1
103.984464 151.848047 8.727060 1
103.060753 132.163964 11.032095 1
103.841256 112.306033 9.908519 1
104.490891 95.777710 8.973336 1
101.161359 90.242812 21.224481 1
100.194871 89.704484 27.884910 1
115.280703 168.048813 6.991080 1
115.625297 152.087076 8.329987 1
116.052021 132.321082 9.988001 1
115.653125 112.264165 8.925516 1
115.327810 95.906830 8.059012 1
116.986622 90.457970 20.683183 1
117.046517 89.956471 27.415996 1
109.996300 169.026400 7.579980 1
109.824056 174.908476 6.608695 1
109.611199 183.531666 4.602610 1
109.464327 191.888468 3.136700 1
109.221775 213.678567 2.212299 1
110.376383 220.075050 3.250202 1
110.311899 236.800982 1.948255 1
105.797904 200.929028 1.788997 1
94.901973 206.001748 1.703181 1
95.160853 202.982522 6.959824 1
95.914878 194.188583 22.270568 1
98.878925 196.275909 28.033915 1
104.827116 200.464712 39.599680 1
104.827116 200.464712 39.599680 1
112.943351 201.010964 1.845523 1
124.162161 205.013627 0.239855 1
122.910610 202.542141 5.638053 1
119.265290 195.343588 21.361070 1
116.048211 197.863447 26.807113 1
109.592247 202.920250 37.736122 1
109.592247 202.920250 37.736122 1
104.761328 167.742213 6.950523 1
104.022208 151.847484 8.820434 1
103.106919 132.164248 11.136039 1
103.874011 112.308173 9.971182 1
104.512484 95.781395 9.001641 1
101.199164 90.227312 21.248497 1
100.243071 89.678011 27.909531 1
115.311329 168.067510 7.049622 1
115.660008 152.102952 8.353385 1
116.091791 132.333467 9.967880 1
115.672567 112.275490 8.933596 1
115.330672 95.917291 8.090092 1
117.011848 90.462554 20.708765 1
117.085866 89.958670 27.441260 1
110.067500 169.016000 7.562410 1
109.888485 174.902384 6.618844 1
109.658320 183.532668 4.645440 1
109.487722 191.891847 3.195746 1
109.171833 213.681094 2.273403 1
110.342252 220.074612 3.311860 1
110.258579 236.793728 1.926145 1
105.787177 200.920676 1.862738 1
94.969945 206.152837 1.592285 1
94.589569 203.106409 6.825796 1
93.481671 194.233238 22.069161 1
95.769514 196.170015 28.182535 1
100.360711 200.056697 40.450729 1
100.360711 200.056697 40.450729 1
112.932490 201.025484 1.891547 1
124.109063 205.094812 0.163555 1
123.483295 202.443139 5.585013 1
121.660658 194.719762 21.375778 1
118.871139 197.441290 26.958836 1
113.273193 202.902799 38.162803 1
113.273193 202.902799 38.162803 1
104.831121 167.731613 6.945187 1
104.093093 151.838849 8.832148 1
103.179157 132.158045 11.168866 1
103.923285 112.302251 9.984484 1
104.542645 95.775707 8.998690 1
101.274285 90.216693 21.255386 1
100.345011 89.663898 27.919926 1
115.381212 168.062723 7.009224 1
115.718143 152.098943 8.325526 1
116.135378 132.330419 9.955550 1
115.698795 112.272343 8.930418 1
115.342743 95.914062 8.094377 1
117.040850 90.455378 20.709076 1
117.125810 89.950040 27.441333 1
110.128400 169.007100 7.566370 1
109.943457 174.896682 6.644144 1
109.698306 183.532536 4.697089 1
109.506668 191.893748 3.261817 1
109.126413 213.682331 2.348141 1
110.341057 220.064590 3.404916 1
110.259004 236.770979 1.873298 1
105.775488 200.912697 1.947458 1
94.997442 206.222852 1.635760 1
94.078364 203.084298 6.746515 1
91.401416 193.942802 21.632340 1
93.100386 195.773642 27.966390 1
96.509847 199.447734 40.677432 1
96.509847 199.447734 40.677432 1
112.920541 201.037339 1.946178 1
124.102762 205.061565 0.150433 1
124.116044 202.353594 5.580154 1
124.154729 194.466243 21.394989 1
121.953229 197.303083 27.179832 1
117.535308 202.995996 38.788737 1
117.535308 202.995996 38.788737 1
104.890474 167.722482 6.962904 1
104.142332 151.830177 8.849751 1
103.215871 132.149942 11.186328 1
103.942766 112.294884 9.979126 1
104.547781 95.768953 8.974338 1
101.311165 90.215888 21.242150 1
100.401330 89.665577 27.909576 1
115.440575 168.058219 6.991300 1
115.765171 152.095873 8.327947 1
116.167132 132.329126 9.983163 1
115.711917 112.270800 8.971110 1
115.340670 95.912316 8.145736 1
117.056766 90.453285 20.757850 1
117.153432 89.948478 27.489989 1
110.178800 169.034800 7.591270 1
109.986840 174.921305 6.651010 1
109.726721 183.551979 4.683042 1
109.514254 191.911362 3.240069 1
109.066915 213.699198 2.339036 1
110.326613 220.071679 3.402051 1
110.283287 236.771886 1.802914 1
105.753463 200.919798 1.938059 1
94.935540 206.152249 1.703221 1
93.708539 202.897415 6.674696 1
90.134718 193.417233 21.154846 1
91.557952 195.366723 27.521365 1
94.414072 199.278919 40.297565 1
94.414072 199.278919 40.297565 1
112.898094 201.065850 1.922623 1
124.117507 204.995227 0.148942 1
124.600748 202.312667 5.569782 1
126.008256 194.499331 21.358750 1
124.330521 197.373956 27.298481 1
120.963681 203.142697 39.218212 1
120.963681 203.142697 39.218212 1
104.941195 167.743335 6.999748 1
104.178486 151.850455 8.875880 1
103.233986 132.169506 11.199188 1
103.953759 112.316461 9.955176 1
104.552847 95.792205 8.919750 1
101.304904 90.238063 21.184080 1
100.390468 89.686630 27.850785 1
115.491002 168.089180 7.011098 1
115.821984 152.123511 8.305824 1
116.231852 132.352648 9.909127 1
115.749507 112.294226 8.911632 1
115.356134 95.935664 8.098131 1
117.094803 90.465670 20.702400 1
117.206875 89.956148 27.433945 1
110.198300 169.058000 7.669650 1
110.009499 174.941754 6.711694 1
109.753055 183.569373 4.729898 1
109.542019 191.930491 3.296801 1
109.095626 213.721747 2.482151 1
110.342760 220.110120 3.461288 1
110.288108 236.813334 1.894227 1
105.780322 200.944341 2.035521 1
94.868133 205.980736 1.894020 1
93.753984 202.729757 6.894505 1
90.508863 193.260802 21.459150 1
92.051890 195.379907 27.743028 1
95.148407 199.632482 40.353387 1
95.148407 199.632482 40.353387 1
112.924939 201.089769 2.010660 1
124.140080 205.062893 0.308876 1
124.750067 202.365076 5.709327 1
126.526738 194.507300 21.438904 1
124.915794 197.436829 27.370294 1
121.682988 203.315748 39.273286 1
121.682988 203.315748 39.273286 1
104.959138 167.768481 7.087750 1
104.201104 151.864565 8.869909 1
103.262392 132.169951 11.076847 1
103.960127 112.309918 9.936123 1
104.540873 95.779844 8.986667 1
101.295925 90.225705 21.251791 1
100.383974 89.673978 27.918811 1
115.509194 168.106828 7.086588 1
115.777976 152.152436 8.526594 1
116.110821 132.395539 10.309803 1
115.748374 112.341973 9.173560 1
115.452784 95.987371 8.246903 1
117.144937 90.604343 20.894869 1
117.217684 90.136234 27.629961 1
110.222900 169.053900 7.658160 1
110.033809 174.937225 6.697633 1
109.775305 183.566215 4.722081 1
109.555256 191.931415 3.314389 1
109.062062 213.725711 2.616384 1
110.352484 220.122100 3.480314 1
110.262717 236.829946 1.965101 1
105.777341 200.943473 2.089295 1
94.888872 206.032207 2.004428 1
94.287610 202.908062 7.170978 1
92.536345 193.808529 22.219312 1
94.716014 196.029698 28.275228 1
99.090131 200.487093 40.428116 1
99.090131 200.487093 40.428116 1
112.921652 201.105147 2.089355 1
124.137297 205.099180 0.440664 1
124.329010 202.331631 5.836874 1
124.887402 194.270752 21.554100 1
122.751054 197.309624 27.260233 1
118.463878 203.407971 38.711183 1
118.463878 203.407971 38.711183 1
104.986871 167.760670 7.056628 1
104.210584 151.865194 8.904998 1
103.249270 132.181031 11.193927 1
103.957023 112.324639 9.997350 1
104.546107 95.797597 9.001407 1
101.248055 90.247413 21.254151 1
100.307699 89.697676 27.917388 1
115.536624 168.106124 7.095720 1
115.861563 152.148186 8.483920 1
116.263947 132.386897 10.202976 1
115.821410 112.333462 9.093105 1
115.460503 95.978966 8.187956 1
117.170500 90.568569 20.821836 1
117.262156 90.089106 27.555898 1
110.225300 169.057500 7.648670 1
110.039800 174.942892 6.700182 1
109.788891 183.576447 4.743686 1
109.577008 191.945228 3.356170 1
109.103825 213.741717 2.715143 1
110.353444 220.155709 3.505404 1
110.244113 236.869883 2.063014 1
105.809247 200.963753 2.147510 1
94.937720 206.089013 2.094831 1
95.333780 203.175688 7.402440 1
96.487366 194.690200 22.861629 1
99.693637 196.977118 28.415771 1
106.127918 201.566458 39.561710 1
106.127918 201.566458 39.561710 1
112.953679 201.119287 2.162256 1
124.116811 205.300376 0.624678 1
123.534441 202.542358 5.997698 1
121.838205 194.509240 21.647381 1
118.879877 197.457510 27.024617 1
112.943168 203.374039 37.815546 1
112.943168 203.374039 37.815546 1
104.990098 167.767070 7.034071 1
104.219938 151.866120 8.837380 1
103.266210 132.175180 11.070507 1
103.960761 112.314755 9.934674 1
104.538856 95.784355 8.989289 1
101.228132 90.243436 21.242808 1
100.281772 89.698430 27.905584 1
115.539852 168.109361 7.094728 1
115.861828 152.146720 8.428484 1
116.260544 132.379608 10.080120 1
115.818124 112.324325 9.004098 1
115.457313 95.968323 8.126554 1
117.138537 90.546866 20.759555 1
117.215308 90.061662 27.493392 1
110.234900 169.052400 7.659600 1
110.061105 174.945386 6.757162 1
109.830220 183.593186 4.862078 1
109.636005 191.970313 3.523194 1
109.198359 213.770213 2.980441 1
110.394426 220.213221 3.598847 1
110.299785 236.933516 2.228141 1
105.886288 201.000082 2.342687 1
95.045073 206.189114 2.398983 1
96.471736 203.404276 7.597479 1
100.627102 195.293028 22.738858 1
104.731438 197.434333 27.731644 1
112.967937 201.731459 37.751063 1
112.967937 201.731459 37.751063 1
113.030854 201.144522 2.383196 1
124.139350 205.520001 0.998402 1
122.823467 202.853318 6.287297 1
118.990772 195.086223 21.691955 1
115.376751 197.780463 26.794757 1
108.124212 203.187211 37.034959 1
108.124212 203.187211 37.034959 1
104.999999 167.774531 7.016840 1
104.233673 151.873831 8.823980 1
103.284694 132.183200 11.061852 1
103.978579 112.322250 9.934828 1
104.556120 95.791413 8.996776 1
101.240551 90.259897 21.253234 1
100.291756 89.719935 27.916074 1
115.549962 168.100913 7.116392 1
115.873104 152.135930 8.421523 1
116.273264 132.365918 10.037714 1
115.825682 112.311300 8.951483 1
115.460660 95.955840 8.065614 1
117.105097 90.533155 20.702929 1
117.163289 90.047646 27.436930 1
110.239400 169.040800 7.671900 1
110.061898 174.936451 6.787779 1
109.821129 183.593394 4.936166 1
109.609816 191.981629 3.671471 1
109.108523 213.785287 3.405097 1
110.374432 220.233902 3.776843 1
110.311723 236.942150 2.264699 1
105.833971 201.014646 2.604568 1
94.947399 206.102977 2.833943 1
96.169805 202.990657 7.896969 1
99.730242 193.925569 22.643774 1
103.887815 196.365307 27.452196 1
112.231151 201.261322 37.101640 1
112.231151 201.261322 37.101640 1
112.978074 201.179438 2.648813 1
124.110249 205.514288 1.327865 1
122.361705 202.935259 6.534242 1
117.268821 195.423469 21.698553 1
113.379743 197.962665 26.677130 1
105.575227 203.058275 36.668038 1
105.575227 203.058275 36.668038 1
105.005999 167.761008 7.020798 1
104.231217 151.862759 8.845806 1
103.271765 132.175163 11.105804 1
103.968420 112.315088 9.965148 1
104.548266 95.784980 9.015748 1
101.221074 90.257573 21.270910 1
100.266072 89.719807 27.933041 1
115.555627 168.095023 7.130124 1
115.865735 152.129851 8.436103 1
116.249755 132.359604 10.053342 1
115.801279 112.304948 8.968177 1
115.435529 95.949458 8.083176 1
117.044771 90.516977 20.720815 1
117.084719 90.026422 27.454583 1
110.240600 169.027600 7.651370 1
110.060265 174.922663 6.763905 1
109.818913 183.580030 4.914353 1
109.614848 191.970768 3.665168 1
109.152893 213.776086 3.474210 1
110.419790 220.209461 4.050425 1
110.255977 236.874774 2.127788 1
105.855056 201.014222 2.630470 1
94.866025 205.879995 2.793622 1
95.910772 202.657279 7.827273 1
98.953750 193.270645 22.488521 1
102.991401 196.009186 27.237882 1
111.094079 201.504833 36.768802 1
111.094079 201.504833 36.768802 1
112.999457 201.165955 2.673371 1
124.087610 205.550522 1.160229 1
122.148846 203.106894 6.364559 1
116.501921 195.989483 21.522906 1
112.538397 198.342204 26.534277 1
104.584481 203.063600 36.590997 1
104.584481 203.063600 36.590997 1
105.007278 167.745414 7.004361 1
104.222843 151.848562 8.837391 1
103.251439 132.162695 11.107324 1
103.959775 112.303690 9.955286 1
104.549344 95.774472 8.996412 1
101.217022 90.250894 21.251906 1
100.258188 89.715569 27.913684 1
115.556843 168.083549 7.106754 1
115.867281 152.119079 8.421207 1
116.251708 132.349701 10.048941 1
115.802877 112.294745 8.969495 1
115.436837 95.939009 8.089159 1
117.050981 90.501689 20.724091 1
117.093568 90.008563 27.457655 1
110.221800 169.020200 7.701500 1
110.040164 174.916948 6.825572 1
109.798496 183.573640 4.972905 1
109.600305 191.958119 3.681459 1
109.171267 213.761225 3.278638 1
110.363026 220.186106 4.069823 1
110.149345 236.870174 2.322755 1
105.852757 200.996827 2.564175 1
94.826621 205.779947 2.649332 1
95.698314 202.495552 7.676054 1
98.237250 192.929268 22.317120 1
102.050513 195.575531 27.298585 1
109.702893 200.885997 37.295284 1
109.702893 200.885997 37.295284 1
112.997436 201.137991 2.595113 1
124.061882 205.540081 0.963919 1
122.224391 203.048173 6.182078 1
116.872436 195.790139 21.380707 1
113.020992 198.021672 26.532922 1
105.291998 202.499867 36.872282 1
105.291998 202.499867 36.872282 1
104.986956 167.739767 7.063390 1
104.195788 151.842520 8.890093 1
103.216045 132.156164 11.152191 1
103.936571 112.299040 9.975559 1
104.536286 95.771387 8.996216 1
101.222055 90.246169 21.255876 1
100.271755 89.710401 27.918840 1
115.536754 168.076645 7.143602 1
115.857608 152.111162 8.443165 1
116.254934 132.340529 10.052459 1
115.801718 112.285865 8.969419 1
115.432102 95.930368 8.086151 1
117.079606 90.484938 20.713282 1
117.140185 89.987560 27.446396 1
110.198800 169.019300 7.750020 1
110.021903 174.911704 6.844393 1
109.788459 183.558532 4.945193 1
109.602462 191.935369 3.603324 1
109.219422 213.736168 3.055423 1
110.314208 220.164454 3.952052 1
110.034535 236.886077 2.623467 1
105.871976 200.974484 2.433469 1
94.882218 205.840966 2.494573 1
95.525013 202.461954 7.492986 1
97.397248 192.620083 22.051596 1
100.895739 194.858223 27.446961 1
107.916440 199.349674 38.274268 1
107.916440 199.349674 38.274268 1
113.016991 201.100396 2.448351 1
124.030276 205.635140 0.834404 1
122.559201 202.817059 6.002530 1
118.274484 194.608998 21.055428 1
114.654520 196.675320 26.439185 1
107.390055 200.821973 37.243202 1
107.390055 200.821973 37.243202 1
104.961022 167.741700 7.130585 1
104.183591 151.841914 8.941024 1
103.220859 132.152416 11.182981 1
103.942296 112.296477 9.987051 1
104.542770 95.769812 8.991646 1
101.261828 90.221326 21.249751 1
100.328911 89.673156 27.914164 1
115.511357 168.066741 7.184645 1
115.844273 152.101259 8.481182 1
116.256535 132.330628 10.086729 1
115.804064 112.276888 8.986410 1
115.435054 95.922144 8.089050 1
117.138201 90.460874 20.701950 1
117.227834 89.954832 27.434094 1
110.189500 169.023400 7.788620 1
110.013379 174.912956 6.864501 1
109.778064 183.554163 4.940117 1
109.588200 191.927421 3.576629 1
109.193418 213.726724 2.979708 1
110.258226 220.154271 3.916817 1
109.949851 236.889522 2.780002 1
105.850855 200.962043 2.394029 1
94.823591 205.742897 2.330280 1
95.244918 202.235472 7.263383 1
96.472093 192.019585 21.631767 1
99.473870 193.710980 27.504347 1
105.497777 197.105235 39.289318 1
105.497777 197.105235 39.289318 1
112.995824 201.091423 2.393469 1
124.014519 205.607293 0.763607 1
122.978037 202.337467 5.768516 1
119.959135 192.813635 20.346021 1
116.737533 194.604690 26.070710 1
110.272493 198.198944 37.558902 1
110.272493 198.198944 37.558902 1
104.949942 167.746148 7.183687 1
104.185701 151.846159 8.997942 1
103.239304 132.156407 11.244624 1
103.957784 112.301736 10.026077 1
104.555796 95.776127 9.011846 1
101.304801 90.202669 21.266601 1
100.387965 89.640989 27.932120 1
115.500505 168.066681 7.215737 1
115.834906 152.104597 8.553085 1
116.249009 132.338173 10.209169 1
115.793292 112.285354 9.093517 1
115.421636 95.931361 8.183653 1
117.159327 90.453934 20.784829 1
117.267453 89.939280 27.516048 1
110.179300 169.013900 7.822840 1
110.002514 174.902154 6.890588 1
109.763655 183.540491 4.953792 1
109.567242 191.911679 3.578572 1
109.147979 213.709689 2.951881 1
110.228539 220.124959 3.952906 1
109.951592 236.861228 2.823014 1
105.819454 200.940502 2.384788 1
94.723945 205.560871 2.329573 1
94.848765 201.801534 7.090544 1
95.212320 190.851913 20.957570 1
97.637976 191.988204 27.217259 1
102.505734 194.268488 39.779074 1
102.505734 194.268488 39.779074 1
112.964273 201.077838 2.381745 1
124.056402 205.404740 0.737436 1
123.442927 201.695271 5.499646 1
121.656092 190.890915 19.370259 1
119.015540 192.266611 25.493462 1
113.716538 195.027331 37.781382 1
113.716538 195.027331 37.781382 1
104.939733 167.735377 7.220673 1
104.177677 151.835854 9.039934 1
103.233984 132.146681 11.292816 1
103.957452 112.293677 10.050308 1
104.559616 95.769454 9.016134 1
101.308568 90.179342 21.263287 1
100.391125 89.608801 27.927970 1
115.490276 168.056827 7.250277 1
115.825262 152.091638 8.549883 1
116.240089 132.321370 10.159231 1
115.774502 112.268514 9.048320 1
115.394795 95.914491 8.142322 1
117.136110 90.420427 20.735752 1
117.247348 89.897284 27.466267 1
110.185500 169.002400 7.843470 1
110.002420 174.892885 6.926654 1
109.756609 183.535383 5.009391 1
109.559853 191.908650 3.646938 1
109.157677 213.707470 3.037438 1
110.250923 220.114388 4.077425 1
110.054808 236.846226 2.867811 1
105.818191 200.941432 2.463926 1
94.641533 205.361983 2.510868 1
94.457780 201.249697 6.968488 1
93.922574 189.272059 19.951960 1
95.748578 189.788107 26.490926 1
99.412968 190.823700 39.613187 1
99.412968 190.823700 39.613187 1
112.963113 201.072965 2.453691 1
124.158397 205.133755 0.829876 1
123.905653 201.063558 5.322623 1
123.169499 189.208530 18.408386 1
121.211041 190.006455 24.880358 1
117.280851 191.607716 37.868181 1
117.280851 191.607716 37.868181 1
104.946241 167.720915 7.244933 1
104.169405 151.822405 9.066795 1
103.207411 132.134487 11.322897 1
103.939538 112.283376 10.055447 1
104.548908 95.760730 9.000513 1
101.296959 90.169348 21.246846 1
100.378447 89.598315 27.911340 1
115.496534 168.051390 7.261417 1
115.831754 152.086464 8.564189 1
116.246872 132.316521 10.177457 1
115.774945 112.263821 9.066411 1
115.390068 95.909925 8.160302 1
117.137088 90.407128 20.749129 1
117.252090 89.879559 27.479234 1
110.163100 169.003600 7.969090 1
109.983771 174.896987 7.070361 1
109.745808 183.545258 5.178304 1
109.565052 191.922410 3.837693 1
109.229595 213.723702 3.278330 1
110.287802 220.136658 4.317344 1
110.173395 236.864514 3.043841 1
105.849049 200.969465 2.683219 1
94.603174 205.208276 2.837921 1
94.178924 200.739844 6.920588 1
92.943237 187.724880 18.811953 1
94.195015 187.485919 25.500347 1
96.707060 187.006375 38.922479 1
96.707060 187.006375 38.922479 1
112.994308 201.078757 2.657775 1
124.226471 205.061018 1.095317 1
124.273496 200.721242 5.335517 1
124.410462 188.081027 17.685699 1
123.063996 188.158512 24.359506 1
120.361940 188.314008 37.752365 1
120.361940 188.314008 37.752365 1
104.921058 167.729240 7.379779 1
104.150413 151.826765 9.169378 1
103.196084 132.133936 11.385528 1
103.934689 112.284149 10.101235 1
104.549452 95.762603 9.032283 1
101.336277 90.168448 21.287582 1
100.437844 89.596257 27.954713 1
115.471692 168.048939 7.370961 1
115.778223 152.081075 8.644471 1
116.157814 132.307495 10.221504 1
115.731507 112.252796 9.128240 1
115.383836 95.897270 8.236634 1
117.132435 90.418586 20.835755 1
117.242606 89.901972 27.566791 1
110.105500 169.004200 8.033000 1
109.935450 174.898934 7.141331 1
109.705613 183.551262 5.266901 1
109.523831 191.933319 3.957445 1
109.165481 213.736949 3.515759 1
110.211141 220.161943 4.491153 1
110.192957 236.885937 3.163095 1
105.797026 200.982648 2.856872 1
94.534921 205.177322 3.032580 1
93.954432 200.422187 6.756391 1
92.263674 186.572159 17.602536 1
92.995244 185.398963 24.269401 1
94.463347 183.044617 37.648328 1
94.463347 183.044617 37.648328 1
112.942127 201.099372 2.821921 1
124.198288 205.046744 1.346024 1
124.462139 200.494095 5.348390 1
125.230644 187.233860 17.005849 1
124.360931 186.671332 23.735324 1
122.615615 185.542463 37.239897 1
122.615615 185.542463 37.239897 1
104.860715 167.739541 7.447204 1
104.102599 151.833457 9.209875 1
103.163785 132.136159 11.392679 1
103.904362 112.287536 10.091630 1
104.520766 95.766960 9.008730 1
101.338901 90.165196 21.268722 1
100.456973 89.589048 27.937715 1
115.411870 168.041118 7.428689 1
115.713192 152.073127 8.701855 1
116.086332 132.299390 10.278460 1
115.659352 112.246570 9.151513 1
115.311133 95.892576 8.232437 1
117.079817 90.396555 20.821199 1
117.200544 89.870614 27.551331 1
110.052100 169.005200 8.067880 1
109.889686 174.904026 7.202226 1
109.671581 183.565358 5.368417 1
109.492185 191.954223 4.102972 1
109.106979 213.759592 3.787894 1
110.173273 220.188952 4.710765 1
110.208646 236.903399 3.267833 1
105.759867 201.004978 3.033244 1
94.468147 205.118151 3.233371 1
93.783166 200.137844 6.630780 1
91.788057 185.631970 16.526231 1
92.040990 183.546270 23.002692 1
92.548573 179.360731 35.999522 1
92.548573 179.360731 35.999522 1
112.904884 201.131332 3.042386 1
124.217243 204.954222 1.672266 1
124.633329 200.208659 5.430147 1
125.845241 186.386534 16.375507 1
125.403605 185.218318 23.068705 1
124.517345 182.873967 36.500478 1
124.517345 182.873967 36.500478 1
104.810687 167.745178 7.443204 1
104.075591 151.835233 9.180599 1
103.165285 132.133154 11.332102 1
103.915247 112.283414 10.053655 1
104.539462 95.761909 8.989569 1
101.319792 90.154522 21.237114 1
100.416231 89.575679 27.902977 1
115.361851 168.042942 7.492648 1
115.678250 152.069819 8.695844 1
116.070059 132.289725 10.185804 1
115.653269 112.237076 9.052011 1
115.313359 95.883222 8.127351 1
117.022712 90.418516 20.737923 1
117.111087 89.909080 27.469827 1
110.112200 168.970100 8.086080 1
109.925939 174.878048 7.290253 1
109.671780 183.557478 5.548994 1
109.457406 191.955676 4.352783 1
108.982713 213.760745 4.164688 1
110.112023 220.178262 5.095005 1
110.134987 236.882183 3.534702 1
105.686939 200.997126 3.339644 1
94.394600 205.107636 3.558633 1
93.639323 199.942746 6.651933 1
91.439468 184.899246 15.661624 1
91.310377 181.963112 21.803376 1
91.051322 176.070937 34.128519 1
91.051322 176.070937 34.128519 1
112.831385 201.152678 3.341788 1
124.182067 204.889294 2.053035 1
124.689257 200.009773 5.623496 1
126.166520 185.797477 16.022973 1
126.113607 183.894495 22.560139 1
126.007428 180.075632 35.678788 1
126.007428 180.075632 35.678788 1
104.874907 167.697240 7.452937 1
104.096199 151.795639 9.246805 1
103.131886 132.103892 11.468241 1
103.891535 112.259175 10.119486 1
104.523813 95.741849 8.996880 1
101.286526 90.139328 21.242008 1
100.373778 89.562995 27.906837 1
115.424897 168.035262 7.493106 1
115.722283 152.059309 8.663126 1
116.090549 132.275711 10.112003 1
115.630785 112.221004 9.032535 1
115.255828 95.865471 8.152181 1
116.908436 90.367081 20.755673 1
116.972320 89.841640 27.486624 1
110.092700 168.962800 8.135290 1
109.916742 174.876501 7.380926 1
109.674869 183.568026 5.699268 1
109.461406 191.973880 4.557934 1
108.955625 213.778998 4.505069 1
110.131269 220.180512 5.486820 1
110.075083 236.869620 3.776097 1
105.681077 201.016097 3.589369 1
94.351572 205.021135 3.840708 1
93.553483 199.703215 6.651015 1
91.228931 184.213994 14.836445 1
90.773914 180.564516 20.566449 1
89.860799 173.240819 32.065302 1
89.860799 173.240819 32.065302 1
112.825246 201.181873 3.615524 1
124.194102 204.878761 2.373233 1
124.757150 199.923270 5.828843 1
126.397104 185.489698 15.893800 1
126.687052 182.772850 22.130252 1
127.268918 177.320737 34.645437 1
127.268918 177.320737 34.645437 1
104.856046 167.701269 7.474773 1
104.077572 151.797793 9.252046 1
103.113549 132.103725 11.452931 1
103.883530 112.258378 10.119374 1
104.524408 95.740530 9.009417 1
101.271435 90.142057 21.252239 1
100.349045 89.568307 27.915964 1
115.406252 168.025323 7.554265 1
115.707206 152.049000 8.718309 1
116.079889 132.264945 10.159786 1
115.625336 112.211657 9.052096 1
115.254628 95.857283 8.148726 1
116.872185 90.355064 20.755095 1
116.917089 89.827489 27.486032 1
110.070500 168.947900 8.195270 1
109.902222 174.866325 7.477069 1
109.670662 183.567967 5.847071 1
109.459457 191.980328 4.754291 1
108.933923 213.784932 4.823696 1
110.097746 220.187411 5.813208 1
110.051318 236.876146 4.098557 1
105.674294 201.024527 3.823860 1
94.313760 204.939875 4.087496 1
93.482935 199.509957 6.664464 1
91.063037 183.694524 14.170259 1
90.404593 179.604323 19.573534 1
89.083246 171.396192 30.416716 1
89.083246 171.396192 30.416716 1
112.818172 201.196542 3.876150 1
124.201451 204.863062 2.676668 1
124.781278 199.904962 6.125756 1
126.470107 185.463793 16.171715 1
127.065026 181.870401 21.924303 1
128.258902 174.659255 33.468479 1
128.258902 174.659255 33.468479 1
104.835282 167.694952 7.507597 1
104.056196 151.790140 9.272593 1
103.091415 132.094415 11.458276 1
103.869835 112.248945 10.131475 1
104.517737 95.730993 9.027142 1
101.242547 90.137606 21.266364 1
100.307432 89.566839 27.928571 1
115.385385 168.009538 7.628036 1
115.690353 152.032407 8.779886 1
116.068007 132.247351 10.206262 1
115.622427 112.195877 9.062689 1
115.259038 95.842981 8.130053 1
116.835577 90.326967 20.735589 1
116.857998 89.791828 27.466042 1
110.057700 168.945600 8.231190 1
109.895231 174.867832 7.543690 1
109.670362 183.577390 5.955569 1
109.458550 191.994054 4.896562 1
108.909766 213.797749 5.036109 1
110.053469 220.193850 6.088343 1
110.009524 236.892137 4.469294 1
105.665773 201.037256 3.987707 1
94.291095 204.911295 4.251686 1
93.469726 199.410927 6.677865 1
91.077372 183.390298 13.744468 1
90.279033 178.866969 18.770482 1
88.676945 169.789643 28.856583 1
88.676945 169.789643 28.856583 1
112.809339 201.216621 4.055629 1
124.191063 204.905803 2.912188 1
124.674860 200.328296 6.865355 1
126.083986 186.995658 18.379517 1
127.012708 182.101944 23.021467 1
128.876452 172.281339 32.336839 1
128.876452 172.281339 32.336839 1
104.823145 167.700057 7.525261 1
104.041395 151.794251 9.280105 1
103.073316 132.097298 11.453215 1
103.858597 112.251681 10.132655 1
104.512209 95.733608 9.033515 1
101.224624 90.146545 21.272303 1
100.282207 89.579412 27.933791 1
115.373173 168.006391 7.670908 1
115.704718 152.029052 8.812467 1
116.115284 132.243737 10.226099 1
115.638257 112.192468 9.091653 1
115.249221 95.839739 8.166461 1
116.826682 90.307147 20.764614 1
116.853531 89.764488 27.494449 1
110.082300 168.933600 8.216710 1
109.922610 174.859301 7.559102 1
109.700732 183.576343 6.012156 1
109.494162 191.997356 4.987232 1
108.968764 213.801033 5.200309 1
110.061582 220.198818 6.295502 1
110.008002 236.912711 4.846725 1
105.708850 201.047500 4.117178 1
94.327865 204.907263 4.308443 1
93.588280 199.430525 6.813117 1
91.434128 183.478721 14.108346 1
90.524904 178.424814 18.579364 1
88.700294 168.282736 27.551712 1
88.700294 168.282736 27.551712 1
112.852740 201.219137 4.169070 1
124.190435 205.046815 3.043577 1
124.696641 200.283058 6.767221 1
126.171040 186.407937 17.612864 1
127.167129 181.125369 21.791495 1
129.166062 170.524420 30.177084 1
129.166062 170.524420 30.177084 1
104.845135 167.695441 7.517176 1
104.070790 151.782321 9.207816 1
103.111880 132.076310 11.301420 1
103.910386 112.225332 10.072560 1
104.575006 95.702796 9.049747 1
101.326810 90.130867 21.305939 1
100.402430 89.573125 27.970747 1
115.395709 167.993283 7.638979 1
115.725483 152.020449 8.842422 1
116.133856 132.240713 10.332687 1
115.657676 112.191926 9.154844 1
115.269330 95.841221 8.194259 1
116.871179 90.300449 20.785738 1
116.910574 89.753255 27.515144 1
110.040900 168.917100 8.259910 1
109.885201 174.843332 7.606142 1
109.668571 183.561598 6.065364 1
109.465929 191.983527 5.047200 1
108.947936 213.787180 5.279855 1
110.002336 220.176850 6.457019 1
109.987918 236.906410 5.200963 1
105.683604 201.035728 4.185598 1
94.280824 204.833070 4.319625 1
93.667571 199.518586 7.182356 1
91.881382 184.039373 15.520478 1
90.769677 178.157397 18.764724 1
88.538732 166.353566 25.275210 1
88.538732 166.353566 25.275210 1
112.827556 201.204900 4.236992 1
124.129847 205.139155 3.122980 1
124.666765 200.099704 6.459267 1
126.230614 185.421587 16.176678 1
127.258772 179.840995 19.939463 1
129.322064 168.641978 27.490543 1
129.322064 168.641978 27.490543 1
104.802856 167.682953 7.559866 1
104.064554 151.751316 9.084032 1
103.150278 132.022372 10.971483 1
103.998693 112.159339 9.997264 1
104.704853 95.626768 9.186395 1
101.475805 90.081131 21.459560 1
100.551614 89.541133 28.125855 1
115.353637 167.973545 7.681276 1
115.698114 151.999396 8.862944 1
116.124695 132.218031 10.326244 1
115.649265 112.171843 9.104678 1
115.261533 95.823258 8.108436 1
116.882741 90.270355 20.692092 1
116.932259 89.716601 27.420894 1
109.995400 168.919800 8.325210 1
109.838383 174.843888 7.652597 1
109.621371 183.558466 6.091147 1
109.419210 191.979704 5.067197 1
108.904812 213.783200 5.321609 1
109.961011 220.166239 6.532649 1
109.997722 236.916088 5.585420 1
105.638362 201.033383 4.214687 1
94.203467 204.734562 4.289648 1
93.670639 199.401886 7.134592 1
92.118702 183.869685 15.420907 1
91.095753 177.959809 18.643579 1
89.042925 166.099991 25.110770 1
89.042925 166.099991 25.110770 1
112.782343 201.201327 4.266134 1
124.049046 205.233364 3.141298 1
124.587276 200.017153 6.193611 1
126.154947 184.824200 15.083907 1
127.185725 179.041758 18.527675 1
129.254272 167.437674 25.438559 1
129.254272 167.437674 25.438559 1
104.757663 167.682246 7.628895 1
104.029694 151.756023 9.213430 1
103.128214 132.033786 11.175638 1
103.999168 112.175760 10.122410 1
104.724089 95.647359 9.245779 1
101.499962 90.103059 21.520842 1
100.577138 89.564225 28.187421 1
115.308373 167.975616 7.749780 1
115.665573 152.002777 8.945312 1
116.107908 132.223036 10.425781 1
115.633738 112.179279 9.164486 1
115.247031 95.832676 8.135842 1
116.884212 90.265206 20.710990 1
116.942067 89.703590 27.439074 1
110.001400 168.917000 8.404930 1
109.843949 174.839048 7.714682 1
109.624921 183.549340 6.129776 1
109.422073 191.968373 5.087987 1
108.911617 213.772329 5.308718 1
109.893104 220.150941 6.603070 1
110.032621 236.915706 5.987259 1
105.641460 201.021322 4.226724 1
94.167125 204.598788 4.277138 1
93.683737 199.120962 6.841275 1
92.275801 183.165989 14.309699 1
91.307041 177.085703 17.216637 1
89.362958 164.883908 23.050222 1
89.362958 164.883908 23.050222 1
112.785536 201.188161 4.267429 1
124.029766 205.284700 3.150808 1
124.558390 199.938976 5.971971 1
126.098081 184.368799 14.189010 1
127.118724 178.437283 17.372416 1
129.166936 166.534038 23.760808 1
129.166936 166.534038 23.760808 1
104.762561 167.677842 7.719851 1
104.045577 151.752330 9.316493 1
103.157701 132.030973 11.293694 1
104.019157 112.175574 10.184622 1
104.736173 95.649358 9.261511 1
101.530197 90.092660 21.535721 1
100.618777 89.546574 28.203278 1
115.313459 167.970587 7.824743 1
115.684891 151.991587 8.930200 1
116.144849 132.204215 10.299126 1
115.667179 112.162982 8.999604 1
115.277619 95.818439 7.939786 1
116.949238 90.235889 20.503712 1
117.025591 89.666224 27.230935 1
109.980400 168.912900 8.453190 1
109.813376 174.829652 7.721045 1
109.582882 183.530025 6.084140 1
109.375412 191.944986 5.010828 1
108.868996 213.749345 5.198452 1
109.805579 220.120721 6.559973 1
109.989077 236.893987 6.277246 1
105.596900 200.997340 4.134234 1
94.097032 204.492084 4.165371 1
93.677723 198.930456 6.554412 1
92.456425 182.731399 13.512845 1
91.558487 176.550038 16.222670 1
89.756528 164.145409 21.660692 1
89.756528 164.145409 21.660692 1
112.740989 201.162889 4.177863 1
123.995441 205.240014 3.093648 1
124.512930 199.787472 5.704616 1
126.020190 183.906171 13.309433 1
127.029088 177.850588 16.254038 1
129.053731 165.698367 22.163212 1
129.053731 165.698367 22.163212 1
104.743914 167.660198 7.774783 1
104.019328 151.737455 9.395427 1
103.122036 132.019527 11.402352 1
103.976395 112.168254 10.216580 1
104.687503 95.645472 9.229629 1
101.446065 90.068785 21.485446 1
100.517353 89.511168 28.149662 1
115.294266 167.971270 7.881837 1
115.651209 152.000370 9.103065 1
116.093227 132.223029 10.615354 1
115.625923 112.183725 9.282747 1
115.244817 95.840755 8.195946 1
116.900313 90.240674 20.754204 1
116.967007 89.661274 27.480698 1
109.943100 168.912200 8.506580 1
109.775738 174.824641 7.740473 1
109.548392 183.517081 6.061520 1
109.344600 191.928900 4.963175 1
108.846309 213.733643 5.126436 1
109.740398 220.102395 6.528205 1
109.962486 236.877538 6.564465 1
105.571313 200.981771 4.069572 1
94.052764 204.414567 4.079545 1
93.709402 198.771156 6.281602 1
92.709313 182.333894 12.695417 1
91.895662 176.053389 15.195797 1
90.262849 163.449800 20.213508 1
90.262849 163.449800 20.213508 1
112.715368 201.144601 4.126832 1
124.005294 205.141375 3.114632 1
124.489690 199.585237 5.504161 1
125.900563 183.402195 12.464003 1
126.873184 177.224898 15.157269 1
128.825023 164.828427 20.562061 1
128.825023 164.828427 20.562061 1
104.708334 167.654029 7.825025 1
103.982698 151.734383 9.475347 1
103.084105 132.020289 11.519022 1
103.933284 112.172717 10.269296 1
104.640080 95.653016 9.229115 1
101.364835 90.057684 21.467434 1
100.419319 89.489389 28.128384 1
115.258362 167.968992 7.951028 1
115.612638 151.995443 9.137898 1
116.051353 132.214821 10.607640 1
115.588182 112.176054 9.265546 1
115.210446 95.833522 8.171009 1
116.847788 90.222478 20.726753 1
116.904500 89.637117 27.452823 1
109.834500 168.892100 8.572470 1
109.686761 174.801244 7.777443 1
109.486843 183.487784 6.064798 1
109.299941 191.897901 4.950529 1
108.813329 213.702893 5.115731 1
109.655556 220.068410 6.563559 1
109.912640 236.842037 6.751652 1
105.535974 200.953095 4.041299 1
93.997340 204.317744 4.057203 1
93.730733 198.604569 6.082936 1
92.954199 181.964109 11.983179 1
92.225922 175.598279 14.286327 1
90.764431 162.823461 18.908235 1
90.764431 162.823461 18.908235 1
112.679780 201.111837 4.131527 1
124.003861 205.033971 3.213246 1
124.420133 199.363111 5.330609 1
125.632587 182.845926 11.497729 1
126.529693 176.532692 13.884556 1
128.329993 163.863424 18.674392 1
128.329993 163.863424 18.674392 1
104.599823 167.644589 7.870932 1
103.901682 151.717736 9.462537 1
103.037139 131.994718 11.433500 1
103.924025 112.143177 10.276442 1
104.662207 95.620173 9.313390 1
101.356288 90.027290 21.544579 1
100.388662 89.462151 28.202622 1
115.149903 167.932154 8.047796 1
115.560102 151.965503 9.307261 1
116.068069 132.193425 10.866901 1
115.581771 112.163173 9.410723 1
115.185174 95.827585 8.223144 1
116.856212 90.128650 20.734786 1
116.933287 89.496912 27.456456 1
109.791400 168.899900 8.564090 1
109.662453 174.808323 7.760474 1
109.484502 183.494154 6.041826 1
109.301956 191.905239 4.934155 1
108.777960 213.708935 5.148636 1
109.657581 220.068863 6.598786 1
109.935482 236.841505 6.838185 1
105.525787 200.956196 4.033371 1
94.007863 204.391093 4.024313 1
93.842823 198.613704 5.870817 1
93.362119 181.786210 11.249029 1
92.747545 175.341139 13.356642 1
91.514234 162.407304 17.586158 1
91.514234 162.407304 17.586158 1
112.668970 201.126735 4.148091 1
124.026834 204.950592 3.232550 1
124.362224 199.182688 5.085644 1
125.339094 182.382849 10.483045 1
126.146422 175.952238 12.569700 1
127.766555 163.047419 16.757156 1
127.766555 163.047419 16.757156 1
104.556330 167.665209 7.843077 1
103.891098 151.730283 9.366519 1
103.067309 131.997269 11.253073 1
103.942113 112.139884 10.190993 1
104.670239 95.612016 9.306994 1
101.351677 90.044536 21.546346 1
100.377928 89.492967 28.204634 1
115.106330 167.925259 8.062216 1
115.508367 151.959807 9.339383 1
116.006225 132.189212 10.920944 1
115.548818 112.159598 9.446757 1
115.175783 95.824529 8.244492 1
116.817401 90.132952 20.763376 1
116.875370 89.504049 27.485504 1
109.752800 168.946200 8.534480 1
109.638796 174.855696 7.736516 1
109.482719 183.545112 6.033936 1
109.318969 191.960598 4.957197 1
108.835580 213.763723 5.291654 1
109.668889 220.136335 6.713194 1
109.963631 236.908070 6.992566 1
105.560981 201.023494 4.101541 1
94.029199 204.411504 4.077952 1
93.957768 198.585554 5.771541 1
93.749716 181.616619 10.704366 1
93.239733 175.109439 12.642197 1
92.216313 162.050963 16.530998 1
92.216313 162.050963 16.530998 1
112.704313 201.179947 4.226621 1
124.044849 205.066653 3.362364 1
124.281439 199.226880 4.992160 1
124.970539 182.217712 9.739174 1
125.667510 175.699626 11.579677 1
127.066181 162.619264 15.273161 1
127.066181 162.619264 15.273161 1
104.515930 167.724426 7.804588 1
103.878266 151.779597 9.233244 1
103.088614 132.034318 11.002421 1
103.948035 112.169813 10.068678 1
104.663356 95.636019 9.291499 1
101.359109 90.075586 21.537925 1
100.392772 89.527976 28.197620 1
115.066175 167.959667 8.039420 1
115.460940 152.005180 9.449021 1
115.949794 132.248165 11.194579 1
115.591100 112.229726 9.550996 1
115.298569 95.903772 8.210580 1
116.926908 90.201080 20.726140 1
116.965825 89.562131 27.447457 1
