76 35
74.676100 197.776000 8.177180 1
74.551783 206.089228 8.077589 1
74.394624 216.501146 7.125929 1
74.249737 226.498456 6.480052 1
73.911941 252.229906 7.470460 1
74.040780 259.334114 10.619069 1
74.521485 279.129210 10.068326 1
69.878826 237.254581 5.834539 1
56.037641 240.387801 5.815794 1
54.983382 233.927501 8.727339 1
51.912688 215.110868 17.207670 1
52.111094 208.000628 20.953870 1
52.509253 193.731875 28.471706 1
52.509253 193.731875 28.471706 1
78.315257 237.368496 5.752347 1
91.388914 242.819315 6.626362 1
92.796350 236.077637 8.599419 1
96.895730 216.441453 14.346257 1
97.196782 208.798711 16.821488 1
97.800936 193.461339 21.788753 1
97.800936 193.461339 21.788753 1
67.335992 196.241990 7.173587 1
66.085091 177.375205 7.743661 1
64.536040 154.011541 8.449613 1
64.794907 130.544176 7.195068 1
65.010370 111.011554 6.150868 1
62.442323 104.400597 20.885450 1
62.098722 103.702900 28.819302 1
82.049680 196.461256 7.109778 1
83.781011 177.624254 7.247418 1
85.924984 154.297695 7.417860 1
86.734348 130.768165 4.533269 1
87.394424 111.578696 2.180746 1
89.810384 103.762774 16.339914 1
89.969199 102.359472 24.185759 1
74.694300 197.777400 8.261990 1
74.575604 206.090731 8.164190 1
74.424322 216.502778 7.212991 1
74.285602 226.499839 6.561905 1
73.968470 252.232614 7.524325 1
74.093742 259.327967 10.692979 1
74.560311 279.120853 10.057208 1
69.921498 237.258464 5.912031 1
56.070541 240.348252 5.917478 1
54.972459 233.841110 8.705913 1
51.774124 214.888046 16.827664 1
52.151635 207.735224 20.477802 1
52.909219 193.381016 27.802861 1
52.909219 193.381016 27.802861 1
78.357855 237.366060 5.815080 1
91.460474 242.736973 6.748090 1
92.910081 236.007348 8.731729 1
97.132289 216.406265 14.509389 1
97.596625 208.776116 16.998185 1
98.528454 193.464013 21.992673 1
98.528454 193.464013 21.992673 1
67.351669 196.248676 7.268839 1
66.079526 177.381818 7.787162 1
64.504169 154.018064 8.429027 1
64.810040 130.549821 7.201798 1
65.064626 111.016467 6.180335 1
62.495752 104.376979 20.901939 1
62.145724 103.666079 28.834338 1
82.065397 196.457752 7.183548 1
83.796834 177.621455 7.396077 1
85.940939 154.295770 7.659258 1
86.748564 130.779081 4.671319 1
87.407223 111.600084 2.234510 1
89.851472 103.762666 16.376930 1
90.025363 102.347203 24.220271 1
74.710100 197.757400 8.251390 1
74.600056 206.070687 8.140546 1
74.457625 216.481790 7.177726 1
74.325004 226.478806 6.524691 1
74.021504 252.211041 7.505766 1
74.151333 259.288757 10.713441 1
74.594825 279.079747 10.006156 1
69.964475 237.239858 5.891200 1
56.112130 240.323031 5.940297 1
54.961877 233.784867 8.633506 1
51.611585 214.741445 16.477894 1
52.215217 207.545901 20.011826 1
53.426581 193.105961 27.103683 1
53.426581 193.105961 27.103683 1
78.400666 237.343705 5.777216 1
91.525279 242.649037 6.774116 1
93.076357 235.964704 8.832729 1
97.594117 216.495542 14.828762 1
98.236050 208.904780 17.397254 1
99.524277 193.671721 22.551675 1
99.524277 193.671721 22.551675 1
67.364380 196.234889 7.271628 1
66.097277 177.367587 7.786126 1
64.528161 154.003284 8.423255 1
64.833593 130.535395 7.189150 1
65.087814 111.002337 6.161963 1
62.546929 104.332831 20.874853 1
62.211344 103.605985 28.806431 1
82.078177 196.428222 7.164051 1
83.812136 177.593056 7.445117 1
85.959363 154.268770 7.793168 1
86.773702 130.759443 4.749637 1
87.437835 111.586449 2.267490 1
89.919307 103.736812 16.396645 1
90.112073 102.313853 24.238188 1
74.702600 197.749800 8.183240 1
74.599158 206.063124 8.068930 1
74.461788 216.474458 7.107863 1
74.327083 226.472313 6.468237 1
73.999695 252.201705 7.514050 1
74.169623 259.266184 10.748918 1
74.632116 279.055066 9.996286 1
69.957073 237.230962 5.859760 1
56.140470 240.470868 5.878149 1
54.937439 233.934203 8.551869 1
51.433423 214.895150 16.339496 1
52.177808 207.849875 20.139350 1
53.671632 193.711493 27.764856 1
53.671632 193.711493 27.764856 1
78.393220 237.342761 5.750149 1
91.509514 242.661258 6.785650 1
93.194068 236.008534 8.841760 1
98.100598 216.631440 14.830500 1
98.745176 209.027446 17.358877 1
100.038711 193.767833 22.432797 1
100.038711 193.767833 22.432797 1
67.355714 196.232710 7.203813 1
66.096456 177.366161 7.763199 1
64.537055 154.002789 8.455914 1
64.841830 130.535122 7.217443 1
65.095503 111.002248 6.186622 1
62.568701 104.311493 20.892288 1
62.240364 103.573314 28.823122 1
82.069664 196.414323 7.096755 1
83.812891 177.581557 7.467145 1
85.971595 154.260243 7.925811 1
86.769851 130.758831 4.817581 1
87.420867 111.592292 2.282669 1
89.923902 103.727242 16.399444 1
90.129874 102.296224 24.239184 1
74.713300 197.744400 8.043040 1
74.613802 206.057941 7.941701 1
74.479835 216.471045 6.999520 1
74.343556 226.470337 6.383116 1
73.993230 252.196359 7.501863 1
74.182953 259.244439 10.771216 1
74.687179 279.032308 10.018754 1
69.966768 237.227298 5.793814 1
56.194819 240.651716 5.742663 1
54.914648 234.124354 8.403254 1
51.185950 215.112393 16.152640 1
52.036287 208.615750 20.810907 1
53.742736 195.578356 30.159066 1
53.742736 195.578356 30.159066 1
78.403088 237.345951 5.707104 1
91.499317 242.712942 6.746345 1
93.343084 236.085817 8.747792 1
98.713345 216.783286 14.577320 1
99.412467 209.449204 17.794675 1
100.815460 194.731248 24.251227 1
100.815460 194.731248 24.251227 1
67.367636 196.232177 7.047061 1
66.108900 177.367515 7.667901 1
64.550146 154.006480 8.436718 1
64.860299 130.537610 7.222619 1
65.118449 111.003735 6.212083 1
62.578085 104.314725 20.916206 1
62.241730 103.577740 28.846816 1
82.081845 196.407323 6.968633 1
83.822724 177.575935 7.412812 1
85.978522 154.256329 7.962853 1
86.760983 130.757484 4.831285 1
87.399118 111.593039 2.277340 1
89.872760 103.730512 16.400700 1
90.064931 102.301909 24.241231 1
74.749300 197.733100 7.865390 1
74.653196 206.046717 7.767076 1
74.524811 216.460586 6.832603 1
74.390122 226.460811 6.231159 1
74.031730 252.184135 7.407879 1
74.205256 259.219035 10.706388 1
74.742170 279.008038 10.008322 1
70.012429 237.218183 5.656268 1
56.281102 240.800246 5.532520 1
54.863452 234.309800 8.213641 1
50.734327 215.405361 16.022825 1
51.651320 209.860110 21.770712 1
53.491536 198.731959 33.305510 1
53.491536 198.731959 33.305510 1
78.448903 237.338782 5.589443 1
91.531829 242.743777 6.598846 1
93.544551 236.152159 8.554238 1
99.406920 216.953043 14.249621 1
100.176460 210.199625 18.542411 1
101.720770 196.646939 27.157137 1
101.720770 196.646939 27.157137 1
67.406318 196.223996 6.845195 1
66.136263 177.361828 7.516673 1
64.563491 154.003880 8.348198 1
64.883488 130.532761 7.181041 1
65.149832 110.997014 6.209578 1
62.563751 104.329641 20.915558 1
62.201885 103.604632 28.846148 1
82.120766 196.393726 6.814137 1
83.858732 177.563003 7.296262 1
86.010922 154.244219 7.893294 1
86.773055 130.743711 4.769201 1
87.394612 111.577909 2.221353 1
89.827166 103.717541 16.353049 1
89.999900 102.291489 24.194496 1
74.806400 197.741100 7.676870 1
74.708772 206.054789 7.586449 1
74.581265 216.469520 6.661513 1
74.444821 226.470228 6.068556 1
74.066202 252.192331 7.265453 1
74.231261 259.203367 10.614816 1
74.756535 278.994506 9.970499 1
70.063214 237.225499 5.484258 1
56.388315 241.011737 5.244720 1
54.809555 234.594437 8.010550 1
50.211169 215.903050 16.066463 1
51.204273 211.804146 22.910557 1
53.197225 203.578509 36.645211 1
53.197225 203.578509 36.645211 1
78.499821 237.351130 5.453165 1
91.553615 242.826501 6.460443 1
93.724163 236.277041 8.388484 1
100.046226 217.200720 14.004202 1
100.802289 211.425844 19.545689 1
102.319551 199.836886 30.666285 1
102.319551 199.836886 30.666285 1
67.467919 196.231348 6.625715 1
66.161990 177.373310 7.342858 1
64.544794 154.020479 8.230930 1
64.894874 130.547602 7.108614 1
65.186256 111.010392 6.174473 1
62.513861 104.357846 20.871734 1
62.102502 103.641890 28.800734 1
82.182334 196.404446 6.653873 1
83.907621 177.572969 7.151839 1
86.044110 154.253252 7.768487 1
86.790226 130.747597 4.679447 1
87.398720 111.577598 2.160185 1
89.757441 103.736315 16.314980 1
89.892871 102.322304 24.159341 1
74.868000 197.756800 7.549680 1
74.768223 206.070524 7.464997 1
74.640708 216.485532 6.543190 1
74.504460 226.485957 5.945428 1
74.119234 252.209451 7.109881 1
74.230074 259.204278 10.495174 1
74.736356 278.998068 9.920910 1
70.124221 237.240141 5.331606 1
56.504797 241.212575 4.975384 1
54.776989 234.894259 7.876695 1
49.744479 216.491178 16.327214 1
50.916587 214.440899 24.011706 1
53.268763 210.326422 39.432861 1
53.268763 210.326422 39.432861 1
78.560876 237.366456 5.332256 1
91.558239 242.979862 6.309013 1
93.848893 236.503142 8.341017 1
100.520781 217.638685 14.259547 1
101.218099 213.166118 20.903250 1
102.617473 204.190619 34.235762 1
102.617473 204.190619 34.235762 1
67.533730 196.245658 6.471481 1
66.237198 177.387477 7.201781 1
64.631639 154.034468 8.106147 1
64.922104 130.557610 7.052154 1
65.163866 111.017087 6.174880 1
62.463612 104.431065 20.896988 1
62.044748 103.748267 28.828519 1
82.247902 196.423067 6.551790 1
83.958254 177.590350 7.054350 1
86.076249 154.269097 7.676686 1
86.803711 130.757856 4.625948 1
87.396992 111.583301 2.137923 1
89.686030 103.759288 16.313700 1
89.786859 102.356435 24.160585 1
74.950900 197.756800 7.471670 1
74.844163 206.070327 7.376742 1
74.711911 216.483855 6.439018 1
74.572932 226.482949 5.820012 1
74.182659 252.209441 6.914486 1
74.235585 259.197832 10.314439 1
74.756754 278.991502 9.749442 1
70.192048 237.234825 5.171341 1
56.644857 241.437774 4.718925 1
54.817941 235.286634 7.904817 1
49.496764 217.370481 17.184222 1
50.904371 217.457436 25.098765 1
53.729142 217.631935 40.981583 1
53.729142 217.631935 40.981583 1
78.628677 237.362320 5.182846 1
91.570801 243.118432 6.057162 1
93.936046 236.756486 8.349607 1
100.825192 218.226327 15.026710 1
101.407520 215.293661 22.489234 1
102.576133 209.408418 37.464946 1
102.576133 209.408418 37.464946 1
67.620449 196.238030 6.378327 1
66.267583 177.384917 7.136772 1
64.592264 154.038185 8.075991 1
64.921255 130.561236 7.035448 1
65.195084 111.020637 6.169368 1
62.399755 104.424510 20.869190 1
61.925661 103.737702 28.797266 1
82.334237 196.428242 6.492464 1
84.028580 177.593918 6.989027 1
86.126749 154.270676 7.603938 1
86.833806 130.756012 4.574865 1
87.410445 111.578664 2.104509 1
89.648297 103.759028 16.290870 1
89.724584 102.360101 24.138733 1
75.019800 197.761500 7.440930 1
74.905791 206.074877 7.341463 1
74.767806 216.487274 6.392076 1
74.630440 226.484961 5.750384 1
74.263702 252.215391 6.756860 1
74.255213 259.209019 10.146431 1
74.776457 279.002175 9.563766 1
70.258660 237.238438 5.067729 1
56.771644 241.619205 4.515344 1
54.950968 235.694202 8.107491 1
49.647964 218.436707 18.570179 1
51.321025 220.488727 26.160896 1
54.678506 224.606700 41.393864 1
54.678506 224.606700 41.393864 1
78.695404 237.358473 5.073222 1
91.584978 243.251652 5.797907 1
94.001427 237.059570 8.470534 1
101.039715 219.024168 16.254980 1
101.422250 217.488555 24.136887 1
102.189921 214.406905 39.954213 1
102.189921 214.406905 39.954213 1
67.689181 196.235819 6.358387 1
66.327548 177.383803 7.128282 1
64.641371 154.038427 8.081680 1
64.945718 130.560905 7.046560 1
65.199035 111.019830 6.184995 1
62.408078 104.428940 20.887997 1
61.939211 103.743922 28.816538 1
82.402941 196.438729 6.452459 1
84.086137 177.604229 6.979321 1
86.170503 154.280769 7.631751 1
86.851253 130.765415 4.601998 1
87.406438 111.587507 2.131087 1
89.647842 103.769210 16.317626 1
89.729194 102.372253 24.165788 1
75.085200 197.743800 7.466730 1
74.968900 206.056719 7.336430 1
74.826603 216.465389 6.347626 1
74.689675 226.460477 5.666569 1
74.342569 252.195082 6.567781 1
74.334373 259.204050 9.925518 1
74.781480 278.997239 9.285225 1
70.322384 237.213853 4.954232 1
56.888766 241.754276 4.390033 1
55.225740 236.085800 8.443028 1
50.381917 219.575481 20.248008 1
52.233810 223.264290 27.146709 1
55.950173 230.666954 40.990947 1
55.950173 230.666954 40.990947 1
78.759172 237.328474 4.930640 1
91.629203 243.269607 5.609660 1
94.027301 237.264099 8.693009 1
101.012139 219.772122 17.673744 1
101.176065 219.218097 25.692165 1
101.505033 218.106287 41.783447 1
101.505033 218.106287 41.783447 1
67.752263 196.212346 6.408311 1
66.386868 177.360506 7.175873 1
64.696033 154.015349 8.126383 1
64.985293 130.538736 7.066619 1
65.226054 110.998417 6.184541 1
62.454772 104.387410 20.882232 1
61.998052 103.690986 28.810488 1
82.466162 196.419081 6.464687 1
84.163912 177.585630 6.982254 1
86.266301 154.263468 7.623174 1
86.878374 130.744829 4.604293 1
87.377551 111.564240 2.142250 1
89.686012 103.742566 16.316168 1
89.810912 102.346278 24.163877 1
75.107400 197.750500 7.520240 1
74.984885 206.062614 7.350302 1
74.837054 216.466764 6.315800 1
74.705564 226.459382 5.598386 1
74.410303 252.197130 6.425232 1
74.361388 259.245443 9.699218 1
74.723272 279.037255 8.968846 1
70.354403 237.218670 4.876668 1
56.955122 241.859871 4.316013 1
55.495886 236.415332 8.737739 1
51.245636 220.557261 21.616705 1
53.250112 225.383016 27.725965 1
57.272674 235.067290 39.985962 1
57.272674 235.067290 39.985962 1
78.791155 237.317615 4.809428 1
91.650270 243.285006 5.464596 1
93.916134 237.435313 8.924509 1
100.515819 220.397173 19.002046 1
100.428342 220.777176 27.031793 1
100.252800 221.539764 43.145804 1
100.252800 221.539764 43.145804 1
67.771255 196.209084 6.499170 1
66.412714 177.356218 7.253580 1
64.730365 154.009791 8.187804 1
65.009171 130.534901 7.087838 1
65.241230 110.996015 6.172300 1
62.510265 104.354421 20.863745 1
62.076095 103.641206 28.791776 1
82.485117 196.425860 6.494476 1
84.196527 177.593402 7.003093 1
86.315831 154.272469 7.632931 1
86.906300 130.752186 4.622558 1
87.387856 111.570258 2.167454 1
89.772913 103.751848 16.330487 1
89.940925 102.357638 24.177761 1
75.115200 197.753300 7.570590 1
74.993957 206.065031 7.382015 1
74.844956 216.466408 6.320160 1
74.715683 226.456553 5.568712 1
74.443809 252.197796 6.287764 1
74.388694 259.264030 9.522790 1
74.666330 279.053015 8.686621 1
70.369463 237.216082 4.821276 1
56.962552 241.842858 4.327795 1
55.799269 236.586924 9.054948 1
52.411026 221.278199 22.823520 1
54.552757 226.909637 28.145999 1
58.850761 238.210748 38.827093 1
58.850761 238.210748 38.827093 1
78.805892 237.308153 4.715057 1
91.690296 243.219604 5.380406 1
93.752740 237.490763 9.155422 1
99.759930 220.804620 20.150746 1
99.361416 221.830029 28.114327 1
98.561687 223.887810 44.095555 1
98.561687 223.887810 44.095555 1
67.774501 196.211353 6.583622 1
66.420196 177.358378 7.342924 1
64.743093 154.011817 8.283206 1
65.015372 130.538836 7.141659 1
65.241999 111.001539 6.191512 1
62.564285 104.322819 20.875928 1
62.159004 103.589512 28.803656 1
82.488267 196.424475 6.517176 1
84.200912 177.593147 7.062191 1
86.321745 154.273614 7.737102 1
86.920433 130.756702 4.702128 1
87.408693 111.577521 2.226960 1
89.858014 103.756501 16.377579 1
90.059062 102.359828 24.223638 1
75.111000 197.757700 7.620640 1
74.996557 206.069095 7.413880 1
74.855339 216.468443 6.331291 1
74.739196 226.457483 5.563197 1
74.523638 252.200203 6.247619 1
74.430964 259.308593 9.388049 1
74.665467 279.092404 8.425743 1
70.412276 237.224984 4.818583 1
56.950587 241.701432 4.444170 1
56.137573 236.535577 9.340802 1
53.769542 221.489221 23.603004 1
56.094507 227.709243 28.134534 1
60.760224 240.191516 37.228358 1
60.760224 240.191516 37.228358 1
78.848373 237.299367 4.677779 1
91.746888 243.181181 5.332325 1
93.499800 237.509970 9.343398 1
98.605434 220.991685 21.026275 1
97.799497 222.631446 28.855103 1
96.182156 225.922102 44.565911 1
96.182156 225.922102 44.565911 1
67.765080 196.220269 6.665996 1
66.430669 177.365783 7.422976 1
64.778202 154.017349 8.360383 1
65.047481 130.546610 7.172948 1
65.271609 111.011179 6.184606 1
62.665706 104.293149 20.864009 1
62.298748 103.538780 28.791626 1
82.478659 196.419764 6.541243 1
84.178908 177.588197 7.116018 1
86.284390 154.268369 7.827782 1
86.928423 130.755430 4.771377 1
87.453664 111.579491 2.278731 1
89.948605 103.777686 16.431986 1
90.168315 102.389048 24.278972 1
75.101000 197.737700 7.678020 1
74.999077 206.048792 7.453310 1
74.872735 216.446074 6.349248 1
74.773120 226.433780 5.561742 1
74.612825 252.178112 6.199113 1
74.459835 259.296053 9.315457 1
74.757627 279.069667 8.177164 1
70.465720 237.208774 4.812360 1
56.968778 241.584093 4.520852 1
56.519883 236.388581 9.433000 1
55.212407 221.255844 23.740397 1
57.791109 227.667271 27.848049 1
62.966022 240.533652 36.091240 1
62.966022 240.533652 36.091240 1
78.901404 237.265522 4.641742 1
91.802633 243.140697 5.302378 1
93.142200 237.400935 9.374814 1
97.043900 220.682986 21.236421 1
95.314470 223.035022 28.726808 1
91.843872 227.755064 43.758436 1
91.843872 227.755064 43.758436 1
67.749535 196.209897 6.751009 1
66.426070 177.354200 7.496966 1
64.787158 154.004267 8.420722 1
65.060208 130.535521 7.195355 1
65.287476 111.001749 6.175441 1
62.740964 104.253308 20.851317 1
62.404970 103.482917 28.778767 1
82.462920 196.385637 6.577275 1
84.175762 177.556115 7.180936 1
86.296840 154.238820 7.928469 1
86.954132 130.730346 4.840701 1
87.490187 111.558048 2.322476 1
90.061275 103.749671 16.458468 1
90.319560 102.355934 24.303374 1
75.112000 197.731400 7.752410 1
75.020378 206.042246 7.514576 1
74.904147 216.437902 6.394204 1
74.814474 226.424524 5.591889 1
74.686834 252.169906 6.193162 1
74.539078 259.306046 9.267860 1
74.851495 279.072304 8.011803 1
70.517507 237.203577 4.840997 1
56.988843 241.485006 4.639888 1
56.912750 236.094684 9.358224 1
56.691117 220.394534 23.101111 1
59.671265 226.649973 27.177519 1
65.651795 239.203320 35.358008 1
65.651795 239.203320 35.358008 1
78.952662 237.250015 4.643260 1
91.854816 243.127688 5.262301 1
92.769382 237.246097 9.249092 1
95.433201 220.115048 20.861243 1
92.424963 222.999890 27.735621 1
86.388067 228.789163 41.531052 1
86.388067 228.789163 41.531052 1
67.755648 196.211875 6.850910 1
66.442655 177.355100 7.588067 1
64.816711 154.003832 8.500925 1
65.087094 130.537294 7.233416 1
65.312143 111.005359 6.178426 1
62.822408 104.223825 20.848789 1
62.516756 103.435675 28.775721 1
82.468636 196.367779 6.630793 1
84.188974 177.540355 7.277055 1
86.319335 154.225657 8.077343 1
86.981983 130.723620 4.942082 1
87.522405 111.556573 2.385124 1
90.160617 103.734502 16.501164 1
90.453515 102.332104 24.343310 1
75.104500 197.740700 7.794190 1
75.015006 206.051308 7.547395 1
74.904282 216.445637 6.414227 1
74.827312 226.431240 5.598035 1
74.754974 252.177740 6.159306 1
74.626882 259.322791 9.214129 1
74.935415 279.084501 7.887536 1
70.551691 237.218146 4.838106 1
57.000422 241.430329 4.709794 1
57.222899 235.746647 9.065286 1
57.870898 219.192039 21.751335 1
61.606807 224.955492 25.929193 1
69.103989 236.521528 34.313271 1
69.103989 236.521528 34.313271 1
78.986551 237.246491 4.624975 1
91.903131 243.090200 5.264386 1
92.454611 237.046932 9.072118 1
94.060882 219.444973 20.162733 1
89.837898 222.607365 26.228587 1
81.363262 228.953621 38.401477 1
81.363262 228.953621 38.401477 1
67.746023 196.222475 6.907968 1
66.434241 177.365741 7.648341 1
64.809797 154.014525 8.565181 1
65.080012 130.549987 7.261117 1
65.304920 111.019719 6.175702 1
62.839178 104.202451 20.833550 1
62.546159 103.395108 28.759027 1
82.458626 196.373559 6.660466 1
84.176814 177.548647 7.381306 1
86.304512 154.237059 8.273947 1
86.998148 130.746046 5.063674 1
87.563842 111.587988 2.445542 1
90.224399 103.771890 16.560696 1
90.525143 102.370987 24.402812 1
75.108500 197.716800 7.826060 1
75.020031 206.027359 7.577242 1
74.911379 216.421453 6.441726 1
74.839360 226.406734 5.621155 1
74.781864 252.153629 6.165789 1
74.690262 259.311047 9.192848 1
74.971399 279.072639 7.858440 1
70.572692 237.195861 4.842660 1
57.031806 241.439622 4.667379 1
57.347226 235.495977 8.654562 1
58.265938 218.184182 20.267855 1
63.163233 222.950848 24.501562 1
72.991075 232.516543 32.997720 1
72.991075 232.516543 32.997720 1
79.008119 237.218720 4.652559 1
91.926713 243.055673 5.312667 1
92.273574 236.926295 9.005153 1
93.283862 219.073527 19.760097 1
88.138050 222.272546 25.043637 1
77.811493 228.692304 35.646589 1
77.811493 228.692304 35.646589 1
67.751575 196.198876 6.926543 1
66.451158 177.342189 7.687856 1
64.840789 153.991030 8.630627 1
65.102237 130.527825 7.301061 1
65.319848 110.998664 6.194419 1
62.838718 104.148050 20.834111 1
62.538446 103.322280 28.757418 1
82.464621 196.348907 6.706271 1
84.191524 177.524073 7.408077 1
86.330013 154.212582 8.277147 1
86.999468 130.724729 5.038738 1
87.545441 111.569249 2.397659 1
90.203211 103.713592 16.491362 1
90.505264 102.291841 24.329675 1
75.125600 197.705600 7.835060 1
75.032860 206.016024 7.583301 1
74.925324 216.409634 6.443256 1
74.856871 226.394403 5.616178 1
74.799625 252.141755 6.138790 1
74.713928 259.304571 9.153228 1
75.015470 279.072313 7.918061 1
70.598193 237.183582 4.795787 1
57.067558 241.454764 4.522353 1
57.463365 235.493876 8.476490 1
58.616213 218.131860 19.993529 1
64.518843 221.813882 24.022247 1
76.364178 229.202924 32.107034 1
76.364178 229.202924 32.107034 1
79.034839 237.204879 4.670685 1
91.947867 243.022882 5.565321 1
92.069106 236.938683 9.345779 1
92.422234 219.217506 20.356956 1
86.856584 222.481555 25.152624 1
75.687500 229.031813 34.776519 1
75.687500 229.031813 34.776519 1
67.774747 196.182412 6.895682 1
66.460525 177.328682 7.704991 1
64.833060 153.981183 8.707199 1
65.104121 130.518086 7.377659 1
65.329733 110.989015 6.271039 1
62.754315 104.109797 20.881005 1
62.402627 103.268659 28.800579 1
82.488674 196.342381 6.756013 1
84.216174 177.517918 7.466263 1
86.355403 154.206887 8.345790 1
87.014623 130.724626 5.065007 1
87.552249 111.573706 2.389370 1
90.140042 103.702126 16.487209 1
90.406393 102.272799 24.325439 1
75.123800 197.697700 7.824620 1
75.030368 206.007712 7.559868 1
74.922494 216.400619 6.413462 1
74.844485 226.386559 5.601493 1
74.727087 252.131630 6.217989 1
74.721575 259.327376 9.154194 1
74.936785 279.099022 7.964263 1
70.566870 237.169310 4.795242 1
56.997468 241.318135 4.561973 1
57.531300 235.545722 8.771287 1
59.086171 218.732671 21.031569 1
64.963451 222.477226 25.039659 1
76.757914 229.991758 33.083050 1
76.757914 229.991758 33.083050 1
79.004042 237.209574 4.720479 1
91.906154 243.033676 5.726054 1
91.941842 236.968819 9.539227 1
92.045789 219.303982 20.645690 1
86.577480 222.741032 25.432461 1
75.603738 229.638471 35.038502 1
75.603738 229.638471 35.038502 1
67.778323 196.171266 6.849147 1
66.546065 177.313645 7.695905 1
65.020099 153.961330 8.744486 1
65.140533 130.498354 7.390831 1
65.240774 110.969385 6.264139 1
62.679173 104.072323 20.868120 1
62.352752 103.215021 28.787042 1
82.492741 196.334697 6.786107 1
84.218154 177.511762 7.540538 1
86.354800 154.202622 8.474776 1
87.016803 130.729371 5.130688 1
87.556699 111.585799 2.403423 1
90.075239 103.698052 16.504768 1
90.304486 102.260292 24.342628 1
75.155900 197.661500 7.762910 1
75.078370 205.972089 7.511444 1
74.987522 216.367606 6.387456 1
74.916653 226.356200 5.608130 1
74.799657 252.098327 6.337332 1
74.646620 259.287046 9.286738 1
74.950447 279.051955 8.007570 1
70.637500 237.142244 4.855891 1
57.055227 241.245495 4.571255 1
57.281529 235.346920 8.630768 1
57.940667 218.166401 20.454732 1
63.302508 222.362811 24.729040 1
74.062593 230.784120 33.306674 1
74.062593 230.784120 33.306674 1
79.074541 237.183086 4.767745 1
91.953929 243.057343 5.772880 1
92.221443 236.983229 9.562025 1
93.000619 219.291427 20.598503 1
87.842624 222.830909 25.647865 1
77.491618 229.933904 35.780872 1
77.491618 229.933904 35.780872 1
67.808735 196.150434 6.776292 1
66.589441 177.293019 7.646099 1
65.079531 153.940959 8.723222 1
65.169311 130.476975 7.384751 1
65.244037 110.947167 6.270698 1
62.704187 104.060108 20.883196 1
62.393090 103.206924 28.803180 1
82.523497 196.286336 6.730915 1
84.248145 177.466196 7.553738 1
86.383843 154.160518 8.572667 1
87.040883 130.692754 5.189322 1
87.576731 111.553657 2.430040 1
90.095058 103.653486 16.524467 1
90.324969 102.209130 24.361095 1
75.223700 197.666700 7.733360 1
75.144064 205.978096 7.510910 1
75.050058 216.376758 6.416662 1
74.975265 226.366562 5.653385 1
74.844763 252.108365 6.391670 1
74.569112 259.276986 9.380816 1
74.890891 279.047036 8.188423 1
70.689956 237.150565 4.906946 1
57.121698 241.289683 4.499616 1
56.932776 235.438423 8.628915 1
56.382511 218.395716 20.656140 1
61.482395 222.963825 24.869507 1
71.716786 232.131059 33.324846 1
71.716786 232.131059 33.324846 1
79.126931 237.195979 4.814838 1
91.968218 243.154489 5.811503 1
92.489191 237.145325 9.677065 1
94.006606 219.642698 20.936121 1
89.378284 223.303383 26.395693 1
80.090220 230.649608 37.351903 1
80.090220 230.649608 37.351903 1
67.877585 196.157105 6.736719 1
66.648334 177.300007 7.599338 1
65.126092 153.948338 8.667561 1
65.178149 130.483687 7.338831 1
65.221477 110.953323 6.232885 1
62.675280 104.086348 20.853728 1
62.365523 103.242274 28.774740 1
82.592336 196.297148 6.701321 1
84.298607 177.475262 7.522507 1
86.411547 154.167421 8.539411 1
87.060860 130.697364 5.170510 1
87.590407 111.556397 2.423009 1
90.066690 103.662105 16.528175 1
90.275155 102.221779 24.366145 1
75.251900 197.728200 7.740800 1
75.167713 206.039662 7.522534 1
75.071165 216.439023 6.435172 1
74.990877 226.429421 5.680273 1
74.831623 252.170298 6.444750 1
74.555067 259.342651 9.424846 1
74.857004 279.122344 8.398796 1
70.697338 237.209858 4.929640 1
57.212184 241.599904 4.406215 1
56.794822 235.870570 8.686937 1
55.579189 219.182992 21.155209 1
60.215629 224.306179 25.264379 1
69.519987 234.587336 33.510615 1
69.519987 234.587336 33.510615 1
79.134538 237.263893 4.867840 1
91.903579 243.387142 5.791559 1
92.653428 237.491406 9.791818 1
94.837479 220.319160 21.443200 1
90.907073 224.087992 27.357312 1
83.019579 231.651245 39.225687 1
83.019579 231.651245 39.225687 1
67.911667 196.214210 6.708137 1
66.664660 177.357882 7.562061 1
65.120429 154.007168 8.619517 1
65.182963 130.541121 7.316117 1
65.235012 111.009596 6.231253 1
62.603590 104.169179 20.849456 1
62.247466 103.339566 28.770047 1
82.626321 196.364179 6.743333 1
84.322600 177.538867 7.504480 1
86.423167 154.226783 8.447034 1
87.066784 130.754094 5.095419 1
87.591686 111.610981 2.362015 1
89.988935 103.725412 16.485702 1
90.156367 102.291065 24.325752 1
75.285600 197.704300 7.755030 1
75.199205 206.015704 7.535410 1
75.102496 216.415213 6.449475 1
75.019268 226.405967 5.699631 1
74.838574 252.146022 6.486680 1
74.549434 259.297373 9.515652 1
74.880754 279.078491 8.526806 1
70.720519 237.183956 4.943683 1
57.254864 241.628210 4.377479 1
56.710134 235.978557 8.748833 1
55.123521 219.523062 21.481082 1
59.365980 225.006251 25.551103 1
67.879702 236.009856 33.718777 1
67.879702 236.009856 33.718777 1
79.157842 237.244172 4.911424 1
91.863861 243.510617 5.738829 1
92.720430 237.733337 9.887729 1
95.215324 220.906110 21.972047 1
92.058066 224.760555 28.281078 1
85.722118 232.495616 40.941974 1
85.722118 232.495616 40.941974 1
67.950460 196.187404 6.690926 1
66.682244 177.332317 7.541018 1
65.111751 153.983140 8.593729 1
65.182413 130.515618 7.317578 1
65.241227 110.982866 6.255396 1
62.529532 104.166431 20.870130 1
62.129855 103.349833 28.789996 1
82.664767 196.342960 6.789515 1
84.343374 177.514544 7.512117 1
86.422056 154.198618 8.406940 1
87.062359 130.726560 5.050276 1
87.584558 111.583961 2.312754 1
89.904681 103.694259 16.447009 1
90.031971 102.258666 24.287585 1
75.286100 197.702800 7.719820 1
75.198126 206.014461 7.510836 1
75.100003 216.414864 6.433623 1
75.011846 226.405810 5.686895 1
74.803246 252.145821 6.468469 1
74.553475 259.271672 9.560387 1
74.924483 279.053420 8.598598 1
70.704719 237.179386 4.915877 1
57.228343 241.590838 4.348226 1
56.732843 235.956118 8.744639 1
55.289620 219.544117 21.549879 1
59.318463 225.142981 25.679048 1
67.403504 236.378722 33.965420 1
67.403504 236.378722 33.965420 1
79.142038 237.247967 4.909145 1
91.828216 243.559045 5.700993 1
92.682084 237.881033 9.985283 1
95.169112 221.342940 22.463944 1
92.627236 225.306158 28.980129 1
87.526229 233.259501 42.056740 1
87.526229 233.259501 42.056740 1
67.954048 196.185438 6.635292 1
66.661610 177.332853 7.504178 1
65.061122 153.986773 8.580161 1
65.150278 130.518122 7.326148 1
65.224486 110.984428 6.282391 1
62.457208 104.176930 20.890870 1
62.025728 103.365799 28.809629 1
82.668021 196.344591 6.771090 1
84.343888 177.516169 7.499860 1
86.419178 154.200235 8.402321 1
87.062550 130.728463 5.044244 1
87.587252 111.586097 2.305570 1
89.867220 103.682204 16.438431 1
89.972723 102.238932 24.277920 1
75.245400 197.735400 7.703010 1
75.156764 206.046906 7.488191 1
75.059629 216.446911 6.407063 1
74.971991 226.437867 5.660413 1
74.760463 252.177546 6.452086 1
74.560599 259.302690 9.549257 1
74.928866 279.088207 8.667247 1
70.666023 237.211556 4.884498 1
57.152082 241.510614 4.348471 1
56.872823 235.820895 8.692797 1
56.059440 219.248704 21.346322 1
60.232411 224.621245 25.630130 1
68.606685 235.402803 34.226829 1
68.606685 235.402803 34.226829 1
79.103333 237.280538 4.896043 1
91.796865 243.568526 5.751206 1
92.483218 237.926315 10.112217 1
94.482333 221.492498 22.814344 1
92.083196 225.594019 29.298985 1
87.268636 233.824908 42.312292 1
87.268636 233.824908 42.312292 1
67.914576 196.216518 6.612328 1
66.636037 177.363729 7.497204 1
65.052759 154.017397 8.592989 1
65.161861 130.548930 7.337089 1
65.252670 111.015391 6.291762 1
62.481456 104.193114 20.892599 1
62.045368 103.374888 28.810376 1
82.628391 196.377311 6.762473 1
84.322301 177.552708 7.546115 1
86.419935 154.241503 8.516527 1
87.074867 130.777754 5.105040 1
87.608996 111.641931 2.322808 1
89.900533 103.716448 16.441700 1
90.010957 102.260605 24.278797 1
75.191500 197.693200 7.705450 1
75.104149 206.004605 7.486254 1
75.010710 216.403763 6.396682 1
74.930340 226.393954 5.639053 1
74.741555 252.134883 6.395017 1
74.598357 259.259411 9.496741 1
74.915006 279.047080 8.643450 1
70.636132 237.170621 4.839696 1
57.097496 241.394461 4.329431 1
57.095245 235.615891 8.564070 1
57.088689 218.784903 20.898114 1
61.880881 223.513203 25.292085 1
71.497800 233.001903 34.109858 1
71.497800 233.001903 34.109858 1
79.073463 237.231666 4.868148 1
91.810866 243.419167 5.800470 1
92.251109 237.758032 10.168739 1
93.533390 221.269094 22.892006 1
90.637381 225.440998 29.123959 1
84.825705 233.813131 41.630177 1
84.825705 233.813131 41.630177 1
67.860820 196.174816 6.613108 1
66.576253 177.322936 7.508549 1
64.985512 153.977729 8.617419 1
65.120971 130.509640 7.357042 1
65.233717 110.976415 6.307989 1
62.450095 104.141436 20.900523 1
62.004157 103.317473 28.817155 1
82.574607 196.333543 6.768096 1
84.279201 177.510921 7.575788 1
86.390065 154.202169 8.575982 1
87.045340 130.742239 5.138394 1
87.579748 111.609532 2.334876 1
89.882259 103.669167 16.443617 1
89.998299 102.204873 24.279058 1
75.126900 197.680700 7.743060 1
75.029948 205.992055 7.525999 1
74.927720 216.390658 6.431933 1
74.846703 226.379443 5.656054 1
74.672539 252.122777 6.329055 1
74.561769 259.242824 9.442375 1
74.846271 279.032280 8.619748 1
70.560594 237.156123 4.814522 1
57.033437 241.415533 4.295583 1
57.329268 235.601785 8.471329 1
58.190922 218.668336 20.633840 1
63.811595 222.453017 24.959708 1
75.091101 230.048073 33.640812 1
75.091101 230.048073 33.640812 1
78.997898 237.212077 4.857689 1
91.796248 243.265727 5.833084 1
91.993977 237.613783 10.230865 1
92.569895 221.151617 23.040089 1
88.898269 225.235601 28.911131 1
81.530093 233.431299 40.693075 1
81.530093 233.431299 40.693075 1
67.797581 196.154192 6.652907 1
66.509140 177.302763 7.552273 1
64.913601 153.958115 8.666002 1
65.088624 130.490678 7.398369 1
65.234302 110.957996 6.343276 1
62.437910 104.105108 20.924965 1
61.980313 103.273168 28.840097 1
82.511231 196.329742 6.802770 1
84.230461 177.508158 7.603606 1
86.359449 154.200692 8.595310 1
87.020976 130.741478 5.154037 1
87.560483 111.609354 2.347513 1
89.874745 103.653869 16.445810 1
89.996405 102.180817 24.279524 1
75.078700 197.700800 7.785520 1
74.973686 206.012241 7.575655 1
74.863827 216.410629 6.480276 1
74.789786 226.397812 5.683367 1
74.673332 252.144007 6.251191 1
74.550910 259.264949 9.362027 1
74.775942 279.056053 8.560928 1
70.525992 237.180384 4.804754 1
56.973956 241.366767 4.343928 1
57.437916 235.644828 8.629741 1
58.789271 218.978788 21.112841 1
64.912452 222.171120 25.229219 1
77.200388 228.577457 33.489919 1
77.200388 228.577457 33.489919 1
78.963458 237.217907 4.833799 1
91.809751 243.156486 5.883504 1
91.743513 237.477270 10.249985 1
91.550588 220.935668 22.968044 1
87.226759 224.948701 28.429634 1
78.549748 233.002015 39.389895 1
78.549748 233.002015 39.389895 1
67.747380 196.168662 6.716933 1
66.507454 177.313526 7.606743 1
64.971993 153.964288 8.708639 1
65.106420 130.499082 7.395574 1
65.218308 110.968257 6.302665 1
62.504755 104.084613 20.885519 1
62.096021 103.234545 28.801399 1
82.461264 196.357201 6.821117 1
84.190165 177.542148 7.745113 1
86.331131 154.242768 8.889330 1
87.078136 130.799086 5.360817 1
87.687355 111.679628 2.483144 1
90.026059 103.762847 16.599183 1
90.149514 102.306610 24.436013 1
75.043300 197.640000 7.801720 1
74.944691 205.951393 7.586887 1
74.838596 216.349808 6.491397 1
74.768036 226.337892 5.705543 1
74.674266 252.082854 6.330602 1
74.568373 259.243469 9.349619 1
74.784171 279.030802 8.457924 1
70.505987 237.125393 4.880614 1
56.900346 241.145173 4.528836 1
57.156979 235.346770 8.728444 1
57.904464 218.458019 20.960459 1
63.571271 222.193145 25.269174 1
74.943359 229.688756 33.915856 1
74.943359 229.688756 33.915856 1
78.943474 237.156861 4.850321 1
91.830787 243.009756 5.878235 1
91.978936 237.089290 9.909386 1
92.410445 219.845012 21.650744 1
87.538659 223.607384 26.821736 1
77.762016 231.157674 37.198829 1
77.762016 231.157674 37.198829 1
67.704613 196.113884 6.775945 1
66.508691 177.255046 7.647341 1
65.027722 153.901224 8.726433 1
65.126573 130.438369 7.368945 1
65.208850 110.909500 6.239063 1
62.620304 104.000628 20.832707 1
62.282263 103.135815 28.750325 1
82.419017 196.288983 6.796173 1
84.181196 177.472748 7.628730 1
86.363369 154.171906 8.659714 1
87.029356 130.713078 5.216675 1
87.572501 111.581268 2.408711 1
90.044189 103.618302 16.476030 1
90.248869 102.139295 24.306892 1
75.026500 197.635100 7.809230 1
74.931256 205.947281 7.625641 1
74.825095 216.349014 6.562123 1
74.757125 226.338399 5.792749 1
74.689209 252.083303 6.423506 1
74.469885 259.246524 9.430208 1
74.835554 279.027109 8.442802 1
70.499125 237.129685 4.996919 1
56.933367 241.274620 4.566160 1
56.766029 235.371272 8.621593 1
56.278631 218.176853 20.433672 1
61.673122 222.196454 24.834941 1
72.498731 230.262945 33.667358 1
72.498731 230.262945 33.667358 1
78.936276 237.153991 4.913304 1
91.827496 242.997555 5.945312 1
92.260115 236.971541 9.795512 1
93.520187 219.419838 21.009822 1
88.681541 223.127194 26.251188 1
78.971399 230.567077 36.769504 1
78.971399 230.567077 36.769504 1
67.681012 196.116715 6.821362 1
66.494640 177.256679 7.679796 1
65.025498 153.901373 8.742836 1
65.135803 130.439835 7.363653 1
65.227613 110.912062 6.215714 1
62.737783 103.988520 20.819578 1
62.450796 103.116668 28.738439 1
82.395373 196.283851 6.754995 1
84.166044 177.471017 7.644436 1
86.358734 154.174386 8.745863 1
87.059004 130.717290 5.297826 1
87.630108 111.586893 2.485785 1
90.171170 103.655469 16.558561 1
90.408210 102.191530 24.391342 1
75.008100 197.702000 7.862340 1
74.904481 206.014414 7.694515 1
74.788949 216.417630 6.646596 1
74.711761 226.407553 5.885115 1
74.619412 252.152330 6.517929 1
74.430313 259.327347 9.498445 1
74.854482 279.107999 8.536098 1
70.443591 237.194864 5.089872 1
56.943795 241.542458 4.590111 1
56.512971 235.747442 8.780125 1
55.258128 218.868553 20.984195 1
60.276609 223.442147 25.288377 1
70.347643 232.620386 33.925962 1
70.347643 232.620386 33.925962 1
78.880720 237.227170 5.006809 1
91.745948 243.144239 5.939568 1
92.429966 237.135215 9.779853 1
94.422277 219.632997 20.965284 1
90.111133 223.367448 26.630689 1
81.459579 230.861706 37.999963 1
81.459579 230.861706 37.999963 1
67.665137 196.177959 6.864462 1
66.473316 177.317989 7.716767 1
64.997427 153.962764 8.772217 1
65.118732 130.501119 7.395780 1
65.219698 110.973257 6.250127 1
62.706096 104.053644 20.851781 1
62.405171 103.184310 28.770401 1
82.379375 196.360335 6.812668 1
84.147772 177.545115 7.654908 1
86.337646 154.245529 8.697883 1
87.046392 130.784876 5.275877 1
87.624409 111.651579 2.485065 1
90.132156 103.733700 16.571439 1
90.350119 102.277082 24.406138 1
74.972100 197.661800 7.878020 1
74.871070 205.974403 7.718146 1
74.758842 216.378482 6.678465 1
74.682331 226.368782 5.921890 1
74.584600 252.113419 6.559578 1
74.457833 259.275666 9.573921 1
74.856715 279.053831 8.551528 1
70.412332 237.155395 5.126991 1
56.973065 241.684215 4.605731 1
56.414045 235.970499 8.891170 1
54.785813 219.328410 21.373179 1
59.307136 224.423570 25.642358 1
68.380480 234.648481 34.209698 1
68.380480 234.648481 34.209698 1
78.849487 237.189397 5.047322 1
91.679906 243.205831 5.808052 1
92.560614 237.278322 9.733994 1
95.125814 220.013527 21.168916 1
91.552772 223.786646 27.302907 1
84.382433 231.358501 39.612535 1
84.382433 231.358501 39.612535 1
67.630326 196.140793 6.866848 1
66.430883 177.280587 7.703063 1
64.945553 153.925069 8.738590 1
65.080967 130.463153 7.368079 1
65.193676 110.935067 6.227357 1
62.654706 104.028187 20.830650 1
62.338678 103.166253 28.749491 1
82.344679 196.319092 6.838893 1
84.097841 177.500821 7.643995 1
86.268847 154.197456 8.640982 1
86.995975 130.737606 5.217331 1
87.588983 111.604963 2.425178 1
90.059064 103.687685 16.518543 1
90.255207 102.231052 24.353817 1
74.913700 197.669400 7.912160 1
74.814651 205.982068 7.754458 1
74.705280 216.386099 6.713992 1
74.630737 226.375843 5.949911 1
74.536937 252.121378 6.550875 1
74.443373 259.262873 9.615251 1
74.828267 279.042972 8.625426 1
70.361872 237.161913 5.141672 1
56.900559 241.630257 4.669655 1
56.345715 235.964148 9.018381 1
54.729647 219.460725 21.684721 1
58.868197 224.870793 25.954670 1
67.173396 235.727658 34.523558 1
67.173396 235.727658 34.523558 1
78.798992 237.194608 5.057873 1
91.595088 243.300624 5.668064 1
92.564616 237.459106 9.700523 1
95.388518 220.444777 21.445693 1
92.413789 224.318869 27.830934 1
86.444139 232.093355 40.644767 1
86.444139 232.093355 40.644767 1
67.570605 196.150526 6.907398 1
66.360522 177.289828 7.716787 1
64.862017 153.933703 8.719094 1
65.050030 130.471846 7.353795 1
65.206519 110.943808 6.217412 1
62.666869 104.046806 20.825254 1
62.344268 103.192502 28.744657 1
82.284971 196.325065 6.865879 1
84.048803 177.507210 7.657276 1
86.233024 154.204360 8.637291 1
86.988172 130.745060 5.215935 1
87.604033 111.612866 2.425653 1
90.095775 103.694357 16.514513 1
90.300072 102.235482 24.349161 1
74.796400 197.726700 7.949460 1
74.707318 206.039069 7.771396 1
74.607112 216.440975 6.708985 1
74.538847 226.429698 5.931089 1
74.456643 252.175662 6.515134 1
74.380825 259.311074 9.594134 1
74.752584 279.094881 8.675968 1
70.273917 237.217069 5.119452 1
56.759562 241.529464 4.717813 1
56.372071 235.851076 9.068652 1
55.243441 219.311885 21.741149 1
59.295044 224.736977 26.074946 1
67.425759 235.623992 34.771961 1
67.425759 235.623992 34.771961 1
78.710974 237.246076 5.028273 1
91.495199 243.380701 5.599061 1
92.364258 237.525246 9.634210 1
94.895530 220.470321 21.387210 1
91.820957 224.377143 27.704855 1
85.650939 232.217314 40.383037 1
85.650939 232.217314 40.383037 1
67.451060 196.214235 6.951459 1
66.269909 177.350871 7.741199 1
64.807232 153.991443 8.719172 1
65.017409 130.530157 7.347309 1
65.192346 111.002595 6.205462 1
62.686720 104.107094 20.819888 1
62.379572 103.254695 28.740110 1
82.165608 196.370899 6.903441 1
83.961056 177.556424 7.704067 1
86.184429 154.257761 8.695510 1
86.963276 130.801763 5.256870 1
87.598465 111.672262 2.452492 1
90.144693 103.748838 16.528841 1
90.374887 102.285455 24.361930 1
74.714500 197.677400 7.970220 1
74.631016 205.989266 7.767627 1
74.537943 216.388387 6.677665 1
74.479010 226.375687 5.880961 1
74.429646 252.122372 6.436200 1
74.344080 259.256344 9.518279 1
74.670907 279.042143 8.626337 1
70.226568 237.167461 5.062369 1
56.668018 241.345224 4.733940 1
56.559457 235.604242 9.018026 1
56.243257 218.882739 21.496094 1
60.701754 223.933450 25.882552 1
69.649020 234.069162 34.685249 1
69.649020 234.069162 34.685249 1
78.663538 237.185824 4.960960 1
91.446940 243.321548 5.538330 1
92.097632 237.361877 9.460440 1
93.992876 220.003404 20.884202 1
90.115144 223.728657 26.860370 1
82.333358 231.204455 38.853282 1
82.333358 231.204455 38.853282 1
67.366937 196.167142 6.985330 1
66.195516 177.302680 7.763239 1
64.744888 153.941891 8.726563 1
64.990449 130.481716 7.341646 1
65.194838 110.955079 6.188933 1
62.707398 104.050619 20.802236 1
62.405674 103.194976 28.722317 1
82.081523 196.313333 6.919572 1
83.900197 177.501163 7.721937 1
86.152329 154.205354 8.715534 1
86.949737 130.750814 5.271210 1
87.600063 111.622501 2.462197 1
90.199454 103.695150 16.526613 1
90.455684 102.228145 24.358216 1
74.649700 197.673200 7.992580 1
74.562055 205.984946 7.786867 1
74.465025 216.383685 6.693610 1
74.403078 226.370315 5.888781 1
74.348376 252.117695 6.410291 1
74.230740 259.253338 9.487442 1
74.521247 279.038721 8.573967 1
70.148111 237.160102 5.057211 1
56.598425 241.366538 4.728956 1
56.812760 235.558532 8.917651 1
57.437044 218.641809 21.117879 1
62.718457 222.915430 25.415755 1
73.317140 231.491687 34.040685 1
73.317140 231.491687 34.040685 1
78.585049 237.180128 4.953467 1
91.387131 243.266435 5.631276 1
91.845014 237.221178 9.448246 1
93.178673 219.613428 20.565769 1
88.363727 223.050874 26.009036 1
78.701148 229.949104 36.932527 1
78.701148 229.949104 36.932527 1
67.301855 196.159070 7.015767 1
66.129013 177.295141 7.804406 1
64.676626 153.935014 8.781017 1
64.964447 130.475649 7.390517 1
65.204009 110.949686 6.233158 1
62.719591 104.027245 20.838465 1
62.414322 103.163727 28.757556 1
82.016296 196.312229 6.934945 1
83.852330 177.502184 7.747533 1
86.125960 154.209007 8.753787 1
86.937424 130.755926 5.302817 1
87.599213 111.628804 2.488384 1
90.227527 103.694199 16.543331 1
90.497074 102.222024 24.373517 1
74.602000 197.717800 8.012710 1
74.508692 206.029281 7.798926 1
74.405428 216.426887 6.695517 1
74.346386 226.413088 5.885155 1
74.323671 252.160585 6.403250 1
74.117849 259.286654 9.497901 1
74.333047 279.063565 8.398946 1
70.103910 237.207967 5.055856 1
56.546103 241.390859 4.764102 1
57.019416 235.582949 8.931618 1
58.398014 218.666503 21.070158 1
64.506347 221.976720 25.114862 1
76.764485 228.619629 33.231728 1
76.764485 228.619629 33.231728 1
78.540772 237.217646 4.944729 1
91.369700 243.234574 5.726414 1
91.522986 237.233655 9.636595 1
91.969455 219.755045 21.025611 1
86.744980 223.223618 26.055795 1
76.260562 230.184316 36.150317 1
76.260562 230.184316 36.150317 1
67.253144 196.198078 7.052326 1
66.095733 177.333551 7.849412 1
64.662455 153.972683 8.836482 1
64.961629 130.515042 7.419567 1
65.210641 110.990513 6.240221 1
62.758199 104.036612 20.835985 1
62.468424 103.156697 28.753853 1
81.967291 196.360413 6.941467 1
83.816862 177.552441 7.771149 1
86.107256 154.261830 8.798574 1
86.924313 130.810673 5.335869 1
87.590663 111.685119 2.511866 1
90.257068 103.747381 16.557866 1
90.546366 102.272862 24.386906 1
74.569700 197.646400 7.996610 1
74.475312 205.957870 7.782876 1
74.368887 216.355817 6.682983 1
74.312883 226.342810 5.882224 1
74.325882 252.089464 6.440911 1
74.077096 259.233375 9.490952 1
74.116650 279.000962 8.217719 1
70.078951 237.144288 5.096321 1
56.475855 241.184313 4.923661 1
56.968292 235.393416 9.112582 1
58.402589 218.526524 21.313466 1
64.459299 221.903199 25.380803 1
76.613841 228.679475 33.543088 1
76.613841 228.679475 33.543088 1
78.514964 237.143580 4.932681 1
91.389397 243.049819 5.805130 1
91.398736 237.083273 9.770516 1
91.425940 219.704779 21.320322 1
86.429391 223.497337 26.348234 1
76.402373 231.108203 36.438196 1
76.402373 231.108203 36.438196 1
67.214837 196.126863 7.083062 1
66.066399 177.261749 7.879229 1
64.644231 153.900154 8.865162 1
64.966236 130.444593 7.419112 1
65.234250 110.921795 6.215518 1
62.871867 103.938493 20.812099 1
62.627082 103.044017 28.729854 1
81.927987 196.288694 6.878657 1
83.799447 177.484749 7.749528 1
86.116947 154.199127 8.827958 1
86.944144 130.746302 5.378982 1
87.618764 111.619388 2.566176 1
90.384986 103.692910 16.599226 1
90.725784 102.222980 24.427056 1
74.547400 197.640000 8.011980 1
74.455541 205.952469 7.840071 1
74.346588 216.354142 6.776251 1
74.299637 226.341421 5.978493 1
74.385384 252.089442 6.462845 1
73.958077 259.224235 9.514442 1
74.075639 278.989596 8.211797 1
70.085984 237.151720 5.204971 1
56.445725 241.064581 5.035631 1
56.516830 235.091076 8.989897 1
56.723934 217.692309 20.507312 1
62.280704 221.478999 24.913239 1
73.431971 229.078087 33.755002 1
73.431971 229.078087 33.755002 1
78.519841 237.128340 4.954763 1
91.378000 243.079060 5.762557 1
91.563055 237.145253 9.772510 1
92.102060 219.862114 21.452125 1
87.487340 223.815148 26.715848 1
78.226573 231.748056 37.279031 1
78.226573 231.748056 37.279031 1
67.181789 196.128926 7.174122 1
66.043846 177.261983 7.941516 1
64.634676 153.898125 8.891818 1
64.961902 130.444918 7.409203 1
65.234261 110.924081 6.175173 1
63.047993 103.925594 20.791908 1
62.895966 103.023858 28.711164 1
81.891787 196.283836 6.804348 1
83.782083 177.483647 7.714734 1
86.122908 154.202676 8.842097 1
86.946328 130.741851 5.447043 1
87.617867 111.608414 2.678213 1
90.532185 103.709687 16.696929 1
90.951845 102.253699 24.523534 1
74.545100 197.713100 8.064490 1
74.448252 206.025769 7.905483 1
74.334387 216.427253 6.840331 1
74.291862 226.411693 6.007548 1
74.421289 252.162261 6.314213 1
73.887569 259.301717 9.338020 1
74.087202 279.077475 8.215641 1
70.092139 237.223320 5.178812 1
56.477837 241.220566 4.916780 1
56.098370 235.318237 8.959373 1
54.993112 218.126784 20.734057 1
60.240099 222.261596 25.206345 1
70.769696 230.559291 34.181284 1
70.769696 230.559291 34.181284 1
78.524717 237.184372 4.890364 1
91.376941 243.153293 5.657265 1
91.826176 237.310238 9.778060 1
93.134642 220.291434 21.780519 1
89.007087 224.403892 27.319461 1
80.723956 232.656729 38.434951 1
80.723956 232.656729 38.434951 1
67.176961 196.199436 7.253979 1
66.043261 177.330233 7.970364 1
64.639345 153.963574 8.857499 1
64.981651 130.512026 7.352228 1
65.266564 110.992569 6.099342 1
63.134716 103.997211 20.725610 1
63.009752 103.098031 28.645630 1
81.885271 196.362597 6.825293 1
83.782167 177.565758 7.789524 1
86.131166 154.288934 8.983565 1
87.025910 130.835151 5.558052 1
87.755618 111.707455 2.764380 1
90.695529 103.891100 16.823862 1
91.118632 102.476604 24.657887 1
74.554600 197.689100 8.132030 1
74.443717 206.001344 7.960482 1
74.313164 216.400764 6.877243 1
74.257810 226.383259 6.022198 1
74.360555 252.134687 6.258788 1
73.828609 259.300183 9.220680 1
74.052890 279.074467 8.077175 1
70.047751 237.188265 5.160219 1
56.489883 241.367265 4.819626 1
55.891651 235.605884 9.035388 1
54.149207 218.824963 21.314453 1
58.837482 223.554378 25.817964 1
68.245863 233.045317 34.855560 1
68.245863 233.045317 34.855560 1
78.480622 237.157199 4.879461 1
91.292776 243.231011 5.473874 1
91.998804 237.464169 9.665424 1
94.055220 220.667342 21.873969 1
90.529167 224.896106 27.731734 1
83.453126 233.382347 39.487032 1
83.453126 233.382347 39.487032 1
67.190581 196.161518 7.310268 1
66.042977 177.292072 7.997544 1
64.621844 153.925113 8.848632 1
64.964050 130.473099 7.350632 1
65.248879 110.953253 6.103797 1
63.062252 103.976270 20.730755 1
62.908349 103.086781 28.651359 1
81.899350 196.349433 6.908298 1
83.779716 177.540879 7.651010 1
86.108246 154.249547 8.570736 1
86.938812 130.775558 5.269726 1
87.616180 111.631384 2.577592 1
90.524374 103.779786 16.624027 1
90.940122 102.349890 24.455650 1
74.527500 197.686500 8.167620 1
74.413701 205.998197 7.973021 1
74.281361 216.394876 6.863996 1
74.220696 226.375710 5.990127 1
74.294699 252.127518 6.193665 1
73.799110 259.287503 9.175126 1
74.064678 279.051627 7.875472 1
70.001452 237.174987 5.101666 1
56.472114 241.440396 4.702751 1
55.837939 235.778892 9.046624 1
53.990804 219.288879 21.698833 1
58.099119 224.494227 26.243611 1
66.343641 234.940262 35.364022 1
66.343641 234.940262 35.364022 1
78.435148 237.152772 4.845968 1
91.194776 243.347696 5.304924 1
92.095202 237.645687 9.547607 1
94.717837 221.037696 21.905084 1
91.697900 225.343369 27.985385 1
85.637526 233.983949 40.187267 1
85.637526 233.983949 40.187267 1
67.166275 196.153640 7.330789 1
65.998517 177.284931 8.004191 1
64.552425 153.918884 8.838098 1
64.921500 130.466858 7.346668 1
65.228693 110.947002 6.105302 1
62.974541 103.975881 20.724803 1
62.781685 103.090416 28.645005 1
81.875968 196.346514 6.966773 1
83.737363 177.535010 7.682053 1
86.042399 154.240026 8.567809 1
86.903264 130.769799 5.247860 1
87.605342 111.628694 2.540282 1
90.463164 103.778511 16.597843 1
90.848592 102.348485 24.430992 1
74.494200 197.733600 8.207710 1
74.385015 206.044921 7.995225 1
74.257131 216.438957 6.861182 1
74.193289 226.417227 5.958724 1
74.234912 252.169641 6.076917 1
73.827029 259.309190 9.120034 1
74.070394 279.074677 7.836871 1
69.962940 237.208231 5.023775 1
56.395959 241.356171 4.666786 1
55.883093 235.744171 9.090186 1
54.389293 219.398347 21.974029 1
58.108799 224.850744 26.563750 1
65.573065 235.792556 35.774351 1
65.573065 235.792556 35.774351 1
78.397275 237.195674 4.789398 1
91.141798 243.425753 5.188258 1
92.053045 237.682536 9.372651 1
94.707193 220.954526 21.560348 1
91.641226 225.145585 27.697430 1
85.488480 233.556159 40.013259 1
85.488480 233.556159 40.013259 1
67.133857 196.202681 7.359643 1
65.969398 177.334003 8.039609 1
64.527392 153.967995 8.881644 1
64.916920 130.515849 7.397328 1
65.241136 110.995893 6.161882 1
62.958569 104.024016 20.776613 1
62.748191 103.138896 28.696408 1
81.844334 196.387354 7.024187 1
83.711425 177.577513 7.767795 1
86.023514 154.284588 8.688631 1
86.895138 130.820394 5.329083 1
87.605991 111.684209 2.589209 1
90.458637 103.809148 16.633900 1
90.839691 102.364644 24.464607 1
74.438500 197.671000 8.209150 1
74.335600 205.981879 7.977132 1
74.215508 216.373632 6.821518 1
74.156146 226.350544 5.903878 1
74.201438 252.103054 5.997167 1
73.833244 259.244957 9.039824 1
74.060941 279.016306 7.847300 1
69.927437 237.141243 4.958050 1
56.314915 241.142453 4.665852 1
56.028412 235.489460 9.057392 1
55.193927 219.024235 21.848437 1
59.016500 224.361344 26.488705 1
66.687601 235.071798 35.800745 1
66.687601 235.071798 35.800745 1
78.361795 237.127255 4.724567 1
91.112195 243.343563 5.149601 1
91.880833 237.444971 9.142075 1
94.119612 220.264404 20.770782 1
90.407971 224.120994 26.769059 1
82.959492 231.860358 38.806339 1
82.959492 231.860358 38.806339 1
67.077016 196.143655 7.364557 1
65.922261 177.274603 8.050665 1
64.492272 153.908132 8.900307 1
64.895971 130.456127 7.417541 1
65.231983 110.936289 6.183386 1
62.956475 103.962503 20.798307 1
62.748116 103.076989 28.718111 1
81.787633 196.316423 7.028921 1
83.670533 177.509672 7.809890 1
86.002199 154.220573 8.776991 1
86.889493 130.761303 5.387297 1
87.613124 111.629133 2.622838 1
90.498601 103.734155 16.649630 1
90.895562 102.277553 24.477305 1
74.405800 197.666900 8.233820 1
74.303886 205.977442 7.989605 1
74.182270 216.367665 6.820478 1
74.119213 226.343619 5.892715 1
74.148656 252.096213 5.967320 1
73.791446 259.232542 9.024329 1
74.032417 279.002740 7.815444 1
69.884152 237.131027 4.937822 1
56.289722 241.191927 4.627302 1
56.199698 235.389320 8.827980 1
55.937486 218.488324 21.063109 1
60.516292 223.220983 25.674548 1
69.704991 232.718432 34.928734 1
69.704991 232.718432 34.928734 1
78.318584 237.122054 4.706804 1
91.082746 243.306198 5.184675 1
91.691105 237.214622 8.905783 1
93.463048 219.471958 19.744092 1
88.809968 222.820438 25.380175 1
79.472220 229.540132 36.690606 1
79.472220 229.540132 36.690606 1
67.043367 196.139369 7.397872 1
65.893760 177.269840 8.079463 1
64.470144 153.902776 8.923511 1
64.891606 130.451859 7.428534 1
65.242401 110.932927 6.184216 1
62.978785 103.947428 20.795389 1
62.774569 103.056380 28.714680 1
81.753712 196.309520 7.049220 1
83.645298 177.504005 7.838918 1
85.987720 154.216438 8.816829 1
86.877673 130.759610 5.410966 1
87.603473 111.629432 2.633321 1
90.515082 103.733009 16.653897 1
90.925154 102.274993 24.480633 1
74.391800 197.723700 8.245390 1
74.282150 206.034208 8.003395 1
74.154237 216.424466 6.835248 1
74.089531 226.400226 5.905520 1
74.124901 252.152846 5.967608 1
73.768084 259.292015 9.018027 1
73.971755 279.059695 7.762016 1
69.857492 237.188149 4.943061 1
56.304951 241.383065 4.586499 1
56.400390 235.436865 8.581199 1
56.678370 218.117628 20.216387 1
62.291603 221.871560 24.578554 1
73.556181 229.404910 33.332502 1
73.556181 229.404910 33.332502 1
78.292047 237.177110 4.716662 1
91.075938 243.313438 5.276530 1
91.546898 237.070048 8.758241 1
92.918645 218.885200 18.899269 1
87.388145 221.704879 24.007290 1
76.289601 227.363382 34.258015 1
76.289601 227.363382 34.258015 1
67.030577 196.189590 7.410837 1
65.879318 177.320310 8.096548 1
64.453658 153.953556 8.945697 1
64.882496 130.503419 7.440615 1
65.239431 110.985136 6.187886 1
62.968361 103.986024 20.791385 1
62.759263 103.087893 28.709749 1
81.740673 196.373420 7.058637 1
83.628056 177.566614 7.827357 1
85.965273 154.277447 8.779290 1
86.858644 130.820067 5.378132 1
87.587233 111.689438 2.604324 1
90.486934 103.795888 16.628985 1
90.890676 102.339606 24.456373 1
74.387700 197.668100 8.255900 1
74.278172 205.978617 8.014149 1
74.150375 216.369538 6.851904 1
74.090052 226.346830 5.938464 1
74.146509 252.099151 6.070112 1
73.750669 259.260473 9.063250 1
73.947311 279.025626 7.767002 1
69.867486 237.140788 5.002418 1
56.335174 241.400058 4.640499 1
56.589153 235.421836 8.580092 1
57.328906 218.009332 20.054773 1
63.835708 220.736796 23.908521 1
76.893488 226.210241 31.642179 1
76.893488 226.210241 31.642179 1
78.302173 237.123426 4.781410 1
91.120499 243.176588 5.448929 1
91.401163 236.862393 8.821793 1
92.218641 218.471316 18.645786 1
86.159855 220.997569 23.286696 1
74.001150 226.067227 32.600028 1
74.001150 226.067227 32.600028 1
67.026054 196.134215 7.424672 1
65.874810 177.265352 8.121800 1
64.449168 153.899116 8.985087 1
64.882013 130.449274 7.476556 1
65.242284 110.931236 6.220956 1
62.977007 103.922777 20.820872 1
62.770433 103.019795 28.738750 1
81.735993 196.317643 7.065760 1
83.623247 177.510838 7.834834 1
85.960306 154.221674 8.787205 1
86.850405 130.763791 5.388652 1
87.576324 111.632753 2.616968 1
90.482103 103.745043 16.643657 1
90.889541 102.292146 24.471482 1
74.405900 197.654200 8.170050 1
74.304036 205.964805 7.927986 1
74.175804 216.357600 6.782665 1
74.102609 226.339200 5.918561 1
74.102137 252.089620 6.262636 1
73.776704 259.279975 9.194017 1
73.909255 279.037196 7.774559 1
69.852098 237.130914 5.089216 1
56.262446 241.214711 4.889683 1
56.464440 235.180575 8.746164 1
57.052779 217.605214 19.978767 1
63.250879 220.707807 24.051404 1
75.689160 226.934057 32.224327 1
75.689160 226.934057 32.224327 1
78.285808 237.134492 4.833073 1
91.174170 243.026864 5.585340 1
91.538653 236.585841 8.700531 1
92.600266 217.825358 17.774012 1
86.480638 220.405848 22.303926 1
74.199836 225.584348 31.394511 1
74.199836 225.584348 31.394511 1
67.039849 196.127782 7.364495 1
65.864179 177.261192 8.082057 1
64.408290 153.897769 8.970649 1
64.864824 130.447949 7.468780 1
65.244812 110.929930 6.218726 1
63.008679 103.915371 20.820205 1
62.814827 103.010167 28.738152 1
81.748634 196.296129 6.954536 1
83.645903 177.492348 7.771433 1
85.995363 154.206929 8.783023 1
86.879364 130.744365 5.415335 1
87.600311 111.609509 2.668822 1
90.567344 103.734792 16.689987 1
91.008138 102.288803 24.517284 1
74.438700 197.693500 8.058940 1
74.348730 206.005029 7.845601 1
74.228205 216.401801 6.736094 1
74.157669 226.386306 5.906004 1
74.166127 252.135429 6.336296 1
73.761152 259.295597 9.330973 1
73.954160 279.053934 7.934162 1
69.904366 237.181728 5.141784 1
56.298415 241.210893 4.942319 1
56.077190 235.033728 8.564161 1
55.432836 217.041773 19.113341 1
61.172652 220.555952 23.510380 1
72.691254 227.608169 32.334310 1
72.691254 227.608169 32.334310 1
78.336135 237.184199 4.828187 1
91.218204 243.096219 5.532575 1
91.744742 236.693386 8.702832 1
93.278367 218.044139 17.936705 1
87.533126 220.845026 22.812783 1
76.003641 226.465817 32.598046 1
76.003641 226.465817 32.598046 1
67.066426 196.181298 7.284087 1
65.929798 177.312728 8.012411 1
64.522255 153.946853 8.914331 1
64.927261 130.496282 7.409415 1
65.264360 110.977637 6.156825 1
63.162192 103.970285 20.781647 1
63.045324 103.067440 28.701373 1
81.773289 196.328149 6.803077 1
83.686861 177.530153 7.710107 1
86.056509 154.251897 8.833313 1
86.929358 130.787587 5.474894 1
87.641208 111.651307 2.735941 1
90.683322 103.795194 16.751452 1
91.164782 102.359075 24.578171 1
74.502200 197.658600 7.957990 1
74.403554 205.970757 7.775098 1
74.275145 216.370684 6.696481 1
74.199670 226.356241 5.879584 1
74.202982 252.105506 6.301319 1
73.755769 259.255256 9.314819 1
73.960545 279.032822 8.225720 1
69.943918 237.150537 5.113087 1
56.364500 241.264455 4.846788 1
55.772774 235.204802 8.622304 1
54.049278 217.555121 19.619082 1
59.546352 221.442540 24.012150 1
70.577821 229.243771 32.828111 1
70.577821 229.243771 32.828111 1
78.375591 237.154631 4.796894 1
91.220992 243.151285 5.453884 1
91.959846 236.889616 8.855302 1
94.111874 218.651531 18.762462 1
89.080420 221.820800 24.172555 1
78.983354 228.180858 35.029471 1
78.983354 228.180858 35.029471 1
67.132254 196.141413 7.170837 1
65.986671 177.273689 7.907014 1
64.568039 153.908862 8.818659 1
64.955601 130.456301 7.340393 1
65.278182 110.936000 6.109983 1
63.159370 103.952609 20.743862 1
63.035661 103.061969 28.664866 1
81.839384 196.305676 6.703839 1
83.741892 177.504652 7.570474 1
86.097839 154.222645 8.643659 1
86.935059 130.747261 5.354271 1
87.617853 111.601949 2.671616 1
90.618008 103.761536 16.704952 1
91.081606 102.336468 24.534769 1
74.563200 197.671600 7.916790 1
74.456102 205.983850 7.743121 1
74.316918 216.384892 6.676661 1
74.225884 226.371524 5.874620 1
74.171502 252.119926 6.343000 1
73.758838 259.277855 9.341975 1
73.937400 279.058729 8.309810 1
69.947531 237.157760 5.120588 1
56.427140 241.457215 4.789584 1
55.686053 235.547914 8.771417 1
53.527521 218.336156 20.369129 1
58.413220 222.914009 24.819085 1
68.217789 232.100796 33.749205 1
68.217789 232.100796 33.749205 1
78.379687 237.181065 4.818449 1
91.171431 243.301597 5.371829 1
92.122784 237.219951 9.036874 1
94.893751 219.506210 19.711889 1
90.884588 223.132662 25.662045 1
82.839046 230.410187 37.602755 1
82.839046 230.410187 37.602755 1
67.197497 196.147328 7.104020 1
66.024201 177.281209 7.837672 1
64.571251 153.918370 8.746189 1
64.953855 130.463257 7.307640 1
65.272307 110.940833 6.110288 1
63.079547 103.996524 20.751869 1
62.917332 103.126498 28.674469 1
81.905876 196.328079 6.684866 1
83.781214 177.520650 7.467694 1
86.103517 154.230712 8.437097 1
86.918203 130.745052 5.216112 1
87.582620 111.591360 2.589243 1
90.502261 103.765812 16.647836 1
90.926148 102.351155 24.481789 1
74.623400 197.747800 7.910660 1
74.509798 206.060087 7.742993 1
74.365560 216.461615 6.681957 1
74.271661 226.448520 5.883662 1
74.209975 252.196795 6.358091 1
73.761493 259.329987 9.410390 1
73.926594 279.106331 8.292722 1
69.992697 237.233926 5.121259 1
56.451864 241.468363 4.787784 1
55.625328 235.679949 8.927245 1
53.217912 218.820289 20.984070 1
57.462528 223.958294 25.479960 1
65.980581 234.269188 34.502263 1
65.980581 234.269188 34.502263 1
78.425595 237.259297 4.840741 1
91.148331 243.530716 5.284721 1
92.258642 237.632271 9.196192 1
95.492596 220.452133 20.588961 1
92.580086 224.558860 26.856415 1
86.735296 232.800199 39.433873 1
86.735296 232.800199 39.433873 1
67.260845 196.218038 7.079887 1
66.070048 177.352577 7.802155 1
64.595426 153.990551 8.696575 1
64.961899 130.533912 7.278866 1
65.266925 111.010217 6.098861 1
63.024478 104.091684 20.745118 1
62.837947 103.234693 28.668604 1
81.969989 196.411292 6.694537 1
83.812216 177.605986 7.597735 1
86.093517 154.318677 8.716197 1
87.014749 130.851255 5.392627 1
87.766059 111.712437 2.682095 1
90.586221 103.963939 16.803533 1
90.942484 102.587102 24.647585 1
74.649400 197.704800 7.899320 1
74.533818 206.017082 7.732786 1
74.388742 216.418654 6.672294 1
74.294225 226.405271 5.870464 1
74.228998 252.153888 6.325403 1
73.779344 259.286436 9.379036 1
73.905639 279.065110 8.298154 1
70.014923 237.189599 5.094848 1
56.422042 241.256962 4.801615 1
55.707817 235.541103 9.061060 1
53.627525 218.892771 21.467360 1
57.375889 224.393756 25.974889 1
64.898068 235.433074 35.020550 1
64.898068 235.433074 35.020550 1
78.448144 237.215742 4.824324 1
91.168794 243.494100 5.228239 1
92.234323 237.663577 9.252377 1
95.337844 220.681271 20.973310 1
92.935088 225.042862 27.284584 1
88.113266 233.795658 39.949981 1
88.113266 233.795658 39.949981 1
67.288083 196.173261 7.060885 1
66.085422 177.308615 7.784796 1
64.596109 153.947599 8.681250 1
64.955052 130.490037 7.276948 1
65.253811 110.965575 6.108100 1
62.986156 104.058845 20.756047 1
62.787207 103.207805 28.679872 1
81.997558 196.370373 6.690414 1
83.836659 177.558056 7.441096 1
86.114089 154.262064 8.370692 1
86.937563 130.776057 5.154477 1
87.609146 111.622082 2.531498 1
90.433584 103.811684 16.617938 1
90.805791 102.406007 24.456132 1
74.675000 197.695500 7.909040 1
74.567122 206.007570 7.727421 1
74.426731 216.407733 6.652581 1
74.329737 226.393911 5.845598 1
74.240937 252.142297 6.309537 1
73.788906 259.283407 9.342739 1
73.912255 279.063403 8.285972 1
70.040228 237.174560 5.075225 1
56.408756 241.114237 4.834926 1
55.924707 235.361649 9.077268 1
54.514838 218.606338 21.433750 1
58.301048 224.059317 25.967901 1
65.899177 235.002295 35.066987 1
65.899177 235.002295 35.066987 1
78.473328 237.208571 4.801787 1
91.198447 243.474191 5.259147 1
92.016788 237.585947 9.257015 1
94.400337 220.435520 20.901428 1
91.808723 224.835227 27.110695 1
86.607902 233.664514 39.571387 1
86.607902 233.664514 39.571387 1
67.311273 196.169438 7.081859 1
66.109042 177.304577 7.800871 1
64.620260 153.943295 8.691259 1
64.970657 130.486272 7.275843 1
65.262303 110.962258 6.097746 1
63.014139 104.047598 20.744956 1
62.826529 103.191984 28.668565 1
82.020493 196.351869 6.694147 1
83.861017 177.540580 7.466800 1
86.140208 154.245863 8.423604 1
86.965302 130.762469 5.188774 1
87.638206 111.610625 2.550614 1
90.491579 103.810027 16.636652 1
90.878509 102.409240 24.475009 1
74.713500 197.748400 7.946980 1
74.600587 206.060197 7.756163 1
74.454870 216.459416 6.672928 1
74.357663 226.445278 5.862076 1
74.281816 252.193692 6.326805 1
73.826767 259.336588 9.355346 1
73.917030 279.114769 8.261899 1
70.073136 237.228071 5.093986 1
56.415518 241.078920 4.903580 1
56.174341 235.174322 8.953468 1
55.471876 217.976258 20.749399 1
59.901406 222.933856 25.269398 1
68.790540 232.882709 34.340083 1
68.790540 232.882709 34.340083 1
78.506125 237.257917 4.816677 1
91.253978 243.470463 5.357362 1
91.734007 237.448495 9.208272 1
93.132169 219.908573 20.424649 1
89.794858 224.134056 26.394284 1
83.097582 232.613711 38.374085 1
83.097582 232.613711 38.374085 1
67.349721 196.217143 7.129920 1
66.132399 177.353251 7.848990 1
64.624930 153.993171 8.739451 1
64.989974 130.537118 7.311728 1
65.293812 111.013910 6.123386 1
63.036509 104.084041 20.762001 1
62.842294 103.220790 28.684622 1
82.058381 196.407665 6.725208 1
83.895606 177.595944 7.495186 1
86.170712 154.300691 8.448677 1
86.989269 130.817954 5.207426 1
87.656843 111.666646 2.564029 1
90.520708 103.862221 16.645817 1
90.913808 102.459438 24.483511 1
74.744100 197.690700 7.979970 1
74.629995 206.002375 7.784612 1
74.484371 216.401080 6.696442 1
74.387386 226.386890 5.884923 1
74.309939 252.135137 6.358552 1
73.831327 259.273758 9.393536 1
73.913310 279.049916 8.263472 1
70.103408 237.169784 5.115189 1
56.467741 241.096296 4.898588 1
56.411685 235.038767 8.723146 1
56.248414 217.395269 19.862767 1
61.763161 221.414645 24.112599 1
72.830099 229.480685 32.641116 1
72.830099 229.480685 32.641116 1
78.536740 237.200056 4.848543 1
91.302741 243.364832 5.497065 1
91.560150 237.221642 9.173884 1
92.309895 219.328644 19.883194 1
87.804463 223.100490 25.369829 1
78.763014 230.669793 36.380349 1
78.763014 230.669793 36.380349 1
67.380991 196.157855 7.159859 1
66.167620 177.294209 7.891903 1
64.665043 153.934431 8.798430 1
65.003028 130.478989 7.354092 1
65.284342 110.956291 6.151922 1
63.022275 104.005682 20.779964 1
62.828726 103.130046 28.701242 1
82.089832 196.350450 6.762788 1
83.922199 177.538505 7.538830 1
86.191290 154.242974 8.499829 1
86.993586 130.762514 5.238081 1
87.647898 111.613063 2.577968 1
90.504908 103.795429 16.653820 1
90.896608 102.386280 24.490442 1
74.746600 197.689100 8.004220 1
74.623533 206.000529 7.803900 1
74.471479 216.398647 6.711008 1
74.372070 226.384307 5.897940 1
74.288527 252.132461 6.375588 1
73.819304 259.268128 9.418971 1
73.859973 279.047674 8.347465 1
70.090212 237.166698 5.109592 1
56.454201 241.090967 4.874785 1
56.620027 235.050004 8.722293 1
57.103023 217.454760 19.928761 1
63.561768 220.572315 23.561165 1
76.523109 226.828590 30.850633 1
76.523109 226.828590 30.850633 1
78.524717 237.198264 4.883238 1
91.293199 243.342233 5.666398 1
91.377923 237.136077 9.244175 1
91.624695 219.059681 19.665012 1
86.023861 222.312211 24.427427 1
74.784171 228.839357 33.984593 1
74.784171 228.839357 33.984593 1
67.387866 196.147311 7.161906 1
66.167524 177.284878 7.913380 1
64.656314 153.926604 8.843966 1
64.988089 130.471476 7.393105 1
65.264235 110.949038 6.185506 1
62.942412 103.980913 20.795841 1
62.717882 103.095288 28.715191 1
82.097647 196.356655 6.810789 1
83.926962 177.543641 7.567894 1
86.192274 154.246787 8.505444 1
86.980335 130.767649 5.230737 1
87.623038 111.619275 2.560055 1
90.432510 103.785106 16.636282 1
90.800628 102.367925 24.472599 1
74.776000 197.696800 8.017200 1
74.653395 206.008011 7.807764 1
74.502506 216.406092 6.714353 1
74.400452 226.393285 5.920677 1
74.296656 252.139285 6.499690 1
73.847093 259.293765 9.501590 1
73.836630 279.072401 8.412709 1
70.112191 237.175533 5.165888 1
56.458175 241.038953 4.971816 1
56.662612 235.013634 8.841929 1
57.258067 217.463952 20.114237 1
63.647753 220.767114 23.704493 1
76.470505 227.395865 30.909379 1
76.470505 227.395865 30.909379 1
78.547125 237.214229 4.957335 1
91.307085 243.369563 5.788674 1
91.575444 236.976220 9.010038 1
92.357081 218.354611 18.392764 1
86.159157 221.234635 22.625977 1
73.721232 227.014239 31.121145 1
73.721232 227.014239 31.121145 1
67.419659 196.154015 7.156016 1
66.196370 177.292221 7.918652 1
64.681511 153.934738 8.863062 1
65.018475 130.479656 7.412645 1
65.298941 110.957258 6.205415 1
62.931533 103.980399 20.804262 1
62.682176 103.090078 28.722343 1
82.130359 196.363204 6.845661 1
83.964849 177.550878 7.607333 1
86.236568 154.254876 8.550539 1
87.022429 130.779036 5.251745 1
87.663336 111.633352 2.561419 1
90.449368 103.786400 16.635185 1
90.805393 102.362489 24.470840 1
74.773400 197.680900 8.031360 1
74.663534 205.992831 7.844654 1
74.526906 216.393241 6.771715 1
74.434460 226.380959 5.983487 1
74.342189 252.127500 6.539953 1
73.853838 259.233827 9.648287 1
73.855197 279.012892 8.567183 1
70.150832 237.164442 5.220084 1
56.490416 241.002594 4.980334 1
56.410308 234.827102 8.610889 1
56.176980 216.840020 19.185446 1
62.237561 220.403385 23.084253 1
74.399870 227.554307 30.908334 1
74.399870 227.554307 30.908334 1
78.585741 237.199215 5.009851 1
91.311618 243.440828 5.709957 1
91.866983 237.035032 8.869291 1
93.484569 218.377153 18.071345 1
87.164225 221.135168 22.203597 1
74.480629 226.669924 30.496158 1
74.480629 226.669924 30.496158 1
67.415304 196.151651 7.161079 1
66.201262 177.289137 7.920662 1
64.697854 153.930761 8.861291 1
65.020061 130.475833 7.405057 1
65.288243 110.953561 6.192986 1
62.941591 103.976746 20.795204 1
62.705035 103.085896 28.713618 1
82.126507 196.339361 6.861030 1
83.969032 177.527988 7.626810 1
86.250702 154.233165 8.575101 1
87.034148 130.757257 5.276212 1
87.673087 111.611519 2.585809 1
90.463703 103.762705 16.657629 1
90.822432 102.337821 24.492983 1
74.802600 197.695200 8.032130 1
74.693107 206.007571 7.865896 1
74.557345 216.409500 6.807681 1
74.468190 226.396356 6.008220 1
74.393619 252.144822 6.470239 1
73.854563 259.235598 9.605588 1
73.827963 279.029796 8.851110 1
70.191912 237.179903 5.205529 1
56.541685 241.049403 4.898758 1
56.259484 235.054802 8.811451 1
55.437527 217.594593 20.207779 1
61.434728 221.271977 24.098707 1
73.469847 228.651711 31.906979 1
73.469847 228.651711 31.906979 1
78.626829 237.208116 4.994648 1
91.343317 243.470656 5.678299 1
91.982152 237.166949 9.021832 1
93.842861 218.806423 18.760397 1
87.800470 221.842168 23.108116 1
75.674666 227.934270 31.833073 1
75.674666 227.934270 31.833073 1
67.444413 196.168432 7.158268 1
66.214350 177.306575 7.908338 1
64.691104 153.949013 8.837186 1
65.015545 130.493445 7.391783 1
65.285588 110.970642 6.188726 1
62.930940 104.008432 20.796628 1
62.689939 103.125541 28.715799 1
82.155617 196.356215 6.858318 1
83.984248 177.542342 7.595474 1
86.248711 154.244424 8.508321 1
87.025181 130.764998 5.232908 1
87.658430 111.616390 2.561651 1
90.425853 103.782056 16.646114 1
90.772653 102.365629 24.483539 1
74.851300 197.735300 8.030180 1
74.734817 206.047394 7.855108 1
74.591891 216.448326 6.788059 1
74.496430 226.435023 5.987349 1
74.406959 252.183161 6.464758 1
73.900415 259.319169 9.501351 1
73.810502 279.118365 8.898063 1
70.213139 237.216507 5.194404 1
56.585099 241.164540 4.902146 1
56.175011 235.359820 9.080795 1
54.980567 218.452669 21.251759 1
60.787924 222.418921 25.146930 1
72.442065 230.378352 32.963716 1
72.442065 230.378352 32.963716 1
78.647871 237.249848 4.976983 1
91.398193 243.442180 5.669907 1
92.077627 237.310162 9.311441 1
94.056583 219.449706 19.917979 1
88.620336 222.940677 24.702249 1
77.710937 229.946322 34.303271 1
77.710937 229.946322 34.303271 1
67.494413 196.201415 7.157837 1
66.251704 177.339957 7.897007 1
64.712796 153.982888 8.812358 1
65.024115 130.526774 7.372961 1
65.283234 111.003515 6.174904 1
62.908573 104.053148 20.785206 1
62.658582 103.176011 28.704737 1
82.205458 196.401253 6.857897 1
84.013499 177.583542 7.546260 1
86.252466 154.280871 8.398685 1
87.027770 130.796632 5.157685 1
87.660069 111.644098 2.514493 1
90.401094 103.833349 16.617205 1
90.734314 102.430486 24.457658 1
74.882100 197.717300 7.994490 1
74.764735 206.029685 7.834470 1
74.619134 216.432467 6.785987 1
74.518958 226.420408 6.001523 1
74.413999 252.167759 6.516690 1
73.934542 259.321587 9.515516 1
73.843529 279.113676 8.712288 1
70.228985 237.200447 5.225231 1
56.614532 241.195858 4.943806 1
56.037969 235.485130 9.230903 1
54.358639 218.851744 21.717743 1
59.774305 223.180678 25.787115 1
70.642406 231.867935 33.953487 1
70.642406 231.867935 33.953487 1
78.663652 237.239214 5.006186 1
91.447571 243.365957 5.662134 1
92.250414 237.399000 9.544776 1
94.588820 220.019309 20.853578 1
90.070051 223.908518 26.246507 1
81.001838 231.713343 37.068979 1
81.001838 231.713343 37.068979 1
67.525291 196.184229 7.120062 1
66.276926 177.323078 7.857540 1
64.731015 153.966390 8.770796 1
65.046174 130.509446 7.345821 1
65.308491 110.985497 6.159768 1
62.934028 104.050333 20.777324 1
62.683734 103.181581 28.697771 1
82.236287 196.386144 6.819106 1
84.042994 177.567468 7.484226 1
86.280307 154.263604 8.307866 1
87.046336 130.775004 5.096397 1
87.671069 111.618914 2.477288 1
90.401195 103.823429 16.590558 1
90.729633 102.429568 24.432818 1
74.897600 197.713800 7.990790 1
74.775223 206.026544 7.855008 1
74.622367 216.431787 6.832294 1
74.515526 226.421065 6.065952 1
74.394412 252.167735 6.610795 1
73.945031 259.326977 9.601348 1
73.919161 279.109871 8.593050 1
70.218575 237.199278 5.303002 1
56.609300 241.211339 5.008330 1
55.786534 235.495429 9.248079 1
53.390100 218.846950 21.597009 1
58.294758 223.454014 25.995666 1
68.137374 232.699421 34.822843 1
68.137374 232.699421 34.822843 1
78.653168 237.243628 5.082182 1
91.440604 243.367919 5.690778 1
92.436361 237.508739 9.691093 1
95.336660 220.442965 21.342636 1
91.967491 224.446866 27.445617 1
85.206281 232.481852 39.693013 1
85.206281 232.481852 39.693013 1
67.541014 196.178933 7.117637 1
66.292707 177.317677 7.852532 1
64.746867 153.960860 8.762588 1
65.038423 130.503570 7.338283 1
65.281094 110.979333 6.152786 1
62.922296 104.048210 20.774795 1
62.683142 103.180696 28.695721 1
82.251650 196.390404 6.805822 1
84.052555 177.570700 7.457430 1
86.282684 154.265562 8.264339 1
87.042903 130.772851 5.081690 1
87.662899 111.613408 2.486086 1
90.382930 103.825948 16.605733 1
90.706787 102.436961 24.449049 1
74.899500 197.726600 8.008770 1
74.780736 206.039666 7.890607 1
74.628399 216.446646 6.885644 1
74.517543 226.436617 6.128972 1
74.377106 252.183064 6.679706 1
73.941316 259.343781 9.668738 1
73.989455 279.125189 8.632506 1
70.211171 237.211647 5.374218 1
56.592595 241.192286 5.083149 1
55.505403 235.415068 9.177756 1
52.338787 218.588021 21.103939 1
56.655703 223.287838 25.993198 1
65.318844 232.719382 35.804909 1
65.318844 232.719382 35.804909 1
78.645422 237.262619 5.142028 1
91.429324 243.399636 5.694012 1
92.720204 237.569372 9.652001 1
96.480096 220.587818 21.180265 1
94.191514 224.174379 28.001399 1
89.598816 231.371853 41.689978 1
89.598816 231.371853 41.689978 1
67.540743 196.196940 7.144815 1
66.287955 177.335260 7.860947 1
64.736567 153.977917 8.747768 1
65.042746 130.520991 7.320525 1
65.297588 110.997058 6.132583 1
62.964884 104.073026 20.762135 1
62.737878 103.210065 28.683916 1
82.250929 196.402317 6.808628 1
84.054391 177.583620 7.481898 1
86.287688 154.279730 8.315630 1
87.046337 130.787869 5.126332 1
87.665053 111.629120 2.525305 1
90.403836 103.867079 16.655320 1
90.737617 102.492010 24.500671 1
74.936400 197.723300 8.088430 1
74.809702 206.036376 7.979626 1
74.649188 216.443768 6.980209 1
74.538515 226.433185 6.216229 1
74.422027 252.180801 6.715468 1
73.970190 259.319928 9.753363 1
74.028416 279.104189 8.773643 1
70.240692 237.210554 5.446301 1
56.585626 241.065917 5.179474 1
55.236057 235.218420 9.092208 1
51.305227 218.186673 20.488653 1
54.980468 222.741061 26.000373 1
62.355903 231.880758 37.061230 1
62.355903 231.880758 37.061230 1
78.674626 237.253460 5.201353 1
91.461032 243.394377 5.640444 1
93.100153 237.489700 9.351523 1
97.874349 220.291407 20.160621 1
96.303076 222.889869 27.604275 1
93.149867 228.104437 42.542121 1
93.149867 228.104437 42.542121 1
67.577510 196.187742 7.236156 1
66.312697 177.325789 7.923387 1
64.746417 153.968108 8.774419 1
65.048451 130.511819 7.335884 1
65.299843 110.988416 6.138544 1
62.973901 104.066424 20.770138 1
62.751026 103.204399 28.692139 1
82.286863 196.407178 6.873487 1
84.088297 177.585798 7.473157 1
86.319081 154.278584 8.215748 1
87.061741 130.782402 5.054645 1
87.667417 111.620129 2.476613 1
90.421993 103.836860 16.591873 1
90.766294 102.450706 24.434819 1
74.960800 197.735000 8.176960 1
74.824695 206.047853 8.062611 1
74.651908 216.454222 7.054627 1
74.527562 226.442610 6.279385 1
74.372994 252.190715 6.741711 1
73.984702 259.325494 9.798548 1
74.008328 279.113577 8.897757 1
70.212757 237.212408 5.498576 1
56.579612 241.143188 5.211910 1
55.075309 235.175176 8.878509 1
50.693790 217.792410 19.558048 1
53.605817 221.807104 25.885073 1
59.449641 229.863747 38.582076 1
59.449641 229.863747 38.582076 1
78.646350 237.267598 5.244499 1
91.445000 243.389069 5.587984 1
93.396091 237.352687 8.916555 1
99.078949 219.770786 18.611537 1
97.929566 221.432204 26.392765 1
95.623000 224.766323 42.008049 1
95.623000 224.766323 42.008049 1
67.602620 196.190651 7.334494 1
66.330954 177.327966 7.988173 1
64.756188 153.969379 8.797655 1
65.045539 130.514399 7.335360 1
65.286374 110.992086 6.118244 1
62.959758 104.062388 20.746083 1
62.738089 103.195626 28.667600 1
82.311278 196.426243 6.954174 1
84.070829 177.598938 7.488663 1
86.249749 154.284387 8.150537 1
87.053306 130.785308 5.026075 1
87.708646 111.620672 2.477925 1
90.414689 103.877721 16.624711 1
90.725919 102.511470 24.472530 1
74.972700 197.691700 8.285070 1
74.839477 206.004523 8.165287 1
74.667688 216.409469 7.142549 1
74.544095 226.395529 6.337755 1
74.392110 252.145470 6.684166 1
74.048755 259.251155 9.813293 1
74.061093 279.041915 8.973118 1
70.229768 237.162097 5.511099 1
56.580998 241.040913 5.262694 1
54.993772 234.980804 8.738300 1
50.370730 217.329792 18.861545 1
52.368539 220.395661 26.019624 1
56.377723 226.548215 40.384380 1
56.377723 226.548215 40.384380 1
78.663207 237.215365 5.251563 1
91.486594 243.290968 5.460413 1
93.665010 237.136395 8.409950 1
100.009988 219.210241 17.000940 1
99.344056 219.436333 25.009330 1
98.007676 219.890053 41.080482 1
98.007676 219.890053 41.080482 1
67.613562 196.149398 7.447237 1
66.334282 177.286258 8.072303 1
64.750086 153.927107 8.846354 1
65.051711 130.473259 7.368474 1
65.302763 110.951887 6.138385 1
62.974963 104.016908 20.763533 1
62.751254 103.147788 28.684735 1
82.322114 196.379534 7.059544 1
84.066605 177.548398 7.500215 1
86.226875 154.229104 8.045911 1
86.924016 130.727458 4.915202 1
87.492569 111.560729 2.361957 1
90.219797 103.754878 16.470056 1
90.555752 102.358932 24.311627 1
74.961500 197.698100 8.374810 1
74.834626 206.010820 8.241730 1
74.671633 216.414673 7.206512 1
74.552985 226.400482 6.397868 1
74.403611 252.150286 6.755381 1
74.076790 259.267346 9.860336 1
74.104439 279.057043 8.995840 1
70.240344 237.167882 5.573258 1
56.552988 240.910103 5.354354 1
54.884401 234.789088 8.681971 1
50.024378 216.960678 18.374175 1
51.143291 218.624060 26.159423 1
53.388716 221.962117 41.782775 1
53.388716 221.962117 41.782775 1
78.673946 237.220337 5.318896 1
91.537277 243.209620 5.561902 1
93.804559 236.927461 8.153804 1
100.408375 218.629696 15.703123 1
100.112210 217.736463 23.687065 1
99.517873 215.943936 39.709153 1
99.517873 215.943936 39.709153 1
67.601449 196.160048 7.537179 1
66.330495 177.295559 8.138038 1
64.756610 153.934737 8.882110 1
65.050065 130.481751 7.388979 1
65.294317 110.961097 6.146197 1
62.971023 104.024442 20.771266 1
62.750749 103.154057 28.692425 1
82.310289 196.378404 7.153633 1
84.060279 177.547120 7.565189 1
86.227357 154.227641 8.074831 1
86.903311 130.727071 4.931432 1
87.454584 111.561219 2.367838 1
90.203657 103.730877 16.458114 1
90.553633 102.322063 24.296770 1
74.954000 197.697100 8.425540 1
74.829587 206.009951 8.298428 1
74.669126 216.414777 7.272643 1
74.554545 226.401659 6.476759 1
74.418908 252.150914 6.876763 1
74.100207 259.308494 9.888004 1
74.144857 279.096831 8.993600 1
70.248153 237.172741 5.667725 1
56.493104 240.661650 5.519399 1
54.735881 234.511856 8.746821 1
49.617692 216.599625 18.147189 1
49.971310 216.445752 26.177144 1
50.680948 216.136963 42.291571 1
50.680948 216.136963 42.291571 1
78.681912 237.221049 5.417802 1
91.577460 243.139977 5.676609 1
93.856505 236.779570 8.058879 1
100.494582 218.253891 14.997611 1
100.571309 215.876214 22.676782 1
100.725289 211.104718 38.087259 1
100.725289 211.104718 38.087259 1
67.593579 196.161819 7.586082 1
66.293813 177.298638 8.166014 1
64.684248 153.939436 8.884172 1
65.038299 130.488744 7.368333 1
65.332987 110.969998 6.106650 1
62.974851 104.010110 20.715095 1
62.728906 103.129569 28.634376 1
82.302520 196.376119 7.204134 1
84.054861 177.544570 7.592958 1
86.224851 154.224764 8.074450 1
86.899444 130.723675 4.934639 1
87.449609 111.557399 2.373971 1
90.201792 103.725423 16.462731 1
90.553581 102.315733 24.301148 1
74.964100 197.715400 8.454730 1
74.841894 206.028670 8.356025 1
74.684072 216.436956 7.365539 1
74.572230 226.426464 6.602914 1
74.447722 252.174333 7.086920 1
74.092732 259.388162 9.956544 1
74.150680 279.173057 8.989684 1
70.268750 237.201836 5.836650 1
56.462884 240.487029 5.799228 1
54.663275 234.307150 8.944787 1
49.421634 216.307287 18.106716 1
49.202082 214.249749 25.875064 1
48.761488 210.120704 41.464502 1
48.761488 210.120704 41.464502 1
78.702067 237.247596 5.571755 1
91.663176 243.013455 5.972180 1
93.891057 236.553235 8.123027 1
100.380110 217.736837 14.387706 1
100.800835 213.924654 21.453054 1
101.645144 206.274406 35.631719 1
101.645144 206.274406 35.631719 1
67.602411 196.185026 7.617433 1
66.318658 177.318914 8.134244 1
64.728924 153.956082 8.774236 1
65.048064 130.502450 7.296603 1
65.313694 110.981258 6.066721 1
63.002376 104.090050 20.715154 1
62.785670 103.245310 28.639187 1
82.311022 196.396543 7.221470 1
84.064145 177.564069 7.558490 1
86.235105 154.243117 7.975833 1
86.908014 130.736105 4.880310 1
87.456804 111.564999 2.355762 1
90.214735 103.743455 16.449193 1
90.569873 102.339628 24.288511 1
74.978700 197.728900 8.507930 1
74.854677 206.042485 8.444256 1
74.694158 216.454803 7.497553 1
74.585594 226.447446 6.776667 1
74.488496 252.193207 7.367340 1
74.101920 259.444403 10.136964 1
74.153234 279.218333 8.966809 1
70.291681 237.230276 6.063471 1
56.461825 240.412774 6.114801 1
54.658210 234.199806 9.192144 1
49.404902 216.103567 18.155387 1
48.817391 212.237170 25.179254 1
47.638383 204.478128 39.274675 1
47.638383 204.478128 39.274675 1
78.724500 237.268536 5.782068 1
91.756132 242.860561 6.331307 1
93.892154 236.323776 8.339265 1
100.113655 217.284373 14.187756 1
100.794724 212.122203 20.312872 1
102.161490 201.762818 32.604689 1
102.161490 201.762818 32.604689 1
67.615765 196.200541 7.677938 1
66.343031 177.331828 8.121936 1
64.766943 153.965776 8.671761 1
65.051541 130.510426 7.214490 1
65.288421 110.987803 6.001556 1
63.026286 104.149154 20.682262 1
62.839905 103.331477 28.609905 1
82.323572 196.416718 7.255487 1
84.071637 177.582836 7.535290 1
86.236332 154.260142 7.881777 1
86.917042 130.750158 4.810620 1
87.472194 111.576629 2.305943 1
90.235852 103.758547 16.400173 1
90.593204 102.356256 24.239665 1
74.979100 197.750200 8.563340 1
74.853817 206.063990 8.545163 1
74.689054 216.481123 7.653764 1
74.576859 226.477185 6.982557 1
74.477820 252.219933 7.692250 1
74.077212 259.486436 10.419435 1
74.147565 279.244752 9.010817 1
70.279061 237.262483 6.332925 1
56.438534 240.396173 6.458044 1
54.660819 234.145308 9.473084 1
49.482948 215.938691 18.254858 1
48.722468 210.542357 24.165032 1
47.196347 199.713053 36.025505 1
47.196347 199.713053 36.025505 1
78.710924 237.303425 6.024539 1
91.752722 242.868558 6.604729 1
93.779212 236.279102 8.553177 1
99.681684 217.086286 14.228339 1
100.529437 210.905454 19.298599 1
102.230704 198.501829 29.473541 1
102.230704 198.501829 29.473541 1
67.613618 196.225302 7.749749 1
66.318231 177.356855 8.135752 1
64.714091 153.991133 8.613759 1
65.023316 130.535796 7.161294 1
65.280694 111.013185 5.952360 1
63.052153 104.195256 20.647835 1
62.881213 103.389732 28.577070 1
82.319898 196.445887 7.279196 1
84.064127 177.610866 7.500015 1
86.224071 154.286760 7.773462 1
86.920391 130.770275 4.756055 1
87.488273 111.591443 2.295213 1
90.268349 103.798158 16.399943 1
90.632579 102.408754 24.241413 1
74.999400 197.862100 8.625560 1
74.866599 206.175765 8.647315 1
74.690845 216.597114 7.808880 1
74.568053 226.596675 7.193998 1
74.443785 252.334434 8.062828 1
74.063588 259.622166 10.735747 1
74.182566 279.371939 9.215040 1
70.258640 237.381402 6.615744 1
56.403956 240.449548 6.789041 1
54.685799 234.163740 9.765717 1
49.681400 215.855344 18.435747 1
48.825500 209.301532 23.012196 1
47.107891 196.149414 32.196165 1
47.107891 196.149414 32.196165 1
78.690111 237.432826 6.298332 1
91.728068 243.011980 6.828005 1
93.622023 236.395158 8.816635 1
99.138463 217.122634 14.608829 1
100.098399 210.048589 18.305491 1
102.024791 195.852472 25.723912 1
102.024791 195.852472 25.723912 1
67.633800 196.334408 7.818296 1
66.351359 177.464967 8.198900 1
64.763248 154.098014 8.670220 1
64.987662 130.645766 7.153701 1
65.174449 111.125726 5.891453 1
62.996682 104.316145 20.598406 1
62.862708 103.511666 28.528457 1
82.338980 196.570606 7.321652 1
84.072693 177.733704 7.441973 1
86.219616 154.407269 7.590970 1
86.920630 130.880420 4.656579 1
87.492341 111.693137 2.263441 1
90.261071 103.909943 16.375973 1
90.619184 102.526224 24.218730 1
75.016700 197.818400 8.699670 1
74.876857 206.131856 8.744695 1
74.688212 216.555655 7.940201 1
74.548259 226.557463 7.366939 1
74.370855 252.290181 8.366069 1
74.063037 259.596484 10.997284 1
74.207065 279.347600 9.496332 1
70.215021 237.335772 6.850370 1
56.365695 240.424616 7.076298 1
54.738714 234.051815 9.916083 1
49.999880 215.490038 18.187401 1
49.022505 208.361030 21.772214 1
47.061121 194.054614 28.966178 1
47.061121 194.054614 28.966178 1
78.645821 237.406753 6.519215 1
91.701365 242.941398 7.081626 1
93.484982 236.291117 9.060643 1
98.680046 216.921136 14.824840 1
99.755936 209.404928 17.466428 1
101.915023 194.321485 22.767537 1
101.915023 194.321485 22.767537 1
67.650859 196.286632 7.902396 1
66.378360 177.417665 8.336181 1
64.802562 154.051300 8.873358 1
64.857287 130.608911 7.197198 1
64.902836 111.097077 5.802076 1
62.775754 104.297493 20.521067 1
62.689665 103.490856 28.451563 1
82.354845 196.536812 7.378029 1
84.072829 177.698224 7.305728 1
86.200274 154.369700 7.216193 1
86.884535 130.820589 4.461956 1
87.442583 111.615149 2.215742 1
90.219396 103.827496 16.324226 1
90.584852 102.442442 24.166409 1
74.996400 197.815800 8.818010 1
74.855258 206.129095 8.883823 1
74.660302 216.555628 8.117142 1
74.507607 226.560455 7.602856 1
74.285072 252.283817 8.811851 1
74.054449 259.648662 11.282875 1
74.200210 279.406743 9.876732 1
70.153274 237.334511 7.184228 1
56.331940 240.544679 7.431946 1
54.818948 233.977188 9.861546 1
50.412122 214.848346 16.938135 1
49.375301 207.489023 20.003142 1
47.294623 192.720414 26.153967 1
47.294623 192.720414 26.153967 1
78.583123 237.423906 6.833858 1
91.641335 242.955450 7.363903 1
93.341826 236.232310 9.161613 1
98.294773 216.650117 14.397724 1
99.565006 209.035320 16.640550 1
102.114099 193.754027 21.141430 1
102.114099 193.754027 21.141430 1
67.629639 196.284774 8.027838 1
66.369899 177.413849 8.410707 1
64.809901 154.045059 8.884832 1
64.867332 130.602981 7.204419 1
64.915134 111.091406 5.805756 1
62.824583 104.296006 20.531912 1
62.757319 103.491941 28.462851 1
82.332793 196.538719 7.482353 1
84.053358 177.700378 7.407162 1
86.183999 154.372160 7.314048 1
86.876227 130.826417 4.533136 1
87.440773 111.623724 2.265167 1
90.230904 103.834086 16.369927 1
90.602406 102.447386 24.211534 1
