77 35
77.185700 197.681900 7.121170 1
77.067126 205.994968 7.003659 1
76.907190 216.403556 6.016688 1
76.752621 226.396596 5.309850 1
76.395933 252.135524 6.073317 1
76.397984 259.277152 9.138809 1
76.784419 279.041363 7.871197 1
72.361302 237.141703 4.620831 1
58.538722 240.355164 4.697017 1
57.486132 233.767218 7.307586 1
54.420292 214.578798 14.911269 1
55.021547 207.352515 18.382323 1
56.228137 192.850888 25.347999 1
56.228137 192.850888 25.347999 1
80.795977 237.264090 4.435427 1
93.849025 242.795072 5.085040 1
95.333353 235.952043 6.599606 1
99.656681 216.020681 11.011010 1
100.018562 208.408809 13.571740 1
100.744779 193.133386 18.710586 1
100.744779 193.133386 18.710586 1
69.838130 196.151379 6.168137 1
68.579606 177.282065 6.626875 1
67.021113 153.915270 7.194954 1
67.252321 130.447417 5.944153 1
67.444764 110.914387 4.903072 1
64.958361 104.253733 19.629273 1
64.660225 103.528728 27.562516 1
84.551270 196.358998 6.009476 1
86.021240 177.502022 6.330039 1
87.841562 154.150729 6.727001 1
88.482689 130.646116 3.606616 1
89.005559 111.476967 1.061790 1
91.238179 103.763598 15.307030 1
91.317953 102.425900 23.165527 1
77.182700 197.611200 7.158780 1
77.060896 205.924115 7.033987 1
76.899439 216.331814 6.037931 1
76.749266 226.324124 5.319918 1
76.418959 252.064424 6.048221 1
76.420811 259.202802 9.121274 1
76.804865 278.971637 7.927175 1
72.368903 237.072768 4.616461 1
58.531734 240.222636 4.699604 1
57.433113 233.615174 7.240965 1
54.233203 214.369910 14.643072 1
54.978830 207.121808 18.039830 1
56.475145 192.576398 24.856410 1
56.475145 192.576398 24.856410 1
80.803688 237.186269 4.430412 1
93.877036 242.667787 5.091011 1
95.375007 235.820911 6.574440 1
99.738075 215.878347 10.895154 1
100.243032 208.251866 13.387285 1
101.256373 192.947128 18.388465 1
101.256373 192.947128 18.388465 1
69.835168 196.077045 6.211316 1
68.582915 177.207112 6.661648 1
67.032190 153.839549 7.219315 1
67.264804 130.372549 5.952854 1
67.458418 110.840231 4.898739 1
64.979337 104.169172 19.621464 1
64.684904 103.438649 27.554339 1
84.548134 196.290114 6.044031 1
86.024097 177.431939 6.243751 1
87.851839 154.079161 6.491071 1
88.430510 130.562791 3.448023 1
88.902446 111.384053 0.966268 1
91.165681 103.621275 15.179803 1
91.269968 102.259290 23.033840 1
77.173600 197.612400 7.184950 1
77.053212 205.925267 7.055695 1
76.892923 216.332345 6.052987 1
76.738814 226.324193 5.329387 1
76.381891 252.064480 6.045490 1
76.413592 259.187736 9.153273 1
76.775725 278.960597 8.020553 1
72.349125 237.068200 4.613350 1
58.523341 240.268397 4.660975 1
57.376701 233.617244 7.063354 1
54.036928 214.244723 14.060653 1
55.026855 207.052224 17.512740 1
57.013428 192.618396 24.440351 1
57.013428 192.618396 24.440351 1
80.784109 237.189925 4.442137 1
93.868558 242.641218 5.132378 1
95.398021 235.764530 6.434719 1
99.852811 215.735132 10.227984 1
100.496094 208.188890 12.924152 1
101.787025 193.045174 18.334794 1
101.787025 193.045174 18.334794 1
69.826859 196.078879 6.230348 1
68.577121 177.208917 6.686418 1
67.029508 153.841319 7.251191 1
67.274417 130.374952 5.975360 1
67.478265 110.843160 4.913446 1
64.983741 104.160429 19.628268 1
64.679535 103.424143 27.560241 1
84.540030 196.289603 6.078847 1
86.016571 177.431953 6.319650 1
87.845029 154.079825 6.617843 1
88.453879 130.570972 3.523037 1
88.950426 111.398366 0.999071 1
91.197907 103.649604 15.222750 1
91.289996 102.293989 23.078041 1
77.162100 197.576100 7.142300 1
77.046131 205.889042 7.013805 1
76.894144 216.296599 6.014778 1
76.750211 226.289216 5.299757 1
76.420090 252.028857 6.051023 1
76.458054 259.134518 9.198759 1
76.773550 278.911823 8.131559 1
72.374364 237.039111 4.587386 1
58.542279 240.211974 4.634145 1
57.305233 233.520744 6.874948 1
53.702138 214.031491 13.401631 1
54.786396 207.129927 17.379280 1
56.962272 193.279944 25.361586 1
56.962272 193.279944 25.361586 1
80.809896 237.151653 4.438254 1
93.891840 242.613588 5.090811 1
95.481448 235.722831 6.237457 1
100.111422 215.652454 9.577237 1
100.885357 208.266256 12.655223 1
102.438482 193.443713 18.832091 1
102.438482 193.443713 18.832091 1
69.816843 196.046339 6.170401 1
68.572621 177.176734 6.655405 1
67.031840 153.809577 7.256009 1
67.280293 130.343115 5.982622 1
67.487089 110.811243 4.922744 1
64.970747 104.119940 19.629953 1
64.654317 103.379198 27.561032 1
84.530430 196.249789 6.053188 1
86.015897 177.391818 6.192610 1
87.855408 154.039293 6.365259 1
88.292671 130.523530 3.294039 1
88.649280 111.345288 0.789309 1
90.916261 103.498229 14.955888 1
91.040112 102.096402 22.802627 1
77.148200 197.574200 7.040890 1
77.035368 205.887153 6.910348 1
76.885165 216.294709 5.911041 1
76.734040 226.287653 5.202091 1
76.358111 252.025709 5.985469 1
76.453501 259.123020 9.150776 1
76.742055 278.903785 8.141680 1
72.341430 237.030953 4.493414 1
58.552077 240.384975 4.482676 1
57.230208 233.663881 6.581152 1
53.380050 214.087647 12.693284 1
54.498330 207.740663 17.498922 1
56.742481 195.003606 27.142823 1
56.742481 195.003606 27.142823 1
80.777076 237.158110 4.363775 1
93.852695 242.638617 4.986731 1
95.525604 235.752582 6.039389 1
100.398202 215.695960 9.105415 1
101.324276 208.587380 12.744009 1
103.182711 194.321958 20.045902 1
103.182711 194.321958 20.045902 1
69.804976 196.046707 6.050246 1
68.560430 177.178247 6.577156 1
67.019247 153.812508 7.229656 1
67.279145 130.345070 5.976693 1
67.495467 110.812387 4.933814 1
64.947635 104.124805 19.637293 1
64.613055 103.386494 27.567855 1
84.518885 196.245179 5.971190 1
86.007581 177.387934 6.164147 1
87.851091 154.036309 6.403091 1
88.270662 130.524898 3.296289 1
88.612844 111.350205 0.762540 1
90.854589 103.486973 14.924168 1
90.967332 102.077290 22.769666 1
77.154800 197.563800 6.888050 1
77.045260 205.876794 6.757293 1
76.901357 216.284761 5.761347 1
76.756986 226.278509 5.062400 1
76.395756 252.015422 5.889054 1
76.460583 259.087759 9.110535 1
76.727982 278.871616 8.157793 1
72.372917 237.025841 4.362007 1
58.604260 240.463321 4.301567 1
57.149052 233.738912 6.298748 1
52.910524 214.153021 12.115843 1
54.108313 208.754285 17.950896 1
56.512023 197.920159 29.660618 1
56.512023 197.920159 29.660618 1
80.808920 237.147776 4.252072 1
93.866504 242.668601 4.896919 1
95.640675 235.804154 5.924472 1
100.808217 215.810409 8.917377 1
101.855553 209.170903 13.327474 1
103.957337 195.846816 22.177609 1
103.957337 195.846816 22.177609 1
69.812897 196.038997 5.883567 1
68.567997 177.171836 6.454334 1
67.026376 153.807706 7.161143 1
67.284247 130.338706 5.937358 1
67.498882 110.804723 4.918763 1
64.931351 104.129670 19.624510 1
64.586496 103.397990 27.555245 1
84.527001 196.232077 5.832246 1
86.012777 177.375305 6.084711 1
87.852672 154.024265 6.397346 1
88.275337 130.513067 3.289353 1
88.620041 111.338548 0.754632 1
90.834479 103.480699 14.923542 1
90.932453 102.074134 22.769799 1
77.159600 197.579200 6.743270 1
77.052818 205.892119 6.605630 1
76.913277 216.299676 5.604792 1
76.773208 226.293498 4.906030 1
76.422138 252.030128 5.745750 1
76.465888 259.068508 9.041110 1
76.723871 278.855494 8.152942 1
72.394080 237.043016 4.208272 1
58.671726 240.658952 4.074774 1
57.073800 233.961355 6.052871 1
52.419587 214.453559 11.814384 1
53.730425 210.437227 18.653951 1
56.361000 202.377297 32.379521 1
56.361000 202.377297 32.379521 1
80.830204 237.161493 4.104022 1
93.862789 242.740710 4.752020 1
95.763567 235.925112 5.874006 1
101.299869 216.073647 9.141962 1
102.403830 210.087752 14.393554 1
104.619246 198.075320 24.932392 1
104.619246 198.075320 24.932392 1
69.818060 196.055910 5.733851 1
68.566650 177.190184 6.336890 1
67.016968 153.827831 7.083662 1
67.284427 130.356841 5.900769 1
67.507042 110.821202 4.916211 1
64.925930 104.168429 19.629674 1
64.572686 103.449148 27.561175 1
84.532262 196.244271 5.694762 1
86.021572 177.388549 5.999385 1
87.865842 154.038808 6.376609 1
88.277332 130.526151 3.278171 1
88.612923 111.350441 0.751243 1
90.824123 103.503474 14.926687 1
90.921642 102.103445 22.774118 1
77.168500 197.575900 6.576450 1
77.061177 205.888673 6.430664 1
76.921953 216.295532 5.422550 1
76.783214 226.289319 4.723025 1
76.436142 252.025541 5.576816 1
76.446052 259.043537 8.915639 1
76.677600 278.836330 8.159370 1
72.406872 237.040061 4.026651 1
58.715894 240.770689 3.838554 1
56.975394 234.147989 5.944390 1
51.905908 214.858343 12.077962 1
53.395095 212.663294 19.666966 1
56.383580 208.258295 34.896497 1
56.383580 208.258295 34.896497 1
80.843125 237.156989 3.931426 1
93.846007 242.811244 4.523278 1
95.863902 236.059825 5.815802 1
101.741327 216.395289 9.580473 1
102.854322 211.450292 15.820437 1
105.087869 201.526725 28.342728 1
105.087869 201.526725 28.342728 1
69.827839 196.051057 5.562989 1
68.575437 177.186453 6.198233 1
67.024526 153.825491 6.984888 1
67.289200 130.352198 5.847974 1
67.509498 110.814641 4.901685 1
64.919424 104.190466 19.626472 1
64.561730 103.486459 27.559144 1
84.542052 196.240532 5.534782 1
86.033000 177.385511 5.873007 1
87.879299 154.036640 6.291841 1
88.290069 130.519381 3.228431 1
88.625073 111.339919 0.730069 1
90.825389 103.514779 14.919267 1
90.917176 102.126942 22.768932 1
77.175500 197.598000 6.418840 1
77.066319 205.910734 6.272247 1
76.926035 216.317144 5.259648 1
76.790302 226.310157 4.548572 1
76.463352 252.048204 5.353904 1
76.452281 259.027861 8.772144 1
76.666271 278.824270 8.111355 1
72.421219 237.062828 3.836573 1
58.771283 240.939363 3.618491 1
56.944015 234.434184 5.999200 1
51.621803 215.486836 12.933382 1
53.332597 215.262158 20.785236 1
56.765800 214.811279 36.542251 1
56.765800 214.811279 36.542251 1
80.857447 237.173268 3.731924 1
93.822111 242.921463 4.253049 1
95.948244 236.271601 5.860247 1
102.140925 216.902868 10.541457 1
103.126657 213.105169 17.558202 1
105.104814 205.483986 31.639329 1
105.104814 205.483986 31.639329 1
69.833943 196.071557 5.414321 1
68.572610 177.208621 6.080656 1
67.010640 153.849723 6.905812 1
67.288183 130.374884 5.804449 1
67.519192 110.836041 4.887750 1
64.937400 104.233211 19.623574 1
64.582532 103.541291 27.557436 1
84.548073 196.264007 5.368514 1
86.042353 177.410547 5.772625 1
87.892779 154.063609 6.273048 1
88.317021 130.544782 3.223540 1
88.663011 111.364041 0.736516 1
90.874175 103.568330 14.940219 1
90.969986 102.196011 22.792564 1
77.174200 197.614700 6.298700 1
77.061268 205.927156 6.139696 1
76.915422 216.331871 5.110610 1
76.773163 226.323609 4.383070 1
76.430531 252.062794 5.144320 1
76.415349 259.025655 8.596629 1
76.672711 278.822250 7.957247 1
72.395317 237.072086 3.661635 1
58.823225 241.210091 3.395028 1
57.016484 234.872343 6.204420 1
51.754060 216.412665 14.387208 1
53.712915 217.996197 22.021618 1
57.643925 221.174013 37.342268 1
57.643925 221.174013 37.342268 1
80.831228 237.188012 3.538903 1
93.760084 243.024814 3.953911 1
95.948114 236.505434 5.962490 1
102.321080 217.516748 11.812783 1
103.139005 214.974954 19.395605 1
104.780407 209.874108 34.612728 1
104.780407 209.874108 34.612728 1
69.831483 196.083675 5.309747 1
68.572681 177.221552 6.003339 1
67.013843 153.863662 6.862249 1
67.294020 130.388331 5.772095 1
67.527222 110.849078 4.864727 1
64.966658 104.249167 19.605562 1
64.622658 103.559021 27.540058 1
84.545425 196.282187 5.237096 1
86.040956 177.429902 5.688574 1
87.892929 154.084417 6.247654 1
88.328738 130.564545 3.207853 1
88.684163 111.382952 0.728747 1
90.916288 103.606059 14.939485 1
91.021555 102.243324 22.793378 1
77.177400 197.621300 6.233140 1
77.054676 205.933313 6.058935 1
76.897432 216.335964 5.010837 1
76.755175 226.326296 4.264252 1
76.448009 252.067396 4.974178 1
76.457343 259.018305 8.450508 1
76.670076 278.816436 7.843075 1
72.388309 237.078856 3.537120 1
58.836895 241.285904 3.301037 1
57.105767 235.175227 6.615680 1
52.063581 217.376927 16.270093 1
54.189625 220.496032 23.367981 1
58.456149 226.755420 37.611946 1
58.456149 226.755420 37.611946 1
80.823846 237.183771 3.382824 1
93.736444 243.063044 3.690715 1
95.942954 236.718492 6.181129 1
102.369747 218.239021 13.434837 1
102.948881 216.873103 21.335961 1
104.111080 214.131996 37.191853 1
104.111080 214.131996 37.191853 1
69.832956 196.080311 5.272906 1
68.583904 177.217780 5.973007 1
67.037141 153.859385 6.839976 1
67.302987 130.383519 5.757788 1
67.524262 110.843820 4.857049 1
65.011682 104.252151 19.609824 1
64.694770 103.565981 27.545791 1
84.546322 196.294934 5.148107 1
86.060806 177.445781 5.662770 1
87.936250 154.104175 6.300094 1
88.378740 130.584815 3.257295 1
88.739613 111.403640 0.775743 1
91.028500 103.646928 14.988482 1
91.162816 102.294453 22.843706 1
77.174700 197.604700 6.187230 1
77.046034 205.916198 5.993802 1
76.883511 216.316963 4.927943 1
76.746864 226.307005 4.176431 1
76.490742 252.048152 4.904620 1
76.450611 259.037861 8.302040 1
76.697445 278.834182 7.650143 1
72.396709 237.068122 3.476250 1
58.873663 241.364806 3.228139 1
57.324208 235.471106 6.994772 1
52.811170 218.304784 17.965674 1
55.059118 222.557264 24.407106 1
59.570276 231.091097 37.333700 1
59.570276 231.091097 37.333700 1
80.831636 237.157499 3.283591 1
93.696256 243.146995 3.436329 1
95.833911 236.981487 6.392869 1
102.060153 219.023508 15.004241 1
102.407436 218.541652 23.021479 1
103.104361 217.574667 39.110386 1
103.104361 217.574667 39.110386 1
69.827629 196.056840 5.258666 1
68.580352 177.194354 5.963092 1
67.035789 153.836012 6.835416 1
67.309172 130.360865 5.739601 1
67.536719 110.821764 4.827521 1
65.065930 104.215411 19.580785 1
64.770143 103.521832 27.516925 1
84.540273 196.280377 5.077248 1
86.079559 177.432614 5.568695 1
87.985715 154.092728 6.177271 1
88.333052 130.562377 3.207996 1
88.616322 111.372237 0.786407 1
90.997043 103.602781 14.977081 1
91.191861 102.246980 22.830464 1
77.139300 197.599800 6.191640 1
77.016520 205.911003 5.982375 1
76.860482 216.309701 4.895584 1
76.733641 226.298254 4.122857 1
76.518654 252.041345 4.793349 1
76.441054 259.035855 8.180221 1
76.702006 278.830108 7.473333 1
72.397258 237.064304 3.413142 1
58.873393 241.359191 3.178914 1
57.551656 235.636463 7.281039 1
53.701883 218.968125 19.229118 1
56.145712 223.989620 25.011953 1
61.049962 234.066703 36.616884 1
61.049962 234.066703 36.616884 1
80.831597 237.140519 3.191302 1
93.669872 243.186365 3.340517 1
95.658073 237.164510 6.673460 1
101.449008 219.624942 16.381160 1
101.452100 219.843161 24.417407 1
101.458303 220.281082 40.544461 1
101.458303 220.281082 40.544461 1
69.787213 196.056086 5.296477 1
68.552772 177.192542 5.995179 1
67.024103 153.832891 6.860416 1
67.309021 130.358889 5.743211 1
67.546168 110.820742 4.813326 1
65.142894 104.195803 19.569409 1
64.881534 103.492908 27.505937 1
84.499157 196.267315 5.053858 1
86.062975 177.422689 5.586440 1
87.999512 154.086688 6.245955 1
88.334188 130.557767 3.263919 1
88.607133 111.368793 0.831924 1
91.080047 103.594873 15.004376 1
91.325279 102.236360 22.855877 1
77.108000 197.598300 6.213320 1
76.985275 205.909251 5.994250 1
76.826978 216.306732 4.896195 1
76.704641 226.294542 4.113211 1
76.525045 252.038549 4.758490 1
76.417940 259.057187 8.094257 1
76.672275 278.849645 7.336520 1
72.380423 237.065539 3.404335 1
58.856155 241.360193 3.189995 1
57.830666 235.699543 7.459592 1
54.843763 219.212018 19.895457 1
57.518196 224.694419 25.131829 1
62.885218 235.696443 35.640122 1
62.885218 235.696443 35.640122 1
80.814230 237.130504 3.159819 1
93.637236 243.208959 3.296648 1
95.379865 237.268016 6.901177 1
100.455534 219.964116 17.399914 1
100.064157 220.670481 25.398462 1
99.278745 222.088008 41.449861 1
99.278745 222.088008 41.449861 1
69.752753 196.054198 5.345192 1
68.539906 177.189206 6.042642 1
67.037978 153.827764 6.906327 1
67.321885 130.355328 5.756429 1
67.558190 110.818485 4.799334 1
65.217705 104.168754 19.554358 1
64.989405 103.452782 27.490737 1
84.463801 196.263704 5.052029 1
86.046614 177.421423 5.610838 1
88.006672 154.088327 6.302831 1
88.336740 130.560487 3.311768 1
88.605927 111.372395 0.872410 1
91.151506 103.582165 15.023025 1
91.435966 102.214209 22.871562 1
77.090000 197.588900 6.267490 1
76.970955 205.899550 6.035360 1
76.815648 216.295361 4.921185 1
76.698325 226.282213 4.125318 1
76.541537 252.027022 4.743956 1
76.446853 259.063318 8.042695 1
76.665852 278.853980 7.229098 1
72.381866 237.056100 3.413073 1
58.844822 241.312604 3.250491 1
58.162925 235.590633 7.507028 1
56.176787 218.924502 19.904856 1
59.194892 224.636201 24.689878 1
65.251591 236.098380 34.292406 1
65.251591 236.098380 34.292406 1
80.815262 237.113708 3.153057 1
93.649988 243.166898 3.309687 1
95.117917 237.263459 7.093703 1
99.393481 220.068796 18.115225 1
98.543000 221.001389 26.054736 1
96.836262 222.872908 41.987663 1
96.836262 222.872908 41.987663 1
69.731900 196.047159 5.419579 1
68.526035 177.181676 6.115841 1
67.032753 153.819625 6.978055 1
67.327059 130.349020 5.793905 1
67.572021 110.813702 4.808301 1
65.269022 104.133965 19.555668 1
65.059220 103.402450 27.491140 1
84.442302 196.248688 5.090616 1
85.967996 177.401035 5.626671 1
87.857320 154.061287 6.290485 1
88.297102 130.532583 3.320405 1
88.655766 111.343787 0.898158 1
91.164162 103.599910 15.080819 1
91.415184 102.252710 22.934086 1
77.075000 197.579600 6.309980 1
76.959536 205.890029 6.068323 1
76.807718 216.284624 4.942379 1
76.694436 226.270480 4.133546 1
76.550307 252.016243 4.714463 1
76.514024 259.056853 8.005144 1
76.659647 278.847894 7.184349 1
72.381906 237.045290 3.411528 1
58.803844 241.171912 3.356207 1
58.446232 235.320356 7.473906 1
57.404625 218.276787 19.467348 1
60.859565 223.859208 24.107268 1
67.792903 235.061950 33.418610 1
67.792903 235.061950 33.418610 1
80.814951 237.098637 3.139501 1
93.690939 243.061185 3.369251 1
94.864350 237.139786 7.227274 1
98.282086 219.892814 18.464348 1
96.736550 221.009045 26.274229 1
93.634986 223.249086 41.947015 1
93.634986 223.249086 41.947015 1
69.714777 196.040392 5.476011 1
68.513141 177.174718 6.174390 1
67.025096 153.812429 7.039226 1
67.326055 130.343780 5.818570 1
67.576554 110.810088 4.802579 1
65.298004 104.094873 19.537627 1
65.100234 103.344668 27.471663 1
84.424710 196.234492 5.122549 1
85.958223 177.388561 5.695561 1
87.857230 154.050945 6.405140 1
88.304545 130.527484 3.394929 1
88.669352 111.342964 0.939954 1
91.216124 103.581867 15.106353 1
91.486569 102.224417 22.957210 1
77.059800 197.567700 6.351700 1
76.949891 205.877964 6.101913 1
76.804582 216.271868 4.968755 1
76.693550 226.257460 4.156357 1
76.547238 252.003223 4.736706 1
76.583699 259.066149 7.979212 1
76.701483 278.858591 7.188275 1
72.378992 237.031771 3.439022 1
58.776976 241.079099 3.450415 1
58.659112 235.028418 7.284395 1
58.315807 217.404864 18.451459 1
62.435014 222.543322 23.062021 1
70.701393 232.855125 32.314447 1
70.701393 232.855125 32.314447 1
80.811711 237.086046 3.157237 1
93.707454 243.004475 3.417707 1
94.544375 236.990818 7.220295 1
96.982034 219.475128 18.295910 1
94.630521 220.801285 25.868267 1
89.911529 223.462603 41.064392 1
89.911529 223.462603 41.064392 1
69.697656 196.032812 5.526771 1
68.507252 177.166562 6.228805 1
67.033116 153.803560 7.098168 1
67.330117 130.336487 5.846601 1
67.577323 110.804109 4.804882 1
65.325396 104.061273 19.531407 1
65.142097 103.296144 27.464365 1
84.407353 196.216276 5.158105 1
85.951976 177.372539 5.771968 1
87.864741 154.037640 6.532136 1
88.312802 130.520406 3.473768 1
88.678217 111.340964 0.979518 1
91.259930 103.560830 15.129140 1
91.548709 102.192422 22.977442 1
77.057900 197.557100 6.366800 1
76.952166 205.867555 6.121610 1
76.813706 216.262163 4.994070 1
76.711981 226.248516 4.189850 1
76.593775 251.993770 4.798514 1
76.645035 259.080269 7.988970 1
76.781166 278.873700 7.226236 1
72.410223 237.028426 3.479797 1
58.792468 241.022409 3.506193 1
58.728019 234.784993 7.029618 1
58.540292 216.617545 17.292144 1
63.572649 220.972096 21.802373 1
73.671528 229.710763 30.853452 1
73.671528 229.710763 30.853452 1
80.843295 237.073592 3.207132 1
93.733756 243.000907 3.521430 1
94.303015 236.910007 7.249843 1
95.961066 219.169333 18.109410 1
92.686534 220.626386 25.305474 1
86.115238 223.550383 39.746458 1
86.115238 223.550383 39.746458 1
69.696396 196.026035 5.529153 1
68.502927 177.160891 6.255303 1
67.024996 153.799259 7.154531 1
67.333631 130.333259 5.885799 1
67.590518 110.801772 4.829794 1
65.317022 104.030181 19.539800 1
65.120822 103.250013 27.470985 1
84.406749 196.203019 5.184245 1
85.960284 177.361461 5.841002 1
87.884086 154.029260 6.654288 1
88.340117 130.519189 3.542489 1
88.712033 111.345589 1.004665 1
91.285613 103.549952 15.147234 1
91.569036 102.172617 22.994169 1
77.060100 197.560600 6.400380 1
76.962684 205.871293 6.159836 1
76.837375 216.266709 5.038228 1
76.746912 226.253672 4.240260 1
76.648160 251.998582 4.866681 1
76.687513 259.082492 8.063049 1
76.855703 278.875649 7.299589 1
72.456658 237.037687 3.522969 1
58.855123 241.086542 3.493555 1
58.732914 234.768331 6.868363 1
58.376953 216.365559 16.698016 1
64.344358 219.736029 20.900267 1
76.319683 226.499851 29.333298 1
76.319683 226.499851 29.333298 1
80.890656 237.075963 3.279449 1
93.768610 243.024179 3.695210 1
94.146195 236.897650 7.389429 1
95.245964 219.053201 18.149400 1
91.141378 220.554244 24.896854 1
82.904339 223.566520 38.437573 1
82.904339 223.566520 38.437573 1
69.699742 196.036765 5.539794 1
68.498988 177.172886 6.286529 1
67.012035 153.812822 7.211248 1
67.338219 130.347306 5.937952 1
67.609714 110.816223 4.878148 1
65.295466 104.027782 19.574027 1
65.075515 103.239160 27.503752 1
84.411217 196.200503 5.239013 1
85.971838 177.360213 5.915057 1
87.904414 154.029582 6.752226 1
88.347839 130.526212 3.588425 1
88.709473 111.358076 1.008191 1
91.263715 103.537690 15.140598 1
91.538309 102.147357 22.985554 1
77.060200 197.546000 6.383080 1
76.967307 205.857154 6.157122 1
76.851667 216.254614 5.053560 1
76.770304 226.242921 4.271601 1
76.683782 251.986919 4.936146 1
76.726592 259.095891 8.076335 1
76.902528 278.890760 7.360506 1
72.490649 237.030647 3.546834 1
58.916633 241.169843 3.452085 1
58.865508 234.943027 6.994426 1
58.716590 216.806455 17.312052 1
65.063749 219.773198 21.254248 1
77.801158 225.726827 29.165404 1
77.801158 225.726827 29.165404 1
80.925885 237.064079 3.349945 1
93.782303 243.052044 3.852577 1
93.993582 236.897140 7.512729 1
94.608963 218.970049 18.173477 1
90.016710 220.513126 24.589006 1
80.801026 223.609757 37.463622 1
80.801026 223.609757 37.463622 1
69.703657 196.026726 5.482731 1
68.497688 177.164284 6.256820 1
67.004277 153.805997 7.215412 1
67.330975 130.340263 5.946269 1
67.602897 110.808999 4.889922 1
65.223099 104.010841 19.570832 1
64.968288 103.216787 27.498972 1
84.416522 196.185013 5.256228 1
85.975181 177.344432 5.928679 1
87.905329 154.013440 6.761398 1
88.339417 130.514047 3.566910 1
88.693437 111.349155 0.961649 1
91.182313 103.506745 15.093515 1
91.423421 102.105269 22.937589 1
77.069000 197.543200 6.377310 1
76.979025 205.854652 6.161378 1
76.866340 216.254032 5.075746 1
76.779529 226.244325 4.320179 1
76.653567 251.985628 5.076487 1
76.741973 259.105646 8.190587 1
76.917644 278.897327 7.391392 1
72.485593 237.028284 3.624413 1
58.897932 241.122440 3.528574 1
58.725018 234.871852 7.024900 1
58.221370 216.666042 17.208496 1
64.328115 219.892191 21.322925 1
76.583064 226.366392 29.579718 1
76.583064 226.366392 29.579718 1
80.921188 237.074792 3.446450 1
93.771183 243.074377 3.974118 1
94.162926 236.804842 7.418484 1
95.303935 218.543869 17.450722 1
90.544230 220.076044 23.745684 1
80.992507 223.150798 36.378346 1
80.992507 223.150798 36.378346 1
69.715425 196.026933 5.448104 1
68.499284 177.165856 6.239375 1
66.993277 153.809261 7.219245 1
67.326646 130.342704 5.967170 1
67.604121 110.810755 4.925029 1
65.170392 104.020754 19.600873 1
64.886168 103.231207 27.528462 1
84.429061 196.181735 5.275738 1
85.985396 177.341018 5.949748 1
87.912664 154.009857 6.784398 1
88.347537 130.512419 3.575667 1
88.702197 111.349121 0.958791 1
91.142507 103.493586 15.091836 1
91.357849 102.085285 22.935438 1
77.070200 197.551400 6.369350 1
76.991490 205.863602 6.179444 1
76.894002 216.265708 5.118749 1
76.820124 226.256890 4.373630 1
76.721238 251.998540 5.122112 1
76.699073 259.101036 8.277131 1
76.911082 278.892727 7.487033 1
72.538519 237.045271 3.670466 1
58.978914 241.227075 3.457250 1
58.608072 235.009199 6.996253 1
57.527929 216.898668 17.304150 1
63.267816 220.488434 21.639604 1
74.786560 227.692340 30.339947 1
74.786560 227.692340 30.339947 1
80.974328 237.082614 3.500684 1
93.838349 243.048851 4.063563 1
94.379608 236.809208 7.541793 1
95.956106 218.635301 17.672665 1
91.587060 220.245898 24.226008 1
82.819304 223.478026 37.377187 1
82.819304 223.478026 37.377187 1
69.716029 196.047779 5.424441 1
68.510158 177.185916 6.212669 1
67.016868 153.828347 7.188771 1
67.329406 130.361032 5.945564 1
67.589543 110.828451 4.910805 1
65.167569 104.051611 19.594674 1
64.892081 103.268315 27.523192 1
84.430097 196.183684 5.274445 1
85.985727 177.343921 5.976187 1
87.912123 154.013942 6.845179 1
88.359281 130.520155 3.611501 1
88.723961 111.359834 0.974279 1
91.145994 103.507181 15.112069 1
91.350159 102.100079 22.956185 1
77.092900 197.559400 6.409490 1
77.018071 205.871826 6.228011 1
76.926089 216.274829 5.175650 1
76.857478 226.266379 4.434979 1
76.772205 252.008011 5.185723 1
76.692963 259.127768 8.300669 1
76.869638 278.923419 7.606984 1
72.581563 237.057083 3.732831 1
59.053876 241.337058 3.451146 1
58.472601 235.200937 7.102747 1
56.779537 217.328531 17.738604 1
62.272475 221.240866 22.114695 1
73.295643 229.092098 30.896587 1
73.295643 229.092098 30.896587 1
81.017388 237.089983 3.562917 1
93.880275 243.057441 4.138595 1
94.587527 236.919384 7.764645 1
96.647502 219.041359 18.326063 1
93.084874 220.808717 25.312695 1
85.935430 224.355431 39.333392 1
85.935430 224.355431 39.333392 1
69.739338 196.059970 5.453252 1
68.521565 177.198106 6.222964 1
67.013537 153.840537 7.176136 1
67.331437 130.372694 5.944314 1
67.596038 110.839674 4.919030 1
65.151685 104.080172 19.607182 1
64.863758 103.306366 27.536190 1
84.453651 196.189585 5.322978 1
85.999087 177.348201 6.003383 1
87.912861 154.016214 6.845953 1
88.356851 130.522049 3.614581 1
88.718946 111.361421 0.979239 1
91.115357 103.509919 15.122034 1
91.306346 102.103857 22.966668 1
77.105200 197.561600 6.428550 1
77.030552 205.874080 6.249485 1
76.941372 216.277197 5.198013 1
76.874972 226.268595 4.455087 1
76.792334 252.010635 5.192019 1
76.720244 259.130416 8.307083 1
76.938081 278.922760 7.535155 1
72.601173 237.059482 3.742940 1
59.151656 241.573226 3.379022 1
58.501473 235.497753 7.119334 1
56.607706 217.801993 18.013577 1
61.711545 222.126273 22.472313 1
71.953876 230.804191 31.420055 1
71.953876 230.804191 31.420055 1
81.037166 237.091188 3.581384 1
93.885775 243.094118 4.104761 1
94.727738 237.061120 7.875465 1
97.180080 219.489094 18.858213 1
94.441832 221.334613 26.187943 1
88.946744 225.038182 40.897168 1
88.946744 225.038182 40.897168 1
69.754435 196.062184 5.451023 1
68.537213 177.199811 6.209025 1
67.029866 153.841610 7.147695 1
67.330652 130.373319 5.920115 1
67.581006 110.839926 4.898362 1
65.101158 104.089254 19.584625 1
64.796487 103.319345 27.513387 1
84.469052 196.192417 5.362449 1
86.011634 177.349313 6.000386 1
87.921872 154.015197 6.790365 1
88.362530 130.520962 3.559046 1
88.721908 111.360276 0.923748 1
91.077042 103.501462 15.069416 1
91.246633 102.091922 22.913917 1
77.106800 197.565200 6.444070 1
77.032645 205.877692 6.265337 1
76.944397 216.280756 5.213267 1
76.876811 226.271615 4.463232 1
76.783966 252.014601 5.165065 1
76.770349 259.112276 8.330966 1
77.045842 278.900104 7.467154 1
72.599676 237.059935 3.732471 1
59.162921 241.610640 3.357590 1
58.507991 235.575665 7.162085 1
56.600398 217.997858 18.243268 1
61.406985 222.580802 22.773416 1
71.052791 231.777807 31.864467 1
71.052791 231.777807 31.864467 1
81.035803 237.094555 3.578638 1
93.857502 243.160874 4.025449 1
94.759474 237.205097 7.903509 1
97.386603 219.857992 19.198948 1
95.295943 221.744642 26.728795 1
91.100429 225.530751 41.839610 1
91.100429 225.530751 41.839610 1
69.757572 196.066020 5.454697 1
68.535055 177.204102 6.215503 1
67.021153 153.846465 7.157647 1
67.324899 130.378184 5.930608 1
67.577717 110.844799 4.909306 1
65.070178 104.092518 19.590126 1
64.750454 103.321777 27.518214 1
84.472315 196.195892 5.389683 1
86.011476 177.352752 6.034804 1
87.917478 154.018592 6.833679 1
88.366219 130.527652 3.579600 1
88.732189 111.369654 0.925740 1
91.063603 103.503353 15.071175 1
91.219697 102.089528 22.915186 1
77.089000 197.555300 6.447880 1
77.015484 205.867644 6.262149 1
76.928125 216.269802 5.201084 1
76.859716 226.260086 4.443507 1
76.758609 252.003487 5.128788 1
76.766880 259.104159 8.287980 1
77.109596 278.890578 7.415992 1
72.580083 237.046671 3.701834 1
59.122702 241.536801 3.336499 1
58.563062 235.504623 7.160589 1
56.933016 217.934963 18.298849 1
61.675107 222.490548 22.923577 1
71.191484 231.632648 32.204431 1
71.191484 231.632648 32.204431 1
81.016339 237.083689 3.555893 1
93.812476 243.206095 3.969250 1
94.676269 237.291222 7.917962 1
97.192193 220.063255 19.419183 1
95.222412 222.006696 26.967156 1
91.269475 225.906774 42.114346 1
91.269475 225.906774 42.114346 1
69.740784 196.055682 5.451680 1
68.518401 177.194339 6.226823 1
67.004666 153.837414 7.186720 1
67.317258 130.369556 5.953837 1
67.577441 110.836522 4.927670 1
65.051645 104.069186 19.598425 1
64.721086 103.290662 27.525308 1
84.455596 196.184729 5.402727 1
86.004090 177.344113 6.097340 1
87.921649 154.013080 6.957504 1
88.380923 130.529958 3.648920 1
88.755483 111.378336 0.950608 1
91.086496 103.498595 15.088628 1
91.240783 102.076706 22.931216 1
77.069600 197.552200 6.477450 1
76.995723 205.864241 6.278770 1
76.909519 216.264483 5.198987 1
76.843338 226.253203 4.420874 1
76.747845 251.998141 5.046667 1
76.774955 259.099303 8.204651 1
77.155002 278.885913 7.352692 1
72.567560 237.039134 3.648103 1
59.075892 241.427079 3.306543 1
58.703625 235.374209 7.120756 1
57.619330 217.744282 18.230248 1
62.654000 221.949716 22.877324 1
72.757522 230.389136 32.203026 1
72.757522 230.389136 32.203026 1
81.004030 237.073677 3.514373 1
93.793687 243.206385 3.973064 1
94.480989 237.217366 7.843910 1
96.482857 219.773435 19.118334 1
93.682301 221.855536 26.360615 1
88.062175 226.033874 40.894347 1
88.062175 226.033874 40.894347 1
69.722471 196.050548 5.476306 1
68.503870 177.189295 6.259547 1
66.994816 153.832481 7.229472 1
67.313706 130.365267 5.985977 1
67.579129 110.832770 4.950977 1
65.038442 104.051646 19.612791 1
64.699168 103.265910 27.538594 1
84.437316 196.180506 5.441708 1
85.988730 177.341827 6.180904 1
87.909905 154.013192 7.096275 1
88.404991 130.537802 3.738350 1
88.808757 111.392487 0.999797 1
91.127712 103.518611 15.143066 1
91.271055 102.098326 22.986153 1
77.043200 197.552600 6.514460 1
76.967025 205.864514 6.311386 1
76.879433 216.263815 5.222685 1
76.813718 226.251292 4.428744 1
76.721282 251.997618 4.995043 1
76.711045 259.096508 8.158230 1
77.082573 278.882586 7.290302 1
72.540613 237.036047 3.625365 1
59.019155 241.332580 3.300114 1
58.850024 235.242320 7.068956 1
58.357398 217.503491 18.046300 1
63.995219 221.023466 22.568871 1
75.309138 228.087315 31.644716 1
75.309138 228.087315 31.644716 1
80.977260 237.069030 3.502882 1
93.774088 243.183799 3.999500 1
94.255986 237.089466 7.734612 1
95.659587 219.338794 18.613692 1
91.680422 221.512209 25.252322 1
83.695077 225.873794 38.574654 1
83.695077 225.873794 38.574654 1
69.697491 196.048224 5.507009 1
68.477536 177.187241 6.294634 1
66.966806 153.830762 7.269988 1
67.301202 130.364111 6.019952 1
67.579531 110.832083 4.979508 1
65.017543 104.038916 19.632037 1
64.665053 103.247278 27.556677 1
84.412323 196.182578 5.486540 1
85.971442 177.343314 6.193914 1
87.902160 154.013953 7.069879 1
88.383523 130.538474 3.710584 1
88.776099 111.393086 0.970914 1
91.096141 103.498324 15.102357 1
91.241881 102.067150 22.943420 1
77.016800 197.556600 6.535720 1
76.941910 205.868668 6.338522 1
76.857897 216.267789 5.247835 1
76.797224 226.253859 4.435984 1
76.717617 252.002002 4.914884 1
76.692517 259.116788 8.042069 1
77.008868 278.904134 7.181213 1
72.531633 237.038120 3.587330 1
59.015016 241.348062 3.239035 1
59.049939 235.297083 7.074197 1
59.151648 217.672663 18.244708 1
65.464067 220.408261 22.403888 1
78.131761 225.898028 30.750484 1
78.131761 225.898028 30.750484 1
80.968529 237.066163 3.482017 1
93.790346 243.122680 4.043660 1
94.091736 237.068019 7.861306 1
94.969580 219.432896 18.980779 1
90.466424 221.649597 25.260644 1
81.429538 226.098049 37.863011 1
81.429538 226.098049 37.863011 1
69.672350 196.053837 5.516742 1
68.456526 177.192733 6.307851 1
66.950910 153.836105 7.287520 1
67.280351 130.369897 6.027885 1
67.554555 110.838238 4.979452 1
64.980362 104.035072 19.625201 1
64.621965 103.237776 27.549009 1
84.387213 196.186427 5.517294 1
85.948001 177.346925 6.214575 1
87.880785 154.017270 7.078041 1
88.360978 130.544073 3.702670 1
88.752599 111.400546 0.949889 1
91.058736 103.493423 15.076696 1
91.197637 102.055728 22.916690 1
76.989600 197.533800 6.568150 1
76.921889 205.845785 6.364977 1
76.846180 216.244355 5.268430 1
76.793152 226.230052 4.451482 1
76.735349 251.978470 4.918567 1
76.669756 259.129432 7.961516 1
76.908976 278.917452 7.091322 1
72.535078 237.017408 3.604420 1
58.970426 241.180478 3.349656 1
59.089867 235.179902 7.261542 1
59.437749 217.702287 18.655523 1
65.855911 220.392455 22.680333 1
78.735808 225.791055 30.757279 1
78.735808 225.791055 30.757279 1
80.971821 237.038495 3.486057 1
93.795878 243.088455 4.066910 1
94.009937 237.088699 7.976039 1
94.633414 219.613497 19.361971 1
90.436603 221.943733 25.810667 1
82.014487 226.620025 38.751839 1
82.014487 226.620025 38.751839 1
69.642972 196.036792 5.556427 1
68.534040 177.168387 6.330297 1
67.160795 153.802716 7.288617 1
67.340457 130.337686 5.977819 1
67.489998 110.807007 4.886802 1
65.044074 103.992140 19.549086 1
64.772152 103.182322 27.475062 1
84.357942 196.156373 5.544536 1
85.929408 177.319376 6.284223 1
87.875416 153.992822 7.200203 1
88.378986 130.528191 3.769143 1
88.789673 111.391649 0.970945 1
91.122882 103.484846 15.093485 1
91.273169 102.045919 22.933043 1
76.959100 197.583600 6.589240 1
76.907912 205.895746 6.387821 1
76.847111 216.294697 5.293968 1
76.803439 226.280854 4.482100 1
76.770536 252.028957 4.968541 1
76.615193 259.195980 7.970165 1
76.867307 278.977919 6.974384 1
72.548897 237.072410 3.671583 1
58.930318 241.059093 3.480495 1
58.794632 234.913219 7.159336 1
58.399416 217.012404 17.874533 1
64.421151 220.142087 22.184138 1
76.505504 226.422701 30.832606 1
76.505504 226.422701 30.832606 1
80.984671 237.086496 3.496623 1
93.805791 243.145217 4.050363 1
94.215044 237.160521 7.967008 1
95.407055 219.729183 19.374830 1
91.668310 222.140760 26.070723 1
84.165437 226.980286 39.507969 1
84.165437 226.980286 39.507969 1
69.604646 196.102224 5.611959 1
68.506073 177.232395 6.365625 1
67.145657 153.864962 7.298926 1
67.332586 130.401144 5.967601 1
67.488175 110.871474 4.859497 1
65.132432 104.046755 19.531962 1
64.907428 103.232276 27.458931 1
84.319614 196.190872 5.530609 1
85.906441 177.357368 6.324469 1
87.871470 154.035141 7.307533 1
88.395868 130.573812 3.857065 1
88.823540 111.439963 1.043039 1
91.247529 103.543831 15.156256 1
91.442970 102.108784 22.995530 1
76.962700 197.536200 6.608790 1
76.914170 205.848682 6.421031 1
76.855321 216.248878 5.338976 1
76.814595 226.234863 4.524837 1
76.794896 251.983722 4.970260 1
76.546681 259.163829 7.934134 1
76.829351 278.946221 6.955721 1
72.563994 237.027178 3.703809 1
58.949876 241.025516 3.449048 1
58.486470 234.861409 7.070247 1
57.136720 216.907486 17.617553 1
62.955998 220.308317 21.999248 1
74.634062 227.133068 30.792386 1
74.634062 227.133068 30.792386 1
80.999488 237.036888 3.515543 1
93.812196 243.114585 4.055878 1
94.469576 237.153416 7.974615 1
96.384293 219.790606 19.388532 1
93.202474 222.254267 26.348079 1
86.817234 227.198315 40.314424 1
86.817234 227.198315 40.314424 1
69.606233 196.059030 5.640330 1
68.499210 177.189438 6.387527 1
67.128329 153.822297 7.312818 1
67.329690 130.359232 5.970383 1
67.497291 110.830188 4.853033 1
65.157754 103.998124 19.524672 1
64.939729 103.180325 27.451494 1
84.321090 196.142596 5.536637 1
85.910181 177.308794 6.318812 1
87.878012 153.986197 7.287406 1
88.400282 130.522622 3.851921 1
88.826218 111.386941 1.050115 1
91.269967 103.507462 15.169231 1
91.475874 102.081465 23.009888 1
76.987900 197.544900 6.633350 1
76.931000 205.857374 6.447618 1
76.861257 216.257634 5.366821 1
76.810469 226.243646 4.553586 1
76.766875 251.992450 5.000536 1
76.528325 259.179699 7.947846 1
76.787094 278.960372 6.928915 1
72.549368 237.032025 3.735251 1
58.976069 241.164246 3.441730 1
58.366984 235.016619 7.069366 1
56.592920 217.110698 17.635421 1
62.037091 220.999236 22.092906 1
72.962395 228.802713 31.038138 1
72.962395 228.802713 31.038138 1
80.984757 237.049645 3.542904 1
93.768807 243.194182 3.999577 1
94.634229 237.243282 7.893420 1
97.154898 219.910380 19.234829 1
94.475622 222.295685 26.429320 1
89.098879 227.082488 40.867146 1
89.098879 227.082488 40.867146 1
69.632861 196.060569 5.664992 1
68.514571 177.191546 6.409794 1
67.129737 153.825111 7.332119 1
67.338935 130.362099 5.989959 1
67.513057 110.833099 4.872838 1
65.154665 103.999052 19.540534 1
64.925710 103.180451 27.466966 1
84.347621 196.158957 5.560397 1
85.933049 177.323447 6.308111 1
87.896346 153.998735 7.234031 1
88.414066 130.531597 3.822277 1
88.836292 111.393010 1.039825 1
91.266837 103.515764 15.162465 1
91.466460 102.091416 23.003585 1
77.005900 197.560100 6.614800 1
76.941728 205.872463 6.426492 1
76.861702 216.272228 5.341645 1
76.798115 226.257934 4.525567 1
76.717427 252.006729 4.967834 1
76.511056 259.173281 7.967507 1
76.775936 278.948706 6.852774 1
72.519759 237.039883 3.712548 1
58.963146 241.226764 3.422512 1
58.320291 235.093696 7.068915 1
56.447866 217.230179 17.689631 1
61.520183 221.514001 22.222772 1
71.699255 230.110729 31.319829 1
71.699255 230.110729 31.319829 1
80.954770 237.069868 3.505731 1
93.706510 243.290071 3.818877 1
94.693445 237.337426 7.681021 1
97.568041 219.999441 18.930102 1
95.109194 222.194796 26.262454 1
90.174807 226.600411 40.976939 1
90.174807 226.600411 40.976939 1
69.651993 196.069062 5.648153 1
68.523586 177.200848 6.398152 1
67.126226 153.835413 7.326911 1
67.344329 130.372071 5.991952 1
67.525865 110.842797 4.880825 1
65.152122 104.010159 19.546701 1
64.913928 103.192662 27.472975 1
84.366643 196.180234 5.541028 1
85.943625 177.344268 6.295101 1
87.896462 154.018992 7.228896 1
88.411394 130.551900 3.816405 1
88.831345 111.413350 1.033351 1
91.250389 103.531401 15.155342 1
91.444397 102.104743 22.996182 1
76.985400 197.537000 6.593770 1
76.917462 205.849246 6.401619 1
76.833663 216.248346 5.310716 1
76.770683 226.233423 4.486911 1
76.703591 251.982673 4.904231 1
76.483823 259.136050 7.934245 1
76.795103 278.914157 6.880762 1
72.497417 237.016793 3.666010 1
58.896036 241.058905 3.421890 1
58.314644 234.947063 7.113964 1
56.621243 217.145370 17.867706 1
61.521825 221.573827 22.450495 1
71.356260 230.460808 31.647188 1
71.356260 230.460808 31.647188 1
80.932316 237.042206 3.454069 1
93.646511 243.342048 3.692999 1
94.600691 237.363570 7.523342 1
97.379882 219.950344 18.679797 1
94.752480 221.930376 26.014995 1
89.479837 225.903882 40.735191 1
89.479837 225.903882 40.735191 1
69.631160 196.042348 5.635269 1
68.499752 177.174545 6.391068 1
67.098674 153.809620 7.327010 1
67.337193 130.346021 6.000084 1
67.535721 110.816533 4.895642 1
65.166643 103.987505 19.563954 1
64.928449 103.172875 27.490523 1
84.345645 196.159791 5.513195 1
85.931284 177.325299 6.285701 1
87.894842 154.001848 7.242320 1
88.405755 130.533016 3.841205 1
88.822430 111.393049 1.067429 1
91.264125 103.505030 15.182131 1
91.470688 102.074992 23.022034 1
76.944500 197.538900 6.553890 1
76.875568 205.850912 6.352237 1
76.789972 216.248708 5.249104 1
76.727509 226.232709 4.412326 1
76.670721 251.982553 4.792889 1
76.449190 259.145722 7.799556 1
76.777509 278.928793 6.849562 1
72.456920 237.016499 3.583045 1
58.826937 240.964051 3.392745 1
58.421801 234.857274 7.116611 1
57.241771 217.070335 17.962954 1
62.328094 221.277663 22.551701 1
72.535272 229.720885 31.760350 1
72.535272 229.720885 31.760350 1
80.891467 237.038439 3.357138 1
93.599837 243.349668 3.605197 1
94.414022 237.371762 7.468606 1
96.785455 219.960201 18.721369 1
93.927702 221.960912 25.964248 1
88.192794 225.975918 40.499180 1
88.192794 225.975918 40.499180 1
69.588914 196.042537 5.608481 1
68.458790 177.174694 6.365216 1
67.059303 153.809720 7.302318 1
67.308366 130.345955 5.980267 1
67.515670 110.816330 4.879884 1
65.164890 103.990769 19.552753 1
64.935087 103.178553 27.479817 1
84.303182 196.161048 5.463538 1
85.897899 177.327224 6.233654 1
87.872697 154.004601 7.187316 1
88.386381 130.531806 3.814082 1
88.805315 111.388607 1.063044 1
91.277338 103.506848 15.175963 1
91.499630 102.079851 23.015991 1
76.920100 197.557300 6.528050 1
76.848815 205.869069 6.317402 1
76.760417 216.265382 5.200593 1
76.699133 226.247816 4.345248 1
76.656903 251.998530 4.663810 1
76.435249 259.155238 7.685812 1
76.762218 278.938754 6.744635 1
72.433801 237.031945 3.493615 1
58.799647 240.966924 3.346562 1
58.583589 234.850634 7.070585 1
57.954280 217.035985 17.917386 1
63.603438 220.661476 22.341380 1
74.940108 227.937073 31.219404 1
74.940108 227.937073 31.219404 1
80.868163 237.048661 3.260485 1
93.606145 243.297351 3.566302 1
94.207616 237.309289 7.452886 1
95.959490 219.868148 18.773149 1
92.458726 221.886571 25.722935 1
85.433431 225.937120 39.669690 1
85.433431 225.937120 39.669690 1
69.563381 196.058118 5.596011 1
68.431982 177.190372 6.353276 1
67.030914 153.825519 7.291035 1
67.302882 130.361905 5.970824 1
67.529251 110.832405 4.871972 1
65.192252 104.004071 19.545752 1
64.966956 103.191418 27.472901 1
84.277371 196.180039 5.427475 1
85.877087 177.346887 6.203617 1
87.858076 154.025095 7.164740 1
88.377300 130.551271 3.799524 1
88.800753 111.407232 1.055025 1
91.295116 103.535601 15.169666 1
91.528399 102.113676 23.010296 1
76.887300 197.539100 6.498980 1
76.806317 205.850533 6.278799 1
76.709290 216.245532 5.150536 1
76.648180 226.227030 4.284315 1
76.627287 251.978099 4.575066 1
76.431663 259.150412 7.561661 1
76.631513 278.933843 6.583836 1
72.392202 237.013783 3.419239 1
58.761665 240.961586 3.280776 1
58.737713 234.894826 7.091011 1
58.667941 217.224443 18.188917 1
64.963783 220.058920 22.306807 1
77.598210 225.747120 30.570542 1
77.598210 225.747120 30.570542 1
80.826673 237.023219 3.189660 1
93.620537 243.157900 3.469938 1
94.032579 237.114744 7.295466 1
95.232713 219.513130 18.437894 1
90.638303 221.446175 24.745321 1
81.418290 225.325388 37.402996 1
81.418290 225.325388 37.402996 1
69.531350 196.030456 5.576191 1
68.398750 177.163160 6.342794 1
66.996196 153.798863 7.292115 1
67.288668 130.335082 5.979272 1
67.532104 110.805443 4.886553 1
65.193676 103.977782 19.560418 1
64.965125 103.166386 27.487602 1
84.245011 196.168953 5.392481 1
85.850823 177.336956 6.183891 1
87.839361 154.016593 7.163921 1
88.372914 130.542327 3.804036 1
88.808052 111.397927 1.063885 1
91.312304 103.536432 15.182424 1
91.548858 102.119269 23.023818 1
76.852700 197.525800 6.463220 1
76.764780 205.836598 6.222642 1
76.658615 216.229534 5.076344 1
76.593282 226.210662 4.206180 1
76.577178 251.961450 4.521121 1
76.442590 259.128849 7.522850 1
76.449292 278.908544 6.453355 1
72.337375 236.998911 3.359599 1
58.707623 240.951275 3.292555 1
58.862452 234.999806 7.277538 1
59.313407 217.665228 18.884426 1
65.806784 220.291701 22.829878 1
78.837623 225.562479 30.747568 1
78.837623 225.562479 30.747568 1
80.771380 237.007196 3.113428 1
93.654190 242.939430 3.600891 1
93.995958 236.894928 7.431214 1
94.991405 219.289397 18.587610 1
90.124195 221.295033 24.663512 1
80.356730 225.319923 36.856567 1
80.356730 225.319923 36.856567 1
69.495191 196.009359 5.565990 1
68.361473 177.142323 6.337323 1
66.957535 153.778348 7.292504 1
67.268129 130.314874 5.978343 1
67.526648 110.785490 4.884526 1
65.213189 103.952796 19.560006 1
64.995653 103.139570 27.487313 1
84.208135 196.158417 5.338321 1
85.819906 177.328502 6.166321 1
87.815824 154.010718 7.191661 1
88.381212 130.535468 3.843877 1
88.842315 111.390266 1.113595 1
91.383039 103.558269 15.242008 1
91.634756 102.155488 23.085515 1
76.827100 197.591400 6.398060 1
76.753175 205.902217 6.153493 1
76.656169 216.295286 5.007581 1
76.596724 226.277374 4.148077 1
76.605166 252.027455 4.516558 1
76.419106 259.194412 7.516592 1
76.343045 278.971820 6.408175 1
72.342975 237.070899 3.359922 1
58.696122 240.964363 3.346848 1
58.660859 234.901644 7.163422 1
58.558143 217.243032 18.279793 1
64.633784 220.321735 22.550282 1
76.826314 226.500043 31.120252 1
76.826314 226.500043 31.120252 1
80.774598 237.072679 3.042405 1
93.702295 242.898794 3.614143 1
94.093680 236.862766 7.453072 1
95.233646 219.281918 18.634533 1
90.734482 221.465388 24.928885 1
81.705608 225.847154 37.560325 1
81.705608 225.847154 37.560325 1
69.459852 196.088570 5.559781 1
68.332071 177.220619 6.317308 1
66.935484 153.855511 7.255390 1
67.267759 130.392997 5.929443 1
67.544323 110.864412 4.825817 1
65.357696 104.027975 19.518989 1
65.204686 103.214141 27.447742 1
84.170798 196.209306 5.215917 1
85.802946 177.383775 6.101690 1
87.824096 154.071421 7.198574 1
88.395016 130.592604 3.876847 1
88.860628 111.444493 1.167816 1
91.535869 103.633899 15.283242 1
91.857998 102.241311 23.125990 1
76.821900 197.548700 6.367490 1
76.750765 205.860452 6.156110 1
76.656086 216.256836 5.040483 1
76.601099 226.239380 4.185982 1
76.630557 251.990105 4.505094 1
76.324033 259.134422 7.548918 1
76.283201 278.915391 6.504024 1
72.354134 237.034731 3.386330 1
58.747966 241.065529 3.242490 1
58.370555 234.954584 6.962430 1
57.271279 217.155505 17.797335 1
63.073228 220.496689 22.247366 1
74.716517 227.201742 31.177639 1
74.716517 227.201742 31.177639 1
80.785051 237.029246 3.050604 1
93.701324 242.879727 3.631625 1
94.275284 236.892337 7.523400 1
95.947025 219.453153 18.858786 1
92.141607 221.765710 25.552049 1
84.504935 226.406524 38.984017 1
84.504935 226.406524 38.984017 1
69.451392 196.052274 5.546594 1
68.341143 177.183015 6.297415 1
66.966267 153.816287 7.227193 1
67.289585 130.354031 5.894487 1
67.558694 110.825661 4.785234 1
65.445747 103.992244 19.490587 1
65.332760 103.179941 27.420167 1
84.161227 196.168248 5.156627 1
85.806636 177.342476 6.012225 1
87.844209 154.029823 7.071742 1
88.394339 130.542300 3.808571 1
88.842997 111.387089 1.147295 1
91.564612 103.590468 15.261580 1
91.914047 102.206251 23.104641 1
76.849100 197.548400 6.350980 1
76.765188 205.860410 6.155005 1
76.659314 216.257887 5.050623 1
76.599768 226.240223 4.194007 1
76.627380 251.991400 4.474497 1
76.281936 259.129989 7.527578 1
76.266696 278.915781 6.577627 1
72.354803 237.034192 3.365596 1
58.791582 241.202533 3.121052 1
58.208696 235.159683 6.924767 1
56.510941 217.558942 18.003682 1
61.965659 221.347251 22.533987 1
72.912130 228.949589 31.625353 1
72.912130 228.949589 31.625353 1
80.786674 237.028537 3.054766 1
93.671679 242.954541 3.559689 1
94.462492 237.056663 7.548905 1
96.765854 219.878198 19.168100 1
93.838418 222.271547 26.262527 1
87.963672 227.074492 40.499548 1
87.963672 227.074492 40.499548 1
69.483221 196.041728 5.507588 1
68.360692 177.173471 6.265318 1
66.970610 153.807986 7.203652 1
67.293273 130.344536 5.891956 1
67.561838 110.815173 4.800191 1
65.393115 103.996170 19.504115 1
65.250717 103.191402 27.433990 1
84.193839 196.181973 5.157143 1
85.817516 177.351842 5.956474 1
87.828179 154.033791 6.946314 1
88.380995 130.541169 3.720515 1
88.831844 111.381799 1.089719 1
91.475034 103.610122 15.232637 1
91.782694 102.240455 23.080001 1
76.869700 197.582700 6.339920 1
76.779926 205.894509 6.138076 1
76.669237 216.291121 5.026058 1
76.600224 226.272720 4.161592 1
76.583648 252.024129 4.420752 1
76.277331 259.152796 7.501074 1
76.313393 278.935613 6.491596 1
72.340298 237.058861 3.308391 1
58.811850 241.335461 3.012364 1
58.172530 235.362192 6.915616 1
56.310403 217.964118 18.284447 1
61.382820 222.183033 22.877946 1
71.562093 230.649507 32.096130 1
71.562093 230.649507 32.096130 1
80.773266 237.067101 3.028979 1
93.610053 243.105942 3.409931 1
94.593592 237.304216 7.496104 1
97.458296 220.405807 19.397702 1
95.350226 222.828092 26.767741 1
91.119773 227.689108 41.557855 1
91.119773 227.689108 41.557855 1
69.509380 196.069390 5.460638 1
68.363092 177.202963 6.228283 1
66.943586 153.839742 7.178896 1
67.274575 130.374663 5.898810 1
67.550068 110.843943 4.833355 1
65.283207 104.045524 19.532006 1
65.087913 103.251844 27.461873 1
84.221449 196.221568 5.183777 1
85.829980 177.388433 5.941911 1
87.821886 154.066663 6.880734 1
88.374723 130.572311 3.667563 1
88.825590 111.411530 1.047064 1
91.385119 103.635509 15.202976 1
91.648614 102.264313 23.051680 1
76.852400 197.558900 6.294830 1
76.763102 205.870640 6.089971 1
76.649300 216.266615 4.972323 1
76.566258 226.247345 4.099107 1
76.479408 251.998906 4.327399 1
76.242645 259.128164 7.412478 1
76.324435 278.909524 6.377423 1
72.279705 237.020909 3.220726 1
58.764714 241.337885 2.897335 1
58.209407 235.416271 6.891101 1
56.591979 218.168649 18.523568 1
61.436139 222.603805 23.159558 1
71.157348 231.504229 32.463012 1
71.157348 231.504229 32.463012 1
80.713391 237.051614 2.965606 1
93.513789 243.171764 3.264608 1
94.550116 237.421495 7.410041 1
97.568573 220.672962 19.484244 1
95.869324 223.149283 26.941407 1
92.459289 228.118738 41.906362 1
92.459289 228.118738 41.906362 1
69.495047 196.045127 5.391832 1
68.342523 177.179640 6.173111 1
66.915295 153.817583 7.140608 1
67.253303 130.351046 5.889405 1
67.534639 110.819113 4.847989 1
65.217608 104.040869 19.548135 1
64.994938 103.258183 27.478373 1
84.207943 196.197565 5.163327 1
85.812429 177.364556 5.933072 1
87.799325 154.042941 6.886275 1
88.359424 130.549458 3.668012 1
88.816211 111.389386 1.043361 1
91.330489 103.599316 15.199658 1
91.569258 102.220473 23.047814 1
76.813300 197.566600 6.252360 1
76.733619 205.878375 6.044952 1
76.628808 216.274050 4.923641 1
76.548563 226.254220 4.043792 1
76.453761 252.005963 4.247024 1
76.227238 259.139048 7.324017 1
76.357944 278.921865 6.322388 1
72.258771 237.025603 3.154544 1
58.726533 241.290183 2.858384 1
58.376763 235.366624 6.872503 1
57.357994 218.113336 18.564251 1
62.262071 222.449697 23.230609 1
72.103520 231.151860 32.595006 1
72.103520 231.151860 32.595006 1
80.692471 237.058658 2.900155 1
93.491236 243.181483 3.213947 1
94.411504 237.369460 7.300226 1
97.091924 220.441059 19.202134 1
94.955648 222.987119 26.522161 1
90.668592 228.096525 41.211913 1
90.668592 228.096525 41.211913 1
69.454015 196.061098 5.351286 1
68.297175 177.196120 6.138458 1
66.864605 153.834693 7.113252 1
67.234479 130.367733 5.879117 1
67.542339 110.835448 4.851909 1
65.230480 104.066031 19.556936 1
65.006741 103.289483 27.487747 1
84.167032 196.196370 5.119821 1
85.786646 177.366474 5.932834 1
87.792275 154.048715 6.939617 1
88.351419 130.557800 3.702497 1
88.807427 111.399822 1.062468 1
91.353345 103.594402 15.204647 1
91.608907 102.206750 23.050721 1
76.794100 197.576200 6.240680 1
76.718930 205.887704 6.021094 1
76.619929 216.281972 4.886289 1
76.546507 226.261200 3.995235 1
76.474902 252.013199 4.173991 1
76.214586 259.152352 7.234193 1
76.332183 278.937302 6.273928 1
72.265211 237.035553 3.101035 1
58.712188 241.235787 2.837562 1
58.563141 235.272952 6.805738 1
58.129012 217.905266 18.363672 1
63.515072 221.750961 22.927649 1
74.323760 229.468460 32.086588 1
74.323760 229.468460 32.086588 1
80.698614 237.060841 2.836129 1
93.512375 243.148352 3.217668 1
94.195884 237.231483 7.198580 1
96.186707 219.997703 18.793590 1
93.169306 222.598180 25.776549 1
87.114018 227.816790 39.789874 1
87.114018 227.816790 39.789874 1
69.432410 196.073691 5.354369 1
68.281545 177.208224 6.138578 1
66.856372 153.846192 7.109703 1
67.225511 130.379590 5.868568 1
67.532758 110.847602 4.835532 1
65.250976 104.074444 19.543534 1
65.043243 103.295954 27.474590 1
84.145089 196.199973 5.097653 1
85.771837 177.371075 5.919495 1
87.786302 154.054553 6.937210 1
88.338525 130.562211 3.709265 1
88.788890 111.403070 1.076718 1
91.372717 103.596581 15.211430 1
91.649111 102.208255 23.056679 1
76.794800 197.554900 6.257610 1
76.717155 205.866073 6.026645 1
76.615250 216.258806 4.878122 1
76.545908 226.237125 3.976622 1
76.505313 251.989323 4.135289 1
76.170581 259.122852 7.201364 1
76.277274 278.908059 6.245103 1
72.276239 237.015885 3.079958 1
58.715978 241.192596 2.814907 1
58.740249 235.239205 6.799954 1
58.810933 217.899028 18.407024 1
64.882452 220.990511 22.674140 1
77.066713 227.194465 31.237343 1
77.066713 227.194465 31.237343 1
80.709287 237.030884 2.803248 1
93.564602 243.020260 3.317134 1
94.040967 237.053110 7.252917 1
95.428449 219.672881 18.716483 1
91.530125 222.263885 25.252435 1
83.707010 227.463484 38.368712 1
83.707010 227.463484 38.368712 1
69.431344 196.049462 5.391164 1
68.278799 177.184245 6.178919 1
66.851545 153.822523 7.154436 1
67.227759 130.356432 5.905788 1
67.540894 110.824869 4.866500 1
65.284408 104.043533 19.574636 1
65.089212 103.261027 27.505616 1
84.143331 196.178779 5.098757 1
85.769552 177.350157 5.927918 1
87.783364 154.033975 6.954698 1
88.339077 130.541698 3.726888 1
88.792288 111.382609 1.094451 1
91.404914 103.583084 15.227714 1
91.696044 102.198133 23.073026 1
76.782800 197.539600 6.208190 1
76.708307 205.850514 5.967091 1
76.610250 216.242064 4.807581 1
76.543372 226.219909 3.900666 1
76.502845 251.972111 4.058795 1
76.102076 259.096701 7.137706 1
76.143567 278.881622 6.170541 1
72.275227 236.998705 2.997195 1
58.752693 241.291397 2.665980 1
58.978845 235.492535 6.866705 1
59.637542 218.602446 19.101975 1
66.134616 221.152489 23.091238 1
79.172872 226.269890 31.096847 1
79.172872 226.269890 31.096847 1
80.708693 237.013596 2.733540 1
93.593441 242.914971 3.477098 1
93.877181 236.943944 7.425581 1
94.703614 219.552421 18.926136 1
90.408965 222.204077 25.183421 1
81.790510 227.525391 37.740472 1
81.790510 227.525391 37.740472 1
69.417392 196.036215 5.354871 1
68.359013 177.166121 6.157826 1
67.048370 153.798361 7.152165 1
67.288537 130.333033 5.856463 1
67.488438 110.802107 4.778010 1
65.354165 103.992354 19.491258 1
65.239814 103.189167 27.421748 1
84.128967 196.158937 5.039791 1
85.766764 177.333186 5.910307 1
87.794910 154.020558 6.988298 1
88.345790 130.531772 3.734357 1
88.795059 111.375530 1.080609 1
91.444561 103.586037 15.212540 1
91.755794 102.206509 23.058035 1
76.787500 197.534100 6.171870 1
76.720107 205.844776 5.920697 1
76.626597 216.236032 4.758180 1
76.561143 226.215271 3.866620 1
76.521215 251.966796 4.111339 1
76.085865 259.095523 7.175945 1
76.025440 278.880277 6.206364 1
72.291168 236.997052 3.008564 1
58.773240 241.306248 2.704812 1
58.900931 235.517368 6.923414 1
59.272844 218.656352 19.210751 1
65.481719 221.588701 23.391670 1
77.941624 227.473308 31.781894 1
77.941624 227.473308 31.781894 1
80.724047 237.012805 2.726780 1
93.613519 242.897436 3.519543 1
93.991710 236.872568 7.377279 1
95.093247 219.324225 18.613518 1
90.853541 221.994788 24.900162 1
82.345345 227.354046 37.516129 1
82.345345 227.354046 37.516129 1
69.419306 196.036338 5.332833 1
68.359642 177.167195 6.156172 1
67.047408 153.800612 7.175754 1
67.296073 130.335729 5.873622 1
67.503046 110.805173 4.789818 1
65.392560 103.978702 19.498750 1
65.289771 103.166959 27.428527 1
84.130432 196.145356 4.992766 1
85.773746 177.321660 5.896685 1
87.808724 154.011577 7.016040 1
88.354211 130.523609 3.755290 1
88.799083 111.368035 1.095989 1
91.485016 103.590269 15.227502 1
91.816220 102.217152 23.073304 1
76.800300 197.525300 6.152590 1
76.740172 205.836368 5.912813 1
76.654131 216.228758 4.759895 1
76.594498 226.208112 3.869217 1
76.570441 251.959834 4.094539 1
76.054615 259.073695 7.181123 1
75.974122 278.859154 6.227532 1
72.329021 236.991788 3.012600 1
58.823573 241.333549 2.628091 1
58.612544 235.420799 6.667758 1
57.997879 218.198996 18.433917 1
63.885425 221.442186 22.843838 1
75.700491 227.950587 31.693621 1
75.700491 227.950587 31.693621 1
80.761253 237.002297 2.711856 1
93.640461 242.917509 3.441301 1
94.234685 236.895619 7.276391 1
95.965450 219.355946 18.446672 1
92.085426 222.018788 24.964616 1
84.299035 227.362549 38.044754 1
84.299035 227.362549 38.044754 1
69.430423 196.035220 5.314657 1
68.382081 177.165135 6.130872 1
67.083868 153.797385 7.141632 1
67.320790 130.332618 5.835240 1
67.517989 110.802157 4.747889 1
65.436543 103.978067 19.462062 1
65.350544 103.167196 27.392128 1
84.141494 196.131662 4.968447 1
85.795029 177.310459 5.905063 1
87.842664 154.003464 7.064908 1
88.397394 130.518291 3.785638 1
88.849803 111.364997 1.111234 1
91.551256 103.600251 15.246947 1
91.889245 102.233640 23.093597 1
76.844700 197.539400 6.168270 1
76.781158 205.850754 5.939518 1
76.690818 216.244082 4.795426 1
76.624079 226.223323 3.903981 1
76.572021 251.975216 4.103561 1
76.078380 259.091446 7.188312 1
76.037528 278.881682 6.336783 1
72.347820 237.001527 3.032388 1
58.866158 241.411709 2.595451 1
58.370691 235.537624 6.666530 1
56.927559 218.428437 18.524181 1
62.428054 222.141631 23.061320 1
73.466389 229.593229 32.166403 1
73.466389 229.593229 32.166403 1
80.780328 237.020840 2.739952 1
93.622543 243.025026 3.390417 1
94.502983 237.051466 7.246010 1
97.067393 219.652566 18.476009 1
93.714809 222.243361 25.308055 1
86.986880 227.442541 39.018532 1
86.986880 227.442541 39.018532 1
69.476804 196.047103 5.316971 1
68.408361 177.177525 6.118695 1
67.085256 153.810401 7.111509 1
67.328472 130.344434 5.828031 1
67.530911 110.812974 4.759752 1
65.410035 104.015655 19.480685 1
65.302520 103.219307 27.411959 1
84.188346 196.150675 4.993595 1
85.825963 177.327589 5.920289 1
87.853887 154.018263 7.067846 1
88.433218 130.532615 3.796244 1
88.905691 111.378932 1.128093 1
91.557448 103.641529 15.288188 1
91.865893 102.289306 23.138546 1
76.874600 197.614400 6.165190 1
76.808884 205.925887 5.941966 1
76.718426 216.319591 4.801293 1
76.654098 226.298627 3.907387 1
76.612892 252.050695 4.085798 1
76.059133 259.156864 7.183508 1
76.076154 278.947644 6.343887 1
72.383264 237.077941 3.023009 1
58.859830 241.360694 2.609970 1
58.155471 235.516609 6.693425 1
56.103908 218.494804 18.587123 1
61.097159 222.706636 23.272933 1
71.117561 231.158896 32.676365 1
71.117561 231.158896 32.676365 1
80.816046 237.093406 2.738336 1
93.613415 243.201202 3.302283 1
94.714119 237.278601 7.179839 1
97.920084 220.028127 18.473808 1
95.182158 222.519955 25.609875 1
89.687716 227.520528 39.930457 1
89.687716 227.520528 39.930457 1
69.509270 196.120281 5.295090 1
68.424763 177.251215 6.087250 1
67.081765 153.884726 7.068221 1
67.318607 130.417602 5.804860 1
67.515740 110.885180 4.753325 1
65.347537 104.110477 19.477789 1
65.215822 103.325845 27.409867 1
84.221515 196.228876 5.007294 1
85.843435 177.402771 5.899617 1
87.851921 154.089705 7.004611 1
88.423482 130.601660 3.748887 1
88.889618 111.446023 1.093686 1
91.492206 103.703317 15.260004 1
91.775756 102.349087 23.110954 1
76.896700 197.554000 6.167070 1
76.830335 205.865409 5.941140 1
76.737965 216.258353 4.793725 1
76.661942 226.236171 3.887229 1
76.563510 251.988373 4.017551 1
76.081148 259.090606 7.136157 1
76.060829 278.879284 6.248457 1
72.367968 237.004319 2.979183 1
58.836938 241.262574 2.561683 1
58.119435 235.425398 6.652723 1
56.029588 218.423713 18.568514 1
60.535280 223.028324 23.377381 1
69.577256 232.268806 33.027761 1
69.577256 232.268806 33.027761 1
80.800931 237.037957 2.701502 1
93.559902 243.233520 3.170006 1
94.751547 237.345023 7.072540 1
98.222392 220.193881 18.439263 1
95.924559 222.559833 25.770779 1
91.313291 227.307800 40.483587 1
91.313291 227.307800 40.483587 1
69.532752 196.058755 5.287259 1
68.433462 177.190573 6.080081 1
67.072157 153.825178 7.061871 1
67.314183 130.357680 5.806460 1
67.515630 110.824946 4.761543 1
65.312386 104.054586 19.482802 1
65.161535 103.272386 27.414779 1
84.245368 196.168962 5.019769 1
85.861166 177.340883 5.881025 1
87.862070 154.025375 6.947549 1
88.409762 130.534527 3.707978 1
88.856432 111.376605 1.065949 1
91.442630 103.607863 15.221010 1
91.720773 102.240648 23.069903 1
76.897100 197.549600 6.159060 1
76.832682 205.860800 5.925026 1
76.742391 216.252651 4.767583 1
76.669095 226.229469 3.849926 1
76.580461 251.981851 3.947437 1
76.096087 259.079229 7.076768 1
76.042941 278.869256 6.221083 1
72.378781 236.998075 2.930094 1
58.796378 241.095420 2.575248 1
58.197908 235.259951 6.687813 1
56.454765 218.263241 18.666298 1
60.647248 223.081874 23.548178 1
69.060678 232.751856 33.345082 1
69.060678 232.751856 33.345082 1
80.811629 237.028165 2.648538 1
93.553562 243.260549 3.091675 1
94.667166 237.397720 7.055425 1
97.910707 220.321342 18.600449 1
95.778992 222.590806 26.012212 1
91.501090 227.145140 40.886057 1
91.501090 227.145140 40.886057 1
69.532377 196.055316 5.284120 1
68.424701 177.188032 6.086605 1
67.053012 153.823751 7.080362 1
67.305381 130.356481 5.822717 1
67.515437 110.823938 4.775940 1
65.309090 104.046689 19.493564 1
65.155345 103.261218 27.425162 1
84.244894 196.161623 5.009716 1
85.863288 177.334452 5.885821 1
87.867408 154.020068 6.970733 1
88.407119 130.528493 3.735105 1
88.847280 111.369977 1.096292 1
91.449771 103.595810 15.245387 1
91.737498 102.225802 23.093448 1
76.902000 197.574300 6.162890 1
76.837716 205.884878 5.907710 1
76.746842 216.274142 4.727313 1
76.672186 226.249630 3.795415 1
76.577345 252.002047 3.876344 1
76.091051 259.104558 6.993708 1
76.013587 278.896793 6.192690 1
72.379627 237.016613 2.867103 1
58.759515 240.990781 2.559908 1
58.421288 235.145976 6.688819 1
57.436143 218.122072 18.714916 1
61.729423 222.855170 23.592870 1
70.345130 232.353499 33.381895 1
70.345130 232.353499 33.381895 1
80.812568 237.048545 2.588593 1
93.565187 243.255474 3.079100 1
94.488274 237.393173 7.092270 1
97.176902 220.318332 18.781234 1
94.821529 222.594266 26.122981 1
90.094792 227.161586 40.856318 1
90.094792 227.161586 40.856318 1
69.536650 196.078058 5.296614 1
68.419374 177.211867 6.111372 1
67.035796 153.848937 7.120326 1
67.307332 130.382033 5.859868 1
67.533341 110.849793 4.810749 1
65.319509 104.059390 19.521184 1
65.159464 103.267646 27.452034 1
84.248987 196.183130 5.012247 1
85.869832 177.356745 5.900619 1
87.876987 154.043334 7.000721 1
88.418431 130.553160 3.755221 1
88.860006 111.395787 1.108357 1
91.481427 103.623338 15.254901 1
91.778912 102.253991 23.102713 1
76.912800 197.552500 6.160210 1
76.841986 205.862493 5.888236 1
76.745571 216.249442 4.688079 1
76.671211 226.223365 3.739555 1
76.587710 251.975911 3.783677 1
76.110249 259.089023 6.878150 1
75.997276 278.880825 6.070665 1
72.385300 236.990920 2.787466 1
58.754523 240.928804 2.486085 1
58.646757 235.018130 6.532858 1
58.332864 217.802372 18.319713 1
63.294560 222.047027 23.009422 1
73.251640 230.565156 32.420678 1
73.251640 230.565156 32.420678 1
80.818788 237.018714 2.525551 1
93.572504 243.221416 3.040378 1
94.231631 237.338141 7.074831 1
96.151435 220.202208 18.825788 1
93.108850 222.584515 25.875340 1
87.003022 227.365302 40.022306 1
87.003022 227.365302 40.022306 1
69.549600 196.048476 5.289149 1
68.424200 177.183456 6.119713 1
67.030562 153.821979 7.148241 1
67.307681 130.355332 5.884194 1
67.538337 110.823308 4.832089 1
65.289452 104.020159 19.531314 1
65.110135 103.221674 27.461075 1
84.262139 196.165046 5.020150 1
85.874851 177.336385 5.874423 1
87.871935 154.020154 6.932299 1
88.402669 130.529016 3.692019 1
88.835508 111.370856 1.049412 1
91.434184 103.601584 15.201896 1
91.720898 102.234723 23.050543 1
76.914400 197.561300 6.162340 1
76.839628 205.871264 5.890555 1
76.743238 216.258001 4.688558 1
76.675118 226.231292 3.732941 1
76.617129 251.983942 3.745120 1
76.091705 259.088599 6.851225 1
75.994584 278.879822 6.027649 1
72.403092 237.001912 2.753509 1
58.779865 240.963433 2.422057 1
58.833491 235.010271 6.407158 1
58.989679 217.670759 18.014387 1
64.877533 221.117039 22.267059 1
76.693217 228.032997 30.801275 1
76.693217 228.032997 30.801275 1
80.837420 237.021015 2.519321 1
93.596039 243.205887 3.120023 1
94.069166 237.271562 7.105513 1
95.447220 219.986941 18.713857 1
91.313241 222.386174 25.177818 1
83.017216 227.200929 38.149626 1
83.017216 227.200929 38.149626 1
69.553922 196.053286 5.275317 1
68.408296 177.190116 6.120108 1
66.989611 153.830928 7.166253 1
67.286989 130.363906 5.913844 1
67.534508 110.831569 4.871425 1
65.230430 104.029499 19.562600 1
65.019436 103.232278 27.491709 1
84.266942 196.177914 5.038098 1
85.868267 177.346612 5.854763 1
87.851250 154.027112 6.866069 1
88.371190 130.534694 3.633322 1
88.795227 111.375491 0.996859 1
91.350070 103.606501 15.157477 1
91.614912 102.240751 23.007086 1
76.924200 197.581900 6.154750 1
76.843367 205.891879 5.885167 1
76.743543 216.278698 4.684158 1
76.676265 226.251777 3.726280 1
76.623685 252.004443 3.724499 1
76.116011 259.124434 6.798272 1
76.002335 278.915814 5.980608 1
72.410246 237.022769 2.724987 1
58.800853 241.030400 2.379825 1
59.053235 235.121923 6.423369 1
59.788328 217.912564 18.200823 1
66.352935 220.690751 21.917880 1
79.526718 226.265986 29.377229 1
79.526718 226.265986 29.377229 1
80.845402 237.039977 2.522619 1
93.619128 243.185085 3.204826 1
93.904535 237.210422 7.147684 1
94.735824 219.808308 18.631856 1
89.785337 222.313486 24.449559 1
79.850754 227.340850 36.124461 1
79.850754 227.340850 36.124461 1
69.567019 196.068219 5.250198 1
68.421649 177.205525 6.105903 1
67.003282 153.846928 7.165565 1
67.295381 130.379499 5.919540 1
67.538506 110.846824 4.882435 1
65.197543 104.045743 19.568235 1
64.967597 103.248712 27.496836 1
84.280446 196.204754 5.047198 1
85.877927 177.373016 5.861316 1
87.856150 154.052974 6.869468 1
88.370659 130.561537 3.628737 1
88.790266 111.403134 0.985762 1
91.304892 103.629192 15.150860 1
91.549135 102.261357 23.000774 1
76.913300 197.562400 6.131800 1
76.839966 205.872366 5.859684 1
76.745823 216.260078 4.665960 1
76.677097 226.235544 3.733369 1
76.605785 251.987926 3.844099 1
76.144963 259.130724 6.871998 1
75.952856 278.916387 5.938789 1
72.401920 237.007673 2.784768 1
58.766288 240.931545 2.522840 1
58.955627 234.935893 6.439516 1
59.507100 217.472622 17.847446 1
65.863116 220.505277 21.724682 1
78.618300 226.591176 29.505478 1
78.618300 226.591176 29.505478 1
80.836784 237.031948 2.571299 1
93.626377 243.149222 3.204623 1
94.065747 237.025690 6.896980 1
95.345475 219.189971 17.651526 1
90.130163 221.878936 23.146877 1
79.664130 227.275121 34.174888 1
79.664130 227.275121 34.174888 1
69.554457 196.055156 5.230025 1
68.400671 177.193120 6.088899 1
66.971881 153.835335 7.152486 1
67.285268 130.367587 5.917713 1
67.546110 110.834645 4.889974 1
65.206757 104.039602 19.578826 1
64.975092 103.246760 27.507797 1
84.267937 196.178200 5.022361 1
85.871408 177.348668 5.874842 1
87.857047 154.031360 6.930499 1
88.383120 130.541769 3.678265 1
88.812158 111.384871 1.025908 1
91.345150 103.606249 15.185164 1
91.597741 102.235105 23.034236 1
76.895500 197.549700 6.103070 1
76.833328 205.860184 5.844319 1
76.749069 216.249365 4.662706 1
76.682725 226.225254 3.734473 1
76.604924 251.977649 3.837612 1
76.086175 259.071473 6.969489 1
75.961655 278.852368 5.929814 1
72.401964 236.995968 2.795021 1
58.777374 240.955633 2.499362 1
58.699468 234.772162 6.116358 1
58.472547 216.761841 16.651425 1
64.596758 219.895419 20.811188 1
76.886759 226.183852 29.158953 1
76.886759 226.183852 29.158953 1
80.836167 237.022401 2.557069 1
93.607144 243.188500 3.083565 1
94.271469 237.045203 6.708859 1
96.206414 219.151915 17.268076 1
91.057240 221.937737 22.777532 1
80.723934 227.528294 33.833849 1
80.723934 227.528294 33.833849 1
69.532749 196.054240 5.213661 1
68.392230 177.191051 6.064915 1
66.979869 153.831840 7.119065 1
67.282020 130.364273 5.878045 1
67.533512 110.831483 4.845105 1
65.251343 104.038037 19.543688 1
65.051301 103.245783 27.473579 1
84.245942 196.156933 4.976681 1
85.864776 177.330574 5.869241 1
87.869441 154.017193 6.974529 1
88.407599 130.528043 3.721084 1
88.846494 111.371505 1.067741 1
91.424473 103.596064 15.220623 1
91.699393 102.225658 23.069073 1
76.904400 197.562400 6.082270 1
76.843329 205.873067 5.829200 1
76.759285 216.262565 4.650362 1
76.692449 226.237562 3.712627 1
76.611828 251.990111 3.759821 1
76.094922 259.075446 6.911160 1
75.963887 278.869210 6.156217 1
72.410299 237.005738 2.750687 1
58.810569 241.046025 2.405364 1
58.535704 234.939497 6.141512 1
57.735109 217.153281 17.023626 1
63.860417 220.301922 21.170380 1
76.152618 226.620581 29.492039 1
76.152618 226.620581 29.492039 1
80.844448 237.032582 2.510874 1
93.615347 243.199184 3.033353 1
94.369921 237.161148 6.814481 1
96.567731 219.574451 17.827588 1
91.847290 222.559917 23.609745 1
82.374362 228.551117 35.213315 1
82.374362 228.551117 35.213315 1
69.540509 196.068744 5.199289 1
68.403536 177.205410 6.052077 1
66.995567 153.846020 7.108125 1
67.304437 130.378265 5.872324 1
67.561520 110.845319 4.843729 1
65.300777 104.057216 19.548090 1
65.111257 103.268215 27.478563 1
84.253472 196.169195 4.947514 1
85.875255 177.342120 5.819390 1
87.883570 154.027853 6.899064 1
88.393776 130.533071 3.681988 1
88.809874 111.371940 1.058305 1
91.406203 103.602411 15.211080 1
91.694162 102.236408 23.059830 1
76.933200 197.561500 6.039740 1
76.868007 205.872106 5.785704 1
76.778117 216.261152 4.603311 1
76.710248 226.235789 3.661835 1
76.641305 251.988389 3.698398 1
76.139348 259.113558 6.761094 1
75.968996 278.914365 6.232683 1
72.431727 237.005497 2.700895 1
58.830715 241.044110 2.387980 1
58.389923 235.014210 6.231162 1
57.106041 217.451187 17.425030 1
63.123469 220.769876 21.597051 1
75.199178 227.429787 29.969418 1
75.199178 227.429787 29.969418 1
80.865572 237.028431 2.450262 1
93.656892 243.155468 2.937500 1
94.472940 237.293220 6.973874 1
96.849800 220.218535 18.730423 1
92.903329 223.313547 25.013349 1
84.983593 229.524585 37.621858 1
84.983593 229.524585 37.621858 1
69.569449 196.064230 5.161724 1
68.455858 177.199679 6.018430 1
67.076844 153.838782 7.079331 1
67.330425 130.370269 5.845346 1
67.541490 110.836691 4.818262 1
65.314277 104.056398 19.531341 1
65.149183 103.269325 27.462552 1
84.282196 196.171657 4.900379 1
85.903161 177.344212 5.765754 1
87.910464 154.029486 6.837379 1
88.410587 130.531107 3.645088 1
88.818462 111.367042 1.041618 1
91.416633 103.611181 15.201549 1
91.706863 102.253244 23.051616 1
76.938200 197.546000 5.992530 1
76.868038 205.856838 5.747547 1
76.771493 216.247193 4.577257 1
76.696887 226.222977 3.648521 1
76.611039 251.975451 3.720834 1
76.152510 259.120446 6.743894 1
76.036659 278.919692 6.146664 1
72.410607 236.991187 2.705536 1
58.809139 241.030067 2.416842 1
58.190959 234.991381 6.221598 1
56.390403 217.402768 17.303543 1
62.178624 220.894618 21.654677 1
73.794365 227.902026 30.386486 1
73.794365 227.902026 30.386486 1
80.844257 237.020021 2.448976 1
93.679269 243.055271 2.932775 1
94.630466 237.302898 7.095662 1
97.400971 220.548240 19.220700 1
94.351735 223.474943 26.059228 1
88.232562 229.348220 39.782713 1
88.232562 229.348220 39.782713 1
69.574463 196.045487 5.119953 1
68.507643 177.178273 5.977534 1
67.186547 153.814077 7.039519 1
67.353561 130.344922 5.803009 1
67.492573 110.810809 4.773823 1
65.328368 104.041600 19.501401 1
65.207222 103.256870 27.433637 1
84.286889 196.161576 4.844623 1
85.904465 177.335421 5.743764 1
87.907572 154.022295 6.857202 1
88.424736 130.523541 3.670383 1
88.846508 111.359171 1.071376 1
91.434955 103.637874 15.251962 1
91.718051 102.298405 23.105461 1
76.955500 197.553900 5.952600 1
76.876541 205.864863 5.714633 1
76.771631 216.256312 4.554816 1
76.697233 226.233330 3.639422 1
76.633857 251.985713 3.754571 1
76.164966 259.138345 6.757918 1
76.116603 278.933083 6.018846 1
72.419986 237.006821 2.715953 1
58.793107 240.959862 2.437629 1
57.965505 234.850176 6.086033 1
55.554978 217.054763 16.712579 1
60.979792 220.630177 21.447208 1
71.866249 227.805279 30.948610 1
71.866249 227.805279 30.948610 1
80.853560 237.028737 2.456261 1
93.690518 243.060578 2.930854 1
94.814859 237.299337 7.037938 1
98.089670 220.518845 19.000444 1
95.897528 222.993686 26.328375 1
91.498361 227.960170 41.033988 1
91.498361 227.960170 41.033988 1
69.591895 196.046655 5.090572 1
68.535130 177.178607 5.942245 1
67.226485 153.813380 6.996914 1
67.365273 130.344044 5.760342 1
67.480792 110.809780 4.731105 1
65.345671 104.047630 19.466169 1
65.243271 103.265571 27.398933 1
84.303737 196.177870 4.791775 1
85.920078 177.350727 5.672251 1
87.921655 154.036377 6.762575 1
88.423251 130.530556 3.625782 1
88.832327 111.360422 1.067574 1
91.429630 103.646964 15.250807 1
91.719369 102.312517 23.104919 1
76.940700 197.534000 5.912070 1
76.852696 205.845252 5.687773 1
76.736951 216.238105 4.541652 1
76.647884 226.215557 3.632320 1
76.533131 251.967775 3.744927 1
76.136240 259.147669 6.693094 1
76.122161 278.937854 5.839522 1
72.350368 236.980432 2.702485 1
58.747065 241.009499 2.366929 1
57.764556 234.806639 5.814137 1
54.902836 216.739843 15.854669 1
59.916894 220.267719 21.054882 1
69.979051 227.347421 31.490613 1
69.979051 227.347421 31.490613 1
80.784200 237.019103 2.453312 1
93.629261 243.035187 2.908260 1
94.956399 237.154850 6.779245 1
98.821888 220.027475 18.054077 1
97.314842 221.845893 25.738546 1
94.290518 225.495075 41.159656 1
94.290518 225.495075 41.159656 1
69.580008 196.019897 5.037280 1
68.521642 177.152458 5.900364 1
67.211015 153.787984 6.969163 1
67.359786 130.317936 5.747352 1
67.483615 110.783080 4.730401 1
65.323543 104.030762 19.466337 1
65.206813 103.254326 27.399456 1
84.292093 196.168173 4.759210 1
85.919784 177.340432 5.605324 1
87.935416 154.025342 6.653096 1
88.425551 130.512249 3.569445 1
88.825280 111.336184 1.054576 1
91.401066 103.628770 15.245017 1
91.681212 102.298576 23.100198 1
76.946900 197.532800 5.855660 1
76.846519 205.844586 5.657915 1
76.720225 216.240650 4.542437 1
76.630866 226.220383 3.658512 1
76.536386 251.972381 3.826383 1
76.174279 259.186774 6.693700 1
76.157022 278.968770 5.667758 1
72.343940 236.990675 2.742636 1
58.712356 240.921642 2.391565 1
57.563540 234.644306 5.647225 1
54.217425 216.360590 15.129844 1
58.710697 219.575450 20.969714 1
67.727747 226.026998 32.689100 1
67.727747 226.026998 32.689100 1
80.778317 237.023125 2.511700 1
93.632076 243.026920 2.873828 1
95.167694 236.966955 6.372810 1
99.640412 219.316383 16.564128 1
98.618762 220.351238 24.470720 1
96.568527 222.427975 40.337585 1
96.568527 222.427975 40.337585 1
69.589560 196.010346 4.967275 1
68.509298 177.144962 5.847990 1
67.171558 153.783034 6.938622 1
67.346477 130.311567 5.747917 1
67.492069 110.775531 4.756857 1
65.289570 104.039617 19.494020 1
65.147327 103.272989 27.427676 1
84.301721 196.181835 4.707160 1
85.924126 177.353149 5.542309 1
87.933211 154.036887 6.576503 1
88.433140 130.519136 3.530165 1
88.840856 111.339273 1.045727 1
91.368321 103.647159 15.253148 1
91.621722 102.325428 23.110666 1
76.958800 197.557600 5.841140 1
76.845132 205.869795 5.669513 1
76.704823 216.268717 4.582711 1
76.602414 226.250131 3.719437 1
76.473617 252.001725 3.922863 1
76.204086 259.255281 6.700159 1
76.190987 279.024775 5.456317 1
72.301925 237.015986 2.815045 1
58.662062 240.919810 2.483196 1
57.407105 234.559384 5.531819 1
53.751839 216.033652 14.411407 1
57.650765 218.571779 20.967716 1
65.475087 223.665266 34.124845 1
65.475087 223.665266 34.124845 1
80.736433 237.059942 2.590882 1
93.602039 243.047395 2.740580 1
95.344190 236.807830 5.799491 1
100.418466 218.634152 14.709034 1
99.735477 218.796207 22.717539 1
98.364861 219.121419 38.788922 1
98.364861 219.121419 38.788922 1
69.605364 196.025966 4.936360 1
68.522839 177.160952 5.822202 1
67.182296 153.799482 6.919184 1
67.349004 130.326636 5.754789 1
67.487762 110.789451 4.785628 1
65.259583 104.076596 19.529452 1
65.104761 103.321926 27.464018 1
84.317615 196.222273 4.699960 1
85.886642 177.386621 5.478076 1
87.829628 154.061733 6.441644 1
88.413467 130.536030 3.472615 1
88.889616 111.349682 1.051226 1
91.296893 103.717618 15.311806 1
91.476711 102.426227 23.176394 1
76.959500 197.551800 5.828870 1
76.840966 205.864256 5.673970 1
76.695059 216.265090 4.606378 1
76.588245 226.247680 3.757351 1
76.450396 251.999009 3.986698 1
76.229206 259.276772 6.704296 1
76.241847 279.032854 5.263017 1
72.284041 237.012930 2.863499 1
58.615065 240.817371 2.578635 1
57.243657 234.399965 5.452689 1
53.249209 215.708271 13.823817 1
56.537044 217.150776 21.016745 1
63.135037 220.045580 35.451435 1
63.135037 220.045580 35.451435 1
80.718548 237.060072 2.639971 1
93.611008 242.991278 2.673238 1
95.524541 236.599337 5.282006 1
101.097993 217.981838 12.880438 1
100.646881 217.261776 20.874618 1
99.741593 215.816762 36.917251 1
99.741593 215.816762 36.917251 1
69.607492 196.017615 4.916832 1
68.533025 177.151297 5.784519 1
67.202459 153.788211 6.859017 1
67.344093 130.314195 5.715082 1
67.461980 110.776036 4.762949 1
65.238737 104.094420 19.521700 1
65.089554 103.355463 27.457854 1
84.319755 196.223167 4.689164 1
85.891709 177.385557 5.412023 1
87.838320 154.058245 6.307165 1
88.293205 130.531790 3.321591 1
88.664185 111.344827 0.886709 1
91.082831 103.653988 15.113749 1
91.284730 102.336321 22.973441 1
76.970500 197.530000 5.869660 1
76.847613 205.842407 5.715556 1
76.693010 216.243257 4.649340 1
76.574851 226.225879 3.802185 1
76.402099 251.976940 4.037771 1
76.209435 259.258507 6.747342 1
76.288299 279.003553 5.163952 1
72.255020 236.985453 2.915413 1
58.557965 240.690981 2.679638 1
57.111603 234.249493 5.461599 1
52.898838 215.487656 13.564494 1
55.534014 215.547601 21.159304 1
60.822257 215.667900 36.400489 1
60.822257 215.667900 36.400489 1
80.689215 237.044161 2.683015 1
93.622704 242.885279 2.727916 1
95.672525 236.390370 4.950207 1
101.642938 217.472961 11.422966 1
101.442904 215.629920 19.245503 1
101.041476 211.931325 34.943686 1
101.041476 211.931325 34.943686 1
69.618085 195.992212 4.967023 1
68.516764 177.125803 5.798295 1
67.152945 153.762604 6.827699 1
67.332947 130.288210 5.696982 1
67.482770 110.749737 4.755851 1
65.242686 104.089946 19.521918 1
65.080080 103.364320 27.459038 1
84.329936 196.205132 4.720323 1
85.899178 177.365416 5.392404 1
87.842431 154.035496 6.224664 1
88.282829 130.504258 3.274823 1
88.641995 111.313395 0.869082 1
91.069770 103.627899 15.097455 1
91.278339 102.313813 22.957572 1
76.957200 197.524300 5.889460 1
76.839295 205.836963 5.745603 1
76.687522 216.239468 4.695249 1
76.568419 226.223763 3.868180 1
76.387913 251.974103 4.168050 1
76.199505 259.275717 6.823429 1
76.297605 279.015746 5.179706 1
72.243347 236.984102 3.016938 1
58.505590 240.540373 2.865933 1
57.001905 234.093822 5.605451 1
52.622180 215.317238 13.584720 1
54.680226 213.788308 21.204150 1
58.810291 210.720067 36.494741 1
58.810291 210.720067 36.494741 1
80.677030 237.046126 2.767481 1
93.652818 242.791796 2.877142 1
95.794738 236.236750 4.818206 1
102.033401 217.144180 10.471850 1
102.217563 213.823606 17.790919 1
102.587136 207.159914 32.478748 1
102.587136 207.159914 32.478748 1
69.601991 195.992265 4.999897 1
68.493566 177.125184 5.806103 1
67.120948 153.761153 6.804467 1
67.320594 130.286369 5.685195 1
67.486766 110.747572 4.753591 1
65.276261 104.106591 19.532582 1
65.126948 103.392019 27.470966 1
84.313444 196.196148 4.723597 1
85.887296 177.356110 5.375561 1
87.836256 154.025791 6.182910 1
88.281078 130.492117 3.253234 1
88.643853 111.299267 0.863940 1
91.102441 103.620776 15.090804 1
91.326801 102.310084 22.951053 1
76.959900 197.531400 5.924710 1
76.848593 205.844403 5.796046 1
76.701801 216.249550 4.771464 1
76.589406 226.236992 3.982333 1
76.438526 251.985654 4.413816 1
76.264272 259.310982 7.004050 1
76.342452 279.045760 5.297412 1
72.273170 237.006229 3.201685 1
58.526812 240.531783 3.138947 1
57.008763 234.098005 5.900482 1
52.587200 215.358625 13.943879 1
53.977765 212.098620 21.159667 1
56.768335 205.556478 35.640233 1
56.768335 205.556478 35.640233 1
80.705948 237.060335 2.921634 1
93.715106 242.727619 3.120459 1
95.898383 236.110377 4.784669 1
102.257506 216.836654 9.631935 1
102.681039 212.353535 16.291601 1
103.530979 203.356859 29.656148 1
103.530979 203.356859 29.656148 1
69.600161 196.007208 5.059476 1
68.480383 177.139999 5.846782 1
67.093708 153.775810 6.821741 1
67.325177 130.301828 5.691838 1
67.517838 110.763697 4.751385 1
65.353601 104.117039 19.534671 1
65.224858 103.400972 27.473281 1
84.310669 196.199066 4.729453 1
85.893661 177.360127 5.391003 1
87.853940 154.031170 6.210222 1
88.293637 130.496772 3.285591 1
88.652232 111.303332 0.900412 1
91.171606 103.624884 15.116660 1
91.428729 102.313894 22.975856 1
76.933700 197.538200 5.937230 1
76.824566 205.851545 5.830668 1
76.674967 216.259690 4.837428 1
76.559100 226.250049 4.086651 1
76.407368 251.996418 4.638000 1
76.281093 259.334608 7.194388 1
76.368717 279.063532 5.421789 1
72.237687 237.022170 3.377733 1
58.484031 240.519404 3.423886 1
56.992232 234.131994 6.304785 1
52.647127 215.527667 14.695846 1
53.325381 210.625883 21.031569 1
54.686494 200.789035 33.746028 1
54.686494 200.789035 33.746028 1
80.668929 237.078765 3.055164 1
93.679273 242.744537 3.215830 1
95.838935 236.076183 4.696741 1
102.129277 216.653588 9.010118 1
102.556717 210.990312 14.699889 1
103.414499 199.625310 26.118060 1
103.414499 199.625310 26.118060 1
69.568866 196.018687 5.107861 1
68.460171 177.149303 5.857840 1
67.087219 153.782421 6.786575 1
67.337115 130.307728 5.675518 1
67.545113 110.769006 4.750752 1
65.476044 104.141819 19.556389 1
65.395147 103.437368 27.496669 1
84.277440 196.206531 4.698807 1
85.872350 177.369386 5.382412 1
87.847389 154.042649 6.228944 1
88.303709 130.506944 3.317407 1
88.675860 111.312438 0.942905 1
91.267691 103.646025 15.152621 1
91.561213 102.340269 23.011413 1
76.911800 197.524400 5.939940 1
76.802969 205.838063 5.861660 1
76.647874 216.249773 4.907393 1
76.523036 226.243039 4.197867 1
76.348379 251.986521 4.865063 1
76.285345 259.327271 7.416438 1
76.416635 279.046052 5.536902 1
72.187448 237.013812 3.558433 1
58.412700 240.422482 3.740437 1
56.954348 234.106377 6.790694 1
52.706662 215.709735 15.675038 1
52.707508 209.480160 20.756503 1
52.709205 196.978716 30.953934 1
52.709205 196.978716 30.953934 1
80.616935 237.080433 3.194554 1
93.639277 242.719370 3.324275 1
95.745806 236.021707 4.748368 1
101.881388 216.513748 8.896256 1
102.312828 210.042177 13.646154 1
103.178636 197.055099 23.178198 1
103.178636 197.055099 23.178198 1
69.542350 196.008309 5.146074 1
68.455570 177.142571 6.011048 1
67.109757 153.780204 7.082187 1
67.123829 130.315872 5.746896 1
67.135543 110.785773 4.635493 1
65.192598 104.158814 19.458310 1
65.207673 103.444080 27.398069 1
84.248469 196.196213 4.656680 1
85.853937 177.354667 5.174080 1
87.842049 154.022480 5.814793 1
88.283283 130.459828 3.127523 1
88.643131 111.243345 0.935923 1
91.318617 103.578887 15.131183 1
91.658989 102.274433 22.988301 1
76.919000 197.537600 5.971830 1
76.803967 205.851351 5.914538 1
76.634763 216.265480 4.989510 1
76.495599 226.261060 4.316182 1
76.290768 252.001119 5.097190 1
76.380738 259.330120 7.681321 1
76.399569 279.040401 5.710355 1
72.143385 237.028865 3.743138 1
58.353987 240.370001 4.034929 1
56.909450 234.076089 7.137191 1
52.702007 215.744087 16.173006 1
52.185260 208.737388 20.080439 1
51.148256 194.676420 27.921835 1
51.148256 194.676420 27.921835 1
80.571094 237.108087 3.342470 1
93.591037 242.753611 3.413100 1
95.589407 236.024083 4.842842 1
101.409961 216.423311 9.007181 1
101.914954 209.356780 12.806920 1
102.928370 195.175742 20.432196 1
102.928370 195.175742 20.432196 1
69.546527 196.018231 5.213069 1
68.453610 177.144762 5.878654 1
67.100197 153.772820 6.702880 1
67.350986 130.297097 5.614010 1
67.559726 110.757518 4.707709 1
65.666065 104.179348 19.558610 1
65.677453 103.501748 27.501631 1
84.249730 196.217769 4.646689 1
85.868958 177.380604 5.269916 1
87.874110 154.053843 6.041680 1
88.302728 130.505597 3.229011 1
88.652286 111.300864 0.935141 1
91.388163 103.656794 15.129883 1
91.761487 102.363438 22.987340 1
76.955900 197.551100 6.048730 1
76.832714 205.864848 6.011527 1
76.647402 216.281464 5.118133 1
76.492628 226.279483 4.485641 1
76.257090 252.014947 5.398283 1
76.387758 259.364112 7.922723 1
76.456049 279.063105 5.843005 1
72.123123 237.044079 3.989007 1
58.328317 240.353503 4.372245 1
56.882266 233.958826 7.260338 1
52.670411 215.333330 15.672354 1
51.647662 208.175400 19.186174 1
49.595220 193.810945 26.237669 1
49.595220 193.810945 26.237669 1
80.548608 237.136879 3.546637 1
93.564512 242.792136 3.534806 1
95.437093 236.032474 4.992408 1
100.891266 216.343933 9.237896 1
101.521115 208.857331 12.098485 1
102.785090 193.833298 17.839086 1
102.785090 193.833298 17.839086 1
69.580813 196.026461 5.326842 1
68.479498 177.151497 5.933618 1
67.115686 153.777706 6.685018 1
67.345479 130.301853 5.594318 1
67.536745 110.762165 4.686495 1
65.712646 104.218570 19.561358 1
65.763089 103.558771 27.505725 1
84.280494 196.241374 4.680337 1
85.885806 177.400376 5.217771 1
87.873726 154.068867 5.883295 1
88.310845 130.509747 3.164568 1
88.667337 111.296145 0.947313 1
91.442734 103.686195 15.152712 1
91.836230 102.411061 23.012163 1
76.986200 197.550100 6.070340 1
76.849788 205.863725 6.070953 1
76.640494 216.283734 5.223611 1
76.452729 226.283650 4.631323 1
76.112068 252.014472 5.636947 1
76.418555 259.367695 8.134200 1
76.341946 279.042902 5.840607 1
72.036867 237.031536 4.185392 1
58.306076 240.596523 4.575376 1
56.882478 234.031647 7.065318 1
52.736019 214.910420 14.317655 1
51.586904 207.555362 17.352709 1
49.280871 192.795312 23.443424 1
49.280871 192.795312 23.443424 1
80.460628 237.161247 3.720077 1
93.523741 242.706043 3.641700 1
95.288182 235.906151 5.046120 1
100.427380 216.100431 9.136708 1
101.189906 208.370169 11.208062 1
102.720134 192.857163 15.364831 1
102.720134 192.857163 15.364831 1
69.611541 196.016995 5.362140 1
68.468719 177.144665 5.974039 1
67.053506 153.774133 6.731784 1
67.327894 130.302122 5.570962 1
67.556277 110.765632 4.604774 1
65.721106 104.154118 19.448209 1
65.760393 103.459901 27.389706 1
84.309001 196.258205 4.675653 1
85.914051 177.416471 5.187495 1
87.901646 154.084052 5.821326 1
88.332267 130.521394 3.132388 1
88.683459 111.304906 0.939427 1
91.464470 103.707294 15.150331 1
91.861755 102.439252 23.010738 1
76.998100 197.499900 6.046960 1
76.844771 205.813111 6.091359 1
76.618304 216.237209 5.300611 1
76.421467 226.240289 4.767666 1
76.077228 251.964062 5.938783 1
76.435570 259.330182 8.390714 1
76.200660 278.965158 5.784425 1
72.003823 236.990139 4.392297 1
58.326364 240.755960 4.768501 1
56.918757 234.037038 6.817590 1
52.818877 214.467128 12.785875 1
51.784276 206.931758 15.389084 1
49.708050 191.809859 20.613178 1
49.708050 191.809859 20.613178 1
80.427409 237.124137 3.925032 1
93.530277 242.574090 3.831798 1
95.225389 235.729606 5.098218 1
100.162658 215.794007 8.786859 1
101.120586 208.015205 10.576136 1
103.042945 192.404789 14.166838 1
103.042945 192.404789 14.166838 1
69.626670 195.955550 5.329639 1
68.465717 177.085712 5.982887 1
67.028051 153.718268 6.791835 1
67.482475 130.242333 5.775917 1
67.860708 110.702577 4.930337 1
65.995635 104.186790 19.812324 1
65.997003 103.551522 27.758850 1
84.323698 196.230270 4.646531 1
85.933606 177.390806 5.222631 1
87.927217 154.061198 5.936035 1
88.352829 130.505880 3.182756 1
88.699936 111.295379 0.937321 1
91.447758 103.702390 15.157150 1
91.827624 102.437268 23.018889 1
