57 35
115.940800 192.049200 14.177560 1
116.078129 200.024846 13.998425 1
116.313435 210.231635 13.169451 1
116.530073 220.043065 13.034439 1
116.786034 245.058533 16.286148 1
116.911209 252.560672 17.575447 1
118.289105 271.171692 22.891473 1
112.675703 230.759879 12.817359 1
100.364184 236.420060 9.711091 1
98.326131 229.704818 9.659671 1
92.390013 210.145723 9.509904 1
96.053574 210.198163 16.480812 1
103.405538 210.303403 30.469896 1
103.405538 210.303403 30.469896 1
120.873479 230.541805 13.849708 1
132.902030 236.981489 16.515131 1
133.448035 230.275525 18.510768 1
135.038355 210.743427 24.323352 1
128.750665 211.033121 29.056130 1
116.132667 211.614477 38.553765 1
116.132667 211.614477 38.553765 1
108.935338 190.782403 12.754557 1
108.402905 172.459482 15.470735 1
107.743567 149.769308 18.834312 1
106.945729 126.777402 17.953517 1
106.281662 107.640449 17.220401 1
103.193665 101.128151 31.526211 1
102.681358 100.372547 39.281856 1
123.026373 190.559798 13.646002 1
125.797232 172.257797 14.513951 1
129.228492 149.593751 15.588763 1
131.234362 126.849980 11.277633 1
132.870239 108.301408 7.761711 1
136.546163 100.436430 21.223942 1
137.206571 99.035224 28.878012 1
115.366500 191.974600 14.099290 1
115.474563 199.951631 13.968190 1
115.652921 210.165747 13.219115 1
115.815248 219.979132 13.198215 1
115.975441 244.941549 16.840310 1
115.795725 252.456431 18.046251 1
117.275686 271.204404 22.826634 1
111.884569 230.670323 13.238130 1
99.466641 236.208610 10.342879 1
97.396994 229.504332 10.201462 1
91.368853 209.977172 9.789564 1
95.141609 209.902116 16.701775 1
102.712703 209.751499 30.573069 1
102.712703 209.751499 30.573069 1
120.104868 230.494407 14.082278 1
131.995143 237.145285 16.847635 1
132.614197 230.479981 18.955037 1
134.417285 211.066313 25.093154 1
127.928353 211.292343 29.549701 1
114.906504 211.745940 38.493003 1
114.906504 211.745940 38.493003 1
108.336740 190.693511 12.815737 1
107.830817 172.363068 15.485840 1
107.204308 149.663580 18.792359 1
106.676227 126.665360 17.874139 1
106.236688 107.523153 17.109873 1
103.384945 100.981442 31.451265 1
102.966598 100.223898 39.212356 1
122.444046 190.512161 13.409488 1
125.294535 172.248849 14.721124 1
128.824403 149.632712 16.345369 1
130.969325 126.946346 11.804824 1
132.718606 108.444589 8.101804 1
136.674079 100.476178 21.423238 1
137.456475 99.045919 29.060418 1
114.925200 191.984200 14.045660 1
114.982455 199.962248 13.948900 1
115.071179 210.182683 13.273683 1
115.154043 219.996479 13.382624 1
115.183764 244.883883 17.509242 1
114.652553 252.394028 18.638667 1
116.208887 271.272357 22.847626 1
111.123281 230.644012 13.751934 1
98.577311 236.085923 11.253077 1
96.470139 229.395957 11.018649 1
90.332701 209.910481 10.335843 1
94.247539 209.601902 17.162028 1
102.103761 208.982655 30.860687 1
102.103761 208.982655 30.860687 1
119.366771 230.536064 14.343589 1
131.104328 237.445375 17.127690 1
131.826853 230.822573 19.333837 1
133.931314 211.532695 25.759565 1
127.216509 211.660807 29.872121 1
113.741382 211.917904 38.125108 1
113.741382 211.917904 38.125108 1
107.867317 190.666755 12.970090 1
107.374337 172.322557 15.546506 1
106.763855 149.606035 18.737009 1
106.527254 126.601045 17.868363 1
106.330324 107.453202 17.145358 1
103.797250 100.913616 31.547417 1
103.512775 100.172396 39.316142 1
121.986972 190.567417 13.134438 1
124.961569 172.361888 14.896459 1
128.645125 149.817306 17.078432 1
130.736156 127.169902 12.323312 1
132.441485 108.699922 8.445297 1
136.805808 100.610961 21.564876 1
137.816846 99.093873 29.158330 1
114.587700 192.004200 13.961990 1
114.565532 199.982781 13.901630 1
114.527774 210.208185 13.300982 1
114.503746 220.020117 13.534925 1
114.367289 244.827245 18.117560 1
113.581928 252.313648 19.256433 1
115.107848 271.298884 22.966041 1
110.354174 230.604459 14.246373 1
97.689113 235.989049 12.281056 1
95.479154 229.342265 11.848480 1
89.042333 209.982564 10.588540 1
92.914650 209.341304 17.415834 1
100.685539 208.054440 31.116717 1
100.685539 208.054440 31.116717 1
118.614420 230.596003 14.538110 1
130.250909 237.733385 17.166785 1
131.110173 231.149290 19.438787 1
133.612905 211.972151 26.056325 1
126.770648 211.966710 29.955253 1
113.039756 211.955797 37.779537 1
113.039756 211.955797 37.779537 1
107.509656 190.623241 13.125054 1
107.005660 172.266212 15.606190 1
106.381538 149.533802 18.678702 1
106.320836 126.527093 17.825610 1
106.270313 107.377819 17.115552 1
104.067032 100.831163 31.568537 1
103.935165 100.095723 39.341900 1
121.626828 190.660006 12.800080 1
124.772095 172.520304 14.910232 1
128.666998 150.057238 17.523310 1
130.337942 127.429627 12.514557 1
131.700672 108.975788 8.429693 1
136.515180 100.745530 21.301574 1
137.834077 99.089286 28.818333 1
114.617100 191.995800 13.943610 1
114.532034 199.974177 13.931643 1
114.391867 210.202801 13.405609 1
114.293770 220.011603 13.732851 1
114.099756 244.762466 18.608290 1
112.947446 252.176298 19.899541 1
114.519948 271.234491 23.192159 1
110.077639 230.547677 14.717126 1
97.251216 235.698954 13.231442 1
94.755393 229.179572 12.510809 1
87.485954 210.190949 10.411861 1
91.204538 209.033979 17.256680 1
98.666921 206.712195 30.992730 1
98.666921 206.712195 30.992730 1
118.342775 230.613523 14.711752 1
129.922381 237.936146 17.068014 1
130.945881 231.375661 19.340265 1
133.926974 212.267292 25.958530 1
127.244883 212.129223 30.123712 1
113.835406 211.852156 38.482307 1
113.835406 211.852156 38.482307 1
107.523898 190.564297 13.357514 1
107.032505 172.177892 15.613436 1
106.423989 149.409103 18.407054 1
106.424526 126.401395 17.579111 1
106.424973 107.251290 16.889985 1
104.622535 100.631124 31.365018 1
104.693920 99.860743 39.135786 1
121.619058 190.713320 12.517411 1
124.990343 172.640235 14.839542 1
129.165131 150.259665 17.715121 1
130.288304 127.687477 12.318521 1
131.204302 109.278838 7.917350 1
136.515751 100.861572 20.468847 1
138.175263 99.067092 27.885731 1
114.592200 192.136500 13.868170 1
114.490480 200.114671 13.886303 1
114.295997 210.344184 13.396069 1
114.164125 220.151815 13.745790 1
114.017854 244.897966 18.646746 1
112.439601 252.169726 20.256306 1
114.056964 271.290901 23.136165 1
109.923959 230.658085 14.925909 1
96.998214 235.685133 13.969904 1
93.950173 229.472109 12.804330 1
85.072322 211.375796 9.409430 1
88.631322 209.544554 16.191617 1
95.773453 205.869654 29.801980 1
95.773453 205.869654 29.801980 1
118.180026 230.780763 14.552882 1
129.702041 238.303160 16.531960 1
130.966953 231.774077 18.772879 1
134.651196 212.757172 25.299885 1
128.217006 212.520639 29.834574 1
115.305014 212.045973 38.934688 1
115.305014 212.045973 38.934688 1
107.482792 190.691445 13.595498 1
107.042812 172.312933 15.925141 1
106.497964 149.553918 18.810053 1
106.308912 126.560369 17.669394 1
106.151559 107.422050 16.719983 1
104.931071 100.837810 31.271964 1
105.332995 100.079430 39.033841 1
121.525869 190.873832 12.125721 1
125.224058 172.847546 14.309910 1
129.803664 150.524929 17.014668 1
130.492249 127.956080 11.531844 1
131.053822 109.550164 7.060354 1
137.108604 101.009322 19.184527 1
139.238965 99.095204 26.449650 1
114.576900 192.152800 14.149790 1
114.479440 200.130814 14.210476 1
114.245617 210.361587 13.765839 1
114.090438 220.168392 14.128891 1
114.027730 244.924795 18.979599 1
111.945503 251.993826 20.890928 1
113.545770 271.170113 23.388526 1
109.843167 230.646509 15.515667 1
96.855454 235.588140 15.116140 1
93.094938 229.934521 13.342471 1
82.141902 213.467555 8.176412 1
85.492027 210.866775 14.811966 1
92.214995 205.647581 28.128072 1
92.214995 205.647581 28.128072 1
118.065723 230.828129 14.695041 1
129.430627 238.682692 16.245793 1
131.014292 232.198823 18.414221 1
135.626951 213.313608 24.730087 1
129.526440 213.032755 29.702314 1
117.284068 212.469151 39.680471 1
117.284068 212.469151 39.680471 1
107.462790 190.709942 14.267319 1
107.044118 172.302822 16.363315 1
106.525656 149.508381 18.958889 1
106.295444 126.521523 17.697359 1
106.103832 107.388772 16.647343 1
105.602990 100.734238 31.209907 1
106.385362 99.939394 38.939043 1
121.402124 190.897339 12.017571 1
125.558914 172.961090 14.116699 1
130.706423 150.749969 16.716125 1
131.153086 128.230097 11.011363 1
131.517360 109.864124 6.358871 1
138.476555 101.286374 17.960327 1
141.134695 99.309823 25.032232 1
114.766300 192.156900 14.281650 1
114.664810 200.134353 14.390394 1
114.385601 210.366066 13.996448 1
114.215858 220.172340 14.367244 1
114.305820 244.947504 19.120762 1
111.861863 251.797716 21.370588 1
113.201353 271.047051 23.419410 1
110.001211 230.633696 15.964173 1
97.011952 235.580288 16.229555 1
92.607446 230.695798 13.781521 1
79.778696 216.469031 6.651276 1
82.631395 213.117271 13.181651 1
88.356137 206.391026 26.286685 1
88.356137 206.391026 26.286685 1
118.159605 230.854862 14.657064 1
129.264074 239.159593 15.648144 1
131.215653 232.750251 17.736760 1
136.899912 214.082108 23.820162 1
131.295116 213.694826 29.338715 1
120.047532 212.917642 40.413225 1
120.047532 212.917642 40.413225 1
107.673128 190.704256 14.813584 1
107.217289 172.271764 16.664531 1
106.652801 149.445904 18.956649 1
106.384501 126.468416 17.541313 1
106.161186 107.343465 16.363280 1
106.383576 100.615002 30.898763 1
107.545516 99.782303 38.575998 1
121.454135 190.921458 11.741420 1
126.048992 173.063762 13.581054 1
131.738976 150.949916 15.859139 1
132.208256 128.448700 10.083025 1
132.590975 110.097941 5.372343 1
140.462830 101.625038 16.455924 1
143.622439 99.683008 23.328310 1
115.138100 192.256800 14.557340 1
115.026536 200.234285 14.653086 1
114.685039 210.463358 14.240119 1
114.487248 220.271040 14.555685 1
114.714973 245.093209 19.052441 1
111.983457 251.670446 21.742948 1
113.048756 270.974310 23.402693 1
110.312881 230.719451 16.332974 1
97.332126 235.600320 17.301039 1
92.546029 231.550370 14.147951 1
78.605843 219.754317 4.964136 1
80.561985 215.869873 11.529392 1
84.487533 208.074647 24.704424 1
84.487533 208.074647 24.704424 1
118.362372 230.982260 14.474624 1
129.195253 239.684645 14.895606 1
131.543396 233.375351 16.877947 1
138.382706 214.998612 22.651807 1
133.446133 214.416661 28.759976 1
123.539524 213.248819 41.017715 1
123.539524 213.248819 41.017715 1
108.104637 190.790775 15.600116 1
107.533672 172.316665 16.931211 1
106.826619 149.439268 18.579571 1
106.493004 126.463858 17.144523 1
106.215326 107.340636 15.950083 1
107.295921 100.551749 30.418852 1
108.910230 99.687015 38.010273 1
121.629399 191.028560 11.547243 1
126.621956 173.233242 12.887126 1
132.804425 151.196640 14.546349 1
133.433841 128.642581 8.995970 1
133.947157 110.248727 4.469384 1
142.876938 102.068593 14.954916 1
146.615717 100.265077 21.569533 1
115.659800 192.309300 14.896160 1
115.554702 200.287204 14.958528 1
115.168696 210.512686 14.498519 1
114.955351 220.322673 14.717516 1
115.342939 245.213397 18.805841 1
112.297863 251.493717 21.846425 1
113.401664 270.810472 23.320672 1
110.850679 230.776477 16.620943 1
97.913713 235.601547 18.237624 1
93.001437 232.273700 14.489857 1
78.693735 222.580876 3.573953 1
79.462785 218.619211 10.336479 1
81.006100 210.669020 23.907388 1
81.006100 210.669020 23.907388 1
118.749435 231.050794 14.202008 1
129.172862 240.248639 14.093141 1
131.881926 234.019054 15.854922 1
139.772475 215.874478 20.986367 1
135.709504 215.068560 27.684196 1
127.556022 213.451266 41.125253 1
127.556022 213.451266 41.125253 1
108.724675 190.850546 16.471691 1
107.998995 172.351069 17.267479 1
107.100350 149.442257 18.252942 1
106.668624 126.472452 16.755680 1
106.309284 107.353896 15.509457 1
108.337307 100.496706 29.843613 1
110.448870 99.595477 37.307695 1
121.906929 191.063747 11.413605 1
127.184545 173.318562 12.219500 1
133.720013 151.344044 13.217468 1
134.546684 128.725992 7.961156 1
135.220871 110.279949 3.674396 1
145.160829 102.542117 13.570109 1
149.445999 100.963405 19.904878 1
116.196900 192.269200 15.004120 1
116.153993 200.246826 15.136506 1
115.782010 210.475027 14.728309 1
115.574016 220.286478 14.874928 1
116.094256 245.257593 18.422534 1
112.849160 251.251754 21.813616 1
114.000444 270.571261 23.213612 1
111.549406 230.756882 16.856479 1
98.688077 235.562174 19.037174 1
93.764915 232.756272 14.897106 1
79.425505 224.583685 2.838570 1
78.892973 221.193692 9.926753 1
77.824297 214.390721 24.151185 1
77.824297 214.390721 24.151185 1
119.252995 231.020270 13.872828 1
129.150807 240.765324 13.300740 1
132.186683 234.612746 14.777180 1
141.029116 216.692464 19.077527 1
137.797945 215.608467 26.177008 1
131.313701 213.433130 40.424093 1
131.313701 213.433130 40.424093 1
109.375589 190.843609 17.039710 1
108.533852 172.340556 17.604554 1
107.491487 149.427316 18.304027 1
106.901079 126.472428 16.641296 1
106.409663 107.366288 15.257347 1
109.356746 100.418113 29.386732 1
111.951113 99.467294 36.690746 1
122.181702 191.011188 11.091861 1
127.632811 173.303693 11.444382 1
134.383121 151.375845 11.880920 1
135.340929 128.681433 6.988607 1
136.122064 110.173114 2.998705 1
146.871092 102.885860 12.377206 1
151.598719 101.547280 18.446971 1
116.948800 192.247600 15.129170 1
116.978194 200.224686 15.293859 1
116.624978 210.454123 14.900232 1
116.418246 220.266590 14.945792 1
117.039917 245.314524 17.883014 1
113.665908 251.166806 21.393985 1
115.019395 270.445850 23.130459 1
112.485832 230.759646 16.991592 1
99.791500 235.759257 19.659523 1
94.946611 233.137809 15.311438 1
80.835186 225.502469 2.647023 1
79.118084 223.395529 10.038258 1
75.672238 219.167366 24.870848 1
75.672238 219.167366 24.870848 1
119.939539 230.992624 13.427210 1
129.270528 241.248664 12.424048 1
132.535235 235.138317 13.544755 1
142.044175 217.341040 16.808978 1
139.805634 215.949136 24.229873 1
135.313377 213.155897 39.121964 1
135.313377 213.155897 39.121964 1
110.291437 190.864392 17.673275 1
109.285220 172.363228 17.964841 1
108.039173 149.452328 18.325902 1
107.188136 126.519525 16.481343 1
106.479789 107.431766 14.946052 1
110.438057 100.367942 28.767645 1
113.566075 99.352149 35.850518 1
122.608299 190.961574 10.767700 1
128.015267 173.237068 10.796751 1
134.710915 151.288156 10.832724 1
135.884279 128.546492 6.214454 1
136.841209 109.999638 2.448046 1
148.280774 103.116372 11.300106 1
153.380312 101.987661 17.105709 1
117.999400 192.178800 15.321700 1
118.065417 200.156444 15.443017 1
117.697152 210.382846 14.988942 1
117.478108 220.194689 14.893701 1
118.209042 245.306533 17.190174 1
114.761407 251.054105 20.801169 1
116.313831 270.314212 22.580797 1
113.666241 230.722239 16.989830 1
101.306060 236.329926 19.996461 1
96.403375 233.707094 15.714498 1
82.123610 226.067724 3.242671 1
79.712201 225.660255 10.728462 1
74.873034 224.842557 25.750804 1
74.873034 224.842557 25.750804 1
120.824037 230.891553 12.860167 1
129.653798 241.516485 11.308983 1
133.119450 235.455113 12.015853 1
143.213670 217.800484 14.074714 1
142.108297 216.221803 21.710424 1
139.890057 213.053745 37.033601 1
139.890057 213.053745 37.033601 1
111.555329 190.830476 18.381469 1
110.297995 172.342391 18.361931 1
108.740978 149.447687 18.337736 1
107.529105 126.547829 16.296173 1
106.520422 107.487491 14.596910 1
111.430182 100.258160 28.021998 1
115.065370 99.148556 34.843845 1
123.299632 190.852519 10.541037 1
128.482588 173.061777 10.397128 1
134.900835 151.030842 10.218917 1
136.229494 128.252009 5.831672 1
137.313074 109.674843 2.253675 1
149.294500 103.025971 10.550656 1
154.706318 102.018561 16.089758 1
119.237400 192.072600 15.418540 1
119.289247 200.050690 15.514882 1
118.854700 210.272700 15.022174 1
118.584844 220.081285 14.802694 1
119.341462 245.241040 16.484065 1
116.000975 251.026983 20.134280 1
117.539976 270.303414 21.740359 1
114.876241 230.638396 16.935079 1
102.904724 236.926950 20.159502 1
97.794128 234.135420 16.242876 1
82.908793 226.004695 4.835149 1
80.333276 227.517551 12.121847 1
75.164780 230.553525 26.744653 1
75.164780 230.553525 26.744653 1
121.716623 230.742665 12.296637 1
130.186152 241.521227 9.983686 1
133.811476 235.516373 10.205938 1
144.370766 218.026363 10.853279 1
144.523826 216.378056 18.552487 1
144.830980 213.070274 34.003091 1
144.830980 213.070274 34.003091 1
113.027276 190.715563 18.925537 1
111.527889 172.247312 18.668453 1
109.671123 149.377169 18.350094 1
108.018045 126.516874 16.178841 1
106.642131 107.489466 14.371632 1
112.350561 100.075554 27.373543 1
116.421266 98.855875 33.925273 1
124.193518 190.747379 10.281722 1
129.046495 172.864479 10.070140 1
135.056116 150.719422 9.808127 1
136.326313 127.884368 5.705031 1
137.362215 109.261351 2.358770 1
149.693411 102.707519 10.206755 1
155.337153 101.761553 15.520664 1
120.607100 192.004000 15.363800 1
120.653807 199.982313 15.442642 1
120.162127 210.200493 14.924801 1
119.836735 220.004372 14.597083 1
120.558767 245.196793 15.707626 1
117.413345 251.105506 19.334399 1
118.962167 270.413223 20.492860 1
116.219125 230.587134 16.758429 1
104.602316 237.385742 20.235314 1
99.122653 234.440015 16.987736 1
83.162357 225.860167 7.528703 1
80.958202 229.268713 14.277148 1
76.534947 236.108919 27.819796 1
76.534947 236.108919 27.819796 1
122.730269 230.624953 11.667221 1
130.911720 241.407174 8.494269 1
134.673085 235.516322 7.861313 1
145.628614 218.358358 6.017736 1
146.878463 216.613804 13.594843 1
149.386631 213.112875 28.800418 1
149.386631 213.112875 28.800418 1
114.651648 190.645088 19.287085 1
112.883947 172.202212 18.931966 1
110.694917 149.363493 18.492205 1
108.628271 126.553009 16.157486 1
106.908131 107.567061 14.214218 1
113.287087 99.911317 26.756166 1
117.733600 98.581722 33.036622 1
125.204571 190.676029 9.904316 1
129.829996 172.732797 9.704002 1
135.557830 150.513028 9.455943 1
136.554455 127.600555 5.725824 1
137.367248 108.914398 2.683744 1
150.043531 102.430596 10.023643 1
155.940090 101.546044 15.066704 1
121.868700 191.872300 15.187820 1
121.945823 199.850479 15.255579 1
121.438775 210.067568 14.731091 1
121.097005 219.867496 14.314041 1
121.891004 245.075756 14.884976 1
118.943694 251.188779 18.335246 1
120.485904 270.523071 18.914511 1
117.652309 230.493152 16.546283 1
106.300273 237.520066 20.421049 1
100.353215 234.463619 18.289991 1
83.031564 225.561285 12.082979 1
81.688237 230.769256 17.835413 1
78.992476 241.220516 29.379285 1
78.992476 241.220516 29.379285 1
123.750570 230.427425 10.967419 1
131.542023 241.192686 6.885449 1
135.228116 235.366996 5.572172 1
145.964403 218.398827 1.747058 1
148.367908 216.604867 9.028749 1
153.191210 213.004793 23.641489 1
153.191210 213.004793 23.641489 1
116.230314 190.534633 19.561088 1
114.289452 172.110898 19.125666 1
111.885987 149.295882 18.586461 1
109.306383 126.550794 16.127447 1
107.159291 107.619278 14.080724 1
114.376697 99.645313 25.951987 1
119.319738 98.281518 31.841794 1
126.026152 190.526319 9.390394 1
130.710525 172.597268 9.391676 1
136.511358 150.395059 9.393261 1
137.281733 127.450853 5.807399 1
137.910008 108.738816 2.882967 1
150.980297 102.294391 9.534198 1
157.156020 101.441066 14.237025 1
123.110600 191.690200 14.981800 1
123.231872 199.667922 15.037701 1
122.727431 209.884972 14.509949 1
122.384543 219.680534 14.001304 1
123.290397 244.891484 13.988533 1
120.545270 251.255294 17.139129 1
121.885411 270.613145 17.059053 1
119.176605 230.363554 16.311198 1
108.141776 237.539601 20.782991 1
101.850300 234.495455 20.149526 1
83.525482 225.628946 18.304472 1
83.118119 232.341175 22.403011 1
82.300632 245.811149 30.627879 1
82.300632 245.811149 30.627879 1
124.760933 230.159819 10.220992 1
132.073806 240.842198 5.154564 1
135.568113 235.006441 3.427024 1
145.745793 218.008947 -1.604691 1
149.332195 216.200862 5.169281 1
156.529307 212.572441 18.763142 1
156.529307 212.572441 18.763142 1
117.842691 190.381391 19.802834 1
115.991290 171.945799 19.499793 1
113.698611 149.116101 19.124523 1
110.261263 126.529826 16.281123 1
107.400242 107.730494 13.914463 1
115.525503 99.490957 24.991110 1
120.986098 98.226941 30.428718 1
126.772907 190.322286 8.864404 1
131.774421 172.479898 9.032639 1
137.967981 150.385008 9.240969 1
138.390760 127.420456 5.728265 1
138.735555 108.691827 2.863497 1
152.237707 102.275504 8.618899 1
158.730097 101.446502 12.878704 1
124.277500 191.502200 14.647920 1
124.491063 199.477707 14.734854 1
124.025441 209.698795 14.251471 1
123.667469 219.489180 13.660255 1
124.531659 244.691720 12.954615 1
122.119500 251.335713 15.782847 1
123.101720 270.696691 14.936343 1
120.703327 230.227516 16.038363 1
110.202368 237.642250 21.330965 1
103.859692 234.876073 22.501224 1
85.385749 226.819191 25.909769 1
85.582618 234.508620 27.598529 1
85.977692 249.939619 30.987498 1
85.977692 249.939619 30.987498 1
125.621350 229.873146 9.404789 1
132.474891 240.182850 3.080311 1
135.771220 234.348879 0.994731 1
145.372263 217.356591 -5.079826 1
149.800471 215.553850 1.177909 1
158.686903 211.936152 13.735796 1
158.686903 211.936152 13.735796 1
119.458316 190.218255 19.923635 1
117.639356 171.778551 19.680251 1
115.386849 148.943759 19.378856 1
111.080156 126.540082 16.285677 1
107.495547 107.892733 13.711117 1
116.579976 99.448259 23.848473 1
122.548194 98.222610 28.733304 1
127.349967 190.134575 8.213966 1
132.596742 172.363649 8.458500 1
139.094017 150.357253 8.761314 1
139.287257 127.361293 5.439122 1
139.444853 108.607049 2.729724 1
153.342816 102.272980 7.559645 1
160.127824 101.498756 11.347594 1
125.342000 191.330300 14.364920 1
125.604738 199.304374 14.448607 1
125.149216 209.527083 13.990551 1
124.789928 219.313135 13.332219 1
125.731016 244.490611 12.058706 1
123.658607 251.469566 14.285668 1
124.076415 270.807300 12.734439 1
122.141401 230.116855 15.785451 1
112.279495 237.756283 21.920758 1
106.284678 235.774240 24.984164 1
88.823924 230.001260 33.906770 1
89.330610 237.765297 32.689812 1
90.347417 253.346017 30.247641 1
90.347417 253.346017 30.247641 1
126.373433 229.600504 8.704481 1
132.354258 239.410825 0.878410 1
135.411976 233.547147 -1.470693 1
144.318029 216.468333 -8.312801 1
149.298729 214.792304 -2.447505 1
159.293891 211.428889 9.322844 1
159.293891 211.428889 9.322844 1
121.041186 190.056371 20.073363 1
119.087569 171.631706 19.748334 1
116.668309 148.815538 19.345834 1
111.683524 126.554811 16.239058 1
107.534516 108.026444 13.653180 1
117.507936 99.381721 22.730714 1
123.941482 98.241589 27.007746 1
127.779716 189.964575 7.664282 1
133.124399 172.224113 7.987792 1
139.742916 150.255443 8.388404 1
139.829308 127.229875 5.273242 1
139.899763 108.451484 2.732688 1
154.120952 102.234887 6.696735 1
161.145311 101.532524 10.035801 1
126.208200 191.135400 14.070260 1
126.588027 199.104909 14.137645 1
126.210322 209.331926 13.705714 1
125.858237 219.115597 13.009202 1
126.739632 244.268385 11.284921 1
125.064882 251.560721 12.691017 1
124.704650 270.850527 10.616787 1
123.535401 229.964821 15.588381 1
114.636147 238.209212 22.377588 1
109.886507 237.549232 27.501662 1
96.052508 235.626946 42.426253 1
95.662757 242.164863 38.053414 1
94.880611 255.285029 29.278084 1
94.880611 255.285029 29.278084 1
126.954704 229.330982 8.090151 1
131.794809 238.262592 -1.399831 1
134.677152 232.346957 -3.838682 1
143.072397 215.116806 -10.942195 1
148.652482 213.709961 -5.566176 1
159.850475 210.886739 5.222304 1
159.850475 210.886739 5.222304 1
122.442973 189.906902 20.154673 1
120.206836 171.519423 19.615356 1
117.437717 148.749305 18.947493 1
111.954931 126.589231 15.962481 1
107.391419 108.144641 13.477951 1
118.178954 99.270210 21.318584 1
125.040836 98.265876 24.908754 1
127.989310 189.752357 7.169459 1
133.491078 172.060900 7.539830 1
140.304120 150.152914 7.998471 1
140.295974 127.101361 5.080546 1
140.289331 108.301778 2.700846 1
154.792528 102.232031 5.769623 1
162.029653 101.617184 8.638473 1
126.714600 190.916500 14.000560 1
127.203581 198.880339 13.994038 1
126.934982 209.108756 13.516084 1
126.673718 218.890013 12.749228 1
127.812154 244.001021 10.615215 1
126.295561 251.447789 11.068690 1
124.961007 270.650280 8.616726 1
124.778600 229.808566 15.384971 1
117.094666 238.773217 22.723379 1
114.661508 239.867638 29.214354 1
107.574591 243.055296 48.120241 1
105.767251 247.209935 41.678930 1
102.140315 255.547382 28.752630 1
102.140315 255.547382 28.752630 1
127.484057 229.025530 7.614244 1
130.899297 236.875824 -3.338794 1
133.582625 230.894543 -5.843722 1
141.398212 213.473189 -13.139691 1
147.496571 212.365892 -8.281496 1
159.734625 210.143798 1.467825 1
159.734625 210.143798 1.467825 1
123.379942 189.768976 20.346383 1
121.143767 171.387061 19.642636 1
118.374601 148.623832 18.771153 1
112.585575 126.507176 16.054385 1
107.767170 108.098725 13.793125 1
119.234654 99.136574 20.484807 1
126.419297 98.235360 23.409210 1
127.977314 189.475765 6.997985 1
133.692437 171.850257 7.268298 1
140.769684 150.023936 7.603034 1
140.684637 126.951727 4.854510 1
140.615277 108.135297 2.612965 1
155.314158 102.151042 4.788634 1
162.723771 101.589640 7.190042 1
126.993700 190.597700 13.952840 1
127.385994 198.566346 13.859735 1
127.048529 208.791443 13.355157 1
126.854796 218.577624 12.632343 1
128.544294 243.670969 10.661972 1
127.265090 251.105160 9.634113 1
124.976269 270.161859 6.782388 1
125.454041 229.513012 15.497403 1
119.491906 239.809844 22.686857 1
121.059424 241.941794 29.186738 1
125.625042 248.151403 48.118564 1
122.519539 250.916112 41.430498 1
116.287473 256.464277 28.009017 1
116.287473 256.464277 28.009017 1
127.589137 228.745179 7.549533 1
129.713836 235.167298 -4.595510 1
132.174664 229.123556 -7.177786 1
139.342186 211.520277 -14.699043 1
145.909838 210.597535 -10.452558 1
159.089659 208.745799 -1.930802 1
159.089659 208.745799 -1.930802 1
124.017237 189.463804 20.476732 1
121.974155 171.061450 19.721933 1
119.444105 148.272910 18.787228 1
113.332011 126.285929 15.745013 1
108.244705 107.985411 13.212872 1
120.173801 99.187935 19.287659 1
127.508139 98.331142 21.828686 1
127.897279 189.114207 6.903797 1
133.952574 171.602262 7.147652 1
141.451069 149.916572 7.449624 1
141.115567 126.832507 4.822492 1
140.841949 108.006409 2.679947 1
155.630936 102.031555 4.159447 1
163.151801 101.484655 6.189669 1
127.256900 190.476300 13.917990 1
127.393711 198.453802 13.866703 1
126.881793 208.676664 13.476680 1
126.832195 218.474682 12.905977 1
129.710626 243.486408 11.311939 1
128.359265 250.394192 8.410836 1
125.320867 269.276072 5.128832 1
126.175808 229.401725 16.055944 1
122.442111 241.096346 22.579393 1
127.313273 242.625676 27.394341 1
141.501221 247.080067 41.418558 1
138.447495 250.702960 35.128296 1
132.319334 257.973313 22.505121 1
132.319334 257.973313 22.505121 1
127.795452 228.700712 7.981157 1
128.763972 233.809658 -4.911503 1
130.895273 227.662087 -7.541249 1
137.103001 209.756391 -15.200772 1
144.113123 208.866318 -11.724553 1
158.180884 207.080142 -4.748551 1
158.180884 207.080142 -4.748551 1
124.586245 189.209586 20.548922 1
122.536409 170.810655 19.731559 1
119.997997 148.026356 18.719378 1
113.625054 126.101969 15.761849 1
108.320635 107.853550 13.300195 1
120.449737 99.054190 18.962183 1
127.866813 98.193358 21.248966 1
127.918504 189.064225 6.827536 1
134.010631 171.564954 7.063682 1
141.554736 149.894959 7.356109 1
141.297923 126.809930 4.728567 1
141.088480 107.983047 2.585689 1
155.924652 102.053616 3.739714 1
163.489219 101.528526 5.606776 1
127.304100 190.608600 13.834180 1
127.288102 198.587114 13.904448 1
126.691869 208.810520 13.686340 1
126.781615 218.615885 13.266718 1
130.584766 243.517164 11.897373 1
129.126627 249.728429 7.743570 1
125.779476 268.443788 3.862756 1
126.736902 229.504631 16.611359 1
125.056306 241.729374 23.013803 1
131.525698 242.270980 25.679214 1
150.368720 243.848484 33.442599 1
149.280539 249.993430 28.639112 1
147.096798 262.324991 18.999567 1
147.096798 262.324991 18.999567 1
127.897423 228.878684 8.451811 1
127.751430 232.784631 -4.889190 1
129.544442 226.515113 -7.483199 1
134.766852 208.254225 -15.038632 1
142.142956 207.191310 -12.492766 1
156.945163 205.058279 -7.383776 1
156.945163 205.058279 -7.383776 1
124.799758 189.189907 20.499148 1
122.691112 170.795277 19.736415 1
120.079872 148.016304 18.791886 1
113.584262 126.120014 15.893671 1
108.177742 107.894981 13.481387 1
120.379577 99.147745 19.067355 1
127.812615 98.285277 21.301076 1
127.841354 189.317446 6.710242 1
133.772460 171.762787 6.934234 1
141.117168 150.024201 7.211610 1
141.050079 126.924916 4.700243 1
140.995365 108.086405 2.652111 1
155.853253 102.207375 3.784423 1
163.424952 101.712873 5.630810 1
127.344100 190.575300 13.887530 1
127.260011 198.552997 13.993168 1
126.620325 208.775315 13.866213 1
126.756247 218.585759 13.609257 1
130.907342 243.456694 12.823273 1
129.363893 249.244079 8.123912 1
126.258329 267.906109 3.809644 1
126.891175 229.388395 17.220109 1
126.396724 241.745816 23.569101 1
133.321437 241.477642 24.676896 1
153.490646 240.696548 27.903507 1
156.710828 247.337736 25.157048 1
163.173025 260.665147 19.645508 1
163.173025 260.665147 19.645508 1
127.986114 228.947114 9.039448 1
126.718485 232.269376 -4.399887 1
128.123481 225.833543 -6.819945 1
132.215735 207.088241 -13.868720 1
139.797536 205.585393 -12.360113 1
155.012528 202.569513 -9.332672 1
155.012528 202.569513 -9.332672 1
124.890217 189.105965 20.560290 1
122.812959 170.707508 19.803768 1
120.240589 147.923795 18.866929 1
113.606418 126.069870 15.962816 1
108.084569 107.880099 13.545622 1
120.302513 99.145437 19.116035 1
127.738809 98.282670 21.338770 1
127.851637 189.319985 6.755012 1
133.501091 171.671802 6.894916 1
140.497018 149.817403 7.068161 1
140.625695 126.693495 4.797308 1
140.730636 107.834903 2.945326 1
155.591385 101.960048 4.061652 1
163.171039 101.478378 5.878556 1
127.237600 190.607400 14.026460 1
127.153412 198.585166 14.126676 1
126.514299 208.807675 14.012871 1
126.655824 218.618958 13.793766 1
130.837588 243.489211 13.164384 1
129.373812 249.322656 8.496587 1
126.243079 267.967335 4.125858 1
126.816319 229.396537 17.477708 1
126.445328 241.885143 23.573373 1
133.424515 241.728963 24.292631 1
153.752388 241.274068 26.387572 1
160.192831 245.134914 24.014272 1
173.117387 252.882787 19.251580 1
173.117387 252.882787 19.251580 1
127.885334 229.009608 9.290869 1
125.962808 232.500154 -4.027540 1
126.877443 225.882963 -6.178555 1
129.541451 206.609429 -12.443703 1
137.077756 204.405782 -11.838575 1
152.201452 199.983554 -10.624218 1
152.201452 199.983554 -10.624218 1
124.836205 189.142884 20.719345 1
122.461825 170.785032 19.857871 1
119.521513 148.051602 18.791064 1
113.066311 126.132831 15.973625 1
107.693426 107.889086 13.628572 1
119.952158 99.134723 19.077110 1
127.409746 98.272643 21.227601 1
127.689426 189.346701 6.891146 1
133.497788 171.750448 7.061585 1
140.690496 149.960355 7.272643 1
140.767217 126.855293 4.815268 1
140.829787 108.012071 2.811168 1
155.722949 102.204423 3.844070 1
163.310254 101.748473 5.635499 1
127.045100 190.637100 14.185220 1
126.983010 198.614918 14.296772 1
126.395632 208.840689 14.198316 1
126.636762 218.649659 13.963185 1
131.199128 243.447934 13.161235 1
129.226632 249.264803 8.663086 1
126.342040 267.993420 4.486142 1
127.057543 229.432626 17.610644 1
127.143413 242.391182 22.643387 1
134.133905 242.096888 22.098225 1
154.494702 241.239716 20.510362 1
162.137408 242.790724 19.414275 1
177.474644 245.903259 17.214668 1
177.474644 245.903259 17.214668 1
127.924056 229.007740 9.401779 1
125.385083 232.349999 -3.851257 1
125.847518 225.653273 -5.898369 1
127.194426 206.148085 -11.860885 1
134.541579 203.313677 -11.920979 1
149.285689 197.625651 -12.041574 1
149.285689 197.625651 -12.041574 1
124.753043 189.170059 20.915783 1
122.278138 170.829201 19.978596 1
119.213341 148.116815 18.818030 1
112.848517 126.165494 16.048802 1
107.550856 107.894656 13.743878 1
119.913667 99.133887 18.941164 1
127.413332 98.271586 20.939885 1
127.373451 189.384450 7.041742 1
133.200881 171.793984 7.145662 1
140.417203 150.011057 7.274348 1
140.579418 126.903501 4.844737 1
140.711711 108.058245 2.863280 1
155.641843 102.314254 3.699752 1
163.254795 101.892422 5.387745 1
126.658900 190.673500 14.510730 1
126.647048 198.650643 14.674838 1
126.131495 208.880748 14.658788 1
126.461537 218.688650 14.499273 1
131.302345 243.438475 13.846973 1
129.093419 248.936106 9.066100 1
126.336741 267.792396 5.409616 1
127.069885 229.431634 18.237134 1
128.084802 242.468993 22.954893 1
134.787596 240.764456 21.764144 1
154.310435 235.799749 18.295916 1
162.125140 236.068774 17.359975 1
177.807542 236.608651 15.481747 1
177.807542 236.608651 15.481747 1
127.795279 229.072960 10.011442 1
124.689249 231.937377 -3.232716 1
124.764238 225.223945 -5.275961 1
124.982654 205.670096 -11.227213 1
132.056039 202.224069 -11.559279 1
146.250757 195.308662 -12.225662 1
146.250757 195.308662 -12.225662 1
124.478671 189.175967 21.271663 1
121.872759 170.863240 20.156416 1
118.645731 148.185689 18.775351 1
112.419746 126.177115 16.148584 1
107.237646 107.858624 13.962234 1
119.754163 99.110463 18.800459 1
127.308544 98.247569 20.580955 1
126.851950 189.465800 7.354585 1
132.555848 171.834853 7.256973 1
139.619195 150.001799 7.136093 1
140.031644 126.890254 4.774985 1
140.368015 108.041744 2.849394 1
155.381088 102.489109 3.464075 1
163.025041 102.169338 5.029968 1
126.991100 190.716500 14.587330 1
126.943926 198.693099 14.770424 1
126.389800 208.921105 14.814465 1
126.697562 218.730974 14.781878 1
131.524525 243.491717 14.644695 1
129.601584 248.949353 9.697316 1
127.017438 267.950934 6.732366 1
127.268878 229.400189 18.730908 1
128.778385 241.510596 25.388196 1
135.080166 238.742830 24.017865 1
153.434997 230.681318 20.026580 1
160.986020 230.075035 17.874267 1
176.139270 228.858359 13.555049 1
176.139270 228.858359 13.555049 1
128.058076 229.200769 10.505689 1
124.457235 232.497882 -2.510571 1
124.185463 225.780460 -4.523781 1
123.393888 206.214986 -10.387550 1
130.143104 202.177707 -10.795726 1
143.687285 194.075785 -11.614845 1
143.687285 194.075785 -11.614845 1
124.817704 189.193240 21.344715 1
122.220271 170.882256 20.182065 1
119.003743 148.206865 18.742299 1
112.799831 126.194231 16.097388 1
107.636102 107.872361 13.895936 1
120.160098 99.135891 18.735933 1
127.714476 98.272638 20.516265 1
127.189306 189.526702 7.428328 1
132.766752 171.856737 7.186050 1
139.673509 149.975365 6.886026 1
140.185936 126.863464 4.548099 1
140.603842 108.014664 2.641415 1
155.688712 102.655885 3.217733 1
163.341603 102.438070 4.757253 1
126.980300 190.687600 14.552300 1
126.874790 198.661921 14.799190 1
126.254106 208.885106 14.948653 1
126.518297 218.695844 15.043190 1
131.289931 243.466515 15.284263 1
129.631076 249.094101 10.432611 1
127.439345 268.126040 7.348716 1
127.087952 229.300415 19.162895 1
129.093761 240.570497 27.050988 1
134.908527 236.935766 25.558339 1
151.844859 226.349096 21.210786 1
158.776439 224.454794 17.988551 1
172.686603 220.653348 11.522231 1
172.686603 220.653348 11.522231 1
127.832114 229.237176 10.931306 1
123.811721 233.001758 -1.832878 1
123.420715 226.310713 -3.913183 1
122.281853 206.822068 -9.972377 1
128.647352 202.204871 -10.396720 1
141.421498 192.939183 -11.248283 1
141.421498 192.939183 -11.248283 1
124.890486 189.094732 21.319993 1
122.300231 170.781070 20.183807 1
119.092591 148.102363 18.776813 1
112.779108 126.128319 16.071003 1
107.524179 107.838568 13.818863 1
120.083390 99.141174 18.637941 1
127.641339 98.276400 20.402307 1
127.111326 189.555634 7.382384 1
132.600753 171.858908 7.088560 1
139.398514 149.944396 6.724704 1
140.036909 126.828009 4.463389 1
140.557549 107.975550 2.619185 1
155.695045 102.763135 3.156671 1
163.355759 102.624627 4.666162 1
126.812700 190.651200 14.482140 1
126.709935 198.623618 14.785243 1
126.083103 208.844447 15.035922 1
126.328632 218.653789 15.250021 1
131.025762 243.433516 15.811151 1
129.589286 249.267374 11.135396 1
127.805550 268.260104 7.582466 1
126.947865 229.189845 19.535049 1
129.254330 240.100970 27.834905 1
134.423035 235.715914 26.016513 1
149.477622 222.943817 20.720187 1
155.206193 219.026212 16.998113 1
166.702181 211.164439 9.528727 1
166.702181 211.164439 9.528727 1
127.525727 229.267010 11.290235 1
123.285745 233.389481 -1.291014 1
122.870169 226.730867 -3.468352 1
121.659740 207.336684 -9.810168 1
127.660612 202.255942 -10.250330 1
139.703034 192.060023 -11.133636 1
139.703034 192.060023 -11.133636 1
124.853306 189.011578 21.277626 1
122.215858 170.706664 20.109481 1
118.949777 148.038791 18.662909 1
112.599408 126.072007 15.984603 1
107.313777 107.788299 13.755356 1
119.997033 99.149502 18.349715 1
127.586041 98.282696 19.974224 1
126.806645 189.568038 7.303495 1
132.323726 171.879485 7.036705 1
139.155731 149.975095 6.706326 1
139.921002 126.859986 4.471470 1
140.545115 108.008571 2.648844 1
155.708163 102.862009 3.092491 1
163.379070 102.757974 4.552174 1
126.601300 190.627900 14.331420 1
126.555387 198.597831 14.705559 1
125.983991 208.818350 15.073781 1
126.252732 218.623172 15.423877 1
130.936342 243.393953 16.364602 1
129.701046 249.333748 11.765371 1
128.383137 268.389943 8.351673 1
126.921939 229.081448 19.888181 1
129.473985 239.707551 28.480796 1
133.983322 234.724906 26.458442 1
147.117404 220.212246 20.568050 1
151.402501 215.063905 16.426732 1
160.001753 204.732315 8.116015 1
160.001753 204.732315 8.116015 1
127.386410 229.306911 11.638922 1
123.089466 233.754880 -0.811454 1
122.814214 227.109365 -3.050204 1
122.012502 207.753332 -9.570892 1
127.527338 202.151529 -10.044747 1
138.594393 190.909956 -10.995671 1
138.594393 190.909956 -10.995671 1
124.737628 188.941006 21.142245 1
122.176228 170.625247 19.974873 1
119.004321 147.943943 18.529259 1
112.611821 125.984521 15.891107 1
107.291123 107.706941 13.695281 1
120.107248 99.170753 18.109167 1
127.719680 98.300464 19.618109 1
126.476025 189.608124 7.144586 1
132.012158 171.924265 6.981412 1
138.867754 150.025687 6.779345 1
139.800967 126.921937 4.491478 1
140.562044 108.079786 2.625619 1
155.736390 102.969195 3.097883 1
163.402855 102.878591 4.581598 1
126.382300 190.615200 14.273800 1
126.344709 198.582737 14.696684 1
125.784558 208.800741 15.143579 1
126.065957 218.601628 15.582603 1
130.788263 243.354788 16.763135 1
129.697054 249.441769 12.322642 1
128.817886 268.592444 9.321389 1
126.791003 229.006988 20.160395 1
129.482001 239.105916 29.327195 1
133.395588 233.656142 27.269387 1
144.794464 217.782900 21.275727 1
147.892048 212.042964 16.862555 1
154.108225 200.524172 8.006286 1
154.108225 200.524172 8.006286 1
127.175730 229.327063 11.910160 1
122.833455 233.981639 -0.448627 1
122.794810 227.334131 -2.698023 1
122.682250 207.972295 -9.249721 1
127.580522 201.824274 -9.726075 1
137.410271 189.486561 -10.682013 1
137.410271 189.486561 -10.682013 1
124.582998 188.887999 21.091828 1
122.013463 170.572470 19.938813 1
118.831482 147.891451 18.510977 1
112.461769 125.923631 15.887666 1
107.160039 107.639061 13.704193 1
120.039113 99.158683 18.041772 1
127.661003 98.286647 19.501144 1
126.187535 189.639129 7.082446 1
131.679740 171.941538 6.923713 1
138.480941 150.025954 6.727146 1
139.519464 126.927579 4.430415 1
140.366426 108.089810 2.557328 1
155.566668 103.055717 3.018316 1
163.234400 103.003243 4.497316 1
126.010700 190.597600 14.248190 1
126.016574 198.564598 14.682693 1
125.499328 208.783646 15.156634 1
125.801219 218.582583 15.624603 1
130.524427 243.332797 16.861944 1
129.611410 249.579534 12.606978 1
128.964552 268.821100 10.183654 1
126.578308 228.966746 20.241820 1
129.215226 238.480024 30.029784 1
132.524319 232.608559 28.073618 1
142.162520 215.507085 22.376005 1
144.718021 209.547022 17.907778 1
149.846352 197.586482 8.941027 1
149.846352 197.586482 8.941027 1
126.858600 229.325842 11.988983 1
122.506298 234.074623 -0.330376 1
122.793232 227.412704 -2.518331 1
123.628965 208.008894 -8.891072 1
127.799793 201.347771 -9.392849 1
136.169723 187.980376 -10.399805 1
136.169723 187.980376 -10.399805 1
124.277919 188.869184 21.083120 1
121.686544 170.558537 19.901797 1
118.477517 147.883563 18.438906 1
112.229920 125.879973 15.821718 1
107.029830 107.565630 13.643342 1
119.999787 99.147625 17.828954 1
127.638836 98.273536 19.194355 1
125.732289 189.633009 7.058039 1
131.265411 171.948395 6.875688 1
138.117280 150.048883 6.649873 1
139.332275 126.955708 4.387674 1
140.323158 108.122181 2.542749 1
155.566307 103.211435 2.907329 1
163.244217 103.223273 4.333465 1
125.739300 190.607700 14.253530 1
125.796471 198.575791 14.663588 1
125.319114 208.797761 15.115861 1
125.611609 218.598094 15.559984 1
130.191336 243.379654 16.705894 1
129.567851 249.829443 12.709452 1
129.224821 269.138916 10.823873 1
126.384645 228.992434 20.154926 1
128.648842 237.862225 30.617252 1
131.531758 231.684483 28.951396 1
139.928659 213.690933 24.099354 1
142.050681 207.539176 19.664165 1
146.309116 195.193949 10.763714 1
146.309116 195.193949 10.763714 1
126.549795 229.343688 11.898645 1
122.461519 234.106505 -0.505452 1
123.069351 227.419750 -2.547141 1
124.839748 207.943602 -8.493861 1
128.216532 200.851817 -9.061360 1
134.992993 186.620178 -10.200207 1
134.992993 186.620178 -10.200207 1
124.080904 188.909771 21.114505 1
121.351139 170.622135 19.889233 1
117.970737 147.975656 18.371918 1
111.948628 125.904540 15.795074 1
106.936220 107.533992 13.650276 1
120.008689 99.171357 17.622535 1
127.669435 98.295786 18.859375 1
125.366784 189.623293 7.070328 1
130.911746 171.942647 6.864417 1
137.778276 150.048047 6.609428 1
139.160452 126.960972 4.381191 1
140.287678 108.132420 2.563963 1
155.568069 103.329841 2.780392 1
163.259937 103.398342 4.127525 1
125.327500 190.605000 14.242580 1
125.401364 198.574546 14.620417 1
124.923142 208.798212 15.031591 1
125.171863 218.601217 15.442134 1
129.532199 243.424367 16.542794 1
129.389388 250.083633 12.855812 1
129.465144 269.428713 11.342217 1
125.816458 229.017212 20.007759 1
127.471826 237.516340 30.883633 1
130.063519 231.110604 29.658700 1
137.612191 212.452991 26.090911 1
139.487021 206.256808 21.606458 1
143.249398 193.822428 12.607144 1
143.249398 193.822428 12.607144 1
126.051894 229.341913 11.752096 1
122.572971 234.110775 -0.834210 1
123.402390 227.385503 -2.659979 1
125.818193 207.797170 -7.977798 1
128.426219 200.390759 -8.578991 1
133.659953 185.527738 -9.785454 1
133.659953 185.527738 -9.785454 1
123.657335 188.938473 21.108398 1
120.892971 170.656208 19.880550 1
117.469723 148.016380 18.360045 1
111.646337 125.891181 15.790248 1
106.799333 107.475619 13.651316 1
119.902602 99.160561 17.621974 1
127.563799 98.283579 18.855012 1
124.961358 189.592281 7.062987 1
130.587688 171.937460 6.848638 1
137.554978 150.074840 6.583199 1
139.051437 126.994686 4.357088 1
140.271867 108.171778 2.541595 1
155.581759 103.463253 2.738927 1
163.274836 103.579354 4.075861 1
124.976200 190.636000 14.216130 1
125.056218 198.606737 14.566597 1
124.568568 208.831726 14.931151 1
124.772335 218.637262 15.304336 1
128.926224 243.496772 16.382617 1
129.278281 250.323878 13.031985 1
130.019778 269.668917 11.709697 1
125.233218 229.079861 19.831267 1
126.218830 237.415033 30.913393 1
128.626101 230.859626 30.218802 1
135.637620 211.766071 28.195709 1
137.684764 205.459949 23.946001 1
141.792935 192.804944 15.417771 1
141.792935 192.804944 15.417771 1
125.662281 229.365980 11.581972 1
122.916954 234.109431 -1.193900 1
123.899634 227.355514 -2.827787 1
126.761832 207.683746 -7.586725 1
128.690670 200.064784 -8.085872 1
132.561424 184.775218 -9.087549 1
132.561424 184.775218 -9.087549 1
123.208968 188.996347 21.064096 1
120.602165 170.687494 19.888927 1
117.374033 148.014741 18.433656 1
111.605587 125.876268 15.854287 1
106.804311 107.449657 13.707389 1
119.874643 99.170943 17.858444 1
127.518425 98.293094 19.194629 1
124.707830 189.598113 7.035811 1
130.321634 171.939074 6.841318 1
137.273413 150.071232 6.600469 1
138.915247 127.002171 4.361881 1
140.254236 108.188310 2.536213 1
155.579815 103.539709 2.881333 1
163.258417 103.683856 4.296460 1
124.648700 190.662900 14.151790 1
124.688834 198.634577 14.487402 1
124.150044 208.858475 14.807895 1
124.299704 218.666706 15.132750 1
128.299388 243.554859 16.130297 1
129.125353 250.510490 13.147506 1
130.830589 269.803487 11.963762 1
124.580639 229.146636 19.587582 1
124.905803 237.284929 30.853571 1
127.161543 230.640802 30.719427 1
133.731703 211.288839 30.328714 1
136.195303 204.808888 26.592552 1
141.139211 191.805049 19.094895 1
141.139211 191.805049 19.094895 1
125.242412 229.370387 11.351756 1
123.261724 234.073579 -1.579481 1
124.284139 227.290549 -3.061311 1
127.262069 207.533986 -7.377359 1
128.829322 199.824086 -7.722769 1
131.974453 184.352027 -8.415932 1
131.974453 184.352027 -8.415932 1
122.724266 189.029873 20.958845 1
120.337080 170.685240 19.878877 1
117.380912 147.968179 18.541500 1
111.674819 125.816077 15.940547 1
106.925442 107.378121 13.775683 1
119.893064 99.127463 18.288927 1
127.497014 98.249092 19.835484 1
124.556669 189.609616 6.969288 1
130.107425 171.930349 6.805362 1
136.981131 150.037457 6.602365 1
138.714069 126.973134 4.383722 1
140.127358 108.163136 2.574319 1
155.453973 103.545442 3.185633 1
163.106280 103.704378 4.735228 1
124.366600 190.769300 14.103600 1
124.356360 198.741658 14.424986 1
123.757575 208.963307 14.708606 1
123.851431 218.772905 15.012408 1
127.708468 243.681686 16.055802 1
129.088056 250.647118 13.309980 1
131.990875 269.808262 12.333746 1
123.944079 229.267878 19.439637 1
123.668168 237.390190 30.718466 1
125.793401 230.710279 31.054572 1
131.983443 211.254094 32.033528 1
134.928698 204.530657 29.180660 1
140.839183 191.038193 23.455582 1
140.839183 191.038193 23.455582 1
124.867746 229.468806 11.228468 1
123.508336 234.182034 -1.779127 1
124.464194 227.359100 -3.114993 1
127.248268 207.486307 -7.005900 1
128.793422 199.764620 -7.084664 1
131.894207 184.268908 -7.242728 1
131.894207 184.268908 -7.242728 1
122.254518 189.138390 20.855300 1
120.073847 170.761097 19.901190 1
117.373415 148.003592 18.719669 1
111.744652 125.828914 16.142699 1
107.059639 107.372168 13.997798 1
119.897677 99.165151 18.940634 1
127.446765 98.286017 20.735572 1
124.487641 189.702886 6.923466 1
129.907471 171.982879 6.778373 1
136.619046 150.039538 6.598696 1
138.482861 126.984775 4.386778 1
140.002885 108.182575 2.582859 1
155.315965 103.574916 3.521484 1
162.932103 103.735975 5.239857 1
124.054400 190.841600 14.071800 1
124.001914 198.814984 14.362116 1
123.355431 209.035099 14.591035 1
123.407761 218.845952 14.862582 1
127.163022 243.768909 15.938209 1
129.003448 250.764998 13.565946 1
133.512189 269.614920 12.627613 1
123.332249 229.356536 19.252948 1
122.486462 237.403460 30.557448 1
124.559300 230.734515 31.249766 1
130.596735 211.310269 33.266243 1
133.822501 204.339903 31.526586 1
140.295910 190.351905 28.035476 1
140.295910 190.351905 28.035476 1
124.514468 229.531376 11.074401 1
123.711524 234.280192 -1.966460 1
124.570821 227.422775 -3.186330 1
127.073647 207.449548 -6.739382 1
128.769978 199.762296 -6.523122 1
132.174143 184.335687 -6.089138 1
132.174143 184.335687 -6.089138 1
121.768040 189.226805 20.770398 1
119.756107 170.826268 19.896943 1
117.264631 148.039979 18.815302 1
111.833579 125.810539 16.286317 1
107.313128 107.308213 14.181355 1
120.045581 99.162367 19.485295 1
127.542289 98.281866 21.487175 1
124.373369 189.748924 6.901686 1
129.727987 172.009044 6.763885 1
136.358807 150.041094 6.593239 1
138.325969 126.993235 4.398936 1
139.930279 108.196666 2.609383 1
155.225600 103.591946 3.814226 1
162.809843 103.752656 5.668338 1
123.745200 190.905500 14.006420 1
123.654869 198.879235 14.277121 1
122.968717 209.097613 14.464319 1
122.991742 218.909359 14.706044 1
126.686973 243.841133 15.785242 1
128.987301 250.809598 13.758167 1
134.812026 269.303120 12.989384 1
122.786558 229.436545 19.052265 1
121.476271 237.372666 30.390747 1
123.606743 230.763325 31.404889 1
129.812045 211.512683 34.358722 1
133.012522 204.348480 33.688555 1
139.435179 189.971494 32.343678 1
139.435179 189.971494 32.343678 1
124.186172 229.581657 10.907521 1
123.963164 234.366876 -2.142843 1
124.781648 227.483803 -3.240127 1
127.165602 207.435849 -6.436130 1
129.059681 199.805787 -5.974867 1
132.860683 184.493946 -5.049216 1
132.860683 184.493946 -5.049216 1
121.325994 189.296440 20.659584 1
119.360929 170.887193 19.866685 1
116.927493 148.090118 18.884799 1
111.676617 125.819548 16.337226 1
107.306133 107.282988 14.216793 1
119.931497 99.194733 19.854369 1
127.374432 98.313006 22.047242 1
124.218097 189.798126 6.847069 1
129.540474 172.048349 6.737638 1
136.131370 150.068143 6.602123 1
138.178512 127.026692 4.413694 1
139.848048 108.235348 2.628932 1
155.125740 103.638463 4.065160 1
162.680027 103.801103 6.037620 1
123.395100 190.939200 14.003350 1
123.266201 198.913535 14.238408 1
122.544951 209.130309 14.374130 1
122.555288 218.942768 14.585939 1
126.264062 243.871678 15.684669 1
128.925508 250.797469 13.978748 1
135.647188 268.991620 13.412419 1
122.261302 229.482671 18.896090 1
120.618102 237.335542 30.249167 1
122.792655 230.790236 31.545729 1
129.126351 211.726106 35.322149 1
132.247479 204.502502 35.632151 1
138.510900 190.006314 36.254260 1
138.510900 190.006314 36.254260 1
123.859719 229.602246 10.787600 1
124.110453 234.420238 -2.250196 1
124.991446 227.527700 -3.233767 1
127.557467 207.452178 -6.098562 1
129.725432 199.910534 -5.433963 1
134.076060 184.776130 -4.100259 1
134.076060 184.776130 -4.100259 1
120.859343 189.347574 20.617190 1
118.628424 170.964486 19.927528 1
115.865767 148.199805 19.073485 1
111.320422 125.787834 16.411999 1
107.537175 107.133582 14.196753 1
120.003484 99.154360 20.322527 1
127.358828 98.270374 22.792529 1
124.005747 189.803987 6.858798 1
129.255464 172.032628 6.742402 1
135.756382 150.025697 6.598263 1
137.948242 126.995227 4.434542 1
139.735803 108.212839 2.669930 1
155.000815 103.630719 4.277892 1
162.531316 103.798740 6.338870 1
122.881200 190.910900 14.004220 1
122.771787 198.886477 14.204431 1
122.079132 209.105704 14.297850 1
122.119556 218.918421 14.493467 1
125.903704 243.833129 15.655487 1
128.792977 250.712430 14.143079 1
136.078080 268.693322 13.764111 1
121.786660 229.460571 18.795286 1
119.968989 237.368560 30.083325 1
122.117516 230.861331 31.596794 1
128.375405 211.908105 36.004988 1
131.354063 204.720551 37.223451 1
137.331578 190.296707 39.668642 1
137.331578 190.296707 39.668642 1
123.535191 229.571734 10.717717 1
124.186368 234.423426 -2.293705 1
125.231098 227.542034 -3.191263 1
128.274026 207.498973 -5.805536 1
130.748673 200.073600 -4.934843 1
135.714744 185.172524 -3.187556 1
135.714744 185.172524 -3.187556 1
120.271315 189.354114 20.597484 1
118.108466 170.962396 19.921216 1
115.430103 148.187028 19.083759 1
111.020065 125.751551 16.392838 1
107.349440 107.077734 14.153091 1
119.786148 99.143678 20.396568 1
127.119325 98.258740 22.931289 1
123.564188 189.743855 6.871356 1
128.841606 171.980725 6.751619 1
135.376828 149.983983 6.603341 1
137.703939 126.964637 4.462611 1
139.601802 108.191321 2.716749 1
154.869340 103.643338 4.396060 1
162.389460 103.827652 6.493231 1
122.709100 190.949400 14.026570 1
122.574315 198.925218 14.199888 1
121.863789 209.143485 14.257037 1
121.910838 218.956560 14.432192 1
125.768744 243.859918 15.594981 1
128.766902 250.721915 14.222358 1
136.455100 268.537285 14.040662 1
121.574451 229.505726 18.716504 1
119.588758 237.377405 30.001615 1
121.646154 230.894158 31.729446 1
127.638614 212.010780 36.762001 1
130.461637 204.905932 38.651356 1
136.126826 190.648060 42.442880 1
136.126826 190.648060 42.442880 1
123.397035 229.599784 10.655104 1
124.299072 234.475904 -2.332191 1
125.635657 227.635906 -3.155960 1
129.528658 207.713411 -5.555312 1
132.294162 200.417789 -4.485721 1
137.843920 185.777094 -2.339290 1
137.843920 185.777094 -2.339290 1
120.042233 189.406055 20.600163 1
117.880279 171.014354 19.920563 1
115.203024 148.239008 19.078981 1
110.938270 125.773105 16.407800 1
107.388569 107.073964 14.184483 1
119.779314 99.161641 20.545813 1
127.088883 98.276276 23.147687 1
123.462239 189.761469 6.904224 1
128.744632 171.999797 6.787695 1
135.286015 150.004860 6.643391 1
137.667420 126.990956 4.503855 1
139.609563 108.222078 2.758967 1
154.877585 103.705422 4.516598 1
162.386154 103.904572 6.653425 1
122.547200 190.963600 14.040130 1
122.396197 198.939386 14.201109 1
121.673468 209.156855 14.246841 1
121.723365 218.969822 14.427157 1
125.624532 243.863611 15.649008 1
128.683812 250.707323 14.320677 1
136.599407 268.423669 14.263629 1
121.392762 229.511650 18.729942 1
119.366482 237.464144 29.950996 1
121.272831 230.971755 31.812578 1
126.825343 212.061748 37.234698 1
129.497168 205.038611 39.591578 1
134.858936 190.944715 44.321321 1
134.858936 190.944715 44.321321 1
123.242206 229.617186 10.674803 1
124.305546 234.472668 -2.308018 1
125.974599 227.698597 -3.067533 1
130.835960 207.968127 -5.279735 1
133.890998 200.815241 -4.046399 1
140.021788 186.460989 -1.571368 1
140.021788 186.460989 -1.571368 1
119.851223 189.424663 20.602873 1
117.690660 171.032536 19.930428 1
115.015130 148.256662 19.097707 1
110.857099 125.770237 16.430951 1
107.396227 107.054014 14.211318 1
119.757501 99.160051 20.652296 1
127.050851 98.274330 23.299172 1
123.337422 189.766767 6.923294 1
128.605869 172.000996 6.800399 1
135.129981 150.000983 6.648212 1
137.584120 126.994693 4.508994 1
139.585580 108.232023 2.764366 1
154.862597 103.766035 4.572589 1
162.363213 103.989829 6.734757 1
122.455600 190.986800 14.051830 1
122.260382 198.961832 14.202271 1
121.500157 209.176659 14.224163 1
121.548576 218.990206 14.369963 1
125.530511 243.876172 15.486053 1
128.609328 250.724711 14.229690 1
136.644213 268.387363 14.216323 1
121.231441 229.555055 18.616937 1
119.091235 237.422708 29.876582 1
120.899154 230.930155 31.833356 1
126.164972 212.019673 37.532740 1
128.701285 205.038646 40.150059 1
133.791111 191.029255 45.402446 1
133.791111 191.029255 45.402446 1
123.125429 229.612819 10.571671 1
124.325421 234.516786 -2.380980 1
126.292955 227.815216 -3.065375 1
132.023685 208.295912 -5.058779 1
135.392476 201.306048 -3.712971 1
142.152895 187.278944 -1.012232 1
142.152895 187.278944 -1.012232 1
119.739373 189.441134 20.604634 1
117.493013 171.059068 19.938254 1
114.711235 148.295652 19.113042 1
110.744126 125.776726 16.429744 1
107.442165 107.033450 14.196341 1
119.746356 99.154748 20.764056 1
127.012732 98.268758 23.484024 1
123.283468 189.785659 6.940001 1
128.485101 172.000646 6.765127 1
134.926475 149.976805 6.548572 1
137.462578 126.976801 4.437546 1
139.530884 108.219258 2.715908 1
154.818891 103.799222 4.544040 1
162.316604 104.046777 6.713676 1
122.257400 190.974000 14.077400 1
122.096875 198.949934 14.220910 1
121.371353 209.167296 14.235931 1
121.434032 218.980775 14.380892 1
125.401808 243.867980 15.519543 1
128.522935 250.699245 14.273574 1
136.595247 268.344662 14.197079 1
121.093218 229.544837 18.627989 1
118.867265 237.389906 29.886767 1
120.541911 230.863559 31.849709 1
125.419552 211.854648 37.567054 1
127.958871 204.898673 40.247402 1
133.054728 190.939557 45.626274 1
133.054728 190.939557 45.626274 1
123.024884 229.604551 10.591700 1
124.355926 234.521656 -2.343154 1
126.566137 227.892036 -2.986386 1
133.003698 208.582300 -4.859898 1
136.693390 201.775342 -3.421275 1
144.097787 188.115287 -0.534277 1
144.097787 188.115287 -0.534277 1
119.526751 189.445762 20.628298 1
117.355053 171.055717 19.935098 1
114.665731 148.282421 19.076675 1
110.665310 125.769504 16.392408 1
107.335622 107.031230 14.158199 1
119.671315 99.155545 20.670204 1
126.950014 98.269463 23.356988 1
123.088356 189.763240 6.967563 1
128.298878 171.981405 6.741552 1
134.751260 149.961501 6.461673 1
137.361811 126.967409 4.377150 1
139.490833 108.214689 2.677127 1
154.797415 103.845261 4.471177 1
162.299962 104.119359 6.620817 1
122.209400 190.975700 14.133250 1
122.073087 198.952158 14.272609 1
121.371498 209.171199 14.280718 1
121.441864 218.984667 14.422869 1
125.386612 243.874642 15.580830 1
128.540077 250.693311 14.347354 1
136.588708 268.349123 14.203627 1
121.063950 229.550132 18.663333 1
118.699315 237.309041 29.953500 1
120.300915 230.742575 31.842199 1
124.965800 211.616811 37.343302 1
127.538653 204.676687 40.032744 1
132.701807 190.749382 45.429869 1
132.701807 190.749382 45.429869 1
123.053989 229.607947 10.641286 1
124.514079 234.570959 -2.262074 1
126.899867 228.000772 -2.887619 1
133.848822 208.864145 -4.709612 1
137.831655 202.241270 -3.195444 1
145.824323 188.950630 -0.156844 1
145.824323 188.950630 -0.156844 1
119.453873 189.458970 20.676401 1
117.370538 171.059175 19.970861 1
114.790642 148.273804 19.097157 1
110.740046 125.770931 16.403926 1
107.368596 107.041018 14.162257 1
119.704667 99.152357 20.657820 1
126.986486 98.266496 23.336211 1
123.058509 189.759052 7.026563 1
128.292618 171.984606 6.766882 1
134.774208 149.973851 6.445307 1
137.376333 126.981351 4.332879 1
139.498484 108.229929 2.610098 1
154.810132 103.875612 4.397635 1
162.312835 104.156159 6.545901 1
122.213700 190.992300 14.183520 1
122.078334 198.968904 14.315243 1
121.376473 209.187929 14.311700 1
121.440946 219.001497 14.449684 1
125.352767 243.895599 15.630404 1
128.512108 250.719469 14.441533 1
136.503340 268.400618 14.227070 1
121.020207 229.567861 18.683870 1
118.587544 237.342805 29.948524 1
120.092761 230.717001 31.704605 1
124.476919 211.418407 36.819441 1
127.135010 204.483671 39.438979 1
132.469217 190.567177 44.695820 1
132.469217 190.567177 44.695820 1
123.071993 229.625192 10.677390 1
124.660397 234.638806 -2.191203 1
127.163058 228.110186 -2.794901 1
134.452424 209.094629 -4.553263 1
138.681047 202.642041 -2.971808 1
147.166959 189.693130 0.201822 1
147.166959 189.693130 0.201822 1
119.419682 189.481782 20.711768 1
117.422177 171.072177 20.013927 1
114.948568 148.274660 19.149756 1
110.817810 125.789476 16.430660 1
107.379639 107.074287 14.167462 1
119.680251 99.163713 20.703496 1
126.952327 98.278327 23.408384 1
123.104020 189.769369 7.082958 1
128.319173 171.989735 6.798218 1
134.777289 149.972557 6.445613 1
137.372599 126.980705 4.317803 1
139.489192 108.229811 2.582479 1
154.793843 103.867065 4.408964 1
162.290602 104.142295 6.578561 1
122.232200 190.988500 14.237870 1
122.097052 198.965187 14.364666 1
121.393044 209.184059 14.353274 1
121.447540 218.997666 14.492825 1
125.310080 243.897401 15.716222 1
128.448589 250.742034 14.593361 1
136.427031 268.428653 14.355043 1
120.976318 229.561307 18.728485 1
118.470184 237.326960 29.983438 1
119.903478 230.647353 31.589455 1
124.078151 211.192048 36.267207 1
126.837713 204.248376 38.754822 1
132.375549 190.313950 43.746923 1
132.375549 190.313950 43.746923 1
123.091503 229.625760 10.738574 1
124.799991 234.714071 -2.085239 1
127.379398 228.213907 -2.672739 1
134.892300 209.281229 -4.383919 1
139.291189 202.964436 -2.720775 1
148.118787 190.288036 0.616787 1
148.118787 190.288036 0.616787 1
119.392025 189.481628 20.747014 1
117.454218 171.065452 20.054274 1
115.054537 148.259795 19.196419 1
110.867653 125.787399 16.457529 1
107.382766 107.082852 14.177856 1
119.638282 99.158040 20.781010 1
126.894869 98.272954 23.527277 1
123.172366 189.761903 7.144368 1
128.413525 171.989790 6.867798 1
134.903845 149.981923 6.525309 1
137.422363 126.983678 4.374432 1
139.476328 108.227571 2.620295 1
154.764089 103.830060 4.503965 1
162.252654 104.087037 6.703887 1
122.316000 190.987300 14.283310 1
122.170282 198.963898 14.403896 1
121.453393 209.181856 14.381628 1
121.492875 218.995563 14.519116 1
125.305912 243.901236 15.776487 1
128.457234 250.746085 14.691471 1
136.337540 268.477799 14.565291 1
120.966301 229.558714 18.749477 1
118.306852 237.237537 30.028797 1
119.715089 230.522654 31.504601 1
123.816780 210.964606 35.803091 1
126.681465 203.993450 38.086630 1
132.430262 190.003870 42.669197 1
132.430262 190.003870 42.669197 1
123.155340 229.625941 10.779506 1
124.974979 234.796027 -1.996219 1
127.586853 228.307576 -2.569596 1
135.194317 209.409016 -4.239643 1
139.680922 203.183024 -2.471723 1
148.684545 190.688839 1.076101 1
148.684545 190.688839 1.076101 1
119.424384 189.481116 20.769926 1
117.499451 171.063394 20.082403 1
115.115711 148.255824 19.231009 1
110.898082 125.790301 16.482917 1
107.387605 107.091476 14.195584 1
119.578277 99.147722 20.895303 1
126.812091 98.263043 23.701138 1
123.315728 189.757369 7.198535 1
128.529048 171.977234 6.911585 1
134.984895 149.959433 6.556240 1
137.444610 126.955365 4.399603 1
139.450618 108.194507 2.640768 1
154.709851 103.725822 4.587207 1
162.189622 103.946409 6.820739 1
122.391100 190.991400 14.336310 1
122.241821 198.968024 14.450655 1
121.516525 209.185358 14.417251 1
121.535602 218.999121 14.555127 1
125.260272 243.915658 15.861182 1
128.413451 250.769235 14.838441 1
136.314586 268.492039 14.893956 1
120.934491 229.558733 18.784389 1
118.098371 237.113756 30.104199 1
119.513421 230.374304 31.456309 1
123.634954 210.744694 35.394520 1
126.618580 203.749061 37.438310 1
132.606066 189.710360 41.539751 1
132.606066 189.710360 41.539751 1
123.203349 229.636158 10.836866 1
125.131596 234.851143 -1.904635 1
127.744087 228.361905 -2.466169 1
135.353348 209.461052 -4.101723 1
139.845418 203.266993 -2.238102 1
148.860012 190.836893 1.501771 1
148.860012 190.836893 1.501771 1
119.441744 189.488288 20.797593 1
117.539063 171.067942 20.118491 1
115.182879 148.257121 19.277526 1
110.914712 125.803927 16.506802 1
107.362171 107.115362 14.200632 1
119.487558 99.163256 21.008051 1
126.695902 98.278697 23.878721 1
123.454875 189.757430 7.261572 1
128.667130 171.976835 6.983914 1
135.121658 149.958466 6.640078 1
137.508566 126.949077 4.458528 1
139.455197 108.183881 2.679376 1
154.688750 103.667006 4.713742 1
162.155141 103.862082 6.993930 1
122.479900 191.004700 14.325710 1
122.340509 198.981227 14.457884 1
121.618251 209.198807 14.435599 1
121.617380 219.012551 14.576154 1
125.228414 243.945638 15.885491 1
128.409919 250.802779 14.981227 1
136.368451 268.497376 15.284236 1
120.935565 229.574496 18.787310 1
117.945865 236.973300 30.170606 1
119.381346 230.218815 31.422442 1
123.562388 210.545417 35.068594 1
126.661308 203.532226 36.865772 1
132.880160 189.458291 40.472316 1
132.880160 189.458291 40.472316 1
123.274589 229.652024 10.860155 1
125.347871 234.939477 -1.828596 1
127.930971 228.436521 -2.366917 1
135.454627 209.495711 -3.934859 1
139.868275 203.270018 -1.990995 1
148.725492 190.776435 1.909908 1
148.725492 190.776435 1.909908 1
119.473385 189.490266 20.757939 1
117.642316 171.060830 20.130539 1
115.374814 148.238754 19.353599 1
111.028489 125.802155 16.569968 1
107.410893 107.127405 14.253055 1
119.460756 99.161010 21.176877 1
126.640512 98.276803 24.118426 1
123.602421 189.786131 7.257383 1
128.771372 171.992427 7.011872 1
135.172274 149.957823 6.707844 1
137.543270 126.949390 4.499030 1
139.476924 108.184973 2.697642 1
154.680742 103.639684 4.885382 1
162.122494 103.817968 7.246071 1
122.548500 190.974700 14.281800 1
122.404594 198.950873 14.429579 1
121.671984 209.167736 14.420067 1
121.647731 218.981245 14.574212 1
125.160083 243.925466 15.938771 1
128.347228 250.781762 15.048064 1
136.419486 268.417609 15.634896 1
120.891273 229.536786 18.788679 1
117.775638 236.911615 30.153746 1
119.222905 230.142196 31.307503 1
123.438279 210.425301 34.667984 1
126.663336 203.414031 36.236128 1
133.135321 189.343948 39.383053 1
133.135321 189.343948 39.383053 1
123.301339 229.629904 10.883001 1
125.480706 234.921514 -1.786225 1
128.016956 228.397370 -2.289829 1
135.404156 209.394848 -3.756652 1
139.658029 203.075496 -1.759527 1
148.194613 190.393962 2.248260 1
148.194613 190.393962 2.248260 1
119.490079 189.445496 20.686003 1
117.705915 171.009756 20.110840 1
115.496496 148.179874 19.398588 1
111.071899 125.761201 16.593922 1
107.389156 107.101370 14.259501 1
119.360961 99.127522 21.309010 1
126.509091 98.243486 24.326649 1
123.729376 189.771466 7.220357 1
128.832712 171.958659 6.987723 1
135.152360 149.900400 6.699641 1
137.493395 126.889483 4.484756 1
139.402614 108.123040 2.678418 1
154.579559 103.552628 4.996523 1
162.000307 103.717329 7.423390 1
122.599700 190.985700 14.249990 1
122.458347 198.961591 14.414522 1
121.721181 209.178129 14.419482 1
121.674727 218.991443 14.580807 1
125.081652 243.949559 15.958509 1
128.294043 250.801528 15.127172 1
136.531344 268.352150 15.934229 1
120.851794 229.545209 18.787256 1
117.601631 236.816408 30.181383 1
119.061893 230.042144 31.289427 1
123.315112 210.311139 34.516760 1
126.642788 203.303959 35.874699 1
133.320706 189.242087 38.599787 1
133.320706 189.242087 38.599787 1
123.309080 229.645365 10.896213 1
125.596054 234.937274 -1.753905 1
128.070451 228.386516 -2.218199 1
135.277493 209.306476 -3.570526 1
139.261304 202.839548 -1.490567 1
147.255934 189.861859 2.683448 1
147.255934 189.861859 2.683448 1
119.510136 189.443788 20.636172 1
117.756902 171.003895 20.100383 1
115.585786 148.168870 19.436888 1
111.065658 125.773020 16.602378 1
107.303400 107.132185 14.243117 1
119.227088 99.158273 21.373641 1
126.354667 98.274287 24.439518 1
123.813761 189.797402 7.191646 1
128.930256 171.988221 6.970766 1
135.266201 149.934451 6.697240 1
137.485295 126.912990 4.466453 1
139.295067 108.137949 2.647146 1
154.448609 103.519973 5.023365 1
161.860221 103.660975 7.479465 1
122.737000 191.028100 14.203380 1
122.614707 199.003893 14.386826 1
121.889395 209.221255 14.410129 1
121.829363 219.034317 14.581957 1
125.136351 244.005044 15.974569 1
128.381574 250.846075 15.181548 1
136.749617 268.327684 16.129188 1
120.953634 229.583956 18.788095 1
117.606233 236.774260 30.205384 1
119.061100 229.994657 31.287568 1
123.298606 210.248101 34.439585 1
126.740104 203.261083 35.603908 1
133.646439 189.239669 37.940453 1
133.646439 189.239669 37.940453 1
123.433509 229.695214 10.904271 1
125.814539 234.961830 -1.739047 1
128.215113 228.380348 -2.153731 1
135.207138 209.210818 -3.361561 1
138.901097 202.585977 -1.243945 1
146.314057 189.291393 3.005641 1
146.314057 189.291393 3.005641 1
119.632761 189.478390 20.580552 1
117.957243 171.030565 20.069740 1
115.882367 148.185717 19.437177 1
111.340313 125.771646 16.787785 1
107.559806 107.115645 14.582604 1
119.529580 99.172898 21.670568 1
126.669732 98.288527 24.706937 1
123.960275 189.853784 7.144287 1
129.038200 172.033743 6.909556 1
135.326381 149.966527 6.618877 1
137.559433 126.944876 4.404031 1
139.380586 108.169680 2.597724 1
154.529388 103.555813 5.011847 1
161.935083 103.699304 7.485589 1
122.891100 191.082400 14.136000 1
122.759662 199.057442 14.344098 1
122.016871 209.273441 14.396483 1
121.927845 219.085769 14.595477 1
125.128823 244.066257 16.058935 1
128.393512 250.896097 15.249524 1
136.815401 268.348625 16.254446 1
121.000133 229.620817 18.826967 1
117.613930 236.865705 30.198215 1
119.056539 230.077457 31.241930 1
123.258341 210.305720 34.281899 1
126.789667 203.343961 35.321913 1
133.876267 189.373237 37.408996 1
133.876267 189.373237 37.408996 1
123.495255 229.762650 10.948446 1
125.932047 234.976731 -1.706017 1
128.240307 228.359715 -2.077055 1
134.963451 209.086689 -3.157760 1
138.378318 202.309277 -1.054544 1
145.231203 188.708516 3.166143 1
145.231203 188.708516 3.166143 1
119.773976 189.509373 20.501166 1
117.663549 171.104614 20.052310 1
115.050104 148.313096 19.496469 1
111.171209 125.776826 16.829855 1
107.942671 107.019116 14.610339 1
119.765680 99.156719 22.026613 1
126.824058 98.270713 25.248058 1
124.131808 189.931504 7.076092 1
129.044669 172.065880 6.797689 1
135.128447 149.942215 6.452930 1
137.464264 126.921530 4.336221 1
139.369227 108.147120 2.609950 1
154.502336 103.515099 5.086913 1
161.899179 103.651868 7.587374 1
