77 35
96.480600 196.768800 23.614700 1
96.353501 205.082293 23.545369 1
96.090921 215.507119 22.775663 1
95.824757 225.520686 22.570698 1
95.371309 251.117897 25.359904 1
96.720148 258.261294 28.108106 1
96.973822 277.587318 32.446386 1
91.309107 236.218350 23.190885 1
79.013940 242.926983 25.475388 1
80.471332 236.790319 28.872672 1
84.716208 218.916352 38.767781 1
91.362462 219.347358 43.270051 1
104.700091 220.212297 52.305161 1
104.700091 220.212297 52.305161 1
99.673307 236.484014 22.112610 1
112.599135 242.145745 20.608080 1
114.552766 235.343735 21.721713 1
120.243019 215.531851 24.965337 1
120.943219 208.476478 28.754840 1
122.348374 194.317833 36.359574 1
122.348374 194.317833 36.359574 1
89.077872 195.240780 23.294778 1
87.224649 176.477040 24.822173 1
84.929711 153.240981 26.713622 1
83.696278 129.838708 24.933078 1
82.669653 110.360263 23.451077 1
80.864686 103.274643 38.077889 1
81.100485 102.254007 45.980635 1
103.722002 195.452725 21.863237 1
105.113217 176.634231 23.196620 1
106.836013 153.330591 24.847796 1
106.849619 129.694949 22.855086 1
106.860716 110.418938 21.229934 1
110.028989 103.381834 35.646894 1
110.677656 102.436763 43.535990 1
96.548900 196.661900 23.427500 1
96.418194 204.975506 23.382689 1
96.147134 215.402876 22.651342 1
95.877266 225.417244 22.496521 1
95.429898 250.996475 25.446999 1
96.857851 258.104921 28.245399 1
97.247972 277.373298 32.823355 1
91.362793 236.110576 23.195046 1
79.101452 242.863776 25.529491 1
80.636334 236.781791 28.990383 1
85.106915 219.067087 39.070761 1
91.522853 219.726967 43.869634 1
104.398288 221.051207 53.499964 1
104.398288 221.051207 53.499964 1
99.724232 236.383431 22.097333 1
112.668205 242.006436 20.603608 1
114.572706 235.174429 21.613926 1
120.119860 215.275173 24.556631 1
120.731655 208.085649 28.101396 1
121.959400 193.657792 35.214992 1
121.959400 193.657792 35.214992 1
89.145057 195.131819 23.145483 1
87.255967 176.409118 25.078649 1
84.916616 153.223881 27.472582 1
83.711562 129.845864 25.381104 1
82.708558 110.387609 23.640301 1
80.881764 103.039055 38.134062 1
81.103123 101.877003 46.017673 1
103.780688 195.353757 21.630955 1
105.209113 176.549695 23.119569 1
106.977985 153.263927 24.962973 1
106.960849 129.632851 22.916840 1
106.946875 110.360566 21.248119 1
110.191805 103.365214 35.668349 1
110.883673 102.443456 43.556533 1
96.420800 196.575100 23.260960 1
96.317555 204.888992 23.200435 1
96.073549 215.317322 22.473246 1
95.821432 225.332793 22.367714 1
95.403125 250.883560 25.559242 1
96.883412 257.971674 28.381917 1
97.464220 277.202269 33.096477 1
91.317972 236.023009 23.176348 1
79.084412 242.799282 25.588394 1
80.692904 236.771868 29.110782 1
85.377882 219.216110 39.370274 1
91.538866 220.203854 44.439351 1
103.902659 222.186049 54.611922 1
103.902659 222.186049 54.611922 1
99.677278 236.298900 22.063252 1
112.609745 241.939217 20.535521 1
114.473637 235.081485 21.441948 1
119.902512 215.107303 24.082056 1
120.440954 207.837227 27.471005 1
121.521495 193.247717 34.271911 1
121.521495 193.247717 34.271911 1
89.010834 195.069157 23.011727 1
87.153983 176.403858 25.462042 1
84.854552 153.289704 28.496388 1
83.685038 129.947953 26.015865 1
82.711614 110.519883 23.951248 1
80.893163 102.860943 38.284476 1
81.114227 101.531476 46.141596 1
103.640900 195.239382 21.437889 1
105.158848 176.454084 23.068089 1
107.038581 153.191553 25.086824 1
107.042261 129.563937 23.001052 1
107.045264 110.294474 21.300004 1
110.436513 103.369579 35.720572 1
111.202337 102.484084 43.606076 1
96.227800 196.512500 23.032420 1
96.168883 204.826868 22.978175 1
95.966174 215.257915 22.277769 1
95.740568 225.274473 22.232760 1
95.368868 250.794616 25.665930 1
96.861522 257.861502 28.534940 1
97.591704 277.083997 33.261748 1
91.253402 235.961070 23.169637 1
79.007060 242.661301 25.724997 1
80.644829 236.668558 29.292760 1
85.415083 219.213786 39.684412 1
91.333007 220.487673 44.974430 1
103.209030 223.044097 55.590383 1
103.209030 223.044097 55.590383 1
99.605866 236.239152 22.006840 1
112.489245 241.965715 20.387931 1
114.318755 235.089210 21.219044 1
119.647487 215.060344 23.639786 1
120.148872 207.763504 26.976495 1
121.155048 193.120283 33.672568 1
121.155048 193.120283 33.672568 1
88.808104 195.046641 22.840221 1
86.984735 176.471735 25.921379 1
84.726768 153.469520 29.736928 1
83.565727 130.181042 26.794673 1
82.599357 110.797312 24.345742 1
80.828544 102.808475 38.503787 1
81.071317 101.299345 46.327743 1
103.426109 195.139212 21.151996 1
105.043655 176.376883 22.942998 1
107.046723 153.142795 25.160861 1
107.097719 129.515187 23.075627 1
107.139310 110.245729 21.375018 1
110.733542 103.398435 35.783474 1
111.600478 102.551648 43.662759 1
95.934400 196.421700 22.813160 1
95.910889 204.736338 22.776035 1
95.737704 215.170095 22.108880 1
95.530530 225.187151 22.116122 1
95.194183 250.682522 25.732120 1
96.694520 257.715976 28.678239 1
97.554124 276.938161 33.384498 1
91.054557 235.868341 23.161872 1
78.809793 242.494575 25.910437 1
80.475757 236.526206 29.505895 1
85.328134 219.142427 39.978215 1
91.066633 220.467124 45.450299 1
102.582590 223.125512 56.431619 1
102.582590 223.125512 56.431619 1
99.398231 236.151877 21.938842 1
112.216119 241.993888 20.215911 1
114.029591 235.106151 20.987004 1
119.311610 215.044573 23.232928 1
119.804074 207.772429 26.624432 1
120.792347 193.178769 33.430466 1
120.792347 193.178769 33.430466 1
88.506857 194.988183 22.693964 1
86.716888 176.534793 26.450790 1
84.500282 153.683057 31.103052 1
83.242178 130.459818 27.718310 1
82.195019 111.130390 24.901084 1
80.465740 102.822709 38.879623 1
80.738191 101.135214 46.666074 1
103.107107 195.021263 20.856472 1
104.844886 176.288486 22.834425 1
106.996845 153.090993 25.283796 1
107.101602 129.465061 23.181636 1
107.187037 110.196971 21.467223 1
111.010107 103.431053 35.855204 1
111.990758 102.624407 43.725364 1
95.542700 196.293800 22.707880 1
95.529735 204.608426 22.663682 1
95.355915 215.042465 22.001103 1
95.147479 225.059442 22.034238 1
94.830993 250.538237 25.766983 1
96.349371 257.529507 28.802895 1
97.247158 276.777507 33.395137 1
90.674204 235.731053 23.184148 1
78.415771 242.234645 26.155674 1
80.108045 236.281819 29.764587 1
85.037050 218.943310 40.276098 1
90.681496 220.094029 45.883680 1
102.008705 222.403280 57.136919 1
102.008705 222.403280 57.136919 1
99.001324 236.029034 21.856227 1
111.755853 241.961678 19.979652 1
113.585616 235.073722 20.709183 1
118.915085 215.011506 22.834051 1
119.424623 207.831685 26.414475 1
120.447160 193.423297 33.599632 1
120.447160 193.423297 33.599632 1
88.112314 194.870158 22.694364 1
86.410785 176.526309 26.990099 1
84.303698 153.810223 32.309719 1
82.764762 130.647624 28.637690 1
81.483857 111.368668 25.581346 1
79.869183 102.827717 39.432429 1
80.247677 101.053515 47.195137 1
102.685325 194.882024 20.651823 1
104.601549 176.184724 22.793827 1
106.974482 153.031163 25.446347 1
107.133962 129.408447 23.311744 1
107.264026 110.142979 21.570870 1
111.399892 103.466672 35.914129 1
112.537937 102.703737 43.767443 1
95.118600 196.178600 22.720290 1
95.066891 204.493000 22.663606 1
94.831410 214.925311 21.992917 1
94.585108 224.941430 22.025513 1
94.274013 250.419063 25.766633 1
95.867612 257.340008 28.922747 1
96.726724 276.647047 33.267905 1
90.105194 235.597668 23.286746 1
77.893133 242.054566 26.537880 1
79.586367 236.068919 30.091634 1
84.518170 218.634815 40.442487 1
90.101810 219.467660 46.165967 1
101.306997 221.139004 57.651788 1
101.306997 221.139004 57.651788 1
98.395736 235.924163 21.752667 1
111.103479 241.873227 19.627170 1
113.001824 235.000240 20.321816 1
118.531047 214.981626 22.345079 1
119.088067 207.991111 26.275896 1
120.205890 193.962621 34.164219 1
120.205890 193.962621 34.164219 1
87.696967 194.721683 22.905566 1
86.151422 176.401013 27.356371 1
84.237497 153.713630 32.868020 1
82.152617 130.596369 29.179713 1
80.417306 111.355148 26.109821 1
79.129991 102.746907 39.953539 1
79.779271 101.036015 47.712532 1
102.210651 194.795399 20.478161 1
104.290360 176.127058 22.718022 1
106.865742 153.009358 25.491722 1
107.120653 129.385061 23.384049 1
107.328547 110.118304 21.665139 1
111.865731 103.536569 35.930560 1
113.204137 102.817757 43.756399 1
94.558100 196.096900 22.916320 1
94.440331 204.410477 22.840890 1
94.106079 214.838520 22.146194 1
93.805158 224.853199 22.142149 1
93.529777 250.351877 25.739945 1
95.186203 257.193269 29.034137 1
96.028005 276.569563 33.062885 1
89.331855 235.499292 23.508172 1
77.128575 241.779285 27.118918 1
78.782251 235.708555 30.544670 1
83.598836 218.026632 40.522693 1
89.125260 218.355600 46.351871 1
100.215625 219.015768 58.049805 1
100.215625 219.015768 58.049805 1
97.557062 235.848936 21.659710 1
110.181553 241.823262 19.144661 1
112.195617 234.982960 19.836041 1
118.061887 215.059544 21.849789 1
118.733441 208.370112 26.257670 1
120.081109 194.945833 35.103360 1
120.081109 194.945833 35.103360 1
87.160442 194.584238 23.389701 1
85.817449 176.170731 27.510921 1
84.154355 153.368383 32.614429 1
81.659014 130.230169 29.335035 1
79.582064 110.971509 26.605493 1
78.895362 102.465139 40.554602 1
79.947003 100.950148 48.310216 1
101.569430 194.761295 20.407339 1
103.842913 176.119734 22.681669 1
106.658253 153.035196 25.498054 1
107.045928 129.408257 23.440834 1
107.362097 110.139346 21.763070 1
112.442308 103.656231 35.889931 1
114.053226 102.981151 43.668169 1
93.894400 196.086000 23.203970 1
93.697917 204.397986 23.117850 1
93.239396 214.820629 22.413113 1
92.853465 224.832358 22.386568 1
92.539444 250.346276 25.871383 1
94.363727 257.154465 29.145623 1
95.254313 276.595257 32.839221 1
88.362603 235.449496 23.911133 1
76.273017 241.697272 27.936433 1
77.931915 235.535578 31.193082 1
82.763709 217.588708 40.678568 1
88.210976 217.153540 46.574907 1
99.142489 216.280250 58.407619 1
99.142489 216.280250 58.407619 1
96.488429 235.854911 21.675135 1
108.991603 241.812143 18.580323 1
111.159297 235.016877 19.250887 1
117.473041 215.224636 21.204003 1
118.297667 209.000447 26.224795 1
119.952520 196.509811 36.300467 1
119.952520 196.509811 36.300467 1
86.540146 194.508159 24.018182 1
85.271016 175.973444 27.581741 1
83.699390 153.020998 31.994670 1
81.349388 129.853385 28.817044 1
79.393408 110.570255 26.172208 1
79.358600 102.453830 40.368332 1
80.700239 101.106140 48.110065 1
100.795503 194.807435 20.379500 1
103.294769 176.207534 22.755728 1
106.389704 153.174585 25.698296 1
106.927212 129.555765 23.582383 1
107.365576 110.293474 21.856753 1
113.060828 103.923175 35.799167 1
114.978624 103.296767 43.511588 1
93.053000 195.938300 23.499800 1
92.790039 204.248667 23.438340 1
92.223614 214.667356 22.753889 1
91.768378 224.676082 22.703430 1
91.458132 250.216591 25.988036 1
93.424567 256.953888 29.326010 1
94.341193 276.474278 32.565512 1
87.288111 235.278041 24.359154 1
75.270605 241.314628 28.890709 1
76.884038 235.078130 32.025531 1
81.583410 216.913384 41.156179 1
86.915840 215.501749 47.004373 1
97.616901 212.668895 58.740468 1
97.616901 212.668895 58.740468 1
95.291356 235.714314 21.722712 1
107.587959 241.736017 17.990625 1
109.933008 234.995046 18.610489 1
116.763326 215.360944 20.415938 1
117.791693 209.796386 26.126196 1
119.855410 198.629490 37.585481 1
119.855410 198.629490 37.585481 1
85.756025 194.303188 24.647906 1
84.499362 175.655108 27.565989 1
82.943174 152.562276 31.179594 1
80.922864 129.355161 28.064104 1
79.241296 110.039153 25.470986 1
79.880878 102.156709 39.784111 1
81.508640 100.901636 47.486440 1
99.826537 194.716696 20.359026 1
102.539688 176.140269 22.683740 1
105.899485 153.136390 25.562517 1
106.660982 129.511256 23.590762 1
107.282021 110.243815 21.982699 1
113.595608 103.980711 35.705661 1
115.822361 103.399003 43.338154 1
92.025700 196.023300 23.648800 1
91.732460 204.332755 23.603092 1
91.103255 214.749105 22.938143 1
90.615339 224.756256 22.881221 1
90.386987 250.312116 26.051139 1
92.418731 256.994301 29.460027 1
93.294708 276.591788 32.208007 1
86.189076 235.353145 24.706021 1
74.227120 241.050664 29.789890 1
75.764397 234.763196 32.860510 1
80.241951 216.449992 41.804162 1
85.298757 213.811077 47.469296 1
95.446698 208.515331 58.838027 1
95.446698 208.515331 58.838027 1
94.049454 235.799774 21.671540 1
106.060101 241.976107 17.313432 1
108.613106 235.307422 17.892213 1
116.049129 215.883866 19.578001 1
117.241639 211.108237 25.934114 1
119.634757 201.524557 38.689496 1
119.634757 201.524557 38.689496 1
84.789693 194.363091 25.105332 1
83.605589 175.610969 27.296475 1
82.139256 152.389296 30.009876 1
80.533374 129.123261 27.099400 1
79.196748 109.758212 24.676922 1
80.633341 101.975661 38.986905 1
82.616890 100.768207 46.613063 1
98.663583 194.825838 20.222116 1
101.560131 176.260649 22.411382 1
105.147034 153.270686 25.122430 1
106.255206 129.636553 23.444818 1
107.158975 110.361774 22.076643 1
114.068540 104.229764 35.569748 1
116.586267 103.702407 43.115258 1
90.912900 196.141400 23.763100 1
90.633703 204.451326 23.715065 1
89.993243 214.867696 23.061275 1
89.508944 224.875083 23.016281 1
89.409061 250.431773 26.186167 1
91.429270 257.062121 29.701466 1
92.196883 276.719423 32.021271 1
85.162650 235.470580 25.031455 1
73.259540 240.767778 30.657421 1
74.717833 234.480632 33.766981 1
78.965335 216.168368 42.824052 1
83.467105 212.191679 48.167170 1
92.501205 204.211302 58.889683 1
92.501205 204.211302 58.889683 1
92.881469 235.919739 21.653410 1
104.522404 242.409868 16.778711 1
107.318611 235.837759 17.337997 1
115.462992 216.695496 18.967001 1
116.839022 212.904516 25.921417 1
119.600427 205.296818 39.877465 1
119.600427 205.296818 39.877465 1
83.736035 194.497547 25.503193 1
82.660786 175.682852 27.145262 1
81.329253 152.383692 29.178715 1
80.098525 129.046855 26.681631 1
79.074151 109.622874 24.603231 1
81.312967 101.837016 38.808006 1
83.674058 100.632843 46.326378 1
97.409969 194.925629 20.082397 1
100.477119 176.379889 22.203059 1
104.275288 153.414010 24.829152 1
105.805953 129.785926 23.420113 1
107.054286 110.516080 22.270973 1
114.526381 104.537453 35.531114 1
117.311467 104.073219 42.986284 1
89.703700 196.103200 23.737300 1
89.450817 204.414036 23.702835 1
88.818206 214.833157 23.086309 1
88.353423 224.841571 23.087197 1
88.403304 250.384385 26.368153 1
90.375211 256.942549 30.042683 1
90.934944 276.648844 31.973711 1
84.099225 235.432338 25.312779 1
72.274407 240.380373 31.402645 1
73.605538 234.095661 34.573555 1
77.482661 215.790484 43.809315 1
81.197141 210.655625 48.755501 1
88.651318 200.351045 58.681454 1
88.651318 200.351045 58.681454 1
91.683508 235.888839 21.643534 1
102.932876 242.793308 16.430489 1
106.013251 236.348872 16.982508 1
114.985314 217.578477 18.590347 1
116.517764 214.821640 25.984963 1
119.593070 209.289253 40.824400 1
119.593070 209.289253 40.824400 1
82.591234 194.482471 25.743202 1
81.722975 175.641960 27.201490 1
80.647767 152.310833 29.007359 1
79.647524 128.971004 26.436370 1
78.814991 109.544533 24.296456 1
81.785627 101.688003 38.327058 1
84.491908 100.579021 45.743047 1
96.054876 194.867566 19.816413 1
99.380669 176.376488 22.022820 1
103.499124 153.478299 24.755094 1
105.351556 129.866745 23.459836 1
106.862304 110.610381 22.403489 1
114.893807 104.716837 35.371475 1
117.958221 104.282439 42.718068 1
88.401400 195.972100 23.733600 1
88.201561 204.284422 23.711439 1
87.599548 214.707458 23.131528 1
87.172559 224.717457 23.175976 1
87.410196 250.246626 26.553484 1
89.333682 256.659818 30.499530 1
89.529778 276.405948 32.059051 1
83.034834 235.307524 25.614311 1
71.309547 239.950555 32.122440 1
72.374111 233.597000 35.256641 1
75.474815 215.091305 44.385482 1
78.326525 209.188088 49.038295 1
84.049303 197.341574 58.375511 1
84.049303 197.341574 58.375511 1
90.464998 235.763868 21.642220 1
101.312748 243.136882 16.223659 1
104.730684 236.867673 16.805824 1
114.685948 218.607652 18.501467 1
116.266242 216.545498 26.109298 1
119.437561 212.407191 41.376611 1
119.437561 212.407191 41.376611 1
81.373284 194.396933 26.049203 1
80.802410 175.535520 27.378302 1
80.095468 152.178507 29.024190 1
79.339272 128.844156 26.323394 1
78.709867 109.422244 24.075438 1
82.583463 101.546789 37.873263 1
85.705600 100.549982 45.140266 1
94.566346 194.696751 19.537828 1
98.270659 176.296567 21.895875 1
102.857849 153.510935 24.815929 1
105.066041 129.924305 23.628722 1
106.866930 110.688267 22.660496 1
115.589244 104.886912 35.217288 1
119.008724 104.484876 42.407371 1
87.203100 195.819200 23.731200 1
87.037134 204.132219 23.695166 1
86.453400 214.556865 23.125600 1
86.068013 224.568411 23.194752 1
86.544838 250.086239 26.632144 1
88.365995 256.362177 30.838816 1
88.162474 276.113256 32.333371 1
82.076611 235.166426 25.834177 1
70.415335 239.358942 32.750338 1
71.017199 232.866586 35.718715 1
72.770220 213.956615 44.364567 1
74.778453 207.619619 48.885449 1
78.808553 194.902603 57.957908 1
78.808553 194.902603 57.957908 1
89.335911 235.607052 21.556151 1
99.793421 243.456001 16.039784 1
103.580182 237.409482 16.691117 1
114.609705 219.798081 18.588224 1
116.176220 218.572422 26.377491 1
119.319885 216.112783 42.008909 1
119.319885 216.112783 42.008909 1
80.275068 194.279989 26.352417 1
80.028270 175.406708 27.610858 1
79.722648 152.035000 29.169247 1
79.070931 128.732617 26.180546 1
78.528487 109.337315 23.692957 1
83.236203 101.534754 37.271064 1
86.753000 100.578701 44.361113 1
93.175679 194.506874 19.276576 1
97.302671 176.221982 21.822113 1
102.413280 153.579121 24.974344 1
104.910955 130.020646 23.801919 1
106.947930 110.807570 22.845749 1
116.335278 105.080265 34.948773 1
120.106139 104.703372 41.962355 1
86.178300 195.710500 23.804900 1
86.036405 204.023791 23.740239 1
85.462483 214.448161 23.155837 1
85.104032 224.460743 23.219688 1
85.745325 249.978026 26.634298 1
87.451582 256.119481 31.080792 1
86.965030 275.866164 32.568076 1
81.220928 235.068144 25.980180 1
69.610894 238.930178 33.169593 1
69.666443 232.316432 35.922675 1
69.828240 213.052893 43.941448 1
70.960895 206.504268 48.464887 1
73.233892 193.362556 57.542474 1
73.233892 193.362556 57.542474 1
88.343741 235.491739 21.476938 1
98.443068 243.767830 15.917644 1
102.641161 238.006716 16.631621 1
114.868749 221.226599 18.711188 1
116.372487 220.700360 26.590956 1
119.390174 219.644310 42.403989 1
119.390174 219.644310 42.403989 1
79.340935 194.203884 26.671628 1
79.376636 175.322782 27.832691 1
79.420846 151.941390 29.270492 1
78.782431 128.667182 26.067095 1
78.251060 109.295329 23.400809 1
83.668212 101.569940 36.756719 1
87.515933 100.568578 43.666351 1
91.988408 194.361259 19.150895 1
96.533621 176.192333 21.811774 1
102.162127 153.693077 25.106838 1
104.945341 130.171077 23.848304 1
107.215186 110.987748 22.821907 1
117.177563 105.317754 34.484229 1
121.250141 104.954730 41.327772 1
85.251400 195.601900 23.860700 1
85.145481 203.915510 23.772415 1
84.602803 214.340365 23.167189 1
84.278094 224.354224 23.206680 1
85.039377 249.880100 26.531232 1
86.596230 255.898438 31.195555 1
85.901707 275.642417 32.635395 1
80.466879 234.980155 25.995945 1
68.849374 238.686452 33.254923 1
68.309210 232.022331 35.828227 1
66.735902 212.612067 43.323369 1
66.895888 205.956125 47.829115 1
67.216942 192.599052 56.871195 1
67.216942 192.599052 56.871195 1
87.517763 235.371317 21.378032 1
97.296337 244.052759 15.863696 1
101.711378 238.475850 16.717911 1
114.570860 222.232258 19.205940 1
116.261382 222.481926 27.061429 1
119.653903 222.982959 42.825738 1
119.653903 222.982959 42.825738 1
78.469218 194.135350 26.875467 1
78.667552 175.247607 27.904621 1
78.913157 151.857990 29.179074 1
78.465561 128.607744 25.775574 1
78.093014 109.255836 22.942736 1
83.895936 101.668662 36.215581 1
87.923872 100.665931 43.021531 1
90.956117 194.211760 19.089821 1
95.949180 176.160853 21.751243 1
102.132277 153.807744 25.046979 1
104.876424 130.284923 23.719854 1
107.114410 111.100925 22.637518 1
117.587892 105.371989 33.813071 1
121.971151 104.979446 40.460229 1
84.542400 195.497900 23.948900 1
84.466150 203.811680 23.847025 1
83.948849 214.236365 23.217159 1
83.641822 224.250858 23.210772 1
84.436764 249.798314 26.356890 1
85.810809 255.697720 31.226091 1
84.867245 275.438865 32.559163 1
79.852325 234.898030 25.948143 1
68.167298 238.602385 33.098927 1
66.984912 231.940471 35.453718 1
63.541037 212.536633 42.312408 1
62.916867 205.993521 46.941338 1
61.664285 192.862874 56.230625 1
61.664285 192.862874 56.230625 1
86.878223 235.253123 21.289413 1
96.415897 244.279504 15.908608 1
101.168115 238.989360 16.777506 1
115.009676 223.581015 19.308303 1
116.677605 224.318319 27.137945 1
120.024788 225.797933 42.850385 1
120.024788 225.797933 42.850385 1
77.785203 194.061597 27.033522 1
78.069804 175.167058 27.905734 1
78.422239 151.769026 28.985836 1
78.161580 128.512049 25.608980 1
77.944626 109.154538 22.798318 1
84.028908 101.618376 35.973874 1
88.175325 100.616165 42.708374 1
90.194229 194.078485 19.124000 1
95.684117 176.178902 21.828660 1
102.482450 154.013184 25.177938 1
105.208462 130.513611 23.459330 1
107.431658 111.348573 22.057721 1
118.293527 105.569585 32.829472 1
122.895971 105.138714 39.324364 1
84.026700 195.404600 23.994500 1
83.987285 203.718671 23.895552 1
83.507709 214.144125 23.248780 1
83.217604 224.158940 23.187991 1
83.992000 249.734091 26.105955 1
85.122587 255.537898 31.149534 1
83.900045 275.269708 32.391024 1
79.410126 234.830497 25.802708 1
67.589873 238.654325 32.662430 1
65.762733 232.095418 34.890991 1
60.440910 212.991606 41.382015 1
59.053060 206.668618 46.148838 1
56.267937 193.979715 55.714845 1
56.267937 193.979715 55.714845 1
86.466938 235.143344 21.187881 1
95.836923 244.461952 16.014607 1
100.866631 239.437936 16.900885 1
115.516424 224.804731 19.482302 1
117.181163 225.967279 27.260864 1
120.521943 228.300268 42.870798 1
120.521943 228.300268 42.870798 1
77.261454 193.997108 27.074759 1
77.669653 175.106136 27.974694 1
78.175145 151.712521 29.089128 1
78.001510 128.469915 25.609294 1
77.856987 109.124367 22.712919 1
84.028767 101.631889 35.872685 1
88.207061 100.640049 42.588994 1
89.674951 193.961909 19.172314 1
95.509768 176.133680 21.613273 1
102.735240 154.056323 24.636002 1
105.114641 130.523567 22.857653 1
107.055157 111.331465 21.407322 1
118.233263 105.394554 31.761576 1
123.071430 104.895851 38.077840 1
83.737600 195.392800 24.047300 1
83.706634 203.706564 23.922802 1
83.234166 214.129374 23.229847 1
82.941671 224.143442 23.098470 1
83.660608 249.745712 25.783514 1
84.468040 255.460181 30.988607 1
82.997033 275.174754 32.234386 1
79.093671 234.836074 25.563482 1
67.116596 238.797199 32.063867 1
64.638894 232.442975 34.256814 1
57.422210 213.935334 40.644107 1
55.258647 207.961450 45.569613 1
50.916831 195.973125 55.454064 1
50.916831 195.973125 55.454064 1
86.208200 235.111144 21.035689 1
95.479817 244.708587 16.206400 1
100.744353 239.934023 17.107718 1
116.078119 226.027382 19.732944 1
117.745366 227.550441 27.448478 1
121.091181 230.606901 42.931930 1
121.091181 230.606901 42.931930 1
76.966349 194.001488 27.121707 1
77.342997 175.103893 27.886156 1
77.809419 151.702076 28.832811 1
77.809676 128.459034 25.351560 1
77.809890 109.113123 22.454006 1
83.974568 101.642979 35.629787 1
88.142377 100.656140 42.353344 1
89.391620 193.929710 19.238038 1
95.485215 176.147123 21.358606 1
103.031139 154.126285 23.984582 1
104.963802 130.555347 22.170645 1
106.539982 111.332106 20.691290 1
117.981247 105.304172 30.699737 1
123.023070 104.776528 36.852247 1
83.701300 195.437500 24.069000 1
83.666511 203.751008 23.929341 1
83.190949 214.171533 23.204843 1
82.881736 224.184424 23.029420 1
83.495499 249.802909 25.582655 1
84.025689 255.470053 30.874392 1
82.274720 275.164244 32.079853 1
78.970176 234.880381 25.377177 1
66.856289 239.117676 31.434809 1
63.755154 233.021312 33.565886 1
54.722625 215.264727 39.772975 1
51.808216 209.840804 44.941744 1
45.959609 198.956134 55.314374 1
45.959609 198.956134 55.314374 1
86.150963 235.149093 20.954826 1
95.423608 244.912832 16.473388 1
100.888203 240.377583 17.418852 1
116.804670 227.167987 20.172659 1
118.455878 229.035839 27.815534 1
121.769502 232.784227 43.153173 1
121.769502 232.784227 43.153173 1
76.903714 194.047552 27.085364 1
77.228247 175.146922 27.796829 1
77.630132 151.741346 28.677871 1
77.713305 128.488267 25.265320 1
77.782533 109.134001 22.424947 1
83.829353 101.660095 35.653107 1
87.932785 100.672679 42.416061 1
89.398873 193.969272 19.312999 1
95.615795 176.197736 21.149154 1
103.314442 154.190582 23.422931 1
104.799229 130.586105 21.623271 1
106.010144 111.335513 20.155559 1
117.554101 105.209953 29.985213 1
122.704060 104.650015 36.044599 1
83.772600 195.467400 23.937000 1
83.742075 203.781594 23.845487 1
83.279104 214.204387 23.145884 1
82.972217 224.216783 22.940658 1
83.530959 249.855010 25.301086 1
83.732777 255.442593 30.699076 1
81.782544 275.119703 31.877271 1
79.012387 234.930089 25.122530 1
66.744355 239.306079 30.756529 1
63.021512 233.542654 32.817489 1
52.178166 216.755805 38.820352 1
48.695295 212.063642 44.341413 1
41.705904 202.647459 55.421016 1
41.705904 202.647459 55.421016 1
86.281930 235.165418 20.845677 1
95.529158 245.103449 16.708029 1
101.156083 240.772493 17.659198 1
117.545359 228.157930 20.429622 1
119.176531 230.362910 27.986489 1
122.449949 234.787843 43.151527 1
122.449949 234.787843 43.151527 1
76.929846 194.062195 26.842115 1
77.132784 175.156806 27.466925 1
77.384092 151.745336 28.240658 1
77.485360 128.482098 24.898565 1
77.569648 109.119376 22.116837 1
83.392624 101.636172 35.439829 1
87.381635 100.647322 42.270690 1
89.541019 194.025033 19.259127 1
95.734789 176.224383 20.878759 1
103.404765 154.181178 22.884407 1
104.501926 130.550304 21.154465 1
105.396714 111.278183 19.743611 1
116.862864 105.048431 29.598819 1
122.010274 104.451546 35.656844 1
84.088900 195.541000 23.839300 1
84.044345 203.855348 23.770308 1
83.570045 214.278217 23.079493 1
83.234996 224.289390 22.859186 1
83.646241 249.937739 25.138577 1
83.597225 255.468266 30.598518 1
81.453448 275.127533 31.737670 1
79.192380 234.993765 24.930268 1
66.836457 239.713407 30.073418 1
62.558151 234.323939 32.066887 1
50.096935 218.626297 37.873171 1
46.172973 214.815337 43.764521 1
38.298406 207.167546 55.587218 1
38.298406 207.167546 55.587218 1
86.537997 235.244261 20.786326 1
95.824317 245.262552 16.940036 1
101.555098 241.069989 17.891219 1
118.246871 228.858517 20.661683 1
119.871523 231.409468 28.110310 1
123.131857 236.528691 43.058135 1
123.131857 236.528691 43.058135 1
77.198674 194.115114 26.619446 1
77.427654 175.219671 27.488413 1
77.711212 151.820518 28.564498 1
77.772908 128.543908 25.315843 1
77.824261 109.170058 22.611886 1
83.363654 101.661589 36.041165 1
87.209984 100.668148 42.952714 1
89.941556 194.122332 19.259849 1
96.029038 176.275908 20.775372 1
103.567394 154.176018 22.652098 1
104.345774 130.531668 20.933519 1
104.980581 111.248556 19.531933 1
116.273145 104.908951 29.516668 1
121.352571 104.266886 35.627228 1
84.523600 195.583000 23.730100 1
84.470254 203.897404 23.675552 1
83.991605 214.319809 22.980751 1
83.637861 224.329672 22.731978 1
83.928585 249.989786 24.894510 1
83.624590 255.423294 30.442904 1
81.345920 275.066682 31.594072 1
79.523023 235.031763 24.668241 1
67.099955 240.059631 29.335548 1
62.317679 235.098817 31.296247 1
48.388574 220.649693 37.007086 1
44.210287 217.854877 43.280826 1
35.825344 212.246270 55.870900 1
35.825344 212.246270 55.870900 1
86.950792 235.284265 20.673546 1
96.195751 245.443086 17.106347 1
101.985620 241.334301 18.065247 1
118.849497 229.366847 20.858188 1
120.457704 232.255394 28.186139 1
123.685035 238.052102 42.891791 1
123.685035 238.052102 42.891791 1
77.585551 194.143858 26.381499 1
77.690536 175.249537 27.297436 1
77.820545 151.851774 28.431685 1
77.865535 128.565558 25.252340 1
77.902981 109.183712 22.606073 1
83.093160 101.654700 36.162752 1
86.771218 100.655647 43.164500 1
90.460505 194.179714 19.255559 1
96.395772 176.281197 20.760486 1
103.745633 154.116798 22.624090 1
104.373094 130.466072 20.931718 1
104.884819 111.177760 19.551505 1
115.945836 104.782265 29.757340 1
120.905256 104.117930 35.963351 1
85.026400 195.586200 23.656600 1
84.959846 203.900451 23.593946 1
84.470525 214.320728 22.875062 1
84.092526 224.328762 22.590905 1
84.258704 249.998872 24.645260 1
83.712332 255.349540 30.255244 1
81.399526 274.986767 31.442869 1
79.910330 235.024159 24.416686 1
67.473381 240.462318 28.557284 1
62.197562 235.992690 30.431408 1
46.830936 222.974221 35.890080 1
42.689296 221.283400 42.569664 1
34.377894 217.890282 55.974179 1
34.377894 217.890282 55.974179 1
87.397850 235.286273 20.535779 1
96.586586 245.576458 17.207858 1
102.412029 241.526047 18.199102 1
119.379521 229.728613 21.086247 1
120.972253 232.982081 28.263088 1
124.168531 239.511106 42.665495 1
124.168531 239.511106 42.665495 1
78.049732 194.137466 26.199206 1
78.052739 175.248988 27.233961 1
78.056463 151.858461 28.515348 1
77.979718 128.571662 25.340885 1
77.915841 109.189330 22.698681 1
82.808261 101.631365 36.349649 1
86.340528 100.626240 43.425206 1
91.035697 194.189257 19.277734 1
96.798814 176.237971 20.822696 1
103.935495 154.008226 22.735878 1
104.541106 130.355304 21.066383 1
105.035012 111.065202 19.704827 1
115.862440 104.617727 30.126169 1
120.692086 103.928313 36.431008 1
85.666000 195.611800 23.651900 1
85.576140 203.925722 23.576054 1
85.060711 214.342826 22.829945 1
84.644549 224.348237 22.509120 1
84.660334 250.027551 24.452077 1
84.018912 255.321587 30.105559 1
81.555258 274.932273 31.421462 1
80.389336 235.030319 24.241759 1
67.994960 240.908047 27.878736 1
62.331080 236.922015 29.710728 1
45.834169 225.312092 35.046687 1
41.872160 224.883952 42.028670 1
33.921240 224.024766 56.040035 1
33.921240 224.024766 56.040035 1
87.917683 235.313179 20.442145 1
97.079905 245.672761 17.259599 1
102.941592 241.683420 18.284281 1
120.014649 230.063864 21.268822 1
121.581113 233.634463 28.299179 1
124.724675 240.799904 42.407622 1
124.724675 240.799904 42.407622 1
78.664422 194.146494 26.115303 1
78.530391 175.259711 27.172091 1
78.364414 151.871283 28.480764 1
78.122175 128.576420 25.374517 1
77.920553 109.187376 22.789091 1
82.581129 101.617399 36.514324 1
86.004347 100.608447 43.642738 1
91.729883 194.225949 19.345357 1
97.424478 176.258255 20.952426 1
104.476306 154.008192 22.942517 1
104.864208 130.354401 21.221354 1
105.180561 111.063591 19.817660 1
115.856475 104.422283 30.273540 1
120.635970 103.637500 36.605389 1
86.343600 195.619100 23.670600 1
86.252590 203.933019 23.595800 1
85.738191 214.348833 22.831200 1
85.309021 224.352107 22.464195 1
85.236347 250.044440 24.225233 1
84.467255 255.272727 29.923795 1
81.964734 274.877009 31.261605 1
81.007005 235.034698 24.073749 1
68.655043 241.237695 27.290532 1
62.628982 237.810457 29.097412 1
45.077165 227.828107 34.360227 1
41.492253 228.652856 41.508450 1
34.298088 230.307955 55.853425 1
34.298088 230.307955 55.853425 1
88.576393 235.310931 20.356067 1
97.588844 245.834603 17.286230 1
103.470095 241.876370 18.319411 1
120.600135 230.347420 21.328705 1
122.180302 234.201075 28.204846 1
125.351366 241.934549 42.003810 1
125.351366 241.934549 42.003810 1
79.313675 194.151453 26.050462 1
79.033484 175.271887 27.203207 1
78.686509 151.892397 28.630707 1
78.256511 128.602667 25.506336 1
77.898611 109.217896 22.905824 1
82.315811 101.604612 36.687471 1
85.618337 100.589543 43.871735 1
92.458449 194.235833 19.435889 1
98.189504 176.282352 21.071922 1
105.286484 154.049889 23.097880 1
105.338597 130.395498 21.342383 1
105.381099 111.104198 19.910689 1
115.979438 104.251162 30.308700 1
120.766395 103.365906 36.621634 1
87.149000 195.627600 23.723800 1
87.056722 203.941597 23.660033 1
86.538717 214.356680 22.887953 1
86.089880 224.357465 22.479039 1
85.915229 250.061748 24.048084 1
85.033887 255.247942 29.768811 1
82.532559 274.849878 31.142740 1
81.740442 235.036114 23.983902 1
69.463224 241.563320 26.823151 1
63.137577 238.724551 28.626413 1
44.713167 230.456205 33.878691 1
41.684910 232.495493 41.041083 1
35.607833 236.587917 55.414492 1
35.607833 236.587917 55.414492 1
89.330370 235.312050 20.308315 1
98.237145 245.928192 17.248456 1
104.154579 242.011873 18.233645 1
121.390009 230.605002 21.103157 1
123.008076 234.630785 27.871010 1
126.255194 242.709684 41.452663 1
126.255194 242.709684 41.452663 1
80.103426 194.155181 26.053916 1
79.655396 175.282241 27.260857 1
79.100579 151.910954 28.755470 1
78.459199 128.630859 25.595734 1
77.925358 109.254108 22.965788 1
82.135130 101.635421 36.809232 1
85.349273 100.583949 44.028262 1
93.292696 194.251522 19.528685 1
99.146394 176.341511 21.206425 1
106.395246 154.162878 23.284031 1
105.971527 130.517177 21.463044 1
105.625964 111.232965 19.977939 1
116.207942 104.159673 30.244284 1
121.048551 103.171830 36.500835 1
87.976200 195.589300 23.739800 1
87.901667 203.903715 23.731095 1
87.396579 214.322032 22.994920 1
86.938704 224.321259 22.558839 1
86.687473 250.037852 23.899088 1
85.809247 255.200169 29.641849 1
83.119501 274.772420 31.081465 1
82.557911 234.999761 23.970934 1
70.396352 241.864509 26.494339 1
63.837778 239.626024 28.310509 1
44.734935 233.106097 33.600382 1
42.413209 236.277619 40.613222 1
37.753992 242.642197 54.686514 1
37.753992 242.642197 54.686514 1
90.145079 235.265774 20.288924 1
98.952430 245.951915 17.185250 1
104.892727 242.042132 18.051652 1
122.194747 230.654299 20.575177 1
123.920785 234.751442 27.273170 1
127.384578 242.973547 40.714630 1
127.384578 242.973547 40.714630 1
80.920954 194.116443 26.040185 1
80.330499 175.250987 27.301641 1
79.599309 151.888970 28.863765 1
78.723477 128.623306 25.654418 1
77.994495 109.258565 22.983180 1
82.051048 101.634056 36.869099 1
85.217762 100.571656 44.107464 1
94.128843 194.228050 19.552968 1
100.388847 176.481063 21.478032 1
108.140844 154.504308 23.861908 1
107.072271 130.896608 21.824922 1
106.200798 111.643386 20.163660 1
116.798715 104.485045 30.354335 1
121.684741 103.462412 36.569859 1
88.950000 195.558700 23.854900 1
88.897224 203.873178 23.897250 1
88.401376 214.294357 23.196131 1
87.930541 224.291713 22.731865 1
87.604634 250.018800 23.833384 1
86.683986 255.151755 29.595786 1
83.974309 274.728072 30.939531 1
83.525965 234.968677 24.080168 1
71.501709 242.160545 26.336300 1
64.789991 240.487287 28.201035 1
45.241095 235.613670 33.632365 1
43.802239 239.857071 40.307103 1
40.914756 248.372686 53.701895 1
40.914756 248.372686 53.701895 1
91.081578 235.224821 20.333142 1
99.805677 245.948840 17.126688 1
105.747874 242.007321 17.818723 1
123.055427 230.527054 19.834378 1
124.985661 234.625407 26.475658 1
128.859232 242.849940 39.803306 1
128.859232 242.849940 39.803306 1
81.907860 194.090057 26.197747 1
81.157198 175.228485 27.431808 1
80.227617 151.871275 28.960005 1
79.061123 128.625855 25.696901 1
78.090214 109.277965 22.980917 1
82.138534 101.613843 36.847419 1
85.341089 100.581324 44.074329 1
95.068382 194.207123 19.615063 1
101.319994 176.445419 21.428436 1
109.061598 154.450440 23.673999 1
107.392247 130.849089 21.999430 1
106.030811 111.601046 20.633735 1
116.671180 104.212461 30.613660 1
121.686198 103.096126 36.709163 1
90.084700 195.523100 23.932300 1
90.048059 203.837196 24.030243 1
89.553179 214.261134 23.370695 1
89.072322 224.256709 22.879133 1
88.723268 249.993264 23.721982 1
87.695091 255.104986 29.485076 1
85.075137 274.704662 30.655014 1
84.674417 234.940494 24.194781 1
72.782319 242.382708 26.336580 1
65.998727 241.241950 28.338011 1
46.240483 237.919321 34.167486 1
45.806938 243.110187 40.290872 1
44.936904 253.527161 52.579215 1
44.936904 253.527161 52.579215 1
92.162777 235.169168 20.313381 1
100.697442 245.991586 16.932468 1
106.595296 241.953207 17.413089 1
123.773694 230.190817 18.812967 1
126.013554 234.213567 25.403065 1
130.508482 242.286381 38.628003 1
130.508482 242.286381 38.628003 1
83.079039 194.051314 26.380185 1
82.078165 175.200644 27.603226 1
80.838733 151.856937 29.117777 1
79.399289 128.646082 25.720379 1
78.201195 109.326960 22.892619 1
82.258666 101.602888 36.723134 1
85.498553 100.572788 43.933732 1
96.130517 194.188892 19.584248 1
102.349052 176.416391 21.405552 1
110.049694 154.408043 23.660938 1
107.674405 130.841365 22.402225 1
105.737242 111.621598 21.375683 1
116.401883 104.046942 31.188814 1
121.538095 102.861448 37.169257 1
91.341300 195.467800 24.063400 1
91.349941 203.780917 24.228137 1
90.877269 214.209185 23.622992 1
90.392891 224.203259 23.105069 1
90.020392 249.947486 23.651449 1
89.048192 255.069638 29.414997 1
86.327782 274.665006 30.415569 1
86.014695 234.895323 24.419189 1
74.273300 242.566599 26.584137 1
67.503110 241.922157 28.836558 1
47.783902 240.045122 35.397079 1
48.339646 246.039532 40.725033 1
49.454905 258.069050 51.417113 1
49.454905 258.069050 51.417113 1
93.388270 235.088967 20.322118 1
101.813292 245.892808 16.621864 1
107.640264 241.731487 16.854218 1
124.612209 229.611013 17.530981 1
127.280853 233.503383 24.039183 1
132.636260 241.314550 37.099772 1
132.636260 241.314550 37.099772 1
84.392743 194.010982 26.677365 1
83.180636 175.173012 27.904965 1
81.679625 151.845031 29.425162 1
79.824457 128.708258 25.736506 1
78.280342 109.450797 22.666323 1
82.511928 101.692193 36.425148 1
85.869384 100.579388 43.569365 1
97.267530 194.138796 19.552178 1
103.378454 176.335946 21.440101 1
110.945839 154.290016 23.777983 1
107.982051 130.771431 22.937257 1
105.564940 111.590887 22.251603 1
116.264131 103.877930 31.918305 1
121.512360 102.642859 37.790481 1
92.684000 195.385500 24.261000 1
92.738833 203.697285 24.476283 1
92.279648 214.128325 23.909749 1
91.782076 224.119335 23.347170 1
91.375611 249.868204 23.529027 1
90.546392 255.006686 29.300379 1
87.745071 274.597026 30.167211 1
87.436623 234.822701 24.677869 1
75.844021 242.673548 26.995543 1
69.183899 242.460399 29.626422 1
49.785282 241.839570 37.289257 1
51.329988 248.448271 41.598300 1
54.429886 261.710544 50.245637 1
54.429886 261.710544 50.245637 1
94.640075 234.967427 20.286693 1
102.934999 245.697153 16.107812 1
108.668342 241.401983 16.040774 1
125.367575 228.891655 15.845513 1
128.523933 232.604748 22.239201 1
134.858078 240.056143 35.069984 1
134.858078 240.056143 35.069984 1
85.828858 193.944235 27.118860 1
84.416663 175.115148 28.266238 1
82.667871 151.798166 29.687093 1
80.225957 128.778072 25.628714 1
78.193476 109.617727 22.250799 1
82.760626 101.765586 35.848319 1
86.330801 100.558456 42.873088 1
98.434582 194.057696 19.527574 1
104.369030 176.199026 21.450938 1
111.717877 154.083971 23.832708 1
108.367095 130.611591 23.173666 1
105.634371 111.468730 22.636184 1
116.431869 103.624981 32.085902 1
121.797204 102.330711 37.838276 1
94.149500 195.340500 24.528200 1
94.234909 203.650531 24.795075 1
93.760931 214.083217 24.272782 1
93.223607 224.069503 23.664705 1
92.734009 249.816652 23.447602 1
92.189075 255.043097 29.173632 1
89.374322 274.639161 29.845683 1
88.914809 234.781294 25.045841 1
77.534870 242.885948 27.537306 1
71.099970 243.031835 30.682933 1
52.357348 243.456757 39.845051 1
54.770563 250.507680 42.859976 1
59.613376 264.657398 48.910293 1
59.613376 264.657398 48.910293 1
95.878733 234.873554 20.282613 1
104.052191 245.393234 15.391115 1
109.675164 240.975001 14.960337 1
126.052932 228.106230 13.705628 1
129.722576 231.637807 19.925803 1
137.086779 238.724937 32.408382 1
137.086779 238.724937 32.408382 1
87.440946 193.894411 27.712804 1
85.818137 175.076642 28.763223 1
83.808533 151.773677 30.064008 1
80.648522 128.926389 25.550264 1
78.018346 109.909877 21.793333 1
83.013516 101.855675 35.119459 1
86.857297 100.564617 41.983074 1
99.655263 194.032405 19.506942 1
105.274308 176.071197 21.422783 1
112.232581 153.829165 23.795237 1
108.938578 130.351751 23.036806 1
106.252159 111.204783 22.418267 1
117.217752 103.323577 31.640518 1
122.677186 102.003373 37.297674 1
95.691300 195.283600 24.696600 1
95.777009 203.592388 24.999618 1
95.243629 214.024470 24.524675 1
94.638989 224.005274 23.890381 1
94.062238 249.745589 23.337135 1
93.895725 255.142269 28.927145 1
91.216314 274.765660 29.278597 1
90.411060 234.728458 25.424554 1
79.297347 243.069843 28.305964 1
73.228931 243.493750 32.089985 1
55.553748 244.728448 43.111521 1
58.622271 252.008203 44.600892 1
64.780147 266.617140 47.589743 1
64.780147 266.617140 47.589743 1
97.012145 234.763413 20.169314 1
105.104237 244.897387 14.405942 1
110.586855 240.358346 13.592183 1
126.555814 227.137707 11.221983 1
130.696849 230.494319 17.239781 1
139.007033 237.230333 29.316231 1
139.007033 237.230333 29.316231 1
89.224253 193.804695 28.333594 1
87.481508 175.004743 29.504063 1
85.323382 151.723843 30.953512 1
81.286351 129.151983 25.798746 1
77.926204 110.364717 21.508273 1
83.419505 101.899505 34.375727 1
87.597872 100.567706 41.032922 1
100.836438 194.014466 19.297116 1
106.090709 175.956232 21.332284 1
112.597268 153.594049 23.852506 1
109.382724 130.106069 23.080392 1
106.761107 110.950484 22.450694 1
117.950858 103.077284 31.406682 1
123.534892 101.757078 36.940884 1
97.272200 195.223000 24.726800 1
97.372262 203.532793 24.995965 1
96.789238 213.962111 24.518663 1
96.127606 223.937516 23.856921 1
95.513483 249.670274 23.050363 1
95.741520 255.300582 28.402721 1
93.173717 274.941710 28.290047 1
92.062485 234.684598 25.643193 1
81.254236 243.127035 29.290502 1
75.810615 243.890463 33.884884 1
59.955242 246.114065 47.266721 1
63.341228 253.396650 46.909009 1
70.136185 268.011263 46.191153 1
70.136185 268.011263 46.191153 1
98.154534 234.647013 19.805504 1
105.885073 244.379088 12.955589 1
111.156803 239.657350 11.842825 1
126.511520 225.904577 8.601727 1
131.081134 229.083580 14.401853 1
140.251388 235.463170 26.041482 1
140.251388 235.463170 26.041482 1
91.142610 193.748534 28.909102 1
89.442909 174.986903 30.628851 1
87.338085 151.753456 32.758500 1
82.338841 129.601847 26.702766 1
78.177815 111.164370 21.662390 1
83.962775 101.832226 33.780676 1
88.455871 100.565066 40.242649 1
101.937453 193.942426 18.910176 1
106.974584 175.851152 21.186627 1
113.212251 153.448056 24.005639 1
110.048771 129.953538 23.221587 1
107.468800 110.792623 22.582153 1
119.016967 102.956827 31.105513 1
124.799745 101.650562 36.435140 1
98.692100 195.191100 24.829300 1
98.816461 203.503820 24.964731 1
98.199654 213.926102 24.386810 1
97.506298 223.892690 23.631325 1
96.946364 249.612062 22.446898 1
97.512731 255.461026 27.533050 1
95.103234 275.115845 27.020566 1
93.694832 234.695418 25.628707 1
83.248960 242.901546 30.622609 1
78.844592 244.141887 36.135076 1
66.016204 247.754569 52.190972 1
69.149926 254.749692 49.766731 1
75.438644 268.787430 44.901791 1
75.438644 268.787430 44.901791 1
99.173410 234.519287 19.214094 1
106.195452 243.860067 11.161977 1
111.203449 238.890884 9.916435 1
125.790004 224.417389 6.288600 1
130.781367 227.495542 11.787706 1
140.797981 233.672748 22.823251 1
140.797981 233.672748 22.823251 1
92.991636 193.786332 29.600978 1
91.581520 175.109364 32.251967 1
89.835305 151.980759 35.534817 1
83.734501 130.354281 28.647601 1
78.656612 112.353886 22.915156 1
84.371245 101.723682 33.949161 1
89.161161 100.563350 40.215022 1
102.778710 193.818947 18.612034 1
107.720085 175.706674 20.930969 1
113.839174 153.277572 23.802590 1
110.676179 129.777939 23.188287 1
108.096603 110.612850 22.687292 1
120.214456 102.893617 30.496172 1
126.325645 101.648035 35.461416 1
99.870000 195.267600 25.060500 1
100.060229 203.580157 25.042300 1
99.440777 213.996147 24.362723 1
98.715855 223.953062 23.514962 1
98.139903 249.649963 21.921196 1
99.072503 255.811146 26.565568 1
96.860323 275.470586 25.569134 1
95.214291 234.815811 25.741057 1
85.508746 242.933439 32.167747 1
82.594006 244.765910 38.450305 1
74.104385 250.103266 56.749206 1
76.106136 256.571953 52.415850 1
80.123227 269.553244 43.719716 1
80.123227 269.553244 43.719716 1
99.903547 234.486338 18.734245 1
105.940492 243.286760 9.379903 1
110.731716 238.100353 8.167661 1
124.686889 222.994158 4.636819 1
130.066247 225.941307 9.833521 1
140.861484 231.855616 20.262207 1
140.861484 231.855616 20.262207 1
94.759649 193.984099 30.489544 1
93.823997 175.376180 33.762957 1
92.665334 152.333083 37.816585 1
85.166644 131.202783 30.771149 1
78.925251 113.615372 24.907012 1
84.696302 101.726232 34.537737 1
89.998848 100.541304 40.371230 1
103.191222 193.764745 18.431134 1
108.127198 175.626358 20.548715 1
114.239601 153.164918 23.170992 1
111.156624 129.647665 22.950232 1
108.642308 110.468207 22.770190 1
121.538260 102.936704 29.431903 1
128.110389 101.793308 33.796707 1
100.925500 195.491400 25.611900 1
101.212579 203.798498 25.400152 1
100.624275 214.207220 24.593429 1
99.888907 224.152330 23.624725 1
99.322246 249.808962 21.475621 1
100.738230 256.321609 25.473185 1
98.507225 275.945242 23.951392 1
96.841866 235.108503 26.052393 1
88.429276 243.246987 34.076684 1
87.523187 245.431827 40.839055 1
84.884066 251.795508 60.535487 1
85.582461 257.345899 54.761901 1
86.983991 268.484364 43.175530 1
86.983991 268.484364 43.175530 1
100.472534 234.552403 18.456203 1
105.235799 242.579287 7.766195 1
109.917285 237.268295 6.670186 1
123.552825 221.799226 3.477887 1
129.216112 224.644440 8.423678 1
140.581133 230.354185 18.348837 1
140.581133 230.354185 18.348837 1
96.605669 194.383200 31.723244 1
96.046813 175.749909 34.937813 1
95.354754 152.675391 38.918571 1
86.294084 132.042256 32.245033 1
78.752605 114.868652 26.690439 1
85.239304 102.302310 34.901245 1
91.202761 100.460433 39.860616 1
103.272684 193.818718 18.616871 1
108.274828 175.661078 20.385418 1
114.469168 153.175797 22.575474 1
111.613715 129.629545 22.762797 1
109.284955 110.426437 22.915567 1
123.020148 103.128883 27.965092 1
130.096658 102.109592 31.491538 1
101.846600 195.800000 26.306100 1
102.171540 204.099238 25.915978 1
101.566550 214.498235 25.003161 1
100.793424 224.428497 23.918475 1
100.178801 250.025473 21.158110 1
102.227905 256.902974 24.141605 1
99.922655 276.496802 22.367360 1
98.262994 235.488010 26.467958 1
91.758975 243.854729 35.906792 1
93.623174 245.286029 42.674386 1
99.052937 249.454913 62.386030 1
100.014566 254.445535 56.157237 1
101.944349 264.460664 43.657364 1
101.944349 264.460664 43.657364 1
100.699785 234.679758 18.430429 1
103.914026 241.580701 6.453724 1
108.369797 236.072852 5.388879 1
121.347908 220.030410 2.287351 1
127.282962 222.810119 6.943234 1
139.193365 228.388412 16.286609 1
139.193365 228.388412 16.286609 1
98.425296 194.833271 32.984250 1
97.920735 176.116961 35.684340 1
97.295914 152.939638 39.027994 1
86.841371 132.720407 33.176215 1
78.139728 115.891307 28.305597 1
85.495110 102.916396 35.010637 1
91.983215 100.304326 38.835853 1
103.166505 193.993987 19.078809 1
108.075644 175.765830 20.296914 1
114.154812 153.193227 21.805336 1
111.691464 129.607351 22.308390 1
109.682485 110.371928 22.718653 1
124.103850 103.371803 25.948207 1
131.596679 102.507590 28.529371 1
102.510500 196.075500 26.958100 1
102.898893 204.365497 26.447965 1
102.338224 214.764827 25.510966 1
101.601862 224.696445 24.413191 1
101.128475 250.263761 21.365111 1
103.765177 257.443398 22.743771 1
101.210991 276.982064 20.719700 1
99.713921 235.843565 27.132226 1
95.444702 244.874436 37.212552 1
99.577426 245.281548 43.050277 1
111.614616 246.467326 60.053536 1
114.081279 251.010920 53.897220 1
119.031349 260.128958 41.542792 1
119.031349 260.128958 41.542792 1
100.912112 234.876725 18.836284 1
102.289035 240.422639 5.846182 1
106.518706 234.755170 4.699942 1
118.838269 218.247809 1.361341 1
124.999366 220.988675 5.738261 1
137.363390 226.489018 14.521816 1
137.363390 226.489018 14.521816 1
99.980671 195.213382 34.035832 1
99.361974 176.429289 36.185338 1
98.595811 153.168026 38.847177 1
87.092973 133.256624 33.991367 1
77.518801 116.683740 29.949725 1
85.526384 103.391364 35.107135 1
92.311041 100.171138 37.780948 1
102.846064 194.193157 19.638144 1
107.667537 175.913646 20.317837 1
113.638145 153.277448 21.159524 1
111.535815 129.663358 21.914266 1
109.821263 110.404925 22.529794 1
124.673962 103.717390 23.972610 1
132.442771 103.017497 25.618064 1
102.972200 196.313900 27.675900 1
103.332699 204.601347 27.107231 1
102.771841 215.002729 26.193396 1
102.128423 224.944090 25.125820 1
102.153128 250.504082 21.981183 1
104.990262 257.720124 21.452505 1
102.148832 277.175025 19.041422 1
100.857393 236.153316 27.946015 1
98.647580 246.035238 37.888860 1
104.935884 245.994339 41.321022 1
123.251528 245.875213 51.317713 1
127.042728 250.291077 45.771918 1
134.650867 259.152789 34.642678 1
134.650867 259.152789 34.642678 1
101.218054 235.123607 19.579252 1
100.763533 239.616617 6.125550 1
104.597632 233.715788 4.782386 1
115.765030 216.528731 0.870214 1
122.135402 219.187766 4.990504 1
134.919394 224.523892 13.259058 1
134.919394 224.523892 13.259058 1
101.131223 195.477615 34.966236 1
100.455130 176.655948 36.736282 1
99.617891 153.348156 38.928216 1
87.376027 133.697374 34.885734 1
77.186741 117.341413 31.521051 1
85.490269 103.828190 35.502480 1
92.280982 100.060189 37.302220 1
102.598227 194.411751 20.362929 1
107.204470 176.065183 20.550286 1
112.908550 153.345947 20.782296 1
111.160492 129.707194 21.658843 1
109.734865 110.428648 22.373708 1
124.767103 103.991418 22.411296 1
132.666005 103.421320 23.324584 1
103.486300 196.449200 28.069600 1
103.673357 204.746702 27.568003 1
102.980179 215.150942 26.787172 1
102.381443 225.105890 25.825467 1
102.963446 250.670799 22.775996 1
105.830317 257.588307 20.695316 1
102.714705 276.939833 17.833219 1
101.594556 236.331975 28.753195 1
100.580991 247.717668 37.163577 1
107.719728 247.455148 37.705518 1
128.512384 246.690518 39.284003 1
134.532679 250.319551 35.383352 1
146.614141 257.602256 27.555571 1
146.614141 257.602256 27.555571 1
101.452347 235.335928 20.375800 1
99.734868 239.071038 6.792904 1
102.998264 232.873370 5.288464 1
112.503404 214.821723 0.906548 1
119.178883 217.264910 4.661241 1
132.575161 222.167873 12.196119 1
132.575161 222.167873 12.196119 1
102.107011 195.511493 35.449020 1
101.552439 176.694328 37.306995 1
100.865684 153.392111 39.607816 1
88.054109 133.992774 36.160011 1
77.390634 117.846098 33.290295 1
85.599503 104.167704 36.885226 1
92.209168 99.949113 38.322761 1
102.699308 194.610958 20.773088 1
106.932334 176.173847 20.713496 1
112.174245 153.342488 20.639699 1
110.731658 129.690536 21.697427 1
109.555157 110.401225 22.560055 1
124.649386 104.154369 21.819403 1
132.592454 103.688156 22.311421 1
103.869100 196.637800 28.577700 1
103.983632 204.934807 28.046964 1
103.245742 215.336601 27.274571 1
102.694111 225.294637 26.316653 1
103.623371 250.836439 23.161446 1
106.363404 257.527159 20.310729 1
103.336680 276.893358 17.452499 1
102.277266 236.540332 29.245191 1
101.565247 249.230442 35.557874 1
108.590159 248.201697 34.600545 1
129.051282 245.205322 31.812174 1
136.309513 247.197814 28.987826 1
150.875255 251.196326 23.319956 1
150.875255 251.196326 23.319956 1
101.691566 235.529376 20.888875 1
99.075186 238.897001 7.353385 1
101.654549 232.392099 5.818024 1
109.167338 213.445590 1.346046 1
116.229716 215.489019 4.598139 1
130.402421 219.589753 11.124403 1
130.402421 219.589753 11.124403 1
102.844572 195.712783 36.016266 1
102.552822 176.909777 38.067396 1
102.191533 153.625092 40.607410 1
88.961867 134.438221 37.574591 1
77.950403 118.468386 35.050280 1
86.014750 104.639303 38.386486 1
92.277815 99.847826 39.555445 1
102.749983 194.774718 21.331040 1
106.896651 176.320528 21.019387 1
112.031623 153.468019 20.633454 1
110.649940 129.810504 21.647163 1
109.523110 110.516655 22.473891 1
124.585867 104.333486 20.960851 1
132.545213 103.896561 21.059224 1
104.177900 196.845400 29.361200 1
104.359850 205.134979 28.740788 1
103.744183 215.540198 27.909667 1
103.377575 225.500772 26.891377 1
104.940996 250.973167 23.439514 1
107.017275 257.414696 19.619060 1
104.379660 276.903386 17.249643 1
103.523038 236.775377 29.733541 1
103.903210 250.023750 34.806204 1
110.559025 247.861857 33.273059 1
129.945096 241.565019 28.807538 1
137.319578 242.930621 25.912535 1
152.118610 245.671098 20.102877 1
152.118610 245.671098 20.102877 1
102.361943 235.723120 21.442720 1
98.773430 238.425967 7.981182 1
100.624112 231.677395 6.446274 1
106.014509 212.021157 1.975618 1
113.495183 213.338511 4.608675 1
128.507320 215.982164 9.892665 1
128.507320 215.982164 9.892665 1
103.577545 196.003235 36.855725 1
103.641440 177.217095 39.074329 1
103.720565 153.953299 41.821735 1
90.090396 134.988470 39.192693 1
78.745581 119.203448 37.004459 1
86.783362 105.253388 39.867572 1
92.839383 100.133460 40.680984 1
102.616469 194.928290 22.211081 1
106.729855 176.471830 21.674199 1
111.823612 153.616509 21.009355 1
110.663021 129.940430 21.852551 1
109.716503 110.631441 22.540216 1
124.682892 104.497791 20.133342 1
132.636219 104.077758 19.787037 1
104.544600 196.900300 30.154400 1
104.720394 205.176288 29.371938 1
104.181667 215.572614 28.389816 1
104.043016 225.523536 27.230375 1
106.570340 250.853483 23.330508 1
107.950253 257.233710 19.112850 1
105.508063 276.773819 16.968073 1
104.814959 236.816262 29.893869 1
106.765793 249.652495 35.622849 1
113.124213 246.983223 33.681286 1
131.644077 239.208564 28.026187 1
138.880286 240.180725 24.661505 1
153.401834 242.131647 17.909302 1
153.401834 242.131647 17.909302 1
103.232718 235.709530 21.680176 1
99.041605 238.490302 8.409995 1
100.030759 231.521662 7.074399 1
102.911823 211.224441 3.184267 1
110.701530 211.656558 5.124018 1
126.333831 212.523727 9.016688 1
126.333831 212.523727 9.016688 1
104.326706 196.198261 37.684157 1
104.842101 177.440217 40.074865 1
105.480341 154.211212 43.035395 1
91.527074 135.423495 40.870646 1
79.913335 119.785889 39.068857 1
87.898857 105.731706 41.542498 1
93.927604 100.544645 42.089582 1
102.612602 194.858670 23.130391 1
106.711613 176.405611 22.401118 1
111.787569 153.554503 21.498030 1
110.792832 129.862518 22.059314 1
109.981576 110.540558 22.517066 1
124.817212 104.486581 19.251981 1
132.742878 104.095419 18.488717 1
104.916700 196.682800 30.559500 1
105.110203 204.956949 29.761912 1
104.655224 215.359364 28.802152 1
104.710785 225.317726 27.701099 1
108.024184 250.590339 24.024290 1
109.208662 256.906245 19.653198 1
106.626699 276.388414 17.171510 1
105.871862 236.552413 30.466865 1
108.602262 248.813127 37.071078 1
114.500991 245.710555 34.443677 1
131.681933 236.673846 26.790969 1
138.609156 236.795479 22.713264 1
152.510635 237.039574 14.530171 1
152.510635 237.039574 14.530171 1
104.182816 235.579511 22.257499 1
99.865709 238.931602 9.160862 1
99.977998 231.850502 8.079382 1
100.305061 211.225724 4.929400 1
108.215063 210.419966 6.117475 1
124.088770 208.802980 8.501691 1
124.088770 208.802980 8.501691 1
104.865990 195.991308 38.093214 1
105.888446 177.301356 40.829199 1
107.154603 154.156674 44.217304 1
93.081593 135.408022 42.545016 1
81.368187 119.802932 41.153119 1
89.188851 105.691813 43.821653 1
95.153299 100.436084 44.416087 1
102.817766 194.640564 23.583733 1
107.135617 176.244914 22.686346 1
112.482570 153.464895 21.575078 1
111.263673 129.781297 22.039988 1
110.269602 110.466177 22.419144 1
125.030730 104.436064 18.792249 1
132.937815 104.051482 17.853168 1
105.244700 196.498900 30.610900 1
105.458929 204.779346 29.887401 1
105.065161 215.192493 29.021540 1
105.244240 225.157464 27.996048 1
109.030175 250.382463 24.450815 1
110.397151 256.669352 20.091170 1
108.043179 276.177630 17.587946 1
106.660247 236.347547 30.823192 1
109.835499 248.631884 37.179972 1
115.157437 245.173483 33.857228 1
130.658388 235.100366 24.179230 1
137.480001 234.237396 20.013924 1
151.169543 232.505597 11.655036 1
151.169543 232.505597 11.655036 1
104.868408 235.464336 22.625488 1
100.420779 239.103391 9.649676 1
99.993125 232.015967 8.695885 1
98.747521 211.372769 5.917817 1
106.388908 208.893228 6.217778 1
121.723562 203.917312 6.819736 1
121.723562 203.917312 6.819736 1
105.251304 195.738606 38.138149 1
106.764397 177.127457 41.168171 1
108.638135 154.080361 44.920395 1
94.551166 135.288046 44.046143 1
82.826141 119.646614 43.318476 1
90.627589 105.601406 46.364306 1
96.579604 100.344269 47.061962 1
103.084010 194.527355 23.633651 1
107.483752 176.151101 22.736617 1
112.932114 153.395103 21.625785 1
111.564182 129.719461 22.081231 1
110.448567 110.410830 22.452668 1
125.200581 104.353259 18.834455 1
133.107697 103.953226 17.902117 1
105.529900 196.428500 30.533400 1
105.724637 204.715676 29.885385 1
105.339026 215.136920 29.118992 1
105.587371 225.109784 28.189106 1
109.701500 250.314349 24.871524 1
111.266453 256.574123 20.539520 1
109.560328 276.163027 18.142813 1
107.174515 236.250490 31.118510 1
110.693412 248.411967 37.530348 1
115.634825 244.764267 33.842408 1
130.027442 234.139787 23.100722 1
136.640765 232.433802 18.860148 1
149.912313 229.010252 10.350212 1
149.912313 229.010252 10.350212 1
105.323109 235.473981 22.923241 1
100.747606 239.271715 10.037675 1
99.970659 232.211393 9.103656 1
97.707684 211.647133 6.383179 1
104.912465 208.124018 5.828479 1
119.370941 201.053869 4.715313 1
119.370941 201.053869 4.715313 1
105.567308 195.598973 38.053244 1
107.353956 177.045220 41.279922 1
109.566448 154.069198 45.275675 1
95.648381 135.134100 44.947703 1
84.063939 119.373825 44.674721 1
92.004179 105.469118 47.994247 1
98.006735 100.281001 48.771064 1
103.346067 194.516832 23.546700 1
107.757474 176.140878 22.702353 1
113.220281 153.385251 21.656766 1
111.793110 129.714233 22.167392 1
110.629183 110.409372 22.583831 1
125.373084 104.294168 19.030071 1
133.281843 103.865952 18.124574 1
105.820900 196.340900 30.570100 1
105.993918 204.631967 29.967276 1
105.605296 215.057906 29.269295 1
105.894700 225.035893 28.408842 1
110.219990 250.226300 25.256417 1
111.994911 256.485404 21.005138 1
110.902569 276.136871 18.767537 1
107.616157 236.136653 31.413083 1
111.450698 248.036172 38.128259 1
116.215342 244.229376 34.369184 1
130.093095 233.141506 23.420304 1
136.608930 231.155735 19.150703 1
149.684841 227.170710 10.582516 1
149.684841 227.170710 10.582516 1
105.681091 235.444795 23.229566 1
100.970920 239.519236 10.477741 1
100.052264 232.489242 9.448454 1
97.376538 212.013316 6.450494 1
103.622818 207.099163 5.240541 1
116.157787 197.237497 2.812418 1
116.157787 197.237497 2.812418 1
105.931848 195.468937 38.084416 1
107.695577 176.882949 41.133291 1
109.879689 153.867010 44.908863 1
95.977417 134.918000 45.050211 1
84.406122 119.146146 45.167859 1
92.463243 105.273846 48.337973 1
98.564478 100.180524 48.957405 1
103.573862 194.464569 23.593870 1
108.029445 176.099611 22.742289 1
113.546957 153.357600 21.687743 1
112.067817 129.690366 22.225178 1
110.861507 110.388591 22.663481 1
125.556590 104.197682 19.039298 1
133.458313 103.729894 18.092881 1
106.119700 196.216900 30.580400 1
106.272149 204.513054 30.045872 1
105.873065 214.944650 29.445095 1
106.178619 224.929806 28.678508 1
110.606203 250.128735 25.743717 1
112.552300 256.407723 21.597981 1
111.898817 276.094494 19.504134 1
107.991387 235.989174 31.780122 1
112.000865 247.660875 38.786641 1
116.718800 243.816132 35.007326 1
130.460503 232.617737 23.999494 1
136.977152 230.425254 19.833536 1
150.054694 226.025405 11.473338 1
150.054694 226.025405 11.473338 1
105.966635 235.393488 23.610750 1
101.235007 239.681955 10.937290 1
100.323665 232.684873 9.698547 1
97.669243 212.304810 6.090514 1
102.654371 206.227808 4.403079 1
112.658473 194.032545 1.016752 1
112.658473 194.032545 1.016752 1
106.316438 195.281706 38.085350 1
107.929591 176.641645 40.876615 1
109.927238 153.558743 44.333175 1
95.872952 134.722939 44.551426 1
84.175131 119.045309 44.733084 1
92.164005 105.077740 47.647262 1
98.275028 99.979291 48.107604 1
103.797621 194.395602 23.614167 1
108.335222 176.052507 22.725269 1
113.954301 153.337571 21.624510 1
112.366856 129.680202 22.275372 1
111.072217 110.386474 22.806180 1
125.717958 104.129485 19.096747 1
133.610546 103.630513 18.091836 1
106.383100 196.089900 30.503400 1
106.518802 204.391222 30.050892 1
106.102972 214.827703 29.555568 1
106.398609 224.820049 28.884757 1
110.813649 250.045582 26.167687 1
112.917598 256.380595 22.187599 1
112.479654 276.094832 20.306837 1
108.229807 235.849000 32.082369 1
112.330146 247.204654 39.541067 1
117.135946 243.415372 35.816848 1
131.133571 232.378515 24.969493 1
137.780116 230.104214 21.060543 1
151.118332 225.540171 13.216106 1
151.118332 225.540171 13.216106 1
106.160460 235.331878 23.918823 1
101.459894 239.828285 11.306018 1
100.495020 232.877491 9.863912 1
97.684675 212.632250 5.663554 1
101.556976 205.866570 3.698929 1
109.327869 192.289277 -0.243661 1
109.327869 192.289277 -0.243661 1
106.620992 195.080271 37.997506 1
108.007954 176.390048 40.566015 1
109.725497 153.245030 43.746725 1
95.512641 134.527488 43.826990 1
83.682836 118.948291 43.893797 1
91.553936 104.874560 46.611038 1
97.670680 99.775488 46.979277 1
104.027368 194.334129 23.531645 1
108.571096 175.991263 22.669724 1
114.197760 153.276610 21.602374 1
112.509417 129.626766 22.272505 1
111.132491 110.339175 22.819029 1
125.783217 104.070545 19.149147 1
133.677941 103.565806 18.164085 1
106.545000 196.017200 30.303500 1
106.679413 204.323059 29.943261 1
106.260476 214.764345 29.565869 1
106.551951 224.764080 29.013867 1
110.953827 250.023838 26.611644 1
113.147784 256.428511 22.794994 1
112.741299 276.158829 21.083405 1
108.375980 235.753491 32.348763 1
112.407488 246.877782 40.184127 1
117.329719 243.068841 36.636200 1
131.666467 231.974724 26.302320 1
138.416662 229.745615 22.548011 1
151.962881 225.272262 15.013906 1
151.962881 225.272262 15.013906 1
106.309554 235.336620 24.178745 1
101.712666 240.018036 11.595073 1
100.670529 233.122472 9.955155 1
97.635145 213.038096 5.178639 1
100.495419 205.806132 3.142362 1
106.235388 191.293105 -0.944018 1
106.235388 191.293105 -0.944018 1
106.769376 194.924640 37.786383 1
107.938055 176.195706 40.175221 1
109.385288 153.002749 43.133436 1
95.063596 134.368260 43.078156 1
83.143204 118.858191 43.032146 1
90.942035 104.724233 45.643084 1
97.168538 99.757607 45.980677 1
104.202534 194.338244 23.308392 1
108.722736 175.984702 22.557124 1
114.320268 153.256830 21.626799 1
112.573112 129.611581 22.308196 1
111.148220 110.327736 22.863907 1
125.834986 104.033161 19.387593 1
133.740782 103.515737 18.503044 1
106.604200 195.943400 30.088600 1
106.753174 204.252182 29.810967 1
106.344603 214.697037 29.534446 1
106.632027 224.702108 29.086883 1
110.991148 249.995524 26.978877 1
113.289865 256.481483 23.366629 1
112.879196 276.223088 21.791633 1
108.413865 235.659057 32.548973 1
112.344587 246.503895 40.815458 1
117.427797 242.747092 37.443277 1
132.233417 231.804838 27.621288 1
139.068890 229.525777 24.056026 1
152.786245 224.952184 16.901300 1
152.786245 224.952184 16.901300 1
106.392396 235.325281 24.363905 1
101.985580 240.210638 11.789761 1
100.902171 233.366702 9.970160 1
97.746573 213.432700 4.670293 1
99.789066 205.925629 2.645201 1
103.887921 190.860520 -1.418735 1
103.887921 190.860520 -1.418735 1
106.775566 194.777060 37.561743 1
107.734775 176.016547 39.790727 1
108.922610 152.784484 42.550988 1
94.533384 134.202402 42.430521 1
82.556782 118.735953 42.330253 1
90.323937 104.575134 44.889555 1
96.699522 99.800662 45.216714 1
104.307411 194.336795 23.061427 1
108.809743 175.974664 22.420910 1
114.385146 153.236155 21.627731 1
112.604386 129.594786 22.355222 1
111.152089 110.314105 22.948525 1
125.872712 103.969201 19.715420 1
133.789566 103.427877 18.952429 1
106.596300 195.975400 29.867400 1
106.748501 204.285987 29.652664 1
106.341338 214.732688 29.455078 1
106.629044 224.741592 29.103741 1
110.992695 250.058629 27.312448 1
113.347076 256.647733 23.930038 1
112.984739 276.400191 22.484589 1
108.364430 235.662284 32.701335 1
112.145928 246.229399 41.386505 1
117.388693 242.518583 38.213582 1
132.659044 231.710269 28.971960 1
139.600707 229.412502 25.630931 1
153.531164 224.801367 18.926193 1
153.531164 224.801367 18.926193 1
106.433915 235.414132 24.491303 1
102.249852 240.552782 11.942051 1
101.188975 233.743842 9.983211 1
98.099007 213.911771 4.277786 1
99.460085 206.229263 2.339890 1
102.191482 190.812090 -1.549062 1
102.191482 190.812090 -1.549062 1
106.681775 194.754072 37.333231 1
107.438138 175.969326 39.432406 1
108.374779 152.707254 42.031919 1
94.057690 134.069331 41.948886 1
82.141130 118.556404 41.879775 1
89.999335 104.446444 44.442035 1
96.495285 99.836909 44.766881 1
104.380402 194.420767 22.802665 1
108.829328 176.042398 22.262563 1
114.338597 153.283781 21.593734 1
112.585060 129.643081 22.404352 1
111.154966 110.362946 23.065449 1
125.913980 103.982336 20.087724 1
133.840746 103.426550 19.447997 1
106.546300 195.915800 29.625600 1
106.699945 204.227405 29.456042 1
106.290496 214.674936 29.315188 1
106.572597 224.686462 29.042933 1
110.921313 250.024925 27.541767 1
113.332290 256.718506 24.413946 1
113.095452 276.483751 23.125835 1
108.240487 235.576590 32.763015 1
111.853790 245.843141 41.870035 1
117.231933 242.137744 38.925582 1
132.896590 231.345215 30.349414 1
139.933104 229.012140 27.239249 1
154.053906 224.330150 20.997806 1
154.053906 224.330150 20.997806 1
106.425273 235.400062 24.524876 1
102.465427 240.804858 12.014735 1
101.476607 234.009577 9.972535 1
98.596516 214.217292 4.024313 1
99.493518 206.442608 2.186222 1
101.293612 190.840457 -1.502440 1
101.293612 190.840457 -1.502440 1
106.528457 194.655815 37.085472 1
107.213984 175.874529 39.239237 1
108.062904 152.616744 41.906350 1
93.783617 133.950369 41.743491 1
81.898521 118.413761 41.607939 1
89.751176 104.335526 44.355050 1
96.302575 99.814853 44.794808 1
104.428870 194.397547 22.522856 1
108.840598 176.006509 22.128588 1
114.303803 153.232201 21.640350 1
112.499582 129.595668 22.461174 1
111.028152 110.318931 23.130594 1
125.833780 103.908502 20.464641 1
133.770951 103.338439 19.987032 1
106.478800 195.878400 29.416900 1
106.637659 204.190342 29.270233 1
106.230398 214.638315 29.158951 1
106.509208 224.651335 28.944280 1
110.844676 250.005740 27.695140 1
113.330072 256.783264 24.816239 1
113.269615 276.560918 23.711260 1
108.101747 235.516538 32.768797 1
111.549464 245.507774 42.238975 1
117.008264 241.729215 39.546730 1
132.907848 230.723591 31.705156 1
139.999501 228.282605 28.810517 1
154.230956 223.384061 23.001588 1
154.230956 223.384061 23.001588 1
106.418527 235.397061 24.501658 1
102.707573 240.968535 11.988331 1
101.809680 234.167578 9.923155 1
99.194429 214.358758 3.908012 1
99.831385 206.532571 2.183488 1
101.109621 190.827064 -1.277269 1
101.109621 190.827064 -1.277269 1
106.351885 194.599943 36.872570 1
107.035647 175.826037 39.090284 1
107.882383 152.577390 41.836588 1
93.664332 133.864443 41.661288 1
81.830203 118.289070 41.515381 1
89.686364 104.252498 44.458659 1
96.312008 99.854222 45.012472 1
104.464544 194.378529 22.280323 1
108.883783 175.986768 22.030236 1
114.356288 153.211566 21.720543 1
112.448563 129.582005 22.507367 1
110.892719 110.310954 23.149060 1
125.734021 103.864595 20.785214 1
133.677870 103.275309 20.469363 1
106.401300 195.860700 29.246500 1
106.545808 204.173153 29.114681 1
106.133162 214.621009 29.012650 1
106.435827 224.633674 28.814404 1
110.912573 249.968050 27.660846 1
113.396347 256.881576 25.124288 1
113.528361 276.668175 24.200553 1
108.010682 235.488899 32.674414 1
111.267533 245.213953 42.483190 1
116.750967 241.274221 40.088478 1
132.722304 229.799156 33.113516 1
139.817553 227.120843 30.446500 1
154.056225 221.746034 25.094365 1
154.056225 221.746034 25.094365 1
106.475610 235.382407 24.378312 1
102.925259 241.207836 11.934228 1
102.154325 234.384987 9.890073 1
99.908860 214.512403 3.936155 1
100.474281 206.653369 2.340917 1
101.608961 190.881945 -0.860392 1
101.608961 190.881945 -0.860392 1
106.169668 194.570534 36.697634 1
106.956592 175.807555 38.972871 1
107.931080 152.572440 41.790408 1
93.756420 133.826707 41.604295 1
81.958408 118.224046 41.449387 1
89.810563 104.226548 44.583271 1
96.441032 99.850159 45.242654 1
104.492894 194.367867 22.079422 1
108.838746 175.957502 21.934034 1
114.220375 153.159263 21.753993 1
112.279957 129.531884 22.526267 1
110.697451 110.262613 23.156094 1
125.573109 103.810840 21.035492 1
133.520851 103.219165 20.848192 1
106.320900 195.846500 29.103200 1
106.452817 204.159306 28.980818 1
106.028065 214.606751 28.886574 1
106.328750 224.619876 28.709688 1
110.830890 249.954867 27.674573 1
113.429597 256.910203 25.378896 1
113.847596 276.701889 24.675572 1
107.851336 235.466352 32.614998 1
110.997269 244.881297 42.756878 1
116.436980 240.718880 40.657354 1
132.280968 228.595208 34.542170 1
139.282388 225.485450 32.105285 1
153.332765 219.244819 27.214974 1
153.332765 219.244819 27.214974 1
106.436774 235.377888 24.297289 1
103.157581 241.287069 11.818335 1
102.534565 234.434005 9.825459 1
100.719932 214.473418 4.020900 1
101.378827 206.595563 2.560027 1
102.701091 190.786368 -0.371640 1
102.701091 190.786368 -0.371640 1
106.003815 194.548869 36.549890 1
106.924209 175.797725 38.872125 1
108.063978 152.577264 41.747863 1
93.881111 133.837558 41.581073 1
82.076267 118.239914 41.442249 1
89.886489 104.256773 44.740692 1
96.501646 99.870921 45.485466 1
104.499487 194.357253 21.912778 1
108.864629 175.951013 21.842287 1
114.270144 153.157881 21.754994 1
112.322545 129.529412 22.473994 1
110.734184 110.259251 23.060372 1
125.649154 103.833293 21.147720 1
133.599702 103.254314 21.074653 1
106.248000 195.786500 28.964400 1
106.367016 204.099815 28.865635 1
105.928548 214.546887 28.796193 1
106.222410 224.560688 28.648537 1
110.727093 249.899454 27.722625 1
113.391750 256.870101 25.552420 1
114.173749 276.657881 25.091501 1
107.700482 235.398023 32.596099 1
110.734147 244.561267 42.999351 1
116.053531 240.121743 41.177551 1
131.547048 227.190956 35.871278 1
138.369665 223.525646 33.715751 1
152.061220 216.170140 29.390068 1
152.061220 216.170140 29.390068 1
106.373296 235.329495 24.263814 1
103.343540 241.255884 11.730087 1
102.888942 234.371740 9.799781 1
101.564853 214.320625 4.177469 1
102.456658 206.442731 2.846165 1
104.246321 190.633458 0.174518 1
104.246321 190.633458 0.174518 1
105.872345 194.468065 36.404708 1
106.924816 175.726102 38.744889 1
108.228143 152.517011 41.642850 1
94.032022 133.786724 41.710819 1
82.216147 118.196920 41.767391 1
90.020428 104.244075 45.205245 1
96.618747 99.838713 45.983491 1
104.487798 194.313846 21.755339 1
108.803878 175.895907 21.746597 1
114.148638 153.088288 21.735769 1
112.215388 129.457519 22.416915 1
110.638729 110.185483 22.972422 1
125.585658 103.787206 21.223447 1
133.537520 103.222077 21.240217 1
106.231000 195.734100 28.842300 1
106.344544 204.047667 28.759613 1
105.900131 214.494574 28.704559 1
106.192121 224.508634 28.571474 1
110.704188 249.848022 27.700165 1
113.355340 256.857933 25.642825 1
114.566795 276.627648 25.376486 1
107.640162 235.342793 32.538832 1
110.591570 244.164065 43.256583 1
115.715602 239.392473 41.739880 1
130.640126 225.494489 37.322253 1
137.137021 221.135024 35.474465 1
150.174920 212.386497 31.766346 1
150.174920 212.386497 31.766346 1
106.376706 235.280918 24.196594 1
103.531485 241.200041 11.616270 1
103.242493 234.290172 9.746944 1
102.400758 214.164131 4.302242 1
103.649346 206.317553 3.077032 1
106.155000 190.571126 0.618292 1
106.155000 190.571126 0.618292 1
105.814277 194.401582 36.277911 1
107.020434 175.669597 38.623806 1
108.514078 152.472861 41.528842 1
94.251491 133.793461 41.658206 1
82.380294 118.246011 41.765879 1
90.155643 104.295765 45.279013 1
96.715580 99.837944 46.082595 1
104.512619 194.273578 21.620692 1
108.783333 175.845080 21.644170 1
114.071915 153.024385 21.673242 1
112.158188 129.394190 22.425716 1
110.597450 110.122623 23.039394 1
125.543379 103.696630 21.386115 1
133.494213 103.119901 21.444317 1
106.267600 195.697300 28.748600 1
106.382266 204.010987 28.680870 1
105.932515 214.457739 28.642185 1
106.205940 224.472538 28.526406 1
110.639080 249.827931 27.717801 1
113.302149 256.847333 25.708783 1
114.865547 276.593621 25.566911 1
107.592841 235.305999 32.517443 1
110.469305 243.841343 43.484197 1
115.320522 238.711968 42.267898 1
129.450431 223.771885 38.725243 1
135.314457 218.450392 37.338228 1
147.082321 207.771276 34.554786 1
147.082321 207.771276 34.554786 1
106.382304 235.251357 24.167310 1
103.673607 241.132195 11.538987 1
103.539221 234.201178 9.731465 1
103.147802 214.013543 4.466774 1
104.826888 206.236925 3.311874 1
108.196461 190.630894 0.994233 1
108.196461 190.630894 0.994233 1
105.825189 194.351803 36.180389 1
107.065388 175.623156 38.535167 1
108.601187 152.430554 41.451205 1
94.365550 133.731531 41.677771 1
82.516786 118.167749 41.866350 1
90.291114 104.232837 45.442039 1
96.909597 99.867172 46.271106 1
104.573902 194.249615 21.518581 1
108.848347 175.822064 21.578350 1
114.141550 153.002542 21.652361 1
112.159188 129.377655 22.393742 1
110.542475 110.110417 22.998372 1
125.497195 103.683160 21.431771 1
133.447514 103.105802 21.535939 1
106.337400 195.657800 28.655300 1
106.470432 203.971297 28.598748 1
106.029939 214.418478 28.571136 1
106.285711 224.433841 28.464096 1
110.608146 249.809221 27.683587 1
113.279582 256.839004 25.722550 1
115.073329 276.566160 25.677633 1
107.608209 235.271678 32.465100 1
110.426141 243.531401 43.655814 1
114.905493 238.015738 42.740904 1
127.952288 221.950536 40.076089 1
133.141130 215.904811 39.001834 1
143.554044 203.772315 36.846035 1
143.554044 203.772315 36.846035 1
106.430888 235.215240 24.110232 1
103.825335 241.066824 11.446666 1
103.822492 234.121441 9.690013 1
103.814208 213.891959 4.573487 1
105.935914 206.216203 3.473472 1
110.193730 190.812580 1.265971 1
110.193730 190.812580 1.265971 1
105.883985 194.303418 36.084811 1
107.173107 175.579189 38.448432 1
108.769491 152.392058 41.375420 1
94.507295 133.713667 41.631521 1
82.636423 118.167057 41.844682 1
90.382917 104.223932 45.448658 1
96.980701 99.828762 46.286762 1
104.648348 194.223445 21.421539 1
108.906753 175.792282 21.507124 1
114.180093 152.968288 21.613105 1
112.147553 129.348369 22.376596 1
110.489917 110.085183 22.999258 1
125.444531 103.646415 21.479614 1
133.394173 103.064054 21.605355 1
106.454100 195.643100 28.577400 1
106.594271 203.956503 28.524298 1
106.154631 214.403730 28.500797 1
106.395784 224.419474 28.395523 1
110.642285 249.807740 27.617243 1
113.313126 256.853709 25.714345 1
115.139467 276.577785 25.788675 1
107.682611 235.261398 32.397087 1
110.399559 243.231970 43.820047 1
114.425110 237.334506 43.237766 1
126.150140 220.157250 41.541784 1
130.688421 213.572535 40.720553 1
139.795795 200.358397 39.072517 1
139.795795 200.358397 39.072517 1
106.511715 235.201099 24.041343 1
104.023062 241.059993 11.357661 1
104.125342 234.104079 9.646235 1
104.423246 213.843923 4.661442 1
106.962667 206.292201 3.588257 1
112.058749 191.137486 1.434598 1
112.058749 191.137486 1.434598 1
106.008739 194.285873 36.006879 1
107.249872 175.555414 38.346712 1
108.786826 152.360569 41.244242 1
94.510362 133.694591 41.593444 1
82.627615 118.158313 41.884095 1
90.370123 104.208463 45.470568 1
97.017584 99.885165 46.289742 1
104.754821 194.213363 21.345120 1
109.013807 175.782399 21.443599 1
114.287867 152.958650 21.565548 1
112.212946 129.342523 22.332311 1
110.520747 110.082429 22.957643 1
125.469355 103.629315 21.439757 1
133.418440 103.039487 21.565943 1
106.584900 195.625300 28.511800 1
106.745106 203.938110 28.430223 1
106.318125 214.385754 28.377104 1
106.548406 224.401508 28.250585 1
110.708600 249.802793 27.432048 1
113.364312 256.894215 25.683040 1
115.165359 276.620320 25.814381 1
107.810292 235.252166 32.236388 1
110.390890 242.821711 43.959797 1
113.871804 236.562493 43.787721 1
124.010498 218.331571 43.286523 1
127.934172 211.332385 42.791481 1
135.808161 197.286493 41.798039 1
135.808161 197.286493 41.798039 1
106.616643 235.178510 23.883971 1
104.253139 241.073168 11.192923 1
104.426165 234.110173 9.516333 1
104.930127 213.829395 4.633005 1
107.831293 206.408094 3.566979 1
113.653323 191.515105 1.427688 1
113.653323 191.515105 1.427688 1
106.150727 194.294336 35.946691 1
107.383727 175.559184 38.253008 1
108.910611 152.358527 41.109034 1
94.608293 133.713072 41.494790 1
82.704027 118.193875 41.815867 1
90.440686 104.225443 45.342129 1
97.051167 99.838087 46.118883 1
104.868077 194.175202 21.287722 1
109.130318 175.745002 21.388480 1
114.408407 152.922201 21.513251 1
112.279571 129.311494 22.298922 1
110.543401 110.055821 22.939675 1
125.474223 103.573232 21.373106 1
133.422551 102.968194 21.471951 1
106.730100 195.528600 28.420300 1
106.922364 203.840831 28.349793 1
106.520133 214.289528 28.313197 1
106.742522 224.305696 28.206904 1
110.802211 249.725109 27.448696 1
113.436291 256.845391 25.786376 1
115.164077 276.577833 25.946751 1
107.969459 235.150523 32.219397 1
110.362062 242.544343 44.093854 1
113.213829 235.975389 44.295005 1
121.520035 216.842316 44.880888 1
124.781224 209.495727 44.735357 1
131.325744 194.752673 44.443310 1
131.325744 194.752673 44.443310 1
106.760736 235.094492 23.869011 1
104.558147 241.000212 11.154182 1
104.783606 234.036538 9.486672 1
105.440287 213.753779 4.629790 1
108.605868 206.441522 3.562603 1
114.958521 191.767363 1.420984 1
114.958521 191.767363 1.420984 1
106.300552 194.189199 35.853944 1
107.498211 175.454530 38.182696 1
108.981332 152.254471 41.066503 1
94.752548 133.553153 41.467145 1
82.909486 117.987460 41.800612 1
90.676704 104.038104 45.335201 1
97.387640 99.808464 46.125243 1
104.998185 194.094994 21.196532 1
109.285277 175.670711 21.322063 1
114.594140 152.855237 21.477511 1
112.331876 129.255959 22.233096 1
110.486890 110.009606 22.849311 1
125.402639 103.485980 21.309749 1
133.348965 102.858130 21.425895 1
106.893500 195.591100 28.309200 1
107.096126 203.903225 28.257795 1
106.698245 214.352129 28.235443 1
106.908513 224.368595 28.132673 1
110.896399 249.799092 27.365116 1
113.521110 256.961621 25.878791 1
115.133978 276.703814 26.035848 1
108.089178 235.220715 32.139327 1
110.254667 242.405601 44.184405 1
112.453376 235.610991 44.752862 1
118.857450 215.820659 46.408581 1
121.452632 208.213332 46.558586 1
126.660614 192.947030 46.859618 1
126.660614 192.947030 46.859618 1
106.910759 235.153345 23.784694 1
104.903578 241.084055 11.049164 1
105.173624 234.123245 9.376325 1
105.960173 213.848832 4.503921 1
109.275289 206.601748 3.446241 1
115.928028 192.058380 1.323700 1
115.928028 192.058380 1.323700 1
106.428149 194.235976 35.737838 1
107.619625 175.504427 38.094697 1
109.095087 152.308232 41.013311 1
94.841866 133.626703 41.465255 1
82.978464 118.077482 41.841423 1
90.715726 104.132590 45.458368 1
97.407384 99.879279 46.284054 1
105.193098 194.175400 21.074423 1
109.438563 175.741641 21.221609 1
114.695879 152.914432 21.403873 1
112.385795 129.322323 22.234882 1
110.501810 110.081816 22.912609 1
125.412894 103.529427 21.452028 1
133.357730 102.889567 21.600114 1
107.051400 195.601700 28.127900 1
107.252309 203.913906 28.083176 1
106.846026 214.362474 28.055994 1
107.038320 224.379170 27.941115 1
110.956884 249.819386 27.139356 1
113.581458 257.021950 25.860768 1
115.045785 276.775539 26.038698 1
108.154546 235.245077 31.928830 1
110.024743 242.283188 44.109273 1
111.567806 235.343596 44.995384 1
116.062214 215.130978 47.576319 1
118.037535 207.343172 47.853946 1
122.001586 191.714686 48.411089 1
122.001586 191.714686 48.411089 1
107.043598 235.152613 23.565198 1
105.256193 241.098501 10.804029 1
105.587303 234.144771 9.112819 1
106.551712 213.890978 4.186909 1
109.890061 206.651670 3.149241 1
116.589423 192.123906 1.066859 1
116.589423 192.123906 1.066859 1
106.514431 194.242223 35.550909 1
107.729948 175.518842 37.959823 1
109.235182 152.332763 40.942899 1
95.003370 133.634396 41.372667 1
83.157788 118.071159 41.730376 1
90.890920 104.157633 45.474702 1
97.547556 99.863591 46.369749 1
105.421574 194.189680 20.876180 1
109.565812 175.733482 21.083857 1
114.697774 152.878485 21.341029 1
112.358837 129.289552 22.181444 1
110.451319 110.051636 22.866842 1
125.366972 103.476210 21.565071 1
133.308997 102.825334 21.793876 1
107.178000 195.623100 27.996300 1
107.376689 203.935325 27.945584 1
106.962744 214.383520 27.898024 1
107.140056 224.400274 27.765513 1
111.004329 249.848355 26.949961 1
113.611259 257.085514 25.842019 1
114.896939 276.850618 26.102657 1
108.174658 235.279317 31.739400 1
109.728854 242.287922 43.981122 1
110.766239 235.291703 45.121709 1
113.787781 214.914153 48.443841 1
115.302546 207.030377 48.868650 1
118.342360 191.209301 49.721155 1
118.342360 191.209301 49.721155 1
107.177019 235.162325 23.361804 1
105.622563 241.128753 10.579737 1
106.034365 234.184698 8.866641 1
107.233800 213.959083 3.876982 1
110.481825 206.675689 2.861403 1
116.999927 192.059453 0.823348 1
116.999927 192.059453 0.823348 1
106.528846 194.271469 35.411775 1
107.745256 175.552338 37.853043 1
109.251595 152.371521 40.876185 1
95.066904 133.638427 41.349294 1
83.260542 118.046285 41.743078 1
90.979933 104.168479 45.645004 1
97.636129 99.891222 46.620096 1
105.658967 194.202636 20.722209 1
109.747719 175.734877 20.992594 1
114.810971 152.865565 21.327418 1
112.365941 129.286970 22.155876 1
110.371901 110.057484 22.831522 1
125.298267 103.467765 21.742162 1
133.235800 102.810193 22.081177 1
107.306500 195.680500 28.001600 1
107.472564 203.992988 27.901115 1
107.016221 214.438896 27.786471 1
107.152266 224.455747 27.617480 1
110.915822 249.919447 26.818632 1
113.587092 257.151392 25.837109 1
114.612914 276.930437 26.179570 1
108.059663 235.348223 31.585647 1
109.288162 242.321942 43.884178 1
109.984167 235.316924 45.214394 1
112.011392 214.913743 49.088851 1
113.241433 206.986069 49.606418 1
115.709866 191.076897 50.645068 1
115.709866 191.076897 50.645068 1
107.226086 235.208054 23.190494 1
105.961635 241.166436 10.372745 1
106.461326 234.233655 8.637511 1
107.916749 214.040878 3.583372 1
110.992680 206.682206 2.574666 1
117.165425 191.914902 0.550403 1
117.165425 191.914902 0.550403 1
106.524096 194.373365 35.412188 1
107.792470 175.662115 37.887192 1
109.363160 152.491056 40.952110 1
95.231989 133.715375 41.328804 1
83.470174 118.087787 41.642338 1
91.170700 104.241527 45.690858 1
97.738227 99.848943 46.750808 1
105.929652 194.207511 20.709675 1
109.889864 175.711822 20.984102 1
114.793939 152.807922 21.323934 1
112.273015 129.235325 22.093547 1
110.217079 110.010732 22.721203 1
125.151110 103.415365 21.781323 1
133.084305 102.753589 22.203502 1
107.349100 195.707400 27.852400 1
107.511616 204.019905 27.747662 1
107.047954 214.465286 27.615609 1
107.171107 224.482194 27.440260 1
110.891077 249.953866 26.693058 1
113.611319 257.179330 25.802524 1
114.399627 276.968060 26.208677 1
107.971718 235.380563 31.415222 1
108.859052 242.443012 43.692449 1
109.420190 235.448052 45.134620 1
111.054592 215.074172 49.335162 1
112.192352 207.138383 49.933206 1
114.475596 191.212928 51.133356 1
114.475596 191.212928 51.133356 1
107.310623 235.230398 23.004902 1
106.356087 241.154541 10.144527 1
106.935765 234.230885 8.397772 1
108.624166 214.064689 3.310077 1
111.486811 206.618908 2.312826 1
117.231536 191.676796 0.311552 1
117.231536 191.676796 0.311552 1
106.433718 194.406146 35.248777 1
107.784725 175.713812 37.821080 1
109.457743 152.566179 41.006489 1
95.381342 133.748615 41.341626 1
83.665113 118.086167 41.620571 1
91.335555 104.290318 45.892150 1
97.851067 99.851674 47.074197 1
106.105224 194.227214 20.538072 1
109.989412 175.716408 20.873138 1
114.799344 152.793790 21.288061 1
112.178713 129.231016 22.024719 1
110.041460 110.014434 22.625499 1
124.977842 103.394149 21.929889 1
132.902081 102.719562 22.480462 1
107.370600 195.723500 27.708200 1
107.509630 204.036287 27.592559 1
107.016839 214.479955 27.433372 1
107.115214 224.496842 27.241856 1
110.783435 249.976740 26.519727 1
113.581364 257.178657 25.680625 1
114.218209 276.972468 26.104498 1
107.805676 235.405082 31.210396 1
108.398001 242.524997 43.472198 1
109.034840 235.551994 44.987406 1
110.889734 215.242066 49.400681 1
112.112218 207.330287 50.134288 1
114.565485 191.453013 51.606486 1
114.565485 191.453013 51.606486 1
107.317794 235.236637 22.788597 1
106.707473 241.062747 9.862663 1
107.346872 234.141534 8.127104 1
109.209220 213.982452 3.072018 1
111.889795 206.466592 2.094641 1
117.269144 191.383846 0.133250 1
117.269144 191.383846 0.133250 1
106.323428 194.431389 35.088678 1
107.732418 175.758869 37.771412 1
109.477239 152.635772 41.093573 1
95.443496 133.785810 41.395389 1
83.762773 118.096396 41.646600 1
91.400977 104.357217 46.152189 1
97.851855 99.859067 47.457372 1
106.265874 194.227662 20.374741 1
110.075853 175.703057 20.789688 1
114.793889 152.763350 21.303530 1
112.108394 129.207824 22.038354 1
109.918243 109.997152 22.637637 1
124.852620 103.350439 22.198208 1
132.765629 102.663489 22.879501 1
107.379500 195.714000 27.588600 1
107.493098 204.027156 27.471702 1
106.968478 214.469043 27.298027 1
107.037156 224.485995 27.097238 1
110.633877 249.976806 26.401050 1
113.502719 257.153601 25.586524 1
114.140182 276.946587 26.046503 1
107.616415 235.402983 31.059509 1
107.964492 242.578825 43.298053 1
108.792886 235.628941 44.826799 1
111.205712 215.386350 49.279506 1
112.615948 207.514039 50.096111 1
115.445993 191.715969 51.734868 1
115.445993 191.715969 51.734868 1
107.288167 235.219086 22.630302 1
106.892538 240.985277 9.669193 1
107.578741 234.063007 7.955866 1
109.577408 213.900846 2.965537 1
112.192456 206.356539 2.030731 1
117.440306 191.216706 0.154773 1
117.440306 191.216706 0.154773 1
106.209960 194.421270 34.950570 1
107.616058 175.756527 37.688378 1
109.357298 152.643062 41.078739 1
95.363663 133.763022 41.362290 1
83.716324 118.048574 41.598298 1
91.321181 104.353633 46.291086 1
97.757882 99.866555 47.700235 1
106.405852 194.211707 20.237906 1
110.218715 175.688907 20.703788 1
114.940322 152.751434 21.280705 1
112.162994 129.205871 21.993166 1
109.897947 110.003326 22.574212 1
124.823978 103.326766 22.362836 1
132.724605 102.624846 23.162311 1
107.367200 195.708300 27.471800 1
107.457694 204.021706 27.352550 1
106.905041 214.461885 27.163813 1
106.946784 224.478886 26.958079 1
110.476268 249.980326 26.308600 1
113.444727 257.114832 25.479639 1
114.162792 276.904513 25.962489 1
107.422294 235.400014 30.922749 1
107.563352 242.665254 43.112590 1
108.660824 235.744172 44.602005 1
111.857379 215.585468 48.940153 1
113.526281 207.766700 49.783082 1
116.875414 192.076081 51.474666 1
116.875414 192.076081 51.474666 1
107.243267 235.210003 22.489189 1
107.035375 240.908887 9.493985 1
107.739661 233.986261 7.789457 1
109.791002 213.823063 2.824756 1
112.398883 206.268884 1.951692 1
117.632351 191.109241 0.199634 1
117.632351 191.109241 0.199634 1
106.079484 194.415444 34.813999 1
107.472395 175.754667 37.585374 1
109.197306 152.646113 41.017303 1
95.243032 133.737035 41.305602 1
83.628454 117.998416 41.545562 1
91.215618 104.350815 46.402046 1
97.648168 99.886364 47.899269 1
106.520261 194.199681 20.106724 1
110.261097 175.663167 20.609621 1
114.893510 152.708713 21.232376 1
112.050104 129.170980 21.942905 1
109.731167 109.974820 22.522375 1
124.645209 103.268190 22.519945 1
132.533069 102.551783 23.425583 1
107.348900 195.713400 27.317000 1
107.416193 204.027024 27.197603 1
106.834807 214.465500 27.001147 1
106.848888 224.482579 26.795442 1
110.308372 249.994737 26.191902 1
113.339875 257.100760 25.346606 1
114.185848 276.885975 25.804683 1
107.236934 235.405268 30.765334 1
107.224650 242.755517 42.904918 1
108.584139 235.867335 44.329321 1
112.543862 215.804460 48.478111 1
114.490024 208.036174 49.181731 1
118.395560 192.446861 50.593752 1
118.395560 192.446861 50.593752 1
107.172975 235.214389 22.330135 1
107.092437 240.864492 9.312237 1
107.825610 233.941839 7.620046 1
109.961088 213.778560 2.691277 1
112.560690 206.216382 1.863978 1
117.777545 191.040685 0.203761 1
117.777545 191.040685 0.203761 1
105.968767 194.417614 34.641872 1
107.350509 175.762116 37.454078 1
109.061589 152.660099 40.936570 1
95.138495 133.728534 41.255039 1
83.549870 117.971200 41.520111 1
91.111860 104.363524 46.525609 1
97.541570 99.921745 48.100447 1
106.603215 194.201360 19.941686 1
110.265793 175.649999 20.472401 1
114.801297 152.677160 21.129604 1
111.857345 129.153288 21.888056 1
109.456409 109.968432 22.506609 1
124.355852 103.231239 22.662689 1
132.233634 102.501727 23.642553 1
107.286700 195.707300 27.167100 1
107.343509 204.020971 27.045521 1
106.747324 214.458494 26.842899 1
106.744302 224.475723 26.644159 1
110.153492 249.996276 26.113754 1
113.239544 257.079119 25.271311 1
114.158724 276.861303 25.719096 1
107.064035 235.393726 30.632984 1
106.941806 242.764798 42.759327 1
108.574568 235.919098 44.098976 1
113.330240 215.979957 48.000908 1
115.740091 208.334056 48.602333 1
120.576154 192.990344 49.809268 1
120.576154 192.990344 49.809268 1
107.093968 235.214406 22.197343 1
107.122795 240.869059 9.181203 1
107.889285 233.947843 7.497916 1
110.121801 213.788753 2.595082 1
112.723635 206.224728 1.792033 1
117.944967 191.045325 0.180482 1
117.944967 191.045325 0.180482 1
105.838594 194.411976 34.478919 1
107.256908 175.765766 37.334187 1
109.013276 152.675251 40.870005 1
95.105507 133.733710 41.257450 1
83.529637 117.968072 41.579933 1
91.082750 104.399978 46.704855 1
97.516261 99.983429 48.334186 1
106.613492 194.191806 19.785525 1
110.298093 175.645342 20.334628 1
114.860870 152.678567 21.014601 1
111.910554 129.156848 21.813984 1
109.504428 109.973747 22.465918 1
124.403278 103.238918 22.737696 1
132.274509 102.512971 23.771371 1
107.232800 195.686000 26.986600 1
107.269531 203.999839 26.868852 1
106.653088 214.436212 26.667612 1
106.639628 224.453595 26.477285 1
110.045341 249.975729 26.003645 1
113.182680 257.036865 25.168446 1
114.176262 276.816593 25.562616 1
106.921243 235.367445 30.480326 1
106.733587 242.724104 42.614583 1
108.709154 235.947645 43.839706 1
114.463293 216.210180 47.408064 1
117.382208 208.749446 48.076098 1
123.239855 193.777323 49.416704 1
123.239855 193.777323 49.416704 1
107.024616 235.197110 22.045079 1
107.149882 240.852720 9.029926 1
107.939334 233.928286 7.370660 1
110.238734 213.759822 2.537791 1
112.877425 206.204905 1.770034 1
118.172720 191.043781 0.229304 1
118.172720 191.043781 0.229304 1
105.733614 194.383899 34.286912 1
107.233058 175.752628 37.197708 1
109.089892 152.680613 40.802290 1
95.207532 133.722148 41.265743 1
83.652809 117.942424 41.651489 1
91.190757 104.410047 46.891874 1
97.632020 100.025121 48.575098 1
106.618349 194.171976 19.599601 1
110.322379 175.629889 20.165556 1
114.909215 152.668534 20.866397 1
111.892934 129.157689 21.736379 1
109.433011 109.983457 22.445890 1
124.327177 103.242482 22.807294 1
132.193546 102.516682 23.877441 1
