71 35
141.625400 174.200900 15.707140 1
141.510505 181.053697 15.939001 1
141.387623 190.543101 15.601196 1
141.158682 199.638913 15.686198 1
140.131654 222.805471 18.726259 1
141.075348 227.573400 23.844065 1
142.533260 243.847367 31.370906 1
137.002768 209.346849 15.617941 1
125.380214 214.442000 17.867119 1
125.175308 208.169490 19.582895 1
124.578489 189.899959 24.580326 1
129.891163 190.001051 29.587193 1
140.552575 190.203919 39.634912 1
140.552575 190.203919 39.634912 1
144.628996 209.592365 16.323382 1
155.957086 215.695505 17.050839 1
156.185510 209.220476 17.644201 1
156.850823 190.361080 19.372447 1
151.816100 194.263528 22.939785 1
141.712477 202.094913 30.098677 1
141.712477 202.094913 30.098677 1
135.706032 172.989002 14.149204 1
134.639794 156.009886 16.539064 1
133.319422 134.983855 19.498538 1
133.864188 113.735870 17.552149 1
134.317616 96.050504 15.932108 1
130.711945 89.485121 28.755569 1
129.681193 88.552811 35.860674 1
147.770595 173.146880 15.461399 1
149.223420 156.448691 19.229935 1
151.022503 135.770761 23.896640 1
152.173243 114.501813 20.682466 1
153.111728 97.155947 18.061150 1
154.561299 89.695538 30.819963 1
154.271009 88.211377 37.900060 1
140.721400 174.307100 15.472480 1
140.550872 181.158468 15.712181 1
140.350792 190.647025 15.387745 1
140.056374 199.740767 15.490815 1
138.895935 222.893018 18.591266 1
139.709209 227.681291 23.712465 1
140.967932 244.297967 30.489079 1
135.836227 209.421174 15.471386 1
124.220094 214.574971 17.617765 1
124.244444 208.337946 19.469568 1
124.315364 190.171767 24.863194 1
129.816573 191.024174 29.586915 1
140.856335 192.734771 39.066420 1
140.856335 192.734771 39.066420 1
143.464977 209.715438 16.129297 1
154.869334 215.635152 17.129674 1
155.407221 209.179087 17.729800 1
156.973887 190.374924 19.477750 1
151.956769 194.244205 23.105508 1
141.888476 202.009032 30.385649 1
141.888476 202.009032 30.385649 1
134.804139 173.047669 13.944532 1
133.927379 156.048436 16.267463 1
132.841648 134.997492 19.144057 1
133.566905 113.741363 17.351551 1
134.170561 96.049219 15.859592 1
130.708795 89.520396 28.741242 1
129.732412 88.617196 35.857777 1
146.873745 173.304393 15.193192 1
148.597930 156.964961 20.212382 1
150.733047 136.731294 26.427811 1
152.001541 115.606692 22.407188 1
153.036059 98.378548 19.128174 1
154.899434 90.503515 31.580400 1
154.812997 88.775771 38.610493 1
139.878100 174.378600 15.126920 1
139.639674 181.227567 15.377079 1
139.348804 190.714422 15.072132 1
138.975935 199.804920 15.203451 1
137.646688 222.934882 18.400971 1
138.312062 227.726330 23.540519 1
139.345913 244.656353 29.534374 1
134.679490 209.451652 15.241175 1
123.068364 214.654386 17.294572 1
123.355838 208.507903 19.408420 1
124.193142 190.605440 25.565288 1
129.702554 192.377604 30.016046 1
140.758778 195.933959 38.947775 1
140.758778 195.933959 38.947775 1
142.308540 209.803644 15.866453 1
153.711572 215.686102 17.079163 1
153.931071 209.285389 18.225000 1
154.570391 190.642447 21.562406 1
149.835668 194.909539 25.122992 1
140.334084 203.472687 32.268333 1
140.334084 203.472687 32.268333 1
133.971741 173.062577 13.604495 1
133.277748 156.047062 15.869282 1
132.418344 134.975955 18.673874 1
133.332494 113.706864 17.140209 1
134.093371 96.003929 15.863690 1
130.718095 89.525120 28.793455 1
129.763004 88.658510 35.917425 1
146.039764 173.437619 14.838436 1
148.186075 157.696087 21.375988 1
150.843926 138.202817 29.471657 1
152.260787 117.235927 24.738232 1
153.416306 100.136404 20.877893 1
155.759911 91.971874 33.059610 1
155.905822 90.062105 40.041463 1
139.100800 174.391800 14.795810 1
138.795582 181.237098 15.072433 1
138.425916 190.722319 14.804242 1
137.979046 199.808937 14.968930 1
136.439062 222.914935 18.244215 1
137.036069 227.754729 23.346727 1
137.873500 244.887028 28.769259 1
133.614368 209.425052 14.983812 1
122.066059 214.831807 16.856429 1
122.587488 208.862786 19.392008 1
124.106217 191.477208 26.777224 1
129.556542 194.256723 30.761153 1
140.494191 199.834617 38.756053 1
140.494191 199.834617 38.756053 1
141.230660 209.827815 15.723509 1
152.501172 215.966177 16.906391 1
152.464992 209.766597 18.879752 1
152.359612 191.709483 24.627430 1
147.782854 196.328024 27.947942 1
138.598269 205.596456 34.611505 1
138.598269 205.596456 34.611505 1
133.230390 173.028758 13.178661 1
132.692124 156.019006 15.527546 1
132.025564 134.955037 18.436281 1
133.125405 113.680251 17.118740 1
134.040839 95.972577 16.022110 1
130.577459 89.514898 28.939139 1
129.550496 88.667624 36.055433 1
145.274511 173.508497 14.596210 1
147.912788 158.459525 22.451784 1
151.179856 139.823878 32.179604 1
152.821582 118.977647 27.006336 1
154.160489 101.976529 22.787283 1
156.900953 93.704026 34.812333 1
157.226852 91.710705 41.764688 1
138.463400 174.434200 14.602730 1
138.076860 181.275302 14.881475 1
137.620725 190.756701 14.611291 1
137.099879 199.839665 14.759409 1
135.356924 222.942936 17.951135 1
135.787774 227.759350 23.092358 1
136.456196 244.999316 28.187217 1
132.680372 209.430206 14.660502 1
121.121615 214.911227 16.227879 1
121.872775 209.250993 19.346816 1
124.060627 192.764799 28.431142 1
129.454836 196.302283 31.850521 1
140.279874 203.401259 38.712489 1
140.279874 203.401259 38.712489 1
140.276714 209.878830 15.561397 1
151.348219 216.381005 16.677910 1
151.229371 210.544195 19.549804 1
150.883211 193.543697 27.914582 1
146.226191 198.370331 30.798883 1
136.880537 208.056363 36.587066 1
136.880537 208.056363 36.587066 1
132.650272 173.010297 12.837845 1
132.221920 156.008739 15.267291 1
131.691472 134.954917 18.275786 1
132.940986 113.675565 17.184927 1
133.980997 95.964091 16.276971 1
130.276153 89.483905 29.115490 1
129.097114 88.630285 36.207413 1
144.649420 173.618282 14.555769 1
147.727708 159.144729 23.284027 1
151.539657 141.221641 34.092521 1
153.604946 120.419302 28.894388 1
155.289289 103.453980 24.655056 1
158.289297 95.282566 36.687272 1
158.702127 93.318340 43.643288 1
137.947100 174.479200 14.547050 1
137.480198 181.316360 14.798102 1
136.935150 190.791810 14.487000 1
136.329841 199.870223 14.584186 1
134.331635 222.975029 17.610949 1
134.527929 227.888155 22.674377 1
135.122625 245.163949 27.655754 1
131.839497 209.424913 14.329230 1
120.301507 215.034781 15.556948 1
121.231538 209.742221 19.224931 1
123.940380 194.326924 29.908428 1
129.195477 198.516965 32.759910 1
139.741345 206.925485 38.482232 1
139.741345 206.925485 38.482232 1
139.408473 209.938148 15.408333 1
150.286050 216.748951 16.589182 1
150.089346 211.347591 20.210905 1
149.516418 195.615402 30.759661 1
144.736519 200.604427 33.118819 1
135.144273 210.616343 37.853149 1
135.144273 210.616343 37.853149 1
132.197815 172.988797 12.634149 1
131.850294 155.988803 15.087332 1
131.419943 134.936918 18.125222 1
132.768845 113.652949 17.267786 1
133.891580 95.937632 16.554115 1
129.889504 89.403894 29.275747 1
128.531988 88.525038 36.332582 1
144.140602 173.729814 14.664220 1
147.640752 159.559263 23.724381 1
151.975108 142.011392 34.943881 1
154.883339 121.176648 30.309346 1
157.255143 104.184897 26.529656 1
160.425419 96.473273 38.818939 1
160.832608 94.721005 45.831680 1
137.546300 174.463000 14.754080 1
137.014693 181.295767 14.995897 1
136.398540 190.765844 14.655322 1
135.716067 199.839258 14.684239 1
133.447116 222.954467 17.427437 1
133.510549 227.933645 22.429377 1
133.846661 245.280925 27.181191 1
131.157535 209.353219 14.210303 1
119.667335 215.131061 15.043960 1
120.778193 210.244978 19.193952 1
124.013714 196.013601 31.281367 1
128.939377 200.679101 33.978475 1
138.824139 210.041768 39.391002 1
138.824139 210.041768 39.391002 1
138.688906 209.939979 15.495388 1
149.438293 216.935006 16.769512 1
149.097482 211.973117 20.964003 1
148.104823 197.520945 33.181027 1
143.287348 202.699127 34.992601 1
133.619696 213.090641 38.628046 1
133.619696 213.090641 38.628046 1
131.861419 172.924889 12.692256 1
131.587083 155.938324 15.245688 1
131.247360 134.903069 18.407722 1
132.664850 113.621331 17.607449 1
133.844674 95.907871 16.941357 1
129.583499 89.285802 29.532498 1
128.072872 88.360654 36.552204 1
143.740863 173.766360 15.031318 1
147.654305 159.599278 23.926308 1
152.500455 142.055704 34.941272 1
156.873019 121.229288 31.599959 1
160.439058 104.244329 28.874955 1
163.612450 97.440311 41.688276 1
163.862079 96.107425 48.799948 1
137.336900 174.334800 15.108260 1
136.751920 181.163481 15.342135 1
136.079324 190.628583 14.971367 1
135.327960 199.696476 14.924455 1
132.789865 222.819757 17.344811 1
132.671489 227.882690 22.260942 1
132.860474 245.334252 26.623061 1
130.709525 209.166263 14.207876 1
119.352224 215.248974 14.547690 1
120.568510 210.679651 19.016714 1
124.111104 197.370877 32.033352 1
128.874144 202.238229 34.665038 1
138.432558 212.005971 39.946274 1
138.432558 212.005971 39.946274 1
138.193065 209.829856 15.715705 1
148.781388 217.057384 17.039850 1
148.277527 212.449449 21.605297 1
146.809962 199.028214 34.902778 1
142.052749 204.412630 36.199087 1
132.506028 215.218012 38.800505 1
132.506028 215.218012 38.800505 1
131.723860 172.760681 12.883241 1
131.489072 155.800350 15.609175 1
131.198324 134.797582 18.984827 1
132.644644 113.521914 18.081410 1
133.848463 95.813505 17.329468 1
129.317043 89.063657 29.757342 1
127.652784 88.067806 36.732490 1
143.525636 173.679953 15.561579 1
147.932234 159.332223 23.920206 1
153.389075 141.564947 34.270972 1
159.275035 120.904514 32.681856 1
164.075323 104.054923 31.385853 1
167.030817 98.354087 44.776588 1
167.008408 97.520914 51.968257 1
137.400000 174.210200 15.627170 1
136.724039 181.030346 15.864799 1
135.944865 190.486443 15.473490 1
135.080670 199.543502 15.345887 1
132.161088 222.658068 17.390160 1
131.879301 227.812516 22.203465 1
131.932422 245.358362 26.173516 1
130.370931 208.942445 14.346626 1
119.187558 215.343993 14.111079 1
120.447277 211.026821 18.812715 1
124.116380 198.452476 32.506867 1
128.720530 203.521129 35.039453 1
137.960085 213.692840 40.121816 1
137.960085 213.692840 40.121816 1
137.785449 209.722403 16.116900 1
148.267135 217.067481 17.629244 1
147.650816 212.699326 22.411463 1
145.855703 199.976482 36.340322 1
141.154032 205.499686 37.172146 1
131.718772 216.583587 38.841443 1
131.718772 216.583587 38.841443 1
131.875109 172.575124 13.231993 1
131.596624 155.647515 16.150411 1
131.251763 134.685268 19.764425 1
132.662244 113.414743 18.697951 1
133.836233 95.710615 17.810292 1
128.955399 88.824605 30.029399 1
127.102166 87.749484 36.944876 1
143.580236 173.629689 16.261571 1
148.454248 159.067460 23.964013 1
154.489902 141.034563 33.502203 1
161.592416 120.697981 33.470021 1
167.384862 104.112506 33.443775 1
169.905908 99.306620 47.267453 1
169.533587 98.854909 54.483553 1
137.558900 174.113800 16.241167 1
136.827607 180.929645 16.434153 1
135.986179 190.377374 15.975427 1
135.040557 199.424609 15.759148 1
131.800412 222.521208 17.501205 1
131.246145 227.778663 22.177485 1
131.122417 245.404086 25.776093 1
130.262166 208.760607 14.523664 1
119.172876 215.276135 13.699862 1
120.420400 211.177788 18.596543 1
124.053982 199.240799 32.858789 1
128.533105 204.461714 35.304793 1
137.521758 214.938982 40.213406 1
137.521758 214.938982 40.213406 1
137.606017 209.639772 16.526712 1
147.870273 217.268213 18.125166 1
147.159775 213.094001 23.064942 1
145.090353 200.936041 37.452708 1
140.421022 206.533748 37.860706 1
131.050664 217.767160 38.679471 1
131.050664 217.767160 38.679471 1
132.121986 172.431203 13.683119 1
131.835802 155.525432 16.724770 1
131.481407 134.590226 20.491388 1
132.808832 113.322023 19.281622 1
133.913691 95.619828 18.274695 1
128.715556 88.597123 30.283328 1
126.695275 87.439958 37.138516 1
143.720673 173.579845 17.067132 1
149.072240 158.906617 24.222494 1
155.699268 140.736266 33.083218 1
163.726059 120.772236 34.098811 1
170.272299 104.490595 34.927078 1
172.432693 100.283565 49.004714 1
171.782048 100.062051 56.211820 1
137.958500 174.061200 16.897394 1
137.155600 180.870408 17.030897 1
136.232648 190.306631 16.498121 1
135.192254 199.341496 16.211356 1
131.606835 222.401044 17.756735 1
130.764066 227.783527 22.243856 1
130.438876 245.464436 25.545454 1
130.345226 208.613184 14.775238 1
119.227220 214.993660 13.440099 1
120.382186 211.090105 18.515388 1
123.746179 199.720474 33.297856 1
128.144324 205.025642 35.709275 1
136.970471 215.671989 40.548485 1
136.970471 215.671989 40.548485 1
137.602308 209.590246 17.032978 1
147.626513 217.511391 18.728235 1
146.824124 213.469610 23.763155 1
144.487059 201.697374 38.428041 1
139.798744 207.294064 38.442061 1
130.390289 218.525436 38.470195 1
130.390289 218.525436 38.470195 1
132.622006 172.312457 14.177375 1
132.258604 155.427785 17.326095 1
131.808585 134.518708 21.225303 1
132.999370 113.251411 19.866552 1
133.990499 95.549971 18.735620 1
128.410541 88.416204 30.505060 1
126.194460 87.187479 37.286902 1
144.095838 173.591984 17.920964 1
149.745750 158.846318 24.687495 1
156.742228 140.586266 33.066717 1
165.458049 120.950718 34.648810 1
172.566226 104.936970 35.939085 1
174.320512 100.984450 50.146348 1
173.394512 100.827286 57.324969 1
138.630200 174.010100 17.525700 1
137.741662 180.809122 17.633340 1
136.711209 190.231571 17.055750 1
135.549100 199.248948 16.695399 1
131.564213 222.259883 17.961787 1
130.413198 227.711633 22.294135 1
129.906308 245.442890 25.288529 1
130.591635 208.430101 15.067431 1
119.326392 214.456491 13.370357 1
120.383658 210.638496 18.531302 1
123.463086 199.518069 33.563252 1
127.782672 204.834451 36.089253 1
136.451170 215.503302 41.158405 1
136.451170 215.503302 41.158405 1
137.776789 209.541199 17.487410 1
147.567195 217.707810 19.373556 1
146.686051 213.697054 24.420107 1
144.119598 202.015186 39.118867 1
139.391698 207.576038 38.953582 1
129.903805 218.735491 38.621891 1
129.903805 218.735491 38.621891 1
133.383866 172.194997 14.676813 1
132.875908 155.332009 17.920312 1
132.246879 134.449785 21.936888 1
133.256300 113.185843 20.391600 1
134.096474 95.487195 19.105408 1
128.157531 88.289057 30.657985 1
125.766533 87.011417 37.371027 1
144.745739 173.616137 18.700328 1
150.479256 158.802184 25.243696 1
157.579265 140.457568 33.346567 1
166.706565 121.017572 35.020551 1
174.150324 105.163306 36.385766 1
175.581507 101.098302 50.597512 1
174.449934 100.841305 57.743719 1
139.419500 174.015700 18.132520 1
138.437064 180.801756 18.242289 1
137.289633 190.210727 17.665524 1
136.006723 199.211043 17.288820 1
131.647690 222.159393 18.454243 1
130.231648 227.733930 22.545088 1
129.461882 245.542549 24.970239 1
130.955683 208.317831 15.535622 1
119.500421 213.858044 13.489619 1
120.483084 209.936522 18.587295 1
123.345221 198.514561 33.434963 1
127.522434 203.733646 36.370178 1
135.905216 214.207240 42.260535 1
135.905216 214.207240 42.260535 1
138.059586 209.535076 18.137574 1
147.564138 218.030079 20.035347 1
146.666593 213.825380 24.918499 1
144.052372 201.578625 39.141337 1
139.238089 207.066324 39.247511 1
129.576844 218.078974 39.460580 1
129.576844 218.078974 39.460580 1
134.262682 172.140360 15.161813 1
133.560915 155.290386 18.436651 1
132.691885 134.424277 22.492035 1
133.490364 113.162267 20.803425 1
134.154965 95.465226 19.397942 1
127.832332 88.267388 30.745263 1
125.255881 86.975571 37.386594 1
145.512222 173.699758 19.441601 1
151.095090 158.804547 25.930544 1
158.008545 140.359307 33.966018 1
167.337234 120.996863 35.413305 1
174.945235 105.205845 36.593639 1
176.045569 100.794552 50.731390 1
174.725201 100.339886 57.835240 1
140.350800 174.099100 18.586780 1
139.280495 180.870543 18.759362 1
138.025204 190.270244 18.261482 1
136.638067 199.257009 17.933853 1
131.975479 222.143331 19.143276 1
130.199159 227.866626 22.872114 1
129.266368 245.733570 24.749081 1
131.513253 208.312510 16.129837 1
119.846278 213.260151 13.783419 1
120.791311 209.053384 18.655818 1
123.543846 196.800608 32.847341 1
127.434402 201.776133 36.509466 1
135.241926 211.760955 43.858576 1
135.241926 211.760955 43.858576 1
138.546514 209.599763 18.885467 1
147.761704 218.381944 20.899586 1
146.895329 213.820147 25.456959 1
144.371895 200.533295 38.730924 1
139.380395 205.802104 39.523403 1
129.363512 216.375486 41.113740 1
129.363512 216.375486 41.113740 1
135.269517 172.195093 15.506180 1
134.367549 155.340383 18.706786 1
133.250599 134.468410 22.670244 1
133.798416 113.199714 20.965968 1
134.254382 95.497110 19.547444 1
127.585559 88.355755 30.731099 1
124.845301 87.081573 37.309975 1
146.423889 173.843728 19.996442 1
151.766653 158.879637 26.528895 1
158.382778 140.349100 34.618251 1
167.705898 120.961277 35.720546 1
175.309357 105.149561 36.619521 1
176.125884 100.355885 50.651635 1
174.661334 99.707379 57.712040 1
141.168600 174.417700 18.953780 1
140.036259 181.176930 19.195426 1
138.701754 190.570227 18.791598 1
137.221750 199.544554 18.537685 1
132.247492 222.357680 19.880893 1
130.119680 228.201640 23.217988 1
129.071550 246.121635 24.399519 1
132.017613 208.552907 16.724718 1
120.182908 212.930042 14.101063 1
121.138457 208.340933 18.612964 1
123.921621 194.974534 31.754488 1
127.506168 199.395067 36.327599 1
134.699595 208.266138 45.504866 1
134.699595 208.266138 45.504866 1
138.980651 209.900325 19.626069 1
148.035478 218.770093 21.958544 1
147.390152 213.694110 25.977026 1
145.510552 198.909623 37.681399 1
140.252494 203.540345 39.733880 1
129.700687 212.833222 43.852776 1
129.700687 212.833222 43.852776 1
136.165323 172.512612 15.748686 1
134.979025 155.704937 19.100317 1
133.509976 134.891210 23.250798 1
133.695419 113.636876 21.306321 1
133.849770 95.946225 19.687872 1
126.816378 88.983107 30.760028 1
123.932546 87.784062 37.291488 1
147.214936 174.194582 20.479171 1
152.370970 159.153658 26.985169 1
158.755863 140.527977 35.041764 1
167.980778 121.086054 36.009171 1
175.504146 105.230217 36.798139 1
176.071037 100.103771 50.724533 1
174.482480 99.289504 57.740817 1
142.092300 174.453600 19.251290 1
140.908887 181.201760 19.550714 1
139.511709 190.589707 19.246814 1
137.947250 199.552215 19.107729 1
132.651288 222.271559 20.772177 1
130.338083 228.309233 23.602587 1
129.145882 246.248729 24.214099 1
132.682084 208.532671 17.332979 1
120.755632 212.473546 14.446395 1
121.744082 207.511229 18.536460 1
124.623075 193.057809 30.449325 1
127.955896 196.351566 36.048155 1
134.644164 202.961435 47.283822 1
134.644164 202.961435 47.283822 1
139.545098 209.903869 20.453257 1
148.493841 218.802086 23.069526 1
148.053154 213.327254 26.556969 1
146.769592 197.381067 36.714620 1
141.187152 200.802545 39.944679 1
129.984376 207.668726 46.426723 1
129.984376 207.668726 46.426723 1
137.188335 172.559305 15.890107 1
135.621225 155.810150 19.375598 1
133.680600 135.068891 23.691844 1
133.664918 113.824729 21.630922 1
133.651867 96.142544 19.915551 1
126.164248 89.347203 30.792370 1
123.059742 88.225978 37.235898 1
148.097546 174.248652 20.933487 1
153.084089 159.138113 27.410222 1
159.259095 140.426225 35.430579 1
168.450881 120.961099 36.232600 1
175.947231 105.086339 36.886687 1
176.248798 99.607955 50.686782 1
174.522404 98.611938 57.646832 1
142.796000 174.405300 19.413050 1
141.573784 181.144327 19.758721 1
140.129910 190.527598 19.540888 1
138.502934 199.479997 19.510187 1
132.968085 222.116169 21.498983 1
130.484475 228.272558 23.896108 1
129.260170 246.219277 24.088925 1
133.197615 208.448302 17.794555 1
121.161656 211.880208 14.718710 1
122.152195 206.537646 18.297272 1
125.037274 190.976710 28.720317 1
127.997050 193.111965 35.043595 1
133.936694 197.396969 47.733074 1
133.936694 197.396969 47.733074 1
139.977925 209.816473 21.091945 1
148.739628 218.836780 23.915019 1
148.426973 213.106493 26.980358 1
147.516320 196.416258 35.908575 1
141.668348 198.187931 39.904301 1
129.932707 201.743304 47.922878 1
129.932707 201.743304 47.922878 1
137.973300 172.524304 15.929060 1
136.136530 155.795046 19.378241 1
133.861972 135.078426 23.649524 1
133.685389 113.830657 21.633779 1
133.538415 96.145471 19.956010 1
125.692836 89.458171 30.645872 1
122.405098 88.387427 37.006568 1
148.765341 174.210217 21.219617 1
153.585278 159.064862 27.741006 1
159.553969 140.309860 35.816661 1
168.810379 120.865501 36.325671 1
176.359433 105.007678 36.740793 1
176.474213 99.220908 50.417283 1
174.646299 98.061516 57.325925 1
143.550400 174.333200 19.574390 1
142.312357 181.067503 19.954114 1
140.835062 190.446853 19.801148 1
139.147308 199.387838 19.862072 1
133.377163 221.936504 22.153199 1
130.859120 228.186424 24.254058 1
129.671385 246.136382 24.158716 1
133.763380 208.328137 18.248170 1
121.649552 211.378615 15.077542 1
122.574389 205.667514 18.053824 1
125.268099 189.033160 26.722646 1
127.932862 189.707644 33.486339 1
133.280478 191.061188 47.059638 1
133.280478 191.061188 47.059638 1
140.510715 209.713639 21.605420 1
149.147768 218.805266 24.579768 1
148.878595 212.964697 27.433808 1
148.094591 195.953249 35.746586 1
142.189104 195.910929 40.039239 1
130.338044 195.826002 48.653685 1
130.338044 195.826002 48.653685 1
138.748737 172.462992 16.055707 1
136.701236 155.758051 19.504090 1
134.165719 135.071543 23.774382 1
133.842439 113.828086 21.731570 1
133.573365 96.146488 20.031272 1
125.563717 89.507044 30.628894 1
122.201149 88.453787 36.953287 1
149.511242 174.139732 21.408977 1
154.261369 159.004411 28.004463 1
160.143613 140.261834 36.171874 1
169.411016 120.817347 36.396530 1
176.969035 104.959419 36.579749 1
177.117474 98.988519 50.176534 1
175.305542 97.734800 57.072901 1
144.289100 174.196600 19.670780 1
143.061677 180.929852 20.100347 1
141.579561 190.309349 20.020514 1
139.874972 199.246092 20.170329 1
134.053002 221.750919 22.743960 1
131.430959 228.010641 24.682110 1
130.376897 245.966492 24.370365 1
134.437414 208.180274 18.709624 1
122.198730 210.756847 15.598513 1
123.032853 204.705739 17.838732 1
125.462347 187.081069 24.363673 1
127.747819 186.403573 31.264473 1
132.334279 185.043981 45.112917 1
132.334279 185.043981 45.112917 1
141.223454 209.560663 21.990090 1
149.759402 218.723714 25.036268 1
149.458767 212.896346 27.914053 1
148.583125 195.923348 36.295991 1
142.882350 194.003969 40.433694 1
131.442103 190.152180 48.737186 1
131.442103 190.152180 48.737186 1
139.428534 172.344383 16.224193 1
137.267508 155.656153 19.684194 1
134.591409 134.990340 23.968876 1
134.106644 113.761688 21.807530 1
133.703161 96.092413 20.008573 1
125.780257 89.426203 30.654488 1
122.487689 88.348015 37.011427 1
150.279457 173.991885 21.405281 1
155.125641 158.897970 28.025728 1
161.126837 140.206668 36.224048 1
170.167425 120.654404 36.229516 1
177.540467 104.708579 36.233976 1
177.978197 98.722736 49.817949 1
176.334394 97.483198 56.758860 1
145.062900 173.958400 19.784860 1
143.877668 180.695489 20.269258 1
142.426942 190.080224 20.257590 1
140.749140 199.020552 20.478861 1
135.030008 221.526065 23.268054 1
132.255857 227.726612 25.184548 1
131.344310 245.686199 24.691468 1
135.287110 207.965995 19.188290 1
122.943340 210.186143 16.220898 1
123.649563 203.873940 17.630717 1
125.706533 185.488796 21.737007 1
127.576436 183.712412 28.567187 1
131.328938 180.147583 42.273910 1
131.328938 180.147583 42.273910 1
142.160443 209.328287 22.289697 1
150.669410 218.468332 25.477202 1
150.355207 212.711223 28.491705 1
149.440048 195.942868 37.271854 1
144.031338 192.892099 41.111399 1
133.177204 186.769853 48.816553 1
133.177204 186.769853 48.816553 1
140.085273 172.133932 16.494066 1
137.822148 155.466937 19.990953 1
135.019614 134.827421 24.321311 1
134.404485 113.624684 21.949042 1
133.892494 95.976979 19.974529 1
126.218506 89.207705 30.737108 1
123.083649 88.063458 37.161867 1
151.105610 173.725492 21.323102 1
156.151121 158.644604 27.823234 1
162.399150 139.969433 35.872564 1
171.039528 120.238496 35.633238 1
178.086178 104.146953 35.438055 1
178.986282 98.204242 49.018197 1
177.617216 97.024049 56.028731 1
145.916200 173.566800 20.067360 1
144.819846 180.315283 20.600055 1
143.460084 189.713536 20.643583 1
141.863993 198.667339 20.918074 1
136.388823 221.213574 23.863571 1
133.485540 227.359346 25.765172 1
132.702728 245.320957 25.141832 1
136.426188 207.649382 19.789586 1
124.017009 209.654354 16.944329 1
124.578391 203.192477 17.453493 1
126.213490 184.371387 18.936498 1
127.588641 181.804014 25.631346 1
130.348281 176.651837 39.066486 1
130.348281 176.651837 39.066486 1
143.401530 208.966283 22.675354 1
151.808001 218.246333 25.727408 1
151.556906 212.626196 28.995626 1
150.825556 196.256785 38.514755 1
145.972745 192.323257 42.293778 1
136.234181 184.429500 49.877477 1
136.234181 184.429500 49.877477 1
140.801864 171.797743 16.961113 1
138.432683 155.155460 20.505129 1
135.498816 134.546544 24.893850 1
134.785445 113.379010 22.250240 1
134.191686 95.760605 20.049881 1
126.832048 88.828361 30.927655 1
123.886389 87.585962 37.423323 1
152.008779 173.269488 21.381459 1
157.339213 158.122585 27.488823 1
163.940069 139.365665 35.051775 1
171.937019 119.370548 34.534668 1
178.458922 103.063555 34.112942 1
179.890218 97.163759 47.666173 1
178.858570 96.063298 54.747096 1
146.827700 173.159400 20.461530 1
145.861570 179.924941 21.028830 1
144.641915 189.342156 21.109566 1
143.175873 198.316812 21.425331 1
138.077421 220.932738 24.509459 1
135.001227 227.028161 26.297891 1
134.414679 244.994779 25.606931 1
137.809350 207.361390 20.468080 1
125.395967 209.366954 17.641643 1
125.728731 202.877026 17.324861 1
126.697952 183.974233 16.402191 1
127.276366 180.947435 23.020905 1
128.437124 174.873291 36.303259 1
128.437124 174.873291 36.303259 1
144.897199 208.599845 23.103590 1
153.019326 218.235115 25.804653 1
152.974472 212.767406 29.330613 1
152.843827 196.841964 39.600447 1
148.753840 192.278010 43.568541 1
140.546103 183.119122 51.531665 1
140.546103 183.119122 51.531665 1
141.544166 171.463799 17.607764 1
139.086326 154.832036 21.140768 1
136.042667 134.236147 25.515851 1
135.205212 113.115513 22.552822 1
134.508173 95.536144 20.086600 1
127.562404 88.381177 31.091554 1
124.863069 87.011701 37.668202 1
152.970884 172.770550 21.483711 1
158.637240 157.536517 27.047770 1
165.654081 138.671703 33.937930 1
172.741155 118.342538 33.215619 1
178.521010 101.763112 32.626539 1
180.624083 95.984031 46.144141 1
180.034913 95.023195 53.295676 1
148.093700 172.786300 21.088510 1
147.241167 179.571511 21.600260 1
146.141995 189.003890 21.606837 1
144.822249 198.002355 21.888519 1
140.253610 220.726745 25.005535 1
136.944585 226.717990 26.729191 1
136.561596 244.681908 25.850678 1
139.564310 207.127532 21.110367 1
127.136602 209.198282 18.396111 1
127.150897 202.778887 17.337148 1
127.192533 184.081528 14.252775 1
126.801408 180.845114 20.785468 1
126.016504 174.350314 33.895198 1
126.016504 174.350314 33.895198 1
146.792611 208.268987 23.383255 1
154.594285 218.290632 25.574976 1
154.910128 213.052710 29.421360 1
155.830062 197.796554 40.624472 1
152.797137 192.854447 45.060729 1
146.710700 182.936685 53.963358 1
146.710700 182.936685 53.963358 1
142.618410 171.108269 18.610570 1
140.024591 154.479685 22.060342 1
136.812543 133.887732 26.332355 1
135.748958 112.851515 22.881496 1
134.863704 95.342409 20.009238 1
128.355701 87.930868 31.111544 1
125.957849 86.572050 37.806175 1
154.285405 172.339700 21.719472 1
160.111676 156.953829 26.666354 1
167.326546 137.900989 32.792243 1
173.638397 117.314365 32.180062 1
178.786019 100.524969 31.680798 1
181.540927 94.985306 45.181497 1
181.373237 94.210406 52.377760 1
149.589700 172.389500 21.792910 1
148.885191 179.192207 22.297519 1
147.944159 188.641668 22.285354 1
146.807349 197.665318 22.558940 1
142.900951 220.507754 25.713195 1
139.379400 226.425877 27.259202 1
139.152120 244.370302 26.007481 1
141.683734 206.884659 22.036821 1
129.302887 209.281347 19.377189 1
128.955802 202.986546 17.769314 1
127.944869 184.652087 13.086160 1
126.357061 181.560191 19.506633 1
123.170669 175.355408 32.391162 1
123.170669 175.355408 32.391162 1
149.072482 207.905871 23.792043 1
156.260013 218.514828 25.167736 1
157.100074 213.550532 29.288453 1
159.546864 199.091348 41.290598 1
157.782604 194.058582 46.276788 1
154.242109 183.958887 56.283015 1
154.242109 183.958887 56.283015 1
143.918043 170.779760 19.749430 1
141.218828 154.161620 23.168543 1
137.876265 133.582603 27.402591 1
136.484920 112.705296 23.187824 1
135.326861 95.328455 19.679740 1
129.387430 87.826355 31.037025 1
127.386262 86.525933 37.872111 1
155.803477 171.846469 21.962806 1
161.659131 156.392912 26.657589 1
168.910385 137.256253 32.471295 1
174.686744 116.515784 31.771348 1
179.397646 99.600919 31.200506 1
182.988383 94.199799 44.560176 1
183.319235 93.536119 51.761901 1
151.183400 171.985600 22.456780 1
150.621917 178.796546 23.025576 1
149.842802 188.260668 23.062884 1
148.898666 197.306813 23.326125 1
145.708653 220.279620 26.336128 1
141.982197 226.094421 27.791211 1
141.952147 244.013728 26.204277 1
143.942699 206.626619 23.010017 1
131.633102 209.482425 20.475988 1
130.804485 203.318234 18.566436 1
128.391025 185.364193 13.004608 1
125.495220 182.851425 19.217799 1
119.683954 177.808828 31.686357 1
119.683954 177.808828 31.686357 1
151.459963 207.514336 24.201647 1
158.064337 218.558132 24.922701 1
159.617426 213.895901 29.186708 1
164.141008 200.316521 41.606207 1
163.612511 195.300639 46.884943 1
162.551931 185.234826 57.478247 1
162.551931 185.234826 57.478247 1
145.366283 170.473499 20.780633 1
142.583253 153.866822 24.188226 1
139.136899 133.301999 28.408006 1
137.301129 112.625471 23.440794 1
135.773161 95.415746 19.306426 1
130.367791 87.943668 30.946713 1
128.739650 86.643591 37.880192 1
157.385655 171.343988 22.221952 1
163.218750 155.863637 26.856154 1
170.442070 136.693798 32.594840 1
175.560144 115.787532 31.724992 1
179.734182 98.737451 31.015589 1
184.084646 93.310858 44.137015 1
184.895611 92.680298 51.303570 1
153.311600 171.677800 23.362160 1
152.869847 178.496190 23.947138 1
152.224651 187.970411 23.976463 1
151.460694 197.035000 24.183894 1
148.983856 220.126644 26.945671 1
145.049313 225.801646 28.404907 1
145.195191 243.679957 26.413536 1
146.698514 206.459164 24.019365 1
134.459506 209.713541 21.627954 1
132.950475 203.692540 19.678435 1
128.555217 186.155562 14.000195 1
124.496705 184.834122 19.923514 1
116.352134 182.182269 31.810362 1
116.352134 182.182269 31.810362 1
154.297113 207.195146 24.680342 1
160.327617 218.583064 24.907226 1
162.709175 214.298013 29.184698 1
169.645785 201.817222 41.643413 1
170.887672 196.869468 46.866523 1
173.379876 186.940372 57.348197 1
173.379876 186.940372 57.348197 1
147.376777 170.231249 22.089312 1
144.367287 153.623821 25.294769 1
140.640495 133.058068 29.264236 1
138.172205 112.607445 23.674813 1
136.117770 95.585748 19.022560 1
131.137788 88.061247 30.817810 1
129.833169 86.729482 37.813418 1
159.475650 170.961965 22.708826 1
165.124253 155.422890 27.374930 1
172.119110 136.180332 33.153121 1
176.395870 115.090808 32.170970 1
179.883776 97.891272 31.369979 1
184.859426 92.365687 44.225214 1
186.105598 91.739841 51.329448 1
155.648900 171.575200 24.266670 1
155.223622 178.375333 25.044557 1
154.608012 187.849068 25.262236 1
153.971612 196.922762 25.499933 1
152.187191 220.111614 27.965534 1
148.105421 225.677408 29.440908 1
148.333966 243.514179 27.113206 1
149.419791 206.451595 25.449293 1
137.246843 210.030388 23.187722 1
134.882148 204.241428 21.391502 1
127.994655 187.380299 16.159764 1
123.219300 187.653974 21.675606 1
113.636173 188.203176 32.744733 1
113.636173 188.203176 32.744733 1
157.059326 207.020819 25.624706 1
162.570867 218.669239 25.423850 1
165.866007 214.818538 29.503604 1
175.463548 203.602848 41.386441 1
178.489239 198.965229 46.144710 1
184.561160 189.658511 55.693547 1
184.561160 189.658511 55.693547 1
149.660067 170.141396 23.260260 1
146.277534 153.598264 26.425997 1
142.088784 133.112131 30.346276 1
138.608943 112.969380 24.204424 1
135.712562 96.203934 19.092367 1
130.872073 88.508655 30.835390 1
129.789513 87.089965 37.851767 1
161.773288 170.896238 23.283990 1
167.099804 155.335285 28.246557 1
173.695810 136.065634 34.391868 1
177.168124 114.838631 33.216842 1
179.999965 97.526974 32.258551 1
185.177973 91.724140 44.910096 1
186.629463 90.999716 51.965815 1
158.222400 171.131000 24.644380 1
157.908581 177.914660 25.598981 1
157.439976 187.391406 25.985889 1
157.009992 196.476880 26.236304 1
156.006190 219.746970 28.353248 1
151.802302 225.228932 29.799300 1
152.043347 243.016588 27.123105 1
152.735764 206.133530 26.216747 1
140.570070 209.906987 24.252048 1
137.177062 204.578930 22.693347 1
127.294465 189.060244 18.153420 1
122.369918 191.444182 22.987580 1
112.487395 196.228238 32.688718 1
112.487395 196.228238 32.688718 1
160.388487 206.480161 26.035208 1
165.175793 218.415940 25.185505 1
169.183787 214.897527 28.912031 1
180.857613 204.649672 39.766042 1
185.552233 200.825194 43.844931 1
194.973342 193.150274 52.030397 1
194.973342 193.150274 52.030397 1
152.177148 169.779766 23.893470 1
148.429472 153.284001 26.890686 1
143.788550 132.856525 30.602279 1
139.390290 113.031440 24.030871 1
135.729481 96.530398 18.561281 1
131.066155 88.671886 30.267836 1
130.214604 87.177020 37.300218 1
164.285178 170.415866 23.353612 1
169.416824 154.963002 28.832418 1
175.771514 135.827202 35.617007 1
178.485671 114.526708 33.900726 1
180.699199 97.155116 32.501015 1
186.147392 91.013707 44.876254 1
187.825941 90.141149 51.864522 1
160.661600 170.880300 25.641270 1
160.553341 177.669371 26.602819 1
160.309329 187.155470 26.966680 1
160.085939 196.250465 27.123507 1
159.704435 219.574147 28.810656 1
155.526534 225.079979 30.241254 1
155.688379 242.831223 27.327847 1
156.021381 205.997123 27.171881 1
143.923635 210.108549 25.485518 1
139.570111 205.432360 24.256561 1
126.889887 191.812325 20.677058 1
122.289909 195.824153 24.683161 1
113.058726 203.875040 32.722564 1
113.058726 203.875040 32.722564 1
163.652515 206.170629 26.498858 1
167.833572 218.276452 25.059786 1
172.191237 214.906766 28.521898 1
184.883525 205.092101 38.605769 1
190.880539 201.998327 41.392849 1
202.915275 195.789776 46.985929 1
202.915275 195.789776 46.985929 1
154.553265 169.656955 25.285674 1
150.419645 153.191400 27.919556 1
145.300790 132.801336 31.181215 1
139.808431 113.352349 24.315870 1
135.236970 97.164344 18.601626 1
130.881494 88.893020 30.141179 1
130.369106 87.240780 37.171238 1
166.611607 170.036741 23.961805 1
171.630084 154.719883 29.907462 1
177.844634 135.752503 37.270168 1
179.742960 114.410293 35.049864 1
181.291137 97.004680 33.239098 1
187.221424 90.568977 45.237418 1
189.248374 89.567848 52.115208 1
163.135900 170.693800 26.677930 1
163.201501 177.491420 27.581167 1
163.117428 186.983391 27.852144 1
163.018357 196.081904 27.878287 1
163.025203 219.437505 29.103862 1
158.952651 224.990906 30.649729 1
159.134008 242.689142 27.430978 1
159.075767 205.877084 28.053628 1
147.172187 210.602050 26.610506 1
142.038947 206.688424 25.795869 1
127.087694 195.289459 23.423128 1
123.419902 200.719482 26.642690 1
116.059418 211.616387 33.103670 1
116.059418 211.616387 33.103670 1
166.628020 205.942812 26.758857 1
170.330655 218.083931 24.525732 1
175.277451 214.438870 26.664188 1
189.685662 203.822138 32.892730 1
195.174113 199.673382 35.335711 1
206.188272 191.347706 40.238256 1
206.188272 191.347706 40.238256 1
157.001391 169.560383 26.811844 1
152.406630 153.143652 28.937351 1
146.716724 132.814049 31.569465 1
139.852720 113.820666 24.663022 1
134.139595 98.011876 18.914572 1
130.108473 89.215653 30.180573 1
130.007310 87.331113 37.170025 1
168.923494 169.746264 24.547038 1
173.773203 154.507114 30.823240 1
179.778761 135.635960 38.595269 1
180.956766 114.280550 36.029723 1
181.917487 96.864170 33.937394 1
188.315886 90.139182 45.529688 1
190.683519 89.006037 52.276915 1
165.560800 170.396700 27.749200 1
165.789933 177.199605 28.583327 1
165.837748 186.694172 28.753373 1
165.826754 195.792541 28.639391 1
166.117612 219.167398 29.358848 1
162.297312 224.882632 30.957931 1
162.553878 242.539404 27.523781 1
161.988910 205.625701 28.955953 1
150.397895 211.122457 27.716124 1
144.654534 208.074912 27.478373 1
127.926220 199.198524 26.785888 1
125.332130 205.623396 29.087009 1
120.126341 218.516751 33.704875 1
120.126341 218.516751 33.704875 1
169.395434 205.594009 26.991348 1
173.018300 217.593231 23.991906 1
178.132238 213.659083 24.828781 1
193.027276 202.200345 27.266294 1
198.895335 197.998294 28.367241 1
210.671285 189.565666 30.576610 1
210.671285 189.565666 30.576610 1
159.448599 169.344684 28.434064 1
154.373843 153.020935 30.143083 1
148.089534 132.806477 32.259441 1
139.510629 114.536870 25.317833 1
132.370137 99.330501 19.540114 1
128.776720 90.210090 30.695907 1
129.103820 87.809194 37.518140 1
171.125275 169.357233 25.124148 1
175.788071 154.142273 31.597588 1
181.562168 135.301077 39.613865 1
182.060578 113.956238 36.755062 1
182.467056 96.548481 34.423569 1
189.319735 89.561496 45.593578 1
192.017480 88.305231 52.193483 1
167.658400 169.932100 28.651800 1
168.107375 176.730678 29.429963 1
168.358052 186.223172 29.517853 1
168.503234 195.317524 29.262647 1
169.269168 218.692293 29.402997 1
165.674221 224.534597 31.064166 1
165.906066 242.139797 27.373096 1
164.887314 205.228375 29.732165 1
153.557715 211.313081 28.883835 1
147.410806 209.271357 29.497943 1
129.507104 203.324560 31.286612 1
128.044766 210.380006 32.463764 1
125.110163 224.538790 34.826061 1
125.110163 224.538790 34.826061 1
172.057039 205.009624 27.036898 1
175.440126 216.808428 23.106750 1
180.195142 212.420145 22.426277 1
194.044768 199.638676 20.444305 1
199.395191 194.695220 19.955793 1
210.132356 184.774750 18.975451 1
210.132356 184.774750 18.975451 1
161.625934 169.007091 29.951216 1
156.098388 152.786412 31.165488 1
149.253371 132.699588 32.669178 1
139.338670 114.975478 26.102845 1
131.086354 100.223144 20.637479 1
128.267935 90.806610 31.769939 1
129.129106 88.028707 38.399857 1
172.908932 168.773073 25.485834 1
177.645286 153.679351 32.185729 1
183.510473 134.988287 40.482433 1
183.333853 113.675080 37.361651 1
183.189811 96.293119 34.816500 1
190.675519 89.094992 45.432404 1
193.805265 87.738320 51.818240 1
169.473000 169.540100 29.488000 1
170.154703 176.328749 30.178877 1
170.616815 185.813679 30.155401 1
170.930810 194.897286 29.727693 1
172.240225 218.241618 29.167538 1
169.145467 224.375001 30.786099 1
169.288515 241.965612 27.021695 1
167.623811 204.906070 30.366683 1
156.722397 211.776038 30.110118 1
150.533687 210.726038 31.821149 1
132.508235 207.667771 36.804756 1
131.941882 214.945595 36.678492 1
130.805330 229.550648 36.425108 1
130.805330 229.550648 36.425108 1
174.412325 204.440739 26.842930 1
177.836325 215.749489 21.695940 1
181.793398 210.949693 19.789693 1
193.318907 196.969636 14.237490 1
197.763053 191.622685 12.009686 1
206.681514 180.892487 7.538955 1
206.681514 180.892487 7.538955 1
163.621065 168.746315 31.502828 1
157.722242 152.629275 32.266761 1
150.417454 132.670794 33.212774 1
139.333500 115.454055 27.188496 1
130.107976 101.124021 22.174299 1
128.387979 91.249692 33.132652 1
129.907069 88.054200 39.448929 1
174.281769 168.264093 25.722058 1
179.257275 153.307907 32.555720 1
185.418612 134.787158 41.018070 1
184.603905 113.497435 37.838881 1
183.939471 96.134627 35.246096 1
192.236526 88.967502 45.262955 1
195.882096 87.640875 51.375619 1
170.625700 169.201200 30.316200 1
171.578665 175.970235 30.863743 1
172.301989 185.436782 30.665503 1
172.839352 194.495010 29.992320 1
174.872562 217.744102 28.465239 1
172.463423 224.161434 30.147361 1
172.638401 241.748988 26.370039 1
170.014570 204.641028 30.766422 1
159.426305 211.946637 31.553714 1
153.683875 211.951512 34.612263 1
136.958271 211.965710 43.520702 1
137.040571 219.139804 42.168279 1
137.205729 233.536690 39.454258 1
137.205729 233.536690 39.454258 1
176.196315 203.808071 26.315636 1
179.535158 214.405076 19.784271 1
182.401800 209.323859 16.904367 1
190.751282 194.524128 8.516256 1
193.778908 189.115290 4.658616 1
199.854710 178.260897 -3.082851 1
199.854710 178.260897 -3.082851 1
165.093181 168.572501 33.132358 1
158.952168 152.531137 33.450540 1
151.347464 132.666367 33.844558 1
139.537967 115.751604 28.368373 1
129.708551 101.672913 23.810371 1
129.419395 91.122421 34.257848 1
131.788977 87.604090 40.124755 1
174.825791 167.785377 25.924224 1
180.201849 152.969256 32.759623 1
186.859202 134.621956 41.224125 1
185.656254 113.347684 38.064764 1
184.675191 95.997476 35.488151 1
193.940766 88.863574 44.642539 1
198.181519 87.556208 50.362817 1
171.320700 168.908300 30.981400 1
172.606781 175.630368 31.414510 1
173.630131 185.065780 31.092405 1
174.336963 194.092662 30.192834 1
176.727563 217.214012 27.609353 1
175.744772 224.042677 29.099017 1
176.106947 241.639325 25.377775 1
171.977836 204.343569 31.127570 1
162.247049 212.575094 33.039874 1
157.758502 213.640607 37.627671 1
144.685000 216.744057 50.990246 1
145.049916 223.575598 48.440673 1
145.782227 237.285054 43.324224 1
145.782227 237.285054 43.324224 1
177.262444 203.190694 25.699765 1
180.674983 212.500001 17.466023 1
182.223270 207.214137 14.002975 1
186.732868 191.818344 3.916382 1
188.015743 186.298017 -0.686189 1
190.590202 175.219890 -9.922573 1
190.590202 175.219890 -9.922573 1
166.286811 168.447662 34.639617 1
159.938928 152.483941 34.588355 1
152.078048 132.715320 34.524876 1
139.776176 116.038397 29.415447 1
129.536941 102.157669 25.162708 1
130.891588 90.807768 34.643792 1
134.161945 86.950217 39.824354 1
174.711209 167.394701 25.966598 1
180.746949 152.805355 32.738814 1
188.221210 134.738876 41.125075 1
186.671633 113.467577 38.099526 1
185.407877 96.119795 35.632042 1
195.757913 89.158834 43.692317 1
200.657028 87.946198 48.882978 1
171.466500 168.655500 31.627700 1
173.070774 175.318577 31.867477 1
174.428063 184.704781 31.382764 1
175.402777 193.690562 30.334380 1
178.528493 216.649245 27.153981 1
178.675848 223.694053 27.559708 1
179.570542 241.233712 23.663466 1
173.791073 204.053809 31.569624 1
165.720442 213.681031 34.447926 1
163.789931 215.596350 40.358504 1
158.167057 221.174972 57.573862 1
159.777909 227.719770 54.767761 1
163.010550 240.853795 49.136514 1
163.010550 240.853795 49.136514 1
177.975908 202.617398 25.313335 1
180.743744 210.304492 15.345848 1
180.932821 204.902825 11.724179 1
181.483536 189.169739 1.175576 1
181.312975 183.427946 -3.330658 1
180.970696 171.905382 -12.373716 1
180.970696 171.905382 -12.373716 1
167.045776 168.363215 36.021621 1
160.462696 152.501694 35.559166 1
152.310561 132.859632 34.986485 1
139.696860 116.266265 30.391188 1
129.198080 102.455082 26.566376 1
132.189691 90.416213 34.731065 1
136.238873 86.197704 38.999844 1
173.976241 167.049974 26.145159 1
180.696517 152.630460 32.630341 1
189.018460 134.774289 40.661158 1
187.451262 113.466696 37.912764 1
186.173135 96.089314 35.671313 1
197.499108 89.332596 42.498857 1
202.989168 88.225316 47.086661 1
171.071400 168.515300 32.294700 1
172.932639 175.115469 32.331305 1
174.621033 184.437418 31.676636 1
175.951485 193.365016 30.527138 1
180.190617 216.100947 27.049588 1
181.407647 222.929665 25.744561 1
182.437477 240.448663 21.789190 1
175.225612 203.796487 32.002877 1
170.125553 215.085282 35.560353 1
171.373114 217.427845 41.500575 1
175.006804 224.250876 58.802275 1
178.414928 230.474071 57.081821 1
185.254314 242.962704 53.629235 1
185.254314 242.962704 53.629235 1
178.446587 202.162256 25.244779 1
180.202645 207.890928 13.834183 1
179.045387 202.504520 10.373315 1
175.674718 186.815878 0.293067 1
174.275125 180.865190 -3.698660 1
171.466438 168.923419 -11.709209 1
171.466438 168.923419 -11.709209 1
167.161098 168.381071 37.155388 1
160.344102 152.634619 36.308950 1
151.902297 133.135052 35.260766 1
139.273504 116.367031 31.399537 1
128.762161 102.410479 28.185713 1
133.089154 90.016753 35.129699 1
137.742658 85.658273 38.559382 1
172.893685 166.823186 26.571868 1
180.296822 152.552721 32.629051 1
189.464376 134.881123 40.129862 1
187.918419 113.556007 37.508267 1
186.657616 96.164334 35.370228 1
198.682462 89.537416 41.030023 1
204.612837 88.492249 45.049110 1
170.159900 168.339100 32.967700 1
172.435543 174.807010 32.843728 1
174.679317 183.997812 32.023583 1
176.533326 192.809483 30.715705 1
182.136843 215.147763 26.642867 1
183.685939 221.586584 24.202061 1
184.893959 239.070059 20.141319 1
176.865535 203.253848 32.240559 1
175.730054 215.216050 36.900982 1
179.455163 218.200668 41.322052 1
190.305045 226.893773 54.199019 1
194.706224 232.716200 54.379010 1
203.538461 244.400577 54.740216 1
203.538461 244.400577 54.740216 1
179.033158 201.412782 25.125142 1
179.128901 205.810609 13.010974 1
176.829586 200.449685 10.129327 1
170.132521 184.835267 1.736142 1
167.660999 178.723995 -1.401910 1
162.701178 166.459967 -7.699315 1
162.701178 166.459967 -7.699315 1
166.649253 168.438414 38.125245 1
159.605003 152.807817 37.029051 1
150.881780 133.451720 35.671583 1
138.569549 116.311169 32.482139 1
128.321691 102.044549 29.827463 1
133.754827 89.517050 35.666046 1
138.877942 85.168733 38.360486 1
171.408120 166.553148 27.120727 1
179.483618 152.465097 32.729223 1
189.483778 135.019387 39.674410 1
188.141720 113.664451 37.186665 1
187.047207 96.248458 35.157787 1
199.621763 89.830075 39.765515 1
205.890683 88.888522 43.262499 1
169.727600 168.162600 33.319400 1
172.218087 174.551502 33.234582 1
174.834615 183.652103 32.519852 1
177.212990 192.349184 31.296106 1
184.588726 214.168557 27.234128 1
185.353394 220.211499 23.668489 1
186.584406 237.723123 19.738037 1
178.675879 202.666711 33.007503 1
179.616907 215.478708 34.042075 1
184.662562 218.430312 36.898585 1
199.358714 227.027260 45.218555 1
204.570415 231.934787 46.653050 1
215.029198 241.783152 49.531781 1
215.029198 241.783152 49.531781 1
180.060047 200.837701 25.696137 1
178.622161 204.473781 13.415481 1
175.377180 199.181739 11.467499 1
165.925735 183.767948 5.793740 1
162.598083 177.552122 3.898043 1
155.920188 165.078276 0.093782 1
155.920188 165.078276 0.093782 1
166.566483 168.216285 38.698919 1
159.229727 152.718583 37.635012 1
150.144279 133.527056 36.317526 1
138.175148 116.072760 33.551752 1
128.212863 101.544999 31.249711 1
134.379157 89.058309 36.407776 1
139.948123 85.047622 38.713243 1
170.527802 166.521475 27.352729 1
178.941000 152.523412 32.683247 1
189.359346 135.189139 39.284205 1
188.197152 113.813532 36.885039 1
187.249326 96.380680 34.928403 1
200.101766 90.118477 38.946592 1
206.538013 89.255796 42.147419 1
169.222700 167.942900 33.786900 1
171.942882 174.237808 33.736667 1
174.921555 183.229959 33.068284 1
177.736326 191.785701 31.776087 1
186.422958 212.995971 27.122805 1
186.717202 219.100685 23.592714 1
187.766404 236.699563 20.015076 1
180.090822 201.960132 33.343766 1
182.006774 214.703088 33.121670 1
187.689869 217.664676 34.244912 1
204.242651 226.290704 37.516507 1
209.205378 231.553237 38.506720 1
219.164521 242.114024 40.493871 1
219.164521 242.114024 40.493871 1
180.804915 200.047341 25.958065 1
178.201382 203.618549 13.851406 1
174.251065 198.519573 12.999528 1
162.745234 183.668117 10.518320 1
158.599979 177.702394 9.790008 1
150.281330 165.730451 8.328440 1
150.281330 165.730451 8.328440 1
166.395895 167.940175 39.349627 1
158.834384 152.546542 38.350489 1
149.470613 133.483888 37.113208 1
137.750508 115.828364 34.566903 1
127.995495 101.133116 32.447532 1
134.713062 88.654729 36.887174 1
140.739194 85.146438 38.834428 1
169.599265 166.463251 27.736808 1
178.301854 152.544093 32.802783 1
189.078561 135.307532 39.076148 1
188.112704 113.903552 36.849026 1
187.325001 96.447562 35.032700 1
200.437602 90.438568 38.567943 1
207.014056 89.712935 41.507073 1
168.911700 167.741900 34.306600 1
171.748351 173.984638 34.209590 1
174.889111 182.920470 33.528016 1
177.866608 191.426243 32.271126 1
186.991758 212.484558 27.769441 1
188.006640 218.028468 23.520826 1
189.116190 235.646398 20.056979 1
180.541581 201.501246 33.962027 1
184.243721 213.805418 32.959719 1
190.324845 216.109655 33.161412 1
208.036939 222.821056 33.748873 1
213.518934 227.636008 34.008486 1
224.520139 237.298595 34.529475 1
224.520139 237.298595 34.529475 1
180.991660 199.716115 26.523747 1
178.284621 202.650314 14.269542 1
173.943096 197.809321 14.484479 1
161.297816 183.709276 15.110511 1
156.587551 178.142995 15.475677 1
147.135047 166.972647 16.208490 1
147.135047 166.972647 16.208490 1
166.259019 167.755774 39.954420 1
158.741375 152.335666 39.035755 1
149.431926 133.240226 37.898131 1
137.792471 115.518624 35.442536 1
128.104586 100.768376 33.398667 1
135.055429 88.277791 37.425741 1
141.389283 85.243180 39.182896 1
169.072447 166.295320 28.238953 1
178.045639 152.485154 33.128047 1
189.157445 135.383561 39.182374 1
188.239549 113.980094 36.930180 1
187.490960 96.524522 35.093405 1
200.742511 90.622233 38.272342 1
207.401799 89.950334 41.032270 1
168.482700 167.191600 34.663500 1
171.481258 173.355602 34.459747 1
174.884777 182.186292 33.676818 1
178.188435 190.557807 32.336293 1
188.310017 211.092758 27.555545 1
188.917606 216.543686 23.113264 1
190.150450 234.258946 20.237419 1
181.536949 200.438385 33.973954 1
185.862886 212.527344 32.857498 1
192.211443 213.945788 32.738776 1
210.702472 218.077198 32.392980 1
217.279828 221.245955 32.421386 1
230.479188 227.604976 32.478394 1
230.479188 227.604976 32.478394 1
181.508903 198.714018 26.507827 1
178.229475 202.257430 14.558237 1
173.707592 197.706881 15.642362 1
160.536996 184.452791 18.800021 1
155.727916 179.140228 20.197466 1
146.077111 168.479039 23.001844 1
146.077111 168.479039 23.001844 1
166.095247 167.247971 40.428191 1
158.600351 151.808027 39.671025 1
149.319072 132.688023 38.733392 1
137.717812 114.925189 36.397896 1
128.061717 100.140623 34.453988 1
135.305250 87.647349 37.917454 1
142.029757 85.398082 39.378951 1
168.323284 165.772776 28.589268 1
177.707350 152.241805 33.487660 1
189.327953 135.485949 39.553503 1
188.444871 114.083404 37.278737 1
187.724675 96.628585 35.423555 1
201.117290 90.840141 38.194483 1
207.863314 90.225348 40.749473 1
168.173000 166.613000 34.965700 1
171.312529 172.703154 34.680806 1
174.951271 181.433343 33.831472 1
178.555631 189.669648 32.429582 1
189.602541 209.661663 27.402527 1
189.871589 215.161406 22.987090 1
191.119673 232.896658 20.244106 1
182.533727 199.322714 34.014944 1
187.172478 211.251665 32.503243 1
193.586790 212.279919 32.143317 1
212.269340 215.274849 31.094985 1
219.151578 217.700159 30.858119 1
232.962772 222.567241 30.382782 1
232.962772 222.567241 30.382782 1
182.065607 197.701848 26.540258 1
178.365463 201.758535 14.880269 1
173.745139 197.491632 16.546521 1
160.287820 185.063700 21.399704 1
155.452885 180.004639 23.481226 1
145.750194 169.852175 27.658401 1
145.750194 169.852175 27.658401 1
166.077773 166.656747 40.843019 1
158.488427 151.262631 40.093579 1
149.090186 132.199378 39.165512 1
137.342047 114.527080 36.877897 1
127.563701 99.817871 34.973842 1
134.951285 87.227107 37.701941 1
141.914854 85.533947 38.729598 1
167.675482 165.274034 28.891622 1
177.388926 151.962240 33.748292 1
189.417411 135.477798 39.762467 1
188.454157 114.082091 37.456127 1
187.668577 96.632849 35.575195 1
201.144850 90.858798 37.940919 1
207.964145 90.249528 40.294806 1
167.990000 166.184700 35.272300 1
171.262754 172.202864 34.958346 1
175.086758 180.851966 34.093460 1
178.860943 189.005673 32.656093 1
190.295289 208.722890 27.414599 1
190.831390 214.154342 22.939381 1
192.223647 231.870644 20.143837 1
183.186159 198.516962 34.188473 1
188.056524 210.330981 32.511680 1
194.474329 211.320764 32.108750 1
213.167055 214.203644 30.935164 1
220.042768 216.643413 30.660339 1
233.840869 221.539510 30.108826 1
233.840869 221.539510 30.108826 1
182.374985 197.002241 26.720884 1
178.514020 201.247780 15.180890 1
173.846992 197.177203 17.175759 1
160.253643 185.321098 22.986087 1
155.319891 180.508611 25.394717 1
145.418896 170.850970 30.228327 1
145.418896 170.850970 30.228327 1
166.118887 166.185785 41.224922 1
158.398331 150.864553 40.335243 1
148.837606 131.891557 39.233513 1
136.909472 114.339527 36.951424 1
126.981311 99.730420 35.051968 1
134.439555 87.052054 37.096447 1
141.502751 85.581977 37.700029 1
167.232281 164.953118 29.202387 1
177.273052 151.799552 33.818522 1
189.706876 135.511047 39.534835 1
188.678717 114.111432 37.293709 1
187.840203 96.659001 35.465960 1
201.409193 90.950669 37.426500 1
208.301863 90.378976 39.566371 1
168.045000 165.938100 35.458000 1
171.423372 171.897688 35.145447 1
175.396814 180.480578 34.294700 1
179.309363 188.569178 32.859451 1
191.065732 208.080759 27.561134 1
191.795780 213.506299 23.106227 1
193.571658 231.173373 20.218047 1
183.860992 197.975397 34.384582 1
188.594966 209.858751 32.810247 1
195.012136 210.772847 32.249351 1
213.703011 213.435278 30.615667 1
220.567514 215.887429 30.204592 1
234.343119 220.808375 29.379654 1
234.343119 220.808375 29.379654 1
182.888172 196.534999 26.921596 1
178.987879 200.928818 15.450537 1
174.315933 196.894330 17.506278 1
160.708256 185.143338 23.493899 1
155.723538 180.402739 25.939864 1
145.720266 170.889361 30.848398 1
145.720266 170.889361 30.848398 1
166.281785 165.911511 41.443410 1
158.369435 150.691476 40.503234 1
148.571204 131.843798 39.338971 1
136.451293 114.431934 36.994439 1
126.363510 99.939491 35.043010 1
133.787664 87.195937 36.783711 1
140.826890 85.558226 37.209567 1
167.155179 164.784295 29.390733 1
177.346562 151.689664 33.841401 1
189.966894 135.474141 39.352810 1
188.810513 114.082067 37.102206 1
187.867428 96.635786 35.266729 1
201.444700 90.876609 37.009091 1
208.368051 90.278116 39.039806 1
168.197800 165.875600 35.484100 1
171.644371 171.797697 35.205359 1
175.719362 180.337350 34.401133 1
179.733198 188.383756 33.009048 1
191.746963 207.766295 27.815511 1
192.671471 213.202561 23.410066 1
194.763926 230.834895 20.521597 1
184.404518 197.722934 34.583484 1
189.221938 209.609455 33.316129 1
195.627264 210.513929 32.620450 1
214.283644 213.148332 30.594192 1
221.134439 215.613857 30.054541 1
234.882535 220.561642 28.971579 1
234.882535 220.561642 28.971579 1
183.421350 196.330546 27.112746 1
179.626316 200.808983 15.639105 1
174.928385 196.745515 17.575060 1
161.245024 184.910117 23.213789 1
156.229030 180.135871 25.526755 1
146.162993 170.554971 30.168390 1
146.162993 170.554971 30.168390 1
166.422773 165.841683 41.465981 1
158.425234 150.667086 40.512224 1
148.521509 131.875676 39.331143 1
136.306711 114.523778 37.034972 1
126.139949 100.081247 35.123796 1
133.505342 87.303879 36.866241 1
140.518893 85.557902 37.285564 1
167.306694 164.759800 29.409918 1
177.518650 151.688007 33.880518 1
190.164458 135.500765 39.416611 1
188.900163 114.114328 37.170469 1
187.869068 96.672645 35.338630 1
201.422655 90.868058 37.114382 1
208.339948 90.247840 39.159174 1
168.364400 165.826200 35.486300 1
171.869705 171.715506 35.248186 1
176.033362 180.216662 34.491676 1
180.136607 188.225071 33.141786 1
192.382503 207.493033 28.065386 1
193.493994 213.020645 23.819712 1
195.782092 230.650479 21.067557 1
184.874066 197.523388 34.759833 1
189.631030 209.346041 32.836478 1
196.052890 210.238499 32.294738 1
214.757426 212.837903 30.716849 1
221.613850 215.309214 30.286156 1
235.373243 220.268610 29.421850 1
235.373243 220.268610 29.421850 1
183.962401 196.132097 27.279829 1
180.359288 200.680974 15.772075 1
175.626041 196.563354 17.495975 1
161.839822 184.570227 22.517067 1
156.769790 179.742784 24.589263 1
146.595309 170.055128 28.747723 1
146.595309 170.055128 28.747723 1
166.524776 165.806191 41.448695 1
158.488219 150.653476 40.475224 1
148.536175 131.889163 39.269730 1
136.217226 114.600521 37.054240 1
125.963775 100.210640 35.210216 1
133.169446 87.356977 37.056268 1
140.147392 85.486767 37.530339 1
167.528271 164.721853 29.402216 1
177.710644 151.650507 33.941080 1
190.319817 135.463818 39.561707 1
188.952491 114.084222 37.310801 1
187.837369 96.648118 35.475078 1
201.361506 90.810323 37.362970 1
208.261725 90.175443 39.460275 1
168.587400 165.817000 35.476700 1
172.140744 171.679034 35.281532 1
176.374289 180.149608 34.571270 1
180.542604 188.130107 33.255893 1
192.944940 207.319293 28.261557 1
194.123303 212.963322 24.190680 1
196.628989 230.578320 21.534708 1
185.310022 197.408502 34.900104 1
189.889928 209.238644 32.625176 1
196.314576 210.164932 32.182289 1
215.027229 212.862870 30.892322 1
221.860639 215.407137 30.525376 1
235.573845 220.512941 29.788994 1
235.573845 220.512941 29.788994 1
184.475073 195.999852 27.414395 1
181.089572 200.646316 15.879583 1
176.340896 196.441938 17.329937 1
162.509733 184.196119 21.554287 1
157.411552 179.276928 23.318811 1
147.180581 169.405155 26.859836 1
147.180581 169.405155 26.859836 1
166.690666 165.802313 41.421190 1
158.607570 150.677309 40.403135 1
148.597894 131.947310 39.142430 1
136.172720 114.723796 37.014591 1
125.830856 100.388124 35.243521 1
132.900824 87.469217 37.157588 1
139.837116 85.457333 37.661911 1
167.800964 164.728504 29.383141 1
177.940086 151.631260 33.944116 1
190.495701 135.412501 39.592124 1
189.017021 114.043543 37.310805 1
187.811086 96.616114 35.450277 1
201.298725 90.718746 37.412647 1
208.184437 90.053504 39.547875 1
168.812300 165.809400 35.402500 1
172.389503 171.658297 35.254827 1
176.659035 180.115501 34.603061 1
180.862598 188.086454 33.343135 1
193.356763 207.256646 28.507256 1
194.711183 212.965104 24.583647 1
197.464915 230.569622 22.110039 1
185.625522 197.356052 35.048832 1
190.215841 209.214454 32.948736 1
196.634804 210.210768 32.581964 1
215.330901 213.112671 31.513691 1
222.151841 215.699463 31.219217 1
235.840024 220.890605 30.628272 1
235.840024 220.890605 30.628272 1
184.878590 195.951956 27.552974 1
181.719241 200.716893 16.002346 1
176.976972 196.407405 17.129044 1
163.164474 183.855437 20.410704 1
158.062033 178.824613 21.810465 1
147.822513 168.728815 24.619488 1
147.822513 168.728815 24.619488 1
166.854472 165.791010 41.327139 1
158.724220 150.692514 40.291262 1
148.656148 131.995341 39.008488 1
136.144300 114.824154 36.967394 1
125.730295 100.532035 35.268525 1
132.688893 87.570221 37.297212 1
139.579544 85.421432 37.859170 1
168.084500 164.735039 29.299154 1
178.177619 151.613221 33.891422 1
190.676266 135.364030 39.578180 1
189.076466 114.007155 37.265650 1
187.771750 96.589580 35.379669 1
201.213352 90.618180 37.431983 1
208.080675 89.914851 39.613722 1
169.039400 165.791700 35.211100 1
172.629617 171.633698 35.115298 1
176.921903 180.084051 34.527226 1
181.152164 188.050743 33.331340 1
193.728142 207.215121 28.688326 1
195.189450 213.040543 24.980944 1
198.274456 230.607735 22.636302 1
185.895572 197.316416 35.111141 1
190.447821 209.202396 33.085397 1
196.860138 210.270532 32.817951 1
215.536877 213.381624 32.038979 1
222.329952 216.049724 31.841987 1
235.962215 221.404035 31.446667 1
235.962215 221.404035 31.446667 1
185.257572 195.916415 27.604462 1
182.316098 200.810975 16.050495 1
177.585722 196.426686 16.905949 1
163.807863 183.656851 19.397575 1
158.698039 178.556482 20.483558 1
148.443703 168.321121 22.662899 1
148.443703 168.321121 22.662899 1
167.006019 165.771058 41.110228 1
158.842849 150.689223 40.090647 1
148.734015 132.012682 38.828053 1
136.151457 114.882196 36.881841 1
125.678598 100.623953 35.261946 1
132.509262 87.623462 37.470009 1
139.367605 85.400812 38.131161 1
168.387525 164.725061 29.097826 1
178.419248 151.594603 33.798647 1
190.841866 135.334714 39.619829 1
189.154439 113.985778 37.296296 1
187.778260 96.574679 35.401342 1
201.170785 90.548186 37.607681 1
208.010464 89.817729 39.865999 1
169.199300 165.767500 34.964800 1
172.797310 171.605333 34.922216 1
177.112514 180.048306 34.399504 1
181.383351 188.002887 33.269006 1
194.107696 207.115952 28.822888 1
195.562545 213.118078 25.406231 1
198.863031 230.682098 23.348855 1
186.133740 197.250636 35.121907 1
190.547740 209.252616 33.518101 1
196.949674 210.390610 33.293464 1
215.596172 213.705173 32.639180 1
222.370455 216.422599 32.471520 1
235.965009 221.875896 32.135065 1
235.965009 221.875896 32.135065 1
185.611454 195.850071 27.606395 1
182.862249 200.960889 16.098809 1
178.163233 196.506288 16.736015 1
164.476713 183.531662 18.591962 1
159.359855 178.387833 19.405733 1
149.091404 168.065260 21.038800 1
149.091404 168.065260 21.038800 1
167.085598 165.745079 40.835621 1
158.905302 150.670452 39.847178 1
148.775260 132.002837 38.623144 1
136.141536 114.899036 36.776234 1
125.626090 100.663004 35.238992 1
132.336564 87.636325 37.651751 1
139.176340 85.394159 38.429139 1
168.629650 164.705955 28.842432 1
178.579854 151.568162 33.693611 1
190.901525 135.299191 39.700988 1
189.159106 113.955500 37.369861 1
187.738078 96.548679 35.468714 1
201.074812 90.472215 37.867543 1
207.879299 89.717242 40.222059 1
169.301400 165.795200 34.698300 1
172.890810 171.638476 34.704382 1
177.200233 180.087922 34.242054 1
181.475997 188.048485 33.174011 1
194.241291 207.178274 28.921408 1
195.818873 213.278499 25.741134 1
199.302510 230.830510 23.893975 1
186.185376 197.302554 35.098660 1
190.598807 209.322176 33.631206 1
196.993912 210.512659 33.506196 1
215.620521 213.980102 33.142088 1
222.376128 216.747998 33.079202 1
235.933202 222.302576 32.953007 1
235.933202 222.302576 32.953007 1
185.779473 195.901132 27.576125 1
183.253428 201.178515 16.092596 1
178.581319 196.676588 16.576646 1
164.973172 183.564116 17.986508 1
159.869532 178.381780 18.618713 1
149.627606 167.981931 19.887416 1
149.627606 167.981931 19.887416 1
167.107085 165.770344 40.539459 1
158.926730 150.693061 39.592896 1
148.796614 132.022158 38.420722 1
136.152019 114.916537 36.667443 1
125.627524 100.678990 35.208133 1
132.268402 87.660616 37.847627 1
139.079073 85.377751 38.751757 1
168.817727 164.731989 28.568829 1
178.707511 151.592625 33.537869 1
190.954363 135.321707 39.691196 1
189.184748 113.976684 37.392989 1
187.741541 96.568776 35.518689 1
201.035725 90.470090 38.091034 1
207.810285 89.706812 40.527737 1
169.348600 165.842300 34.437600 1
172.933805 171.687965 34.485430 1
177.238174 180.142762 34.077005 1
181.508414 188.114258 33.070156 1
194.262671 207.294699 29.017284 1
196.015346 213.430138 26.000635 1
199.625159 230.975329 24.340416 1
186.159891 197.381298 35.071663 1
190.561121 209.429821 33.820501 1
196.947592 210.670800 33.763859 1
215.549052 214.285320 33.598883 1
222.281804 217.108994 33.617768 1
235.793011 222.775507 33.655670 1
235.793011 222.775507 33.655670 1
185.858432 195.990764 27.542200 1
183.517244 201.363052 16.063503 1
178.878384 196.816019 16.431893 1
165.367075 183.572170 17.504878 1
160.300805 178.339408 18.009399 1
150.133874 167.838363 19.021864 1
150.133874 167.838363 19.021864 1
167.085332 165.816665 40.252386 1
158.914548 150.732462 39.333811 1
148.796286 132.052990 38.196296 1
136.155622 114.935396 36.533872 1
125.634399 100.687884 35.150182 1
132.253228 87.697824 37.977853 1
139.034671 85.369365 38.980091 1
168.938203 164.778053 28.302967 1
178.761024 151.606665 33.319820 1
190.924954 135.296092 39.532355 1
189.136968 113.946645 37.290142 1
187.678778 96.535129 35.461507 1
200.940192 90.419674 38.160092 1
207.693298 89.651229 40.654053 1
169.353300 165.902600 34.176700 1
172.928697 171.753809 34.264259 1
177.222549 180.216246 33.906482 1
181.487270 188.197355 32.953855 1
194.241538 207.412609 29.069421 1
196.104057 213.600014 26.229934 1
199.898505 231.110593 24.616678 1
186.094976 197.472128 35.019752 1
190.468638 209.549400 33.964435 1
196.847289 210.831175 33.975068 1
215.425972 214.564519 34.006039 1
222.142096 217.425970 34.102044 1
235.619933 223.168295 34.294709 1
235.619933 223.168295 34.294709 1
185.880158 196.091633 27.485472 1
183.669427 201.557086 16.024904 1
179.070157 196.963660 16.303111 1
165.674159 183.584687 17.113427 1
160.659986 178.293818 17.523560 1
150.597603 167.676165 18.346612 1
150.597603 167.676165 18.346612 1
167.030799 165.870260 39.968048 1
158.879627 150.774675 39.062289 1
148.785651 132.081109 37.940645 1
136.156408 114.945473 36.380442 1
125.644690 100.682944 35.081834 1
132.264338 87.727619 38.062789 1
139.020831 85.358990 39.136828 1
169.007247 164.841074 28.037630 1
178.765324 151.635332 33.090391 1
190.849077 135.282215 39.347393 1
189.069972 113.926950 37.154057 1
187.619025 96.510689 35.365284 1
200.855492 90.390988 38.174460 1
207.589720 89.623052 40.719106 1
169.316700 165.986200 33.953200 1
172.874680 171.847478 34.071462 1
177.146317 180.322653 33.751254 1
181.393119 188.318079 32.839516 1
194.113351 207.582130 29.087419 1
196.134836 213.766223 26.351321 1
200.102279 231.243600 24.795203 1
185.944170 197.610033 34.953239 1
190.306328 209.704265 34.056437 1
196.677482 211.021299 34.120263 1
215.234327 214.857343 34.306166 1
221.936631 217.748400 34.462175 1
235.386737 223.550137 34.775256 1
235.386737 223.550137 34.775256 1
185.811694 196.229667 27.417039 1
183.725344 201.761980 15.965236 1
179.163235 197.128519 16.185361 1
165.875476 183.632939 16.826506 1
160.912750 178.289738 17.180035 1
150.953611 167.567064 17.889493 1
150.953611 167.567064 17.889493 1
166.938328 165.951051 39.721812 1
158.817331 150.838367 38.830259 1
148.760722 132.123626 37.726208 1
136.163879 114.957507 36.240956 1
125.679129 100.669607 35.004732 1
132.316821 87.759583 38.138195 1
139.047363 85.352199 39.286440 1
169.033085 164.919774 27.811777 1
178.735940 151.677998 32.876564 1
190.751311 135.280260 39.148458 1
188.987727 113.916538 37.026096 1
187.549439 96.493379 35.295206 1
200.766558 90.374651 38.196102 1
207.486195 89.610625 40.780190 1
169.275300 166.078000 33.765400 1
172.809053 171.953250 33.913066 1
177.053706 180.443262 33.629108 1
181.289276 188.448770 32.754337 1
194.018607 207.729187 29.118980 1
196.079330 213.927282 26.444529 1
200.258238 231.366372 25.017759 1
185.801014 197.751081 34.906435 1
190.084603 209.882001 34.135216 1
196.450697 211.220262 34.245407 1
214.992809 215.118132 34.566354 1
221.682144 218.036063 34.771052 1
235.106224 223.891732 35.181841 1
235.106224 223.891732 35.181841 1
185.754973 196.360669 27.371058 1
183.789182 201.922015 15.911990 1
179.262308 197.252052 16.082593 1
166.077173 183.650155 16.579496 1
161.159128 178.262771 16.883397 1
151.289654 167.451431 17.493261 1
151.289654 167.451431 17.493261 1
166.841122 166.038409 39.510657 1
158.751863 150.907352 38.642510 1
148.734557 132.169859 37.567442 1
136.184969 114.965503 36.125202 1
125.739552 100.645777 34.924779 1
132.408262 87.792706 38.222225 1
139.109827 85.346996 39.455796 1
169.055561 165.005296 27.622453 1
178.697327 151.720264 32.690626 1
190.637048 135.268961 38.966713 1
188.886988 113.897333 36.913891 1
187.459729 96.467727 35.239714 1
200.656567 90.346489 38.226379 1
207.362221 89.584458 40.847122 1
169.208100 166.158600 33.625700 1
172.721881 172.045573 33.782801 1
176.942744 180.547670 33.505934 1
181.159994 188.564559 32.647018 1
193.857679 207.881314 29.094846 1
196.030710 214.062029 26.469519 1
200.418365 231.455930 25.119883 1
185.612441 197.890417 34.820585 1
189.881871 210.031098 34.128530 1
196.241970 211.392897 34.286329 1
214.766616 215.359321 34.745940 1
221.446661 218.294725 34.998583 1
234.852098 224.185457 35.505587 1
234.852098 224.185457 35.505587 1
185.656731 196.476422 27.289586 1
183.823308 202.007938 15.794196 1
179.323145 197.310769 15.918197 1
166.215811 183.629627 16.279365 1
161.327519 178.212689 16.533973 1
151.517753 167.342043 17.044916 1
151.517753 167.342043 17.044916 1
166.716574 166.136506 39.346415 1
158.669475 150.982183 38.492396 1
148.704377 132.215878 37.434824 1
136.210100 114.969302 36.016828 1
125.810718 100.614435 34.836584 1
132.510305 87.818600 38.290339 1
139.186454 85.347245 39.607760 1
169.053306 165.058289 27.485657 1
178.619770 151.727150 32.575411 1
190.466242 135.218750 38.878222 1
188.739036 113.846133 36.816356 1
187.330415 96.415721 35.134804 1
200.500313 90.275381 38.200140 1
207.187936 89.502438 40.863413 1
169.152000 166.244400 33.533600 1
172.642389 172.145154 33.695084 1
176.833199 180.662067 33.417062 1
181.024686 188.693310 32.566172 1
193.669027 208.057405 29.082120 1
195.963080 214.187954 26.442170 1
200.510929 231.544748 25.146175 1
185.400404 198.052975 34.750217 1
189.658332 210.198444 34.071428 1
196.015169 211.569514 34.274016 1
214.530315 215.562942 34.864083 1
221.201697 218.513703 35.162577 1
234.589750 224.435253 35.761594 1
234.589750 224.435253 35.761594 1
185.550971 196.601198 27.227787 1
183.858100 202.026125 15.660269 1
179.376780 197.310060 15.742492 1
166.324331 183.573886 15.981976 1
161.460400 178.133345 16.196746 1
151.699520 167.215333 16.627744 1
151.699520 167.215333 16.627744 1
166.596281 166.246978 39.225969 1
158.596752 151.067229 38.376599 1
148.690562 132.269439 37.324784 1
136.262086 114.974937 35.912253 1
125.917473 100.580179 34.736557 1
132.647230 87.845564 38.354042 1
139.293461 85.343825 39.762261 1
169.070384 165.107175 27.398877 1
178.566459 151.739074 32.523378 1
190.325768 135.184903 38.869217 1
188.624800 113.813996 36.768192 1
187.237577 96.384977 35.054703 1
200.377181 90.221994 38.203465 1
207.043899 89.434947 40.914592 1
169.080300 166.314400 33.504000 1
172.544676 172.230447 33.666093 1
176.701959 180.763557 33.381441 1
180.867675 188.807917 32.527905 1
193.464964 208.207149 29.068966 1
195.827052 214.305358 26.414152 1
200.518574 231.622474 25.099644 1
185.176134 198.200633 34.703767 1
189.391641 210.361885 34.043041 1
195.745838 211.737644 34.291453 1
214.253298 215.744730 35.014988 1
220.924652 218.690969 35.355784 1
234.312647 224.603445 36.039691 1
234.312647 224.603445 36.039691 1
185.419993 196.703046 27.192772 1
183.884147 201.969495 15.530490 1
179.414802 197.241634 15.580797 1
166.397229 183.471100 15.727322 1
161.555467 178.009973 15.919350 1
151.839077 167.050649 16.304710 1
151.839077 167.050649 16.304710 1
166.467415 166.339338 39.170303 1
158.514501 151.135046 38.322175 1
148.666036 132.306862 37.271900 1
136.306145 114.964818 35.840578 1
126.018620 100.530489 34.649242 1
132.774289 87.852805 38.415345 1
139.394709 85.332762 39.909865 1
169.065109 165.141320 27.375507 1
178.516620 151.752000 32.526928 1
190.220744 135.171554 38.906104 1
188.546519 113.801073 36.779405 1
187.181107 96.372404 35.044978 1
200.297589 90.194765 38.260712 1
206.947621 89.398368 41.009822 1
169.018700 166.385500 33.493400 1
172.452254 172.319602 33.651266 1
176.567742 180.872582 33.355785 1
180.695657 188.935677 32.495409 1
193.206275 208.392433 29.045012 1
195.612715 214.446486 26.329661 1
200.472971 231.715472 24.995172 1
184.929946 198.364597 34.660255 1
189.134132 210.530235 34.008176 1
195.485740 211.913185 34.281613 1
213.985658 215.941218 35.078037 1
220.640932 218.919364 35.454066 1
233.996660 224.895871 36.208679 1
233.996660 224.895871 36.208679 1
185.245675 196.831361 27.159137 1
183.793734 202.024857 15.453472 1
179.366562 197.257217 15.453626 1
166.471825 183.370819 15.454073 1
161.669928 177.872848 15.586527 1
152.033538 166.839587 15.852335 1
152.033538 166.839587 15.852335 1
166.363966 166.425562 39.140130 1
158.448221 151.201538 38.298277 1
148.645785 132.348918 37.255771 1
136.339328 114.972368 35.783119 1
126.096277 100.509319 34.557382 1
132.848871 87.865398 38.440680 1
139.447222 85.333166 40.010310 1
169.054597 165.181823 27.370929 1
178.490586 151.792515 32.550757 1
190.175488 135.212082 38.965109 1
188.506755 113.842746 36.822659 1
187.145822 96.415009 35.075386 1
200.244851 90.224536 38.337250 1
206.883190 89.420428 41.112254 1
168.976800 166.419000 33.508100 1
172.387847 172.366325 33.655966 1
176.467824 180.935675 33.342850 1
180.555405 189.017824 32.468791 1
192.952680 208.544479 29.004187 1
195.468304 214.553985 26.288838 1
200.312563 231.831341 25.005502 1
184.714220 198.484092 34.616891 1
188.889175 210.662906 34.025823 1
195.232006 212.077270 34.339365 1
213.706361 216.196800 35.252599 1
220.353131 219.188406 35.669942 1
233.691791 225.191924 36.507462 1
233.691791 225.191924 36.507462 1
185.080595 196.922029 27.124027 1
183.699028 202.037023 15.375358 1
179.312785 197.231884 15.333299 1
166.537262 183.236267 15.210798 1
161.776391 177.701779 15.294353 1
152.222330 166.595235 15.462030 1
152.222330 166.595235 15.462030 1
166.297075 166.473051 39.142896 1
158.405621 151.235400 38.319718 1
148.633266 132.365907 37.300338 1
136.380187 114.958986 35.743675 1
126.181563 100.470657 34.448014 1
132.932537 87.853476 38.420084 1
139.521145 85.339510 40.058495 1
169.044094 165.189701 27.390987 1
178.455472 151.781169 32.565862 1
190.109897 135.176932 38.974081 1
188.465093 113.808459 36.804685 1
187.123674 96.381426 35.035437 1
200.211786 90.178193 38.316820 1
206.843040 89.365450 41.106212 1
168.910400 166.435900 33.551200 1
172.299900 172.396010 33.678299 1
176.345784 180.980497 33.338584 1
180.395255 189.079884 32.446861 1
192.687927 208.669078 28.962633 1
195.227671 214.673821 26.259225 1
200.073378 231.950936 24.978114 1
184.495740 198.574543 34.581752 1
188.629487 210.772000 34.094606 1
194.962964 212.225386 34.418626 1
213.410071 216.458572 35.362380 1
220.037961 219.489258 35.797638 1
233.338733 225.571201 36.671112 1
233.338733 225.571201 36.671112 1
184.885995 196.997698 27.093192 1
183.543824 202.071827 15.322256 1
179.198008 197.230478 15.248263 1
166.540232 183.129395 15.032746 1
161.818512 177.561012 15.076370 1
152.343020 166.386446 15.163916 1
152.343020 166.386446 15.163916 1
166.227159 166.501819 39.184196 1
158.354986 151.253674 38.370805 1
148.606506 132.371184 37.363545 1
136.387348 114.948559 35.718443 1
126.216957 100.447160 34.349171 1
132.938091 87.821012 38.343295 1
139.530771 85.342123 40.018360 1
168.985749 165.183484 27.438872 1
178.409105 151.787361 32.624076 1
190.078363 135.198490 39.045086 1
188.443074 113.831181 36.857116 1
187.109415 96.405097 35.072719 1
200.200732 90.204094 38.345523 1
206.832767 89.391285 41.133038 1
168.848800 166.441300 33.583500 1
172.228520 172.407228 33.697430 1
176.253143 181.000898 33.337935 1
180.269786 189.114428 32.426533 1
192.452103 208.763881 28.894348 1
195.025423 214.772344 26.231260 1
199.838036 232.061820 24.992870 1
184.315551 198.637850 34.537581 1
188.401060 210.854894 34.143172 1
194.723309 212.354264 34.476802 1
213.137713 216.721382 35.448545 1
219.744388 219.795965 35.898245 1
233.002585 225.965998 36.800701 1
233.002585 225.965998 36.800701 1
184.717231 197.043449 27.053344 1
183.377744 202.106683 15.277412 1
179.067918 197.233588 15.184663 1
166.514970 183.040041 14.914519 1
161.836138 177.435458 14.939461 1
152.446715 166.188248 14.989514 1
152.446715 166.188248 14.989514 1
166.166331 166.514747 39.216771 1
158.309970 151.258033 38.411219 1
148.581071 132.364932 37.413667 1
136.389900 114.930734 35.685616 1
126.242804 100.419702 34.247303 1
132.943503 87.784790 38.248040 1
139.548850 85.358218 39.949597 1
168.925256 165.176059 27.473828 1
178.357702 151.787904 32.663084 1
190.038216 135.208901 39.089111 1
188.430607 113.839496 36.901096 1
187.119523 96.411703 35.116662 1
200.216874 90.218562 38.380200 1
206.850693 89.409053 41.164426 1
168.773300 166.458500 33.623100 1
172.121848 172.441750 33.748519 1
176.100441 181.057363 33.402090 1
180.071176 189.193992 32.495460 1
192.134944 208.915019 28.955302 1
194.722431 214.910988 26.277819 1
199.556844 232.196522 25.069678 1
184.061731 198.741295 34.603721 1
188.094892 210.975625 34.206363 1
194.409604 212.506498 34.539665 1
212.802056 216.965374 35.510452 1
219.390913 220.077454 35.963622 1
232.613353 226.322737 36.873039 1
232.613353 226.322737 36.873039 1
184.468506 197.148925 27.119326 1
183.128357 202.165142 15.323365 1
178.842219 197.271163 15.232633 1
166.358261 183.016786 14.968363 1
161.727896 177.372238 15.015608 1
152.435736 166.044825 15.110419 1
152.435736 166.044825 15.110419 1
166.092348 166.506072 39.257371 1
158.240864 151.246330 38.461682 1
148.518006 132.349479 37.476344 1
136.347868 114.907407 35.680810 1
126.218278 100.389822 34.186329 1
132.905654 87.753711 38.205530 1
139.522264 85.379504 39.936941 1
168.854343 165.206541 27.510751 1
178.289708 151.806591 32.664129 1
189.973838 135.212981 39.045727 1
188.370329 113.840595 36.883975 1
187.062588 96.410371 35.120961 1
200.158716 90.213751 38.382800 1
206.793304 89.403111 41.164867 1
168.726000 166.437500 33.679400 1
172.064049 172.427133 33.776924 1
176.018053 181.052669 33.397476 1
179.950220 189.205531 32.468854 1
191.884691 208.998678 28.893111 1
194.497784 214.992241 26.235183 1
199.318740 232.283783 25.059686 1
183.891308 198.775761 34.566194 1
187.868601 211.030844 34.254417 1
194.172560 212.608602 34.572273 1
212.533692 217.204037 35.498073 1
219.102404 220.359781 35.941609 1
232.284420 226.692690 36.831693 1
232.284420 226.692690 36.831693 1
184.281890 197.187831 27.079993 1
182.893613 202.190610 15.283892 1
178.632614 197.274726 15.193232 1
166.221880 182.956547 14.929173 1
161.625852 177.284044 14.980826 1
152.402596 165.900533 15.084484 1
152.402596 165.900533 15.084484 1
166.061655 166.497182 39.321428 1
158.216085 151.235216 38.510209 1
148.500549 132.335611 37.505639 1
136.344691 114.889123 35.657062 1
126.226987 100.367862 34.118432 1
132.923096 87.721641 38.091025 1
139.553396 85.374006 39.806218 1
168.791220 165.167310 27.570625 1
178.272307 151.783383 32.681554 1
190.013055 135.209616 39.010588 1
188.421023 113.834989 36.862550 1
187.122643 96.402938 35.110720 1
200.238669 90.215479 38.309388 1
206.887319 89.409651 41.059091 1
168.676600 166.428400 33.698600 1
171.989619 172.432007 33.790215 1
175.905457 181.074641 33.404087 1
179.797926 189.246104 32.471720 1
191.628265 209.100827 28.891323 1
194.264496 215.095753 26.259442 1
198.990761 232.407499 24.999805 1
183.693204 198.835092 34.568960 1
187.628859 211.103888 34.268292 1
193.928443 212.704281 34.558524 1
212.276832 217.365645 35.403866 1
218.822325 220.571371 35.831967 1
231.957745 227.004581 36.691079 1
231.957745 227.004581 36.691079 1
184.082950 197.252661 27.081552 1
182.669120 202.220684 15.273802 1
178.425503 197.289582 15.195084 1
166.065394 182.927082 14.965809 1
161.495656 177.233583 15.036576 1
152.325160 165.807939 15.178589 1
152.325160 165.807939 15.178589 1
166.021975 166.476952 39.345314 1
158.181110 151.213539 38.516018 1
148.471400 132.312144 37.489061 1
136.314360 114.868067 35.625560 1
126.195673 100.348813 34.074508 1
132.884935 87.689809 38.017813 1
139.529104 85.373782 39.722277 1
168.736391 165.158424 27.589725 1
178.239731 151.779131 32.671371 1
190.008035 135.211101 38.964143 1
188.436906 113.831589 36.849587 1
187.155574 96.395554 35.125063 1
200.288276 90.233838 38.304945 1
206.944022 89.442705 41.041719 1
168.602200 166.399500 33.723300 1
171.895930 172.413698 33.815774 1
175.780844 181.070404 33.432512 1
179.637806 189.259006 32.502954 1
191.366239 209.175299 28.929256 1
193.988829 215.159674 26.260004 1
198.742663 232.473053 25.133593 1
183.486082 198.866020 34.604464 1
187.375447 211.150169 34.329392 1
193.669570 212.777025 34.589390 1
212.002055 217.515466 35.346670 1
218.530027 220.759805 35.750736 1
231.630287 227.270504 36.561613 1
231.630287 227.270504 36.561613 1
183.879482 197.290611 27.115766 1
182.457060 202.226098 15.295410 1
178.228356 197.282038 15.227751 1
165.911684 182.881793 15.030685 1
161.361463 177.172889 15.116348 1
152.230134 165.716329 15.288255 1
152.230134 165.716329 15.288255 1
165.948513 166.438124 39.370532 1
158.112591 151.172804 38.529705 1
148.409004 132.269046 37.488470 1
136.257487 114.823119 35.606363 1
126.143397 100.302324 34.039824 1
132.834566 87.643234 37.979614 1
139.503208 85.404203 39.691374 1
168.664902 165.131235 27.614098 1
178.178941 151.764537 32.708854 1
189.960494 135.212103 39.017858 1
188.397128 113.834655 36.876860 1
187.122126 96.400302 35.130772 1
200.245978 90.220309 38.311721 1
206.898351 89.417809 41.053384 1
168.521900 166.410500 33.731800 1
171.785004 172.441084 33.841282 1
175.625688 181.118314 33.476819 1
179.439128 189.328663 32.559602 1
191.056621 209.313471 29.006082 1
193.712778 215.268491 26.304563 1
198.449569 232.587301 25.189913 1
183.227261 198.958114 34.667688 1
187.096589 211.248095 34.371398 1
193.386572 212.895444 34.600740 1
211.706999 217.693572 35.268730 1
218.217722 220.975422 35.647389 1
231.283364 227.561399 36.407280 1
231.283364 227.561399 36.407280 1
183.642948 197.385022 27.179707 1
182.237306 202.245762 15.326416 1
178.019123 197.292587 15.269449 1
165.733095 182.865797 15.103524 1
161.198309 177.144896 15.205717 1
152.097953 165.664261 15.410799 1
152.097953 165.664261 15.410799 1
165.859383 166.424467 39.374989 1
158.033625 151.154239 38.528648 1
148.342622 132.244404 37.480583 1
136.208256 114.791466 35.553362 1
126.108441 100.264836 33.949274 1
132.786256 87.606339 37.913553 1
139.473558 85.449040 39.657174 1
168.600401 165.154724 27.620201 1
178.112588 151.786952 32.715597 1
189.891849 135.233190 39.025394 1
188.345877 113.854685 36.882310 1
187.085062 96.419471 35.134521 1
200.203611 90.241369 38.340918 1
206.850708 89.439765 41.095607 1
168.456100 166.393400 33.777900 1
171.694258 172.437570 33.878534 1
175.511622 181.124568 33.501969 1
179.326984 189.332785 32.573734 1
191.008216 209.276073 28.995987 1
193.433043 215.356147 26.356185 1
198.150938 232.680759 25.251605 1
183.137467 198.956834 34.666147 1
186.757879 211.312935 34.098232 1
193.057556 212.915962 34.371386 1
211.406219 217.584998 35.166986 1
217.909438 220.876556 35.587955 1
230.960023 227.482014 36.432753 1
230.960023 227.482014 36.432753 1
183.565153 197.363889 27.183040 1
182.103309 202.329095 15.379953 1
177.914537 197.350925 15.332477 1
165.714169 182.851332 15.194196 1
161.202042 177.112516 15.294818 1
152.147157 165.595927 15.496745 1
152.147157 165.595927 15.496745 1
165.788197 166.407536 39.418544 1
157.975913 151.131639 38.550305 1
148.301597 132.214783 37.475125 1
136.181766 114.755868 35.510931 1
126.094049 100.224263 33.876070 1
132.762432 87.560953 37.840851 1
139.455757 85.431448 39.595496 1
168.545564 165.125908 27.668871 1
178.076649 151.767289 32.752944 1
189.879312 135.224860 39.048720 1
188.322684 113.850909 36.868259 1
187.053178 96.419408 35.089987 1
200.169729 90.230615 38.283917 1
206.816804 89.421556 41.036480 1
168.357900 166.393700 33.790800 1
171.586821 172.442822 33.890693 1
175.387189 181.137217 33.512940 1
179.179657 189.355852 32.583065 1
190.788583 209.340626 29.001471 1
193.211491 215.437206 26.398229 1
197.884763 232.772623 25.273648 1
182.954039 198.994646 34.673039 1
186.520153 211.366521 34.105017 1
192.813138 212.994590 34.384266 1
211.142307 217.736563 35.197619 1
217.638248 221.042166 35.620914 1
230.674225 227.675810 36.470380 1
230.674225 227.675810 36.470380 1
183.389975 197.400455 27.190674 1
181.929822 202.319461 15.368049 1
177.759285 197.326034 15.317563 1
165.612032 182.782000 15.170514 1
161.122649 177.025362 15.270454 1
152.113407 165.473009 15.471014 1
152.113407 165.473009 15.471014 1
165.689827 166.404533 39.431371 1
157.896157 151.119849 38.550582 1
148.244891 132.192111 37.459859 1
136.148024 114.721656 35.457098 1
126.079419 100.180447 33.790135 1
132.755827 87.518379 37.745371 1
139.465439 85.445192 39.505248 1
168.449464 165.125510 27.681947 1
177.991994 151.772778 32.760014 1
189.808829 135.237640 39.048353 1
188.284068 113.861655 36.865315 1
187.040551 96.428496 35.084940 1
200.164213 90.252348 38.274134 1
206.812667 89.449293 41.025123 1
168.247100 166.403900 33.799000 1
171.465331 172.458754 33.896523 1
175.245033 181.161998 33.515189 1
179.008718 189.393485 32.582064 1
190.525195 209.430627 28.994605 1
192.983731 215.517688 26.402513 1
197.574741 232.876534 25.300735 1
182.737251 199.050851 34.668601 1
186.273627 211.434386 34.173406 1
192.557562 213.097181 34.451830 1
210.860372 217.940298 35.262779 1
217.341645 221.274297 35.688206 1
230.348187 227.964925 36.541949 1
230.348187 227.964925 36.541949 1
183.183153 197.455085 27.187158 1
181.742464 202.333910 15.345512 1
177.591549 197.324321 15.280956 1
165.501447 182.733215 15.092927 1
161.030529 176.961941 15.174919 1
152.058345 165.380216 15.339459 1
152.058345 165.380216 15.339459 1
165.578385 166.412566 39.439271 1
157.803965 151.118547 38.550425 1
148.176537 132.179251 37.449725 1
136.101516 114.695728 35.429243 1
126.051095 100.143642 33.747530 1
132.731829 87.482487 37.698378 1
139.448848 85.435631 39.460822 1
168.341580 165.133123 27.690729 1
177.894871 151.786889 32.765644 1
189.725032 135.259797 39.050079 1
188.241580 113.879525 36.880606 1
187.031752 96.442869 35.111295 1
200.170898 90.302502 38.305823 1
206.821458 89.518664 41.057263 1
