64 35
78.597200 186.208300 39.247800 1
78.722507 193.692144 39.461754 1
78.274379 203.604958 39.499456 1
78.330520 213.112078 39.619235 1
81.507236 237.321937 40.642733 1
82.943435 244.487044 39.646452 1
80.353927 263.105271 39.783280 1
77.551387 223.372236 43.605605 1
74.263876 230.618122 54.471035 1
78.758331 225.664904 53.251998 1
91.849073 211.237954 49.701381 1
94.275639 211.454650 42.471774 1
99.145216 211.889514 27.963566 1
99.145216 211.889514 27.963566 1
79.778475 223.405156 35.914508 1
83.288189 227.767143 23.666115 1
89.061626 224.376516 22.486442 1
105.877581 214.500834 19.050477 1
109.980361 209.123805 22.579948 1
118.213722 198.333308 29.662808 1
118.213722 198.333308 29.662808 1
75.573635 184.816708 45.192701 1
76.357318 166.891188 44.622500 1
77.327788 144.693209 43.916395 1
75.187292 122.663261 41.171874 1
73.405688 104.327097 38.887527 1
86.104620 97.280407 44.355516 1
93.258433 96.271804 46.599892 1
79.780892 185.105432 32.629425 1
83.677230 167.596341 33.348745 1
88.502193 145.914263 34.239499 1
89.073714 123.494781 32.313675 1
89.539820 105.210533 30.743066 1
103.505820 99.421483 34.243838 1
110.444837 98.910031 37.213799 1
78.141300 186.202200 39.685300 1
78.265664 193.684505 39.948052 1
77.819174 203.596806 40.062394 1
77.896885 213.102821 40.242550 1
81.190923 237.293682 41.341599 1
82.553460 244.475085 40.359280 1
79.959415 263.090200 40.692560 1
77.252447 223.340323 44.310386 1
74.303746 230.475625 55.344913 1
78.508138 225.253026 54.218814 1
90.754030 210.041467 50.938892 1
93.565087 209.726358 43.853621 1
99.206251 209.094007 29.635063 1
99.206251 209.094007 29.635063 1
79.296388 223.413717 36.568882 1
82.331082 228.064080 24.299695 1
87.957563 224.602337 22.693579 1
104.345486 214.519521 18.015539 1
108.741292 209.161846 21.205306 1
117.562691 198.410187 27.606457 1
117.562691 198.410187 27.606457 1
75.243654 184.767244 45.682372 1
76.048881 166.846657 44.998484 1
77.046030 144.654786 44.151594 1
74.917775 122.635895 41.310519 1
73.146360 104.308935 38.945807 1
86.009261 97.347105 44.131976 1
93.213878 96.389968 46.231718 1
79.187195 185.145787 33.036208 1
83.433055 167.717492 33.739281 1
88.690842 146.135464 34.609916 1
88.915468 123.689763 32.934024 1
89.098664 105.384131 31.567247 1
103.073292 99.416744 34.716485 1
110.089589 98.829804 37.484029 1
77.927800 186.221200 40.013200 1
78.033211 193.703317 40.289275 1
77.557883 203.613887 40.433461 1
77.607395 213.119485 40.643177 1
80.835386 237.316932 41.792061 1
82.126719 244.520980 40.882021 1
79.480048 263.125414 41.364542 1
76.989055 223.338156 44.762089 1
74.191267 230.248687 55.977486 1
78.135231 224.771446 55.161680 1
89.622587 208.818207 52.785532 1
93.132256 207.754079 46.095819 1
100.175379 205.618614 32.671059 1
100.175379 205.618614 32.671059 1
78.916882 223.449933 36.991313 1
81.516413 228.415905 24.745917 1
86.904768 224.792929 22.730915 1
102.599115 214.240497 16.861937 1
107.354601 208.968648 19.653955 1
116.897798 198.389223 25.256913 1
116.897798 198.389223 25.256913 1
75.110242 184.765838 46.043425 1
75.871866 166.848130 45.243932 1
76.815019 144.659823 44.253883 1
74.736330 122.644151 41.351820 1
73.006170 104.319870 38.936346 1
85.984097 97.428450 43.926273 1
93.222442 96.513394 45.926418 1
78.892955 185.180930 33.349369 1
83.267823 167.783545 34.026609 1
88.685364 146.239795 34.865254 1
88.435199 123.761367 33.713621 1
88.231179 105.429044 32.774405 1
102.176725 99.278545 35.691722 1
109.255357 98.628126 38.280571 1
77.847400 186.195900 40.259500 1
77.943449 193.678768 40.518081 1
77.433790 203.587872 40.644670 1
77.412541 213.094007 40.833789 1
80.366507 237.329667 41.912311 1
81.639851 244.557338 41.181978 1
78.919605 263.148946 41.743246 1
76.701626 223.313584 44.935482 1
73.864701 229.828480 56.375593 1
77.613145 224.164962 56.068529 1
88.531022 207.669164 55.174165 1
92.842022 205.838674 49.151957 1
101.493237 202.165292 37.066730 1
101.493237 202.165292 37.066730 1
78.578857 223.431135 37.152413 1
80.839816 228.677757 24.956956 1
85.914320 224.803302 22.620600 1
100.694532 213.518398 15.815633 1
105.783873 208.342790 18.163844 1
115.997043 197.956499 22.876179 1
115.997043 197.956499 22.876179 1
75.092086 184.749393 46.320539 1
75.821729 166.834379 45.435434 1
76.725279 144.649408 44.339369 1
74.639638 122.640638 41.390324 1
72.903693 104.322101 38.935746 1
85.969470 97.467843 43.744305 1
93.235730 96.575586 45.651369 1
78.748160 185.142429 33.588731 1
83.017461 167.716102 34.191489 1
88.304276 146.136512 34.937902 1
87.768216 123.641622 34.336956 1
87.331033 105.295874 33.846854 1
101.275503 99.062510 36.588128 1
108.407173 98.397379 39.023103 1
77.870900 186.162000 40.487900 1
77.912704 193.646725 40.703643 1
77.321055 203.551802 40.777923 1
77.208606 213.058255 40.910327 1
79.899471 237.331393 41.821567 1
80.966035 244.611756 41.318805 1
78.196400 263.200784 41.692737 1
76.402491 223.295501 44.949884 1
73.430343 229.448979 56.554590 1
76.990619 223.664697 56.849673 1
87.360428 206.817156 57.709146 1
92.369300 204.552130 52.419225 1
102.420989 200.006733 41.803534 1
102.420989 200.006733 41.803534 1
78.244987 223.383757 37.158132 1
80.201801 228.916456 25.036734 1
84.895376 224.709450 22.488793 1
98.566079 212.455945 15.067554 1
103.933740 207.389030 16.995502 1
114.705435 197.220860 20.864465 1
114.705435 197.220860 20.864465 1
75.177304 184.729336 46.579890 1
75.837510 166.815674 45.616363 1
76.655073 144.632378 44.423185 1
74.566501 122.628909 41.436891 1
72.828115 104.314785 38.951310 1
85.948456 97.455535 43.601576 1
93.235052 96.562707 45.429118 1
78.723807 185.077445 33.815823 1
83.060460 167.665668 34.354888 1
88.430677 146.104096 35.022427 1
87.859141 123.607952 34.507233 1
87.393026 105.261181 34.087066 1
101.377267 99.038090 36.642801 1
108.544960 98.382473 38.972300 1
77.961000 186.059800 40.684600 1
77.936329 193.545862 40.850910 1
77.249243 203.445045 40.865578 1
77.032640 212.950347 40.937293 1
79.427448 237.260318 41.676585 1
80.357738 244.568198 41.325201 1
77.496906 263.144312 41.651161 1
76.121570 223.203062 44.914832 1
73.031656 229.162008 56.590087 1
76.442314 223.348268 57.478003 1
86.376342 206.414928 60.064187 1
92.139134 204.239236 55.563187 1
103.703771 199.873110 46.530685 1
103.703771 199.873110 46.530685 1
77.920745 223.263095 37.112696 1
79.710938 228.799611 24.967311 1
84.010748 224.257266 22.302862 1
96.534554 211.027040 14.542276 1
101.990685 205.912355 16.049939 1
112.939919 195.648324 19.075483 1
112.939919 195.648324 19.075483 1
75.340289 184.643154 46.812023 1
76.021308 166.733251 45.794609 1
76.864645 144.554610 44.534700 1
74.635349 122.574244 41.480774 1
72.779834 104.279349 38.938901 1
85.946237 97.385475 43.404095 1
93.253382 96.476036 45.139059 1
78.758584 184.938790 34.011705 1
83.200184 167.549477 34.400458 1
88.700360 146.015724 34.881860 1
88.193600 123.518973 34.326906 1
87.780312 105.171707 33.874311 1
101.810525 98.935516 36.128346 1
109.023336 98.269891 38.311127 1
78.105000 185.974200 40.787400 1
77.999461 193.460127 40.925811 1
77.199157 203.350800 40.910867 1
76.868589 212.853037 40.943175 1
78.963535 237.194859 41.529043 1
79.770415 244.521015 41.263720 1
76.792025 263.078578 41.593390 1
75.881151 223.113692 44.881825 1
72.713209 229.201630 56.469289 1
76.108464 223.501719 57.953815 1
85.997627 206.899922 62.277710 1
92.605389 205.291183 58.820566 1
105.865693 202.062806 51.882851 1
105.865693 202.062806 51.882851 1
77.573330 223.156419 37.055672 1
79.267034 228.482606 24.802865 1
83.302262 223.718441 22.112099 1
95.055434 209.842133 14.274861 1
100.367992 204.484189 15.402499 1
111.029108 193.731990 17.665418 1
111.029108 193.731990 17.665418 1
75.584349 184.552711 46.955545 1
76.313106 166.647613 45.887878 1
77.215559 144.474923 44.565738 1
74.793366 122.519950 41.476261 1
72.777299 104.246190 38.904798 1
85.989448 97.301345 43.150487 1
93.319582 96.365375 44.770559 1
78.823523 184.835914 34.108451 1
83.366987 167.471495 34.426267 1
88.993307 145.968567 34.819826 1
88.405807 123.475511 34.198659 1
87.926672 105.131259 33.692065 1
101.953220 98.795674 35.675487 1
109.198476 98.074570 37.729382 1
78.237100 185.925400 40.819200 1
78.035694 193.409710 40.937274 1
77.114895 203.289856 40.906323 1
76.685650 212.788197 40.916633 1
78.576463 237.148877 41.404902 1
79.264162 244.488056 41.165026 1
76.175942 263.028364 41.452239 1
75.661525 223.051593 44.838737 1
72.711449 229.823450 56.099606 1
76.139204 224.300557 58.091767 1
86.123028 208.214349 63.894221 1
93.271211 207.481036 61.331383 1
107.616018 206.009442 56.188339 1
107.616018 206.009442 56.188339 1
77.248979 223.085681 36.990629 1
78.869130 228.326652 24.691219 1
82.800410 223.448372 22.051527 1
94.250820 209.239687 14.363050 1
99.295511 203.575839 15.184224 1
109.419078 192.209761 16.832139 1
109.419078 192.209761 16.832139 1
75.827743 184.490422 47.028561 1
76.574803 166.588799 45.916201 1
77.499921 144.420412 44.538716 1
74.917016 122.485526 41.436768 1
72.767183 104.228485 38.854926 1
86.012734 97.216807 42.881013 1
93.362877 96.245293 44.385373 1
78.870546 184.775739 34.133592 1
83.506991 167.435147 34.406332 1
89.248451 145.961727 34.744073 1
88.513557 123.472416 34.144544 1
87.914214 105.131219 33.655596 1
101.929554 98.697398 35.385866 1
109.205787 97.925822 37.307667 1
78.313600 185.857600 40.829800 1
78.043230 193.340072 40.924226 1
77.025695 203.210610 40.867451 1
76.496401 212.703886 40.847816 1
78.114215 237.085980 41.238284 1
78.776750 244.427876 41.011056 1
75.653335 262.963790 41.174782 1
75.375498 222.969472 44.737590 1
72.274684 230.059007 55.759914 1
76.002043 225.027150 58.407133 1
86.858505 210.371157 66.117541 1
94.260597 211.048851 64.399354 1
109.114944 212.408833 60.951337 1
109.114944 212.408833 60.951337 1
76.924220 222.992519 36.881707 1
78.576395 228.234548 24.587008 1
82.500847 223.288277 22.066366 1
93.931370 208.881560 14.724640 1
98.633922 202.901563 15.297390 1
108.070892 190.901042 16.446772 1
108.070892 190.901042 16.446772 1
75.982714 184.422147 47.068932 1
76.783214 166.524526 45.929674 1
77.774510 144.361095 44.518880 1
75.035143 122.445237 41.416662 1
72.755082 104.204034 38.834594 1
86.019861 97.133043 42.690028 1
93.383822 96.129819 44.103237 1
78.888030 184.690262 34.141925 1
83.624241 167.375668 34.342661 1
89.489244 145.934442 34.591237 1
88.659669 123.447609 34.023145 1
87.983109 105.108432 33.559836 1
101.990107 98.598740 35.058359 1
109.293375 97.788413 36.857764 1
78.392400 185.778300 40.856400 1
78.103511 193.260435 40.916412 1
77.049382 203.126801 40.817692 1
76.462899 212.616553 40.758642 1
77.876247 237.012644 41.057792 1
78.421969 244.366408 40.922315 1
75.295440 262.902457 40.970823 1
75.247110 222.887436 44.605698 1
71.844775 230.083954 55.468590 1
75.932872 225.768215 58.767441 1
87.840032 213.198014 68.375816 1
94.971253 215.739439 67.432822 1
109.282022 220.839516 65.540443 1
109.282022 220.839516 65.540443 1
76.814282 222.892931 36.753443 1
78.474917 228.297694 24.530555 1
82.360064 223.245189 22.164466 1
93.676106 208.529049 15.272897 1
98.060934 202.297572 15.652867 1
106.860305 189.792389 16.415384 1
106.860305 189.792389 16.415384 1
76.090822 184.366711 47.111836 1
76.971601 166.473783 45.958201 1
78.062310 144.316162 44.529602 1
75.174892 122.421794 41.409960 1
72.771604 104.198477 38.813390 1
86.033929 97.060202 42.551490 1
93.407653 96.055099 43.911453 1
78.942275 184.580595 34.171831 1
83.790691 167.296209 34.271850 1
89.794641 145.892390 34.395705 1
88.861992 123.409151 33.845511 1
88.101370 105.072905 33.396798 1
102.089724 98.478565 34.684529 1
109.414413 97.624272 36.373119 1
78.502700 185.702200 40.958400 1
78.208411 193.184325 40.982887 1
77.125655 203.047003 40.836771 1
76.470116 212.531843 40.732357 1
77.596766 236.943898 40.928708 1
78.071613 244.303806 40.911833 1
74.990085 262.847451 40.920588 1
75.110876 222.804990 44.524975 1
71.397325 230.048423 55.253925 1
75.800226 226.593547 59.113828 1
88.624299 216.530730 70.356344 1
94.836876 220.937161 69.920845 1
107.304129 229.779886 69.046895 1
107.304129 229.779886 69.046895 1
76.726187 222.793520 36.682487 1
78.405923 228.296830 24.506272 1
82.185814 223.107396 22.269588 1
93.195283 207.992433 15.754932 1
97.281498 201.552467 15.934099 1
105.481617 188.628894 16.293649 1
105.481617 188.628894 16.293649 1
76.200246 184.318595 47.219763 1
77.118619 166.429413 46.037692 1
78.255881 144.276432 44.573879 1
75.256627 122.400155 41.432903 1
72.760255 104.191897 38.818576 1
85.995538 96.966589 42.484615 1
93.379310 96.015683 43.828946 1
79.055458 184.473246 34.279743 1
84.034526 167.225757 34.268648 1
90.200268 145.867628 34.254907 1
89.048147 123.394790 33.695634 1
88.108534 105.067028 33.239517 1
102.050242 98.341148 34.339046 1
109.388353 97.417366 35.929948 1
78.775000 185.624200 40.985300 1
78.469629 193.105921 40.984294 1
77.349497 202.963803 40.801019 1
76.614447 212.442233 40.653055 1
77.424271 236.867558 40.716449 1
77.837024 244.230715 40.803412 1
74.898723 262.797375 40.893795 1
75.124635 222.717283 44.391080 1
71.171373 229.912993 55.066361 1
75.801881 227.417162 59.373305 1
89.288894 220.147700 71.917894 1
93.967575 226.163891 71.574688 1
103.356643 238.237044 70.885948 1
103.356643 238.237044 70.885948 1
76.734461 222.684267 36.547525 1
78.366164 228.175224 24.359207 1
82.035546 222.874272 22.201407 1
92.723140 207.434496 15.916510 1
96.569092 200.845794 15.908042 1
104.287056 187.623740 15.891053 1
104.287056 187.623740 15.891053 1
76.480127 184.258755 47.253429 1
77.438766 166.373878 46.038632 1
78.625892 144.226229 44.534295 1
75.447149 122.384522 41.329897 1
72.801383 104.205037 38.662782 1
86.022639 96.955314 42.331235 1
93.410148 96.011063 43.659632 1
79.323689 184.373076 34.310425 1
84.372832 167.146182 34.224395 1
90.625349 145.813557 34.117860 1
89.307178 123.348467 33.617097 1
88.232143 105.027023 33.208699 1
102.113785 98.155131 34.154601 1
109.460373 97.156455 35.658768 1
79.180500 185.468500 40.941300 1
78.804095 192.946978 40.950312 1
77.564980 202.790603 40.766536 1
76.666720 212.254483 40.590705 1
76.930445 236.691739 40.505105 1
77.464321 244.043347 40.755797 1
74.856488 262.658638 40.936870 1
74.961451 222.516145 44.273011 1
70.799168 229.572095 54.962125 1
75.590567 228.163517 59.575037 1
89.546193 224.060835 73.010802 1
92.257919 231.160953 72.349535 1
97.699746 245.409305 71.022520 1
97.699746 245.409305 71.022520 1
76.542434 222.471589 36.423650 1
78.038642 227.805755 24.148626 1
81.663481 222.449595 22.052764 1
92.221338 206.849015 15.948268 1
96.053310 200.254545 15.771175 1
103.743222 187.020917 15.415791 1
103.743222 187.020917 15.415791 1
76.899020 184.072945 47.207687 1
77.805654 166.184753 46.001815 1
78.928380 144.032997 44.508531 1
75.558121 122.230338 41.234675 1
72.752950 104.083354 38.509748 1
85.927150 96.831928 42.340533 1
93.304611 95.882365 43.720003 1
79.740701 184.231569 34.264736 1
84.815225 167.012189 34.168368 1
91.099173 145.688868 34.049030 1
89.528766 123.240082 33.544629 1
88.248020 104.931934 33.133263 1
102.031527 97.858916 34.030467 1
109.367917 96.753273 35.509373 1
79.706100 185.380800 41.093500 1
79.326139 192.859088 41.078156 1
78.024082 202.693617 40.848342 1
76.954763 212.137921 40.594378 1
76.492823 236.569285 40.205263 1
77.256485 243.893203 40.618856 1
75.144524 262.569831 40.911790 1
74.977747 222.390239 44.165150 1
70.635676 229.352426 54.844221 1
75.489341 228.981934 59.590296 1
89.626324 227.902824 73.413918 1
90.669233 235.368708 72.241174 1
92.762118 250.351069 69.887737 1
92.762118 250.351069 69.887737 1
76.491519 222.293642 36.303017 1
77.728846 227.529727 23.957143 1
81.370836 222.165760 21.911581 1
91.978646 206.542443 15.953593 1
95.981316 200.056693 15.612887 1
104.013781 187.041240 14.929168 1
104.013781 187.041240 14.929168 1
77.455411 184.006130 47.375618 1
78.277182 166.117630 46.114755 1
79.294817 143.965492 44.553372 1
75.758174 122.199166 41.213923 1
72.814516 104.082423 38.434401 1
85.998415 96.828143 42.226217 1
93.382662 95.875898 43.566991 1
80.234829 184.120763 34.418691 1
85.435941 166.939601 34.266298 1
91.876647 145.663607 34.077584 1
90.040096 123.236058 33.529213 1
88.542295 104.945230 33.081988 1
102.233202 97.672710 33.779956 1
109.571511 96.457619 35.160168 1
80.289500 185.270800 41.252200 1
79.854064 192.745803 41.187957 1
78.424957 202.560749 40.886933 1
77.133102 211.974020 40.534434 1
75.838831 236.367031 39.784621 1
76.837025 243.650690 40.372787 1
75.167115 262.372404 40.640078 1
74.868646 222.208784 43.982750 1
70.385881 229.024430 54.698157 1
75.185506 229.605148 59.478001 1
89.165095 231.296571 73.399980 1
88.756115 238.714124 71.663592 1
87.935381 253.599497 68.179047 1
87.935381 253.599497 68.179047 1
76.257063 222.040106 36.098727 1
77.036584 227.281764 23.717873 1
80.720815 221.929856 21.716855 1
91.451660 206.341663 15.888606 1
95.587080 199.943040 15.490706 1
103.885944 187.102431 14.692211 1
103.885944 187.102431 14.692211 1
78.114576 183.924613 47.567088 1
78.639542 166.032094 46.208531 1
79.289631 143.874979 44.526168 1
75.670082 122.131568 41.126803 1
72.657420 104.033899 38.297411 1
85.874559 96.783720 41.979769 1
93.271896 95.830793 43.245817 1
80.758015 183.966995 34.581300 1
86.071363 166.821010 34.356230 1
92.651054 145.588576 34.077517 1
90.476545 123.192370 33.485878 1
88.703122 104.927104 33.003365 1
102.297122 97.453925 33.418587 1
109.641586 96.127345 34.656022 1
80.996400 185.181500 41.342400 1
80.526511 192.654640 41.370305 1
78.992002 202.456012 41.159311 1
77.490128 211.837637 40.795554 1
75.374015 236.160371 39.707913 1
76.565330 243.406016 40.397422 1
75.079790 262.144583 40.545434 1
75.007065 222.050464 44.157336 1
70.526940 228.762438 54.939083 1
75.240294 230.040389 59.668954 1
88.968605 233.762601 73.445380 1
87.785825 240.943705 71.157327 1
85.412247 255.354575 66.565714 1
85.412247 255.354575 66.565714 1
76.138949 221.794665 36.234750 1
76.400996 227.000555 23.817092 1
80.171668 221.694161 21.856284 1
91.154285 206.238535 16.145152 1
95.422772 199.923428 15.826026 1
103.988674 187.250418 15.185616 1
103.988674 187.250418 15.185616 1
78.974434 183.756577 47.690752 1
79.271591 165.863644 46.270134 1
79.639573 143.706017 44.510917 1
75.776413 122.023178 40.994778 1
72.560986 103.975925 38.068191 1
85.814558 96.753760 41.673853 1
93.224585 95.802132 42.864422 1
81.315908 183.952502 34.648537 1
86.677037 166.822135 34.372972 1
93.315896 145.609041 34.031729 1
90.918134 123.236175 33.420015 1
88.962636 104.989944 32.921130 1
102.461911 97.338072 33.111057 1
109.805968 95.911051 34.233844 1
81.602300 185.070900 41.580500 1
81.050681 192.538490 41.566008 1
79.395247 202.318919 41.303564 1
77.756488 211.674513 40.867504 1
75.234221 235.944531 39.503419 1
76.421274 243.207884 39.981568 1
74.902308 261.943520 40.158608 1
75.163143 221.889656 44.137741 1
70.748249 228.608729 54.941951 1
75.481279 230.370580 59.493309 1
89.266895 235.502224 72.749791 1
87.736648 242.466008 70.035669 1
84.665780 256.440766 64.589031 1
84.665780 256.440766 64.589031 1
76.174650 221.548758 36.202086 1
75.997115 226.604427 23.721026 1
79.836186 221.336446 21.789585 1
91.018024 205.992703 16.163990 1
95.379106 199.735925 15.973969 1
104.130823 187.179970 15.592643 1
104.130823 187.179970 15.592643 1
79.713321 183.668744 47.974719 1
79.739819 165.787170 46.389745 1
79.772633 143.643610 44.426999 1
75.780209 121.990982 40.869335 1
72.457193 103.968873 37.908186 1
85.764871 96.717926 41.246915 1
93.198989 95.758464 42.269101 1
81.812101 183.798385 34.890432 1
87.336458 166.722257 34.497448 1
94.177448 145.576329 34.010803 1
91.479656 123.238927 33.354321 1
89.279469 105.021618 32.818926 1
102.697946 97.228733 32.637170 1
110.054909 95.735812 33.574454 1
82.049400 184.928700 41.764300 1
81.501112 192.396418 41.720032 1
79.817975 202.171600 41.438952 1
78.096948 211.511534 40.984508 1
75.221481 235.736098 39.515327 1
76.345360 243.020978 39.763190 1
74.493733 261.727504 39.766432 1
75.479902 221.719602 44.257956 1
71.358759 228.591444 55.082101 1
76.208194 230.687401 59.361178 1
90.332858 236.792173 71.824601 1
88.596885 243.584493 68.815749 1
85.113172 257.215162 62.777655 1
85.113172 257.215162 62.777655 1
76.239125 221.326877 36.296592 1
75.703421 226.061209 23.700271 1
79.657909 220.869972 21.794061 1
91.175917 205.749757 16.241956 1
95.751426 199.645207 16.202193 1
104.933453 187.394737 16.122400 1
104.933453 187.394737 16.122400 1
80.308038 183.564039 48.208343 1
80.213953 165.694295 46.497520 1
80.097445 143.565384 44.378931 1
75.860057 121.965957 40.781427 1
72.333149 103.988130 37.787118 1
85.723188 96.729336 40.759393 1
93.183550 95.766849 41.564473 1
82.103936 183.618064 35.078525 1
87.730345 166.577590 34.595929 1
94.697709 145.475815 33.998314 1
91.868270 123.155239 33.323954 1
89.560717 104.951654 32.773979 1
102.910302 97.057734 32.233376 1
110.297286 95.620579 33.007501 1
82.477800 184.843000 41.911300 1
81.943795 192.311653 41.852464 1
80.259667 202.086659 41.571237 1
78.504613 211.420065 41.112813 1
75.458077 235.618803 39.564905 1
76.373265 242.936810 39.508172 1
74.029404 261.587016 39.311225 1
75.946343 221.639314 44.397813 1
72.279142 228.661756 55.288411 1
77.337099 231.013802 59.174991 1
92.069113 237.864468 70.495212 1
90.230047 244.593158 67.405718 1
86.539448 258.096134 61.205791 1
86.539448 258.096134 61.205791 1
76.441126 221.191202 36.418568 1
75.554385 225.626665 23.733596 1
79.629043 220.517111 21.860050 1
91.497062 205.634808 16.403084 1
96.290330 199.700136 16.484636 1
105.909348 187.790573 16.648295 1
105.909348 187.790573 16.648295 1
80.887319 183.505549 48.399899 1
80.522684 165.645323 46.627074 1
80.071140 143.528200 44.431706 1
75.748810 121.940651 40.864083 1
72.151203 103.972710 37.894646 1
85.603536 96.683174 40.485984 1
93.081792 95.716991 41.097306 1
82.370751 183.507872 35.231008 1
88.039882 166.482029 34.732259 1
95.060150 145.398372 34.114641 1
92.196540 123.092949 33.146937 1
89.861119 104.901722 32.357724 1
103.210744 97.030598 31.551159 1
110.614347 95.633495 32.234528 1
82.818700 184.984400 42.039800 1
82.330444 192.456364 42.012249 1
80.696515 202.241093 41.776695 1
78.971507 211.582099 41.361035 1
75.956298 235.789772 39.893586 1
76.516322 243.125025 39.369695 1
73.511337 261.674845 38.883022 1
76.494496 221.803442 44.701332 1
73.237850 229.094284 55.545965 1
78.604095 231.668013 58.832284 1
94.234040 239.164367 68.404158 1
92.310990 245.934967 65.460817 1
88.451854 259.522049 59.554188 1
88.451854 259.522049 59.554188 1
76.850710 221.363640 36.714239 1
75.731996 225.346987 23.898250 1
79.910730 220.320206 22.030039 1
92.081885 205.678992 16.588613 1
97.102060 199.937155 16.766248 1
107.176429 188.414569 17.122725 1
107.176429 188.414569 17.122725 1
81.269202 183.632816 48.535383 1
80.861165 165.772703 46.770899 1
80.355874 143.655719 44.585857 1
75.830592 122.100883 41.072512 1
72.064061 104.160170 38.148251 1
85.518597 96.825981 40.598307 1
93.000051 95.854916 41.160812 1
82.652775 183.674629 35.355692 1
87.885068 166.511311 34.798212 1
94.364385 145.257415 34.107864 1
91.832758 122.910898 33.163087 1
89.768086 104.686155 32.392572 1
103.178906 96.921701 31.567464 1
110.604462 95.643699 32.245724 1
82.896900 185.321100 42.138800 1
82.514809 192.798905 42.215180 1
81.018171 202.607689 42.097060 1
79.417488 211.974649 41.779720 1
76.703495 236.230810 40.543105 1
76.780733 243.525776 39.460734 1
73.004789 261.923386 38.665216 1
77.050442 222.191532 45.212129 1
73.944911 230.026700 55.716128 1
79.637361 232.770915 58.223289 1
96.217426 240.763830 65.525756 1
94.362275 247.703726 62.956970 1
90.639398 261.630547 57.801990 1
90.639398 261.630547 57.801990 1
77.436209 221.827377 37.222602 1
76.272994 225.400306 24.290113 1
80.507610 220.420692 22.421416 1
92.841531 205.916861 16.978572 1
98.000315 200.302105 17.231314 1
108.352840 189.034544 17.738513 1
108.352840 189.034544 17.738513 1
81.240246 183.897244 48.592362 1
80.913203 166.025392 46.933009 1
80.508212 143.893870 44.878157 1
75.985206 122.318409 41.490732 1
72.220570 104.360530 38.671278 1
85.549813 96.847105 41.259206 1
93.015938 95.850349 41.962765 1
82.803379 184.111514 35.434437 1
87.540348 166.806544 34.829243 1
93.406291 145.377235 34.079809 1
91.255048 122.997207 32.995796 1
89.500598 104.745135 32.111726 1
103.048347 97.194862 31.592565 1
110.450373 95.871512 32.423815 1
82.689100 185.865200 42.161200 1
82.422024 193.345494 42.369208 1
81.099622 203.179968 42.391448 1
79.703082 212.582774 42.192103 1
77.609397 236.913448 41.248094 1
77.123660 244.118818 39.751192 1
72.578133 262.327508 38.681406 1
77.537522 222.808817 45.728689 1
74.343367 231.343296 55.644747 1
80.260724 234.228445 57.342200 1
97.495867 242.631850 62.286277 1
96.944295 249.979903 60.310348 1
95.837410 264.725803 56.345099 1
95.837410 264.725803 56.345099 1
78.035998 222.541818 37.741561 1
77.039371 225.835101 24.721224 1
81.294328 220.867183 22.867664 1
93.687494 206.397416 17.468908 1
98.961966 200.893830 17.773678 1
109.546652 189.849359 18.385287 1
109.546652 189.849359 18.385287 1
80.838585 184.348870 48.540594 1
80.797074 166.454476 47.107955 1
80.745669 144.295040 45.333854 1
76.237230 122.699471 42.056949 1
72.484719 104.724854 39.329485 1
85.618134 96.993243 42.254077 1
93.043491 95.917845 43.223166 1
82.755818 184.781758 35.434981 1
86.880256 167.322577 34.776832 1
91.987680 145.702304 33.961823 1
90.393793 123.276052 32.870340 1
89.093897 104.986282 31.980178 1
102.803920 97.716286 31.989213 1
110.185360 96.470222 33.081859 1
82.306000 186.494200 42.237900 1
82.123807 193.974099 42.533392 1
80.956554 203.827686 42.635687 1
79.781303 213.261767 42.495214 1
78.441481 237.650462 41.687281 1
77.577794 244.779337 40.005855 1
72.334775 262.790765 38.796771 1
77.861305 223.525275 46.064952 1
74.484658 232.869717 55.156037 1
80.448527 235.926152 56.301038 1
97.819140 244.828453 59.636021 1
99.351265 252.151386 58.142819 1
102.425893 266.846878 55.146296 1
102.425893 266.846878 55.146296 1
78.497781 223.295935 38.086464 1
77.775111 226.434571 25.009963 1
82.060996 221.475494 23.204608 1
94.544244 207.031479 17.946259 1
100.002028 201.708805 18.236324 1
110.954581 191.027385 18.818424 1
110.954581 191.027385 18.818424 1
80.257107 184.922290 48.542776 1
80.267956 167.015980 47.267038 1
80.281391 144.841790 45.687233 1
76.081278 123.176592 42.460630 1
72.585395 105.144021 39.775033 1
85.628653 97.466203 43.201722 1
92.978190 96.128519 44.396058 1
82.550272 185.493280 35.503005 1
86.107129 167.914209 34.733465 1
90.511698 146.145473 33.780517 1
89.512670 123.683639 32.714416 1
88.697912 105.364851 31.844954 1
102.581063 98.450108 32.356886 1
109.948972 97.396565 33.711942 1
81.792500 186.949300 42.354000 1
81.738301 194.429339 42.693814 1
80.775098 204.304548 42.830286 1
79.856395 213.767309 42.708009 1
79.332223 238.188736 41.949409 1
78.165420 245.249033 40.164808 1
72.468079 263.112034 38.817162 1
78.181844 224.078788 46.263049 1
74.624548 234.224313 54.373668 1
80.620196 237.311270 55.235911 1
98.083369 246.302471 57.747318 1
100.668898 253.327517 56.275527 1
105.857475 267.425217 53.321970 1
105.857475 267.425217 53.321970 1
79.012249 223.849331 38.302412 1
78.626215 226.963311 25.205761 1
82.880224 221.965110 23.433205 1
95.270628 207.407141 18.270387 1
100.890823 202.263862 18.673494 1
112.169298 191.942448 19.482444 1
112.169298 191.942448 19.482444 1
79.587322 185.376404 48.605681 1
79.602629 167.465740 47.392667 1
79.621585 145.286156 45.890538 1
75.743350 123.557275 42.689325 1
72.515376 105.471699 40.024862 1
85.541099 97.917648 43.777789 1
92.873053 96.645786 45.140276 1
82.156435 185.984989 35.619166 1
85.243793 168.326264 34.667972 1
89.066967 146.458888 33.490074 1
88.710043 123.977726 32.423054 1
88.418954 105.643174 31.552844 1
102.463957 99.096535 32.387737 1
109.823633 98.236883 33.913642 1
81.308600 187.142700 42.632600 1
81.443183 194.622165 42.962577 1
80.733871 204.519006 43.087280 1
80.066077 214.002814 42.967879 1
80.209140 238.431974 42.295578 1
78.914252 245.432676 40.370102 1
73.104511 263.241385 38.801845 1
78.577582 224.343093 46.522037 1
75.110361 234.850478 54.199368 1
81.204530 237.734046 55.074976 1
98.954661 246.132850 57.625314 1
101.561030 253.087392 55.880724 1
106.791430 267.043604 52.379721 1
106.791430 267.043604 52.379721 1
79.599854 224.118638 38.583614 1
79.613013 227.177009 25.468190 1
83.811065 222.123646 23.718777 1
96.038486 207.405011 18.623365 1
101.713783 202.350163 19.288140 1
113.102836 192.206213 20.622199 1
113.102836 192.206213 20.622199 1
79.024960 185.635506 48.872286 1
78.972532 167.729138 47.598400 1
78.907608 145.554875 46.020889 1
75.388385 123.759850 42.854713 1
72.459227 105.619220 40.219411 1
85.565378 98.193865 43.949097 1
92.911890 96.994334 45.298700 1
81.689904 186.159798 35.901416 1
84.661968 168.492009 34.768631 1
88.342371 146.613410 33.365863 1
88.437591 124.134812 32.194471 1
88.515248 105.802351 31.239140 1
102.715627 99.604045 32.103945 1
110.088617 98.921955 33.655070 1
80.905800 187.120400 42.879400 1
81.080091 194.600300 43.179593 1
80.442757 204.502428 43.267893 1
79.877963 213.992714 43.132600 1
80.372685 238.418186 42.493933 1
79.262414 245.429340 40.492674 1
73.603150 263.277653 38.827410 1
78.477959 224.349018 46.676042 1
75.100480 234.769795 54.509829 1
81.325979 237.304740 55.528541 1
99.458626 244.688127 58.495688 1
102.131243 251.499704 56.336535 1
107.494586 265.169019 52.003596 1
107.494586 265.169019 52.003596 1
79.622402 224.118708 38.754478 1
79.913702 227.179879 25.642935 1
84.089013 222.086068 23.957581 1
96.250198 207.249619 19.048748 1
101.943733 202.258699 19.985110 1
113.369387 192.243037 21.864183 1
113.369387 192.243037 21.864183 1
78.552938 185.652531 49.102722 1
78.340183 167.753667 47.742969 1
78.076718 145.588696 46.059126 1
74.889055 123.746311 42.868240 1
72.235864 105.566262 40.212371 1
85.374553 98.228603 44.000676 1
92.722083 97.079392 45.387996 1
81.346938 186.107006 36.156398 1
84.255270 168.439183 34.869242 1
87.856751 146.560542 33.275313 1
88.155812 124.085456 32.071296 1
88.399714 105.755859 31.089357 1
102.698129 99.790593 31.977357 1
110.078902 99.229413 33.539882 1
80.510800 186.968000 42.976200 1
80.745168 194.446128 43.279628 1
80.192592 204.353291 43.374037 1
79.719330 213.848808 43.255687 1
80.475314 238.269705 42.703772 1
79.670751 245.283857 40.571083 1
74.348367 263.232306 38.871657 1
78.397381 224.207541 46.821935 1
75.100922 234.537678 54.808787 1
81.403765 236.793460 55.994608 1
99.761689 243.363748 59.448484 1
102.542992 250.072108 57.110823 1
108.124443 263.534290 52.419658 1
108.124443 263.534290 52.419658 1
79.607565 223.991262 38.909751 1
80.101500 227.036797 25.800635 1
84.251910 221.894268 24.204065 1
96.340570 206.915920 19.553827 1
101.983640 201.915707 20.718313 1
113.308022 191.881396 23.055179 1
113.308022 191.881396 23.055179 1
78.116750 185.517754 49.187934 1
77.890744 167.622312 47.785936 1
77.610870 145.461579 46.049777 1
74.626513 123.597084 42.814003 1
72.142539 105.398633 40.120773 1
85.314259 98.131255 43.929795 1
92.664616 97.022926 45.335282 1
80.975159 185.952929 36.255015 1
84.043798 168.309360 35.007991 1
87.843792 146.460753 33.463758 1
88.096081 123.989314 32.183392 1
88.301837 105.662691 31.139187 1
102.615759 99.747004 32.105593 1
109.988384 99.208964 33.714050 1
80.116800 186.824500 43.005700 1
80.346883 194.301736 43.333414 1
79.812927 204.209555 43.460506 1
79.401334 213.708385 43.385419 1
80.427162 238.122377 42.984172 1
79.903093 245.143525 40.788074 1
74.870465 263.177130 39.107481 1
78.169458 224.059742 47.004939 1
74.917558 234.496599 54.870391 1
81.268069 236.530403 56.195236 1
99.764830 242.454146 60.054039 1
102.955889 248.994158 57.763233 1
109.359629 262.118502 53.166096 1
109.359629 262.118502 53.166096 1
79.428237 223.876923 39.099496 1
80.115712 226.903790 25.994779 1
84.179156 221.660927 24.504354 1
96.014514 206.390345 20.163281 1
101.559906 201.326487 21.508038 1
112.688269 191.164454 24.206666 1
112.688269 191.164454 24.206666 1
77.676883 185.354929 49.195005 1
77.534561 167.461070 47.762139 1
77.358317 145.302298 45.987757 1
74.533381 123.423064 42.708793 1
72.182099 105.212345 39.979615 1
85.366763 98.014520 43.874941 1
92.712951 96.945804 45.331962 1
80.631544 185.829826 36.285135 1
83.866783 168.210527 35.118664 1
87.873082 146.391974 33.674182 1
88.064482 123.923680 32.329669 1
88.220580 105.599622 31.233148 1
102.516076 99.665192 32.346233 1
109.869494 99.114765 34.036349 1
79.703400 186.767800 43.058600 1
79.901255 194.246132 43.382324 1
79.358533 204.153433 43.512616 1
79.000071 213.654629 43.472519 1
80.319721 238.056861 43.258222 1
80.027284 245.083029 41.035284 1
75.202888 263.187529 39.513788 1
77.852542 223.994054 47.153347 1
74.638571 234.579611 54.833486 1
81.016750 236.345660 56.389268 1
99.594101 241.489530 60.920705 1
103.301403 247.792784 58.746469 1
110.741127 260.442010 54.383262 1
110.741127 260.442010 54.383262 1
79.193359 223.852230 39.260561 1
80.159302 226.716677 26.136915 1
84.085915 221.346428 24.735951 1
95.522731 205.704818 20.655444 1
100.907404 200.517867 22.173088 1
111.713240 190.108815 25.218662 1
111.713240 190.108815 25.218662 1
77.212885 185.293493 49.226588 1
77.164666 167.401503 47.764424 1
77.104954 145.245046 45.953759 1
74.424079 123.352422 42.643374 1
72.192702 105.130557 39.888044 1
85.390132 98.005824 43.873473 1
92.731747 96.978166 45.382167 1
80.283315 185.769930 36.343819 1
83.672970 168.177867 35.205102 1
87.870490 146.393041 33.794988 1
88.052102 123.928088 32.394455 1
88.200218 105.606755 31.252247 1
102.482206 99.657126 32.454071 1
109.822663 99.096015 34.196213 1
79.283500 186.739400 43.090200 1
79.465747 194.218710 43.400213 1
78.920966 204.126029 43.520080 1
78.594465 213.628429 43.495127 1
80.082441 238.021732 43.400280 1
80.012099 245.075972 41.249288 1
75.438550 263.260785 39.923446 1
77.480604 223.959608 47.209298 1
74.247225 234.536940 54.892623 1
80.631808 236.046335 56.675704 1
99.227812 240.442663 61.869183 1
103.586862 246.370805 59.854680 1
112.334498 258.267265 55.812021 1
112.334498 258.267265 55.812021 1
78.899414 223.842424 39.329754 1
80.112335 226.607825 26.205366 1
83.891249 221.107708 24.905719 1
94.897870 205.087838 21.120311 1
100.126587 199.769005 22.724352 1
110.619452 189.095294 25.943305 1
110.619452 189.095294 25.943305 1
76.757654 185.272777 49.245640 1
76.799975 167.379745 47.796095 1
76.852383 145.221998 46.001057 1
74.298287 123.317070 42.671875 1
72.172432 105.084964 39.900898 1
85.378703 98.016876 43.957271 1
92.716281 97.020932 45.506330 1
79.906658 185.729271 36.381129 1
83.427465 168.161979 35.258056 1
87.787393 146.407827 33.867317 1
87.987509 123.944792 32.438826 1
88.150714 105.625023 31.273818 1
102.435320 99.690613 32.518993 1
109.770265 99.136032 34.286259 1
78.911500 186.691500 43.117400 1
79.076253 194.172090 43.405534 1
78.525818 204.079354 43.501829 1
78.226309 213.582627 43.471524 1
79.865582 237.966363 43.420962 1
79.929124 245.065437 41.422683 1
75.657261 263.337798 40.311527 1
77.144620 223.915872 47.189459 1
73.843627 234.324642 55.071661 1
80.209146 235.559329 57.115253 1
98.749622 239.155533 63.067508 1
103.830070 244.522668 61.174014 1
114.025391 255.293311 57.374193 1
114.025391 255.293311 57.374193 1
78.629795 223.799712 39.322139 1
80.001495 226.634340 26.228190 1
83.659962 221.024603 25.058992 1
94.315768 204.685449 21.653538 1
99.369353 199.208480 23.286481 1
109.510766 188.217425 26.563435 1
109.510766 188.217425 26.563435 1
76.362892 185.237967 49.266560 1
76.518396 167.346304 47.807881 1
76.710963 145.190250 46.001533 1
74.226649 123.278992 42.661221 1
72.158876 105.041618 39.880981 1
85.385719 98.018839 43.949006 1
92.725151 97.048253 45.505361 1
79.565137 185.662485 36.414101 1
83.141838 168.106477 35.291207 1
87.570983 146.366298 33.900688 1
87.828214 123.903662 32.475058 1
88.038001 105.584220 31.312382 1
102.333331 99.680053 32.578074 1
109.666906 99.141022 34.355809 1
78.501700 186.573400 43.110700 1
78.647831 194.055150 43.378031 1
78.087114 203.961909 43.466625 1
77.805262 213.465770 43.468731 1
79.561036 237.841011 43.614415 1
79.765892 244.946556 41.648892 1
75.766637 263.289054 40.689009 1
76.747789 223.775683 47.257725 1
73.439498 234.110468 55.233664 1
79.773312 235.027753 57.527555 1
98.221443 237.699481 64.208844 1
104.037006 242.304209 62.426117 1
115.707540 251.544872 58.848583 1
115.707540 251.544872 58.848583 1
78.285410 223.711891 39.399886 1
79.835689 226.570652 26.331134 1
83.402190 220.880647 25.270724 1
93.790129 204.307699 22.182130 1
98.658832 198.658221 23.788847 1
108.429231 187.320981 27.013170 1
108.429231 187.320981 27.013170 1
75.946999 185.130962 49.259944 1
76.190302 167.242290 47.776798 1
76.491596 145.089939 45.940152 1
74.120542 123.167189 42.592935 1
72.147038 104.920250 39.806947 1
85.408905 97.946333 43.844893 1
92.754949 97.003414 45.386995 1
79.168335 185.527138 36.411352 1
82.861839 167.993977 35.309794 1
87.435625 146.282092 33.945696 1
87.706007 123.818365 32.539841 1
87.926519 105.498031 31.393292 1
102.239884 99.636528 32.653441 1
109.576729 99.121040 34.424655 1
78.053900 186.504100 43.045300 1
78.182823 193.986442 43.304780 1
77.605243 203.892276 43.388407 1
77.318725 213.395994 43.396606 1
79.091176 237.769659 43.594648 1
79.499104 244.905199 41.774847 1
75.763012 263.306756 40.887738 1
76.249650 223.699896 47.198674 1
73.015655 233.759596 55.548038 1
79.297353 234.392645 58.069958 1
97.593687 236.236494 65.415408 1
104.008037 240.047909 63.824297 1
116.880203 247.696571 60.631289 1
116.880203 247.696571 60.631289 1
77.826582 223.649006 39.348536 1
79.523438 226.662106 26.332774 1
83.018407 220.904201 25.409589 1
93.197999 204.133483 22.720682 1
97.866653 198.296816 24.250190 1
107.235598 186.583929 27.319573 1
107.235598 186.583929 27.319573 1
75.492308 185.062564 49.191888 1
75.833493 167.175825 47.704708 1
76.255998 145.025870 45.863067 1
74.006281 123.089450 42.521661 1
72.133769 104.831133 39.740510 1
85.426754 97.914974 43.775473 1
92.777175 97.004023 45.315934 1
78.733918 185.452117 36.348194 1
82.581070 167.948553 35.303301 1
87.345123 146.273319 34.009373 1
87.579829 123.810119 32.588753 1
87.771245 105.490216 31.430163 1
102.084580 99.633519 32.712806 1
109.418691 99.120307 34.495962 1
77.555800 186.431000 42.943300 1
77.674632 193.913697 43.197305 1
77.097947 203.819523 43.287771 1
76.839613 213.323955 43.330872 1
78.755643 237.684900 43.690761 1
79.217484 244.829503 41.920066 1
75.682220 263.267493 40.968705 1
75.828815 223.608701 47.200150 1
72.667991 233.463489 55.817605 1
78.882213 233.748827 58.560336 1
96.982017 234.579918 66.548934 1
103.861334 237.567196 65.151234 1
117.666587 243.561998 62.346361 1
117.666587 243.561998 62.346361 1
77.410598 223.600251 39.350828 1
79.180989 226.687246 26.362204 1
82.602715 220.869130 25.548653 1
92.568976 203.923039 23.179069 1
97.031320 197.897429 24.586876 1
105.986246 185.805376 27.412033 1
105.986246 185.805376 27.412033 1
74.995280 184.990534 49.090586 1
75.456672 167.105832 47.611369 1
76.028034 144.958399 45.779588 1
73.861831 123.011277 42.453306 1
72.058831 104.744053 39.684743 1
85.394613 97.902498 43.705646 1
92.752079 97.032183 45.235936 1
78.238175 185.375016 36.247063 1
82.211819 167.897048 35.248121 1
87.132509 146.253508 34.011097 1
87.438522 123.788306 32.636456 1
87.688093 105.466770 31.515365 1
102.015890 99.648332 32.810597 1
109.351041 99.156800 34.595585 1
77.168500 186.435400 42.795700 1
77.256238 193.917908 43.067312 1
76.660135 203.822288 43.185851 1
76.423491 213.327004 43.270629 1
78.498117 237.672352 43.776882 1
78.963482 244.824986 42.039850 1
75.597164 263.291042 41.022337 1
75.471069 223.595491 47.197474 1
72.349616 233.232500 56.071749 1
78.476577 233.135065 59.016473 1
96.322222 232.851277 67.593403 1
103.529860 235.065467 66.431632 1
117.993981 239.508855 64.100214 1
117.993981 239.508855 64.100214 1
77.070969 223.622299 39.351866 1
78.888290 226.802521 26.392248 1
82.212670 220.918253 25.654385 1
91.895396 203.779486 23.505254 1
96.148090 197.577401 24.790222 1
104.682298 185.131202 27.368869 1
104.682298 185.131202 27.368869 1
74.589602 184.970498 48.929514 1
75.157609 167.084976 47.498075 1
75.860999 144.936528 45.725459 1
73.792890 122.976949 42.419018 1
72.071536 104.699355 39.666970 1
85.415155 97.934076 43.789647 1
92.766635 97.104493 45.370494 1
77.881485 185.397610 36.099808 1
81.907881 167.929822 35.134598 1
86.893896 146.298889 33.939344 1
87.311564 123.832532 32.613851 1
87.652194 105.510054 31.532841 1
101.991145 99.740549 32.920266 1
109.317509 99.276007 34.748051 1
76.763000 186.420700 42.673600 1
76.846189 193.903046 42.951032 1
76.253023 203.807452 43.081554 1
76.034316 213.312301 43.194822 1
78.192304 237.647441 43.827586 1
78.702953 244.813904 42.161733 1
75.581559 263.323163 41.148395 1
75.095311 223.565647 47.164232 1
71.985172 232.939794 56.319589 1
78.019634 232.464145 59.414679 1
95.595860 231.078754 68.429570 1
103.018159 232.579772 67.502842 1
117.913056 235.591982 65.643104 1
117.913056 235.591982 65.643104 1
76.741300 223.623433 39.328330 1
78.652011 226.862465 26.396740 1
81.849034 220.903882 25.693266 1
91.160818 203.548661 23.644298 1
95.157120 197.152802 24.795367 1
103.176805 184.317741 27.105309 1
103.176805 184.317741 27.105309 1
74.156410 184.950219 48.794360 1
74.818456 167.065800 47.389799 1
75.638297 144.918717 45.650468 1
73.679654 122.944076 42.377616 1
72.049413 104.653945 39.653524 1
85.413260 97.974726 43.850338 1
92.762316 97.190952 45.465460 1
77.507397 185.388083 35.980327 1
81.568503 167.927322 35.033563 1
86.597501 146.305091 33.861153 1
87.158236 123.838688 32.590367 1
87.615546 105.516173 31.553975 1
101.974145 99.816676 33.025026 1
109.293312 99.390102 34.890517 1
76.349300 186.392100 42.586700 1
76.435599 193.874395 42.864569 1
75.846592 203.778996 42.999041 1
75.629055 213.283581 43.134527 1
77.780650 237.615912 43.885947 1
78.403437 244.786706 42.277883 1
75.500092 263.336336 41.358938 1
74.658221 223.520232 47.139212 1
71.502742 232.593216 56.578072 1
77.442714 231.765412 59.779951 1
94.743725 229.354319 69.105880 1
102.294059 230.226129 68.446482 1
117.445893 231.975659 67.123215 1
117.445893 231.975659 67.123215 1
76.365934 223.610794 39.316841 1
78.405622 226.922826 26.423498 1
81.456996 220.890955 25.698104 1
90.344556 203.322273 23.585290 1
94.204436 196.828368 24.649682 1
101.950353 183.796551 26.785682 1
101.950353 183.796551 26.785682 1
73.698584 184.923531 48.688940 1
74.490058 167.038829 47.356818 1
75.470176 144.891396 45.707190 1
73.577620 122.917263 42.392311 1
72.002384 104.627556 39.633239 1
85.333768 97.958003 43.947041 1
92.668250 97.180369 45.629954 1
77.140214 185.358820 35.898867 1
81.221956 167.901514 34.977468 1
86.276508 146.283561 33.836467 1
86.941535 123.817912 32.603209 1
87.483900 105.496011 31.597423 1
101.859986 99.872430 33.185219 1
109.167138 99.486433 35.105834 1
75.990100 186.383200 42.511300 1
76.061886 193.866127 42.775974 1
75.458779 203.770032 42.898637 1
75.233435 213.274180 43.050993 1
77.375761 237.602640 43.941388 1
78.088580 244.779703 42.400065 1
75.476173 263.372540 41.481169 1
74.211298 223.492489 47.089611 1
70.970993 232.302089 56.746709 1
76.831675 231.172204 60.001907 1
93.901744 227.881258 69.483137 1
101.516111 228.149513 69.093459 1
116.796447 228.687845 68.311460 1
116.796447 228.687845 68.311460 1
76.019732 223.618684 39.290405 1
78.216593 227.060771 26.457089 1
81.135398 220.967428 25.700582 1
89.636830 203.219701 23.497147 1
93.322310 196.603640 24.417682 1
100.718243 183.326683 26.264991 1
100.718243 183.326683 26.264991 1
73.279711 184.921815 48.589003 1
74.148562 167.039153 47.277874 1
75.224499 144.894247 45.654244 1
73.470205 122.903448 42.374015 1
72.010048 104.599868 39.643783 1
85.320702 97.967202 44.076826 1
92.642944 97.208748 45.820691 1
76.850652 185.338714 35.833814 1
80.922628 167.878479 34.924771 1
85.965087 146.256901 33.799072 1
86.715478 123.792493 32.592469 1
87.327462 105.471606 31.608422 1
101.719211 99.927653 33.328824 1
109.011469 99.583755 35.312991 1
75.734700 186.386200 42.455100 1
75.770284 193.869948 42.703385 1
75.125227 203.771449 42.804948 1
74.865096 213.274658 42.960401 1
76.927417 237.606476 43.943142 1
77.715344 244.800718 42.523256 1
75.481147 263.440137 41.552144 1
73.759192 223.479483 47.011026 1
70.320851 231.960510 56.891216 1
76.145746 230.631254 60.135324 1
93.111577 226.759611 69.584251 1
100.728781 226.340302 69.515008 1
116.014808 225.498845 69.376052 1
116.014808 225.498845 69.376052 1
75.674259 223.631121 39.237770 1
77.997725 227.315984 26.494480 1
80.801364 221.171863 25.713491 1
88.967359 203.276239 23.438750 1
92.496019 196.551300 24.164120 1
99.577250 183.055849 25.619777 1
99.577250 183.055849 25.619777 1
72.950915 184.926612 48.499972 1
73.882372 167.045541 47.210318 1
75.035837 144.902603 45.613283 1
73.445025 122.887389 42.414474 1
72.120938 104.563488 39.752010 1
85.402307 97.984331 44.349572 1
92.707852 97.252684 46.173098 1
76.687678 185.330453 35.791951 1
80.699620 167.856126 34.886772 1
85.667738 146.217096 33.765858 1
86.499928 123.754531 32.578755 1
87.178623 105.435146 31.610610 1
101.577524 99.965485 33.500610 1
108.848381 99.660365 35.567914 1
75.566200 186.431600 42.465000 1
75.568089 193.915968 42.696585 1
74.867063 203.813904 42.771067 1
74.523414 213.314616 42.916701 1
76.286344 237.667640 43.955262 1
77.239280 244.853696 42.596391 1
75.471780 263.540020 41.566883 1
73.217594 223.502911 46.949379 1
69.488865 231.786183 56.891822 1
75.350725 230.337766 60.016119 1
92.424224 226.119049 69.116083 1
99.941138 224.847416 69.401301 1
115.025908 222.295536 69.973669 1
115.025908 222.295536 69.973669 1
75.290407 223.682603 39.217295 1
77.796520 227.500460 26.547981 1
80.511880 221.320292 25.739965 1
88.420752 203.319674 23.386506 1
91.779086 196.485883 23.859054 1
98.518511 182.771990 24.807355 1
98.518511 182.771990 24.807355 1
72.698156 184.974315 48.470911 1
73.693115 167.096033 47.190046 1
74.925218 144.956550 45.603892 1
73.436715 122.933707 42.408352 1
72.197785 104.603457 39.748608 1
85.417630 98.023892 44.519630 1
92.698883 97.291790 46.437683 1
76.622983 185.364797 35.819290 1
80.567769 167.877969 34.861880 1
85.452725 146.223459 33.676285 1
86.360878 123.762563 32.513522 1
87.101526 105.444540 31.565228 1
101.508843 100.049671 33.600479 1
108.761030 99.783791 35.737605 1
75.423800 186.456000 42.481000 1
75.356717 193.940420 42.700895 1
74.562069 203.831419 42.753793 1
74.120095 213.328346 42.879724 1
75.605362 237.701293 43.884605 1
76.635560 244.894586 42.623956 1
75.345716 263.623473 41.660757 1
72.670354 223.509019 46.882371 1
68.716907 231.638852 56.864567 1
74.620919 230.048895 59.836979 1
91.817191 225.417922 68.494552 1
99.116846 223.280451 69.085032 1
113.765623 218.991027 70.269993 1
113.765623 218.991027 70.269993 1
74.801038 223.697308 39.166238 1
77.359666 227.589628 26.530122 1
80.061603 221.402377 25.731365 1
87.931376 203.381129 23.404873 1
91.129078 196.457897 23.619276 1
97.546152 182.564517 24.049538 1
97.546152 182.564517 24.049538 1
72.519746 184.981982 48.465486 1
73.567849 167.105412 47.203251 1
74.865761 144.968048 45.640168 1
73.412421 122.941346 42.455054 1
72.202757 104.607885 39.803989 1
85.381648 98.034660 44.695531 1
92.646158 97.305333 46.677073 1
76.544596 185.388827 35.845845 1
80.409958 167.882779 34.916121 1
85.196561 146.204468 33.764811 1
86.152278 123.748562 32.545187 1
86.931715 105.434608 31.550520 1
101.329203 100.068708 33.727009 1
108.558340 99.814172 35.942185 1
75.359700 186.477100 42.461000 1
75.208653 193.960281 42.681401 1
74.305369 203.841991 42.726387 1
73.757303 213.333558 42.838675 1
74.962620 237.723602 43.802671 1
76.092182 244.905733 42.563681 1
75.056495 263.657038 41.739938 1
72.171351 223.505014 46.813000 1
68.115206 231.600387 56.781992 1
74.016077 229.736502 59.597344 1
91.203201 224.307674 67.797460 1
98.262471 221.520510 68.572581 1
112.428853 215.927296 70.128076 1
112.428853 215.927296 70.128076 1
74.341609 223.702292 39.108130 1
76.924161 227.519219 26.453895 1
79.633017 221.334195 25.661351 1
87.522944 203.319433 23.352957 1
90.612755 196.344102 23.337652 1
96.813314 182.346170 23.306940 1
96.813314 182.346170 23.306940 1
72.435957 184.969978 48.427627 1
73.553431 167.095813 47.191096 1
74.937250 144.961428 45.659844 1
73.469166 122.938477 42.455609 1
72.247230 104.608138 39.788630 1
85.373603 98.014502 44.792621 1
92.619646 97.274031 46.836663 1
76.532321 185.423621 35.832616 1
80.346344 167.906383 34.901633 1
85.069372 146.214216 33.748763 1
86.049408 123.758867 32.538216 1
86.848678 105.445367 31.550952 1
101.231459 100.076650 33.815931 1
108.446638 99.820490 36.075974 1
75.320200 186.476600 42.471900 1
75.086733 193.957573 42.695371 1
74.079816 203.829269 42.738442 1
73.443234 213.315434 42.839749 1
74.448394 237.716473 43.753683 1
75.608046 244.896388 42.529735 1
74.614949 263.654014 41.803205 1
71.769705 223.481932 46.790781 1
67.676105 231.393839 56.890897 1
73.489088 229.163014 59.620951 1
90.420227 222.665422 67.572626 1
97.239073 219.370912 68.495631 1
110.922978 212.759569 70.347895 1
110.922978 212.759569 70.347895 1
73.947286 223.680735 39.088016 1
76.495293 227.449658 26.412407 1
79.183553 221.253982 25.633040 1
87.013491 203.208197 23.363022 1
90.075248 196.222139 23.211210 1
96.219511 182.202681 22.906560 1
96.219511 182.202681 22.906560 1
72.406527 184.934804 48.434593 1
73.634884 167.063775 47.259434 1
75.156014 144.933274 45.804181 1
73.601298 122.923775 42.548794 1
72.307257 104.604632 39.839239 1
85.392288 97.981982 44.912709 1
92.624921 97.226254 46.998239 1
76.511717 185.439013 35.844379 1
80.317094 167.918170 34.946448 1
85.029415 146.221538 33.834508 1
86.026105 123.767629 32.610914 1
86.838959 105.455304 31.613010 1
101.195666 100.033447 33.916502 1
108.402088 99.748306 36.200883 1
75.229800 186.416900 42.524100 1
74.943517 193.897179 42.705397 1
73.869980 203.761944 42.698714 1
73.176995 213.244503 42.759311 1
74.057661 237.653533 43.583932 1
75.177722 244.850271 42.423565 1
74.177888 263.611498 41.807679 1
71.456780 223.416433 46.676164 1
67.329824 230.968780 57.034660 1
72.974946 228.340622 59.763384 1
89.417165 220.685742 67.711183 1
96.011154 216.999519 68.775830 1
109.243819 209.602094 70.912337 1
109.243819 209.602094 70.912337 1
73.622185 223.598662 38.969557 1
76.068526 227.465169 26.303314 1
78.693287 221.239218 25.549186 1
86.338274 203.105249 23.352683 1
89.336623 196.092548 23.167369 1
95.353639 182.019624 22.795488 1
95.353639 182.019624 22.795488 1
72.338777 184.888523 48.501255 1
73.642234 167.022686 47.328062 1
75.256364 144.898613 45.875244 1
73.648759 122.900104 42.571621 1
72.310695 104.590108 39.821917 1
85.411771 97.954421 44.836607 1
92.651448 97.192911 46.895423 1
76.415784 185.349963 35.900248 1
80.357059 167.856598 35.054284 1
85.237667 146.193993 34.006697 1
86.151497 123.739996 32.721569 1
86.896775 105.427600 31.673479 1
101.235367 99.922408 33.890522 1
108.451016 99.591717 36.139359 1
75.109600 186.318500 42.567400 1
74.798238 193.798767 42.701749 1
73.691124 203.659632 42.640314 1
72.966105 213.139971 42.658984 1
73.766654 237.554477 43.398802 1
74.816568 244.778529 42.347723 1
73.761119 263.539581 41.826556 1
71.221452 223.319294 46.545705 1
67.043954 230.456596 57.174703 1
72.468389 227.428055 59.935861 1
88.267827 218.607001 67.978129 1
94.600911 214.525843 69.177545 1
107.310000 206.335875 71.584507 1
107.310000 206.335875 71.584507 1
73.366965 223.482653 38.833114 1
75.689575 227.564362 26.211177 1
78.217327 221.294762 25.487888 1
85.579763 203.033664 23.381206 1
88.487717 195.982020 23.237935 1
94.323332 181.830946 22.950425 1
94.323332 181.830946 22.950425 1
72.245597 184.818704 48.564768 1
73.634521 166.958813 47.399118 1
75.354488 144.842105 45.955642 1
73.687603 122.855299 42.603839 1
72.300200 104.555044 39.814035 1
85.433721 97.910246 44.730836 1
92.686426 97.145257 46.741955 1
76.275166 185.213066 35.946237 1
80.428189 167.766628 35.145418 1
85.571013 146.162134 34.153736 1
86.361080 123.704651 32.847659 1
87.005422 105.389411 31.782484 1
101.331932 99.796255 33.852595 1
108.567333 99.420152 36.029687 1
74.970100 186.159300 42.638600 1
74.624682 193.638897 42.714159 1
73.479438 203.494780 42.587195 1
72.731723 212.973339 42.561503 1
73.511318 237.390535 43.231645 1
74.466906 244.647604 42.328415 1
73.366687 263.408708 41.912318 1
70.983511 223.161963 46.422167 1
66.766939 229.955678 57.258870 1
71.943619 226.529413 60.030736 1
87.021436 216.549933 68.104193 1
93.109295 212.128517 69.365724 1
105.326269 203.255724 71.897334 1
105.326269 203.255724 71.897334 1
73.117720 223.305595 38.706048 1
75.387803 227.576321 26.137206 1
77.787352 221.253649 25.439684 1
84.776380 202.837969 23.408054 1
87.640671 195.767154 23.365522 1
93.388662 181.577606 23.280174 1
93.388662 181.577606 23.280174 1
72.118727 184.693905 48.650473 1
73.686049 166.846931 47.513565 1
75.626936 144.746218 46.105681 1
73.790005 122.786389 42.667029 1
72.261067 104.508588 39.804937 1
85.412458 97.844819 44.647739 1
92.673435 97.071141 46.625408 1
76.134364 185.006893 36.025222 1
80.366688 167.578526 35.246396 1
85.607712 145.996410 34.281948 1
86.431642 123.535008 33.067388 1
87.103601 105.216572 32.076850 1
101.401042 99.508569 34.031210 1
108.651993 99.076397 36.145248 1
74.790700 186.049800 42.695100 1
74.406321 193.527863 42.709978 1
73.220086 203.377785 42.514987 1
72.452592 212.854576 42.450239 1
73.231769 237.272577 43.090914 1
74.132366 244.551145 42.312848 1
72.979827 263.311451 42.020900 1
70.695921 223.048213 46.293794 1
66.428594 229.639292 57.235265 1
71.334818 225.808736 59.969558 1
85.624893 214.651701 67.933579 1
91.457863 209.901767 69.205188 1
103.163335 200.369714 71.757025 1
103.163335 200.369714 71.757025 1
72.847994 223.181869 38.582459 1
75.155529 227.525803 26.045566 1
77.420103 221.150995 25.371715 1
84.015994 202.583459 23.409029 1
86.844234 195.498300 23.472130 1
92.519879 181.279967 23.598763 1
92.519879 181.279967 23.598763 1
71.934684 184.617782 48.712809 1
73.621400 166.780156 47.600330 1
75.710136 144.691018 46.222697 1
73.804561 122.747480 42.718034 1
72.218489 104.483239 39.801000 1
85.361512 97.777546 44.608520 1
92.623182 96.982746 46.575240 1
75.974447 184.850536 36.093522 1
80.427831 167.474366 35.384160 1
85.942602 145.956887 34.505733 1
86.609017 123.494412 33.216668 1
87.152514 105.175100 32.165369 1
101.415856 99.353256 34.031073 1
108.673547 98.859552 36.108185 1
74.677900 185.964200 42.706600 1
74.249592 193.439824 42.675124 1
73.021323 203.283334 42.424512 1
72.239810 212.758724 42.329412 1
73.048216 237.175951 42.963296 1
73.924010 244.466806 42.277409 1
72.761474 263.227704 42.077747 1
70.469410 222.956778 46.154906 1
66.123924 229.390530 57.159075 1
70.767463 225.202917 59.827781 1
84.292430 213.005899 67.600768 1
89.872065 207.951963 68.836812 1
101.069149 197.809844 71.317277 1
101.069149 197.809844 71.317277 1
72.677649 223.083448 38.459348 1
75.057299 227.499447 25.961173 1
77.198136 221.077877 25.328078 1
83.433627 202.374143 23.484102 1
86.220226 195.274067 23.645968 1
91.812308 181.025801 23.970800 1
91.812308 181.025801 23.970800 1
71.786007 184.550136 48.711407 1
73.626834 166.725251 47.639786 1
75.906413 144.651892 46.312750 1
73.938057 122.724098 42.744814 1
72.299730 104.472961 39.775115 1
85.401639 97.721564 44.630653 1
92.651642 96.903023 46.630401 1
75.917331 184.733824 36.120986 1
80.530872 167.397653 35.458025 1
86.243971 145.929706 34.637057 1
86.783818 123.465682 33.316144 1
87.224093 105.145108 32.238870 1
101.443692 99.213308 34.092081 1
108.697832 98.661669 36.167018 1
74.555100 185.884600 42.677200 1
74.077186 193.356922 42.603744 1
72.801413 203.193046 42.305089 1
72.003843 212.666901 42.192022 1
72.843209 237.081927 42.869005 1
73.731427 244.374021 42.212921 1
72.618781 263.138500 42.075136 1
70.211132 222.862220 46.014416 1
65.775210 229.208911 57.033049 1
70.171636 224.703056 59.600005 1
82.976849 211.579115 67.076632 1
88.315298 206.254762 68.240519 1
99.028374 195.569976 70.576183 1
99.028374 195.569976 70.576183 1
72.495846 222.996433 38.341344 1
74.997095 227.461363 25.884365 1
77.049073 221.005451 25.308915 1
83.025750 202.201691 23.632838 1
85.754728 195.081050 23.859868 1
91.231177 180.791511 24.315468 1
91.231177 180.791511 24.315468 1
71.616672 184.481274 48.661901 1
73.583975 166.667306 47.634386 1
76.020176 144.607466 46.361968 1
74.030744 122.690252 42.741106 1
72.374876 104.447921 39.727356 1
85.428282 97.667997 44.672946 1
92.661366 96.834736 46.727139 1
75.864270 184.629549 36.109761 1
80.600379 167.324542 35.498921 1
86.465255 145.895187 34.742496 1
86.890068 123.431758 33.370451 1
87.236525 105.111669 32.251476 1
101.411614 99.084560 34.137859 1
108.655022 98.481465 36.235843 1
74.440000 185.842000 42.664700 1
73.933426 193.312177 42.568624 1
72.628844 203.143622 42.241685 1
71.816493 212.616073 42.116872 1
72.645876 237.030645 42.821963 1
73.571778 244.320326 42.191676 1
72.559131 263.090368 42.040933 1
69.983153 222.808134 45.928668 1
65.455883 229.045245 56.972691 1
69.609155 224.264047 59.444742 1
81.706146 210.338131 66.644946 1
86.811756 204.771203 67.714740 1
97.057579 193.599623 69.861578 1
97.057579 193.599623 69.861578 1
72.347014 222.948733 38.279723 1
74.997724 227.400258 25.848881 1
77.009615 220.925824 25.344360 1
82.869533 202.068113 23.874874 1
85.532448 194.923788 24.139278 1
90.876323 180.586723 24.669880 1
90.876323 180.586723 24.669880 1
71.458831 184.441959 48.628998 1
73.541060 166.637793 47.659704 1
76.119578 144.590091 46.459385 1
74.114003 122.681036 42.798279 1
72.444699 104.445495 39.751033 1
85.455533 97.655637 44.794213 1
92.671854 96.817349 46.904549 1
75.807099 184.575833 36.111213 1
80.618030 167.290303 35.534589 1
86.575563 145.885066 34.820534 1
86.941188 123.421523 33.433396 1
87.239375 105.101340 32.302113 1
101.377062 99.000748 34.232452 1
108.609642 98.358638 36.356061 1
74.324500 185.822900 42.679400 1
73.795431 193.290964 42.547129 1
72.471406 203.118069 42.171490 1
71.651375 212.589458 42.019302 1
72.483114 237.003907 42.725875 1
73.457908 244.288836 42.114653 1
72.520226 263.062793 41.966494 1
69.775652 222.783731 45.804471 1
65.139638 228.966603 56.833869 1
69.050598 223.934401 59.200699 1
80.441822 209.277397 66.094432 1
85.309867 203.490556 67.102905 1
95.078948 191.877662 69.126687 1
95.078948 191.877662 69.126687 1
72.234063 222.920483 38.185318 1
75.030535 227.369920 25.785705 1
77.022231 220.883400 25.362907 1
82.823326 201.990489 24.131450 1
85.423005 194.824482 24.435445 1
90.639979 180.443905 25.045497 1
90.639979 180.443905 25.045497 1
71.277525 184.437197 48.613715 1
73.417306 166.638699 47.665902 1
76.067094 144.598017 46.492181 1
74.111697 122.688133 42.808958 1
72.484157 104.451902 39.743302 1
85.449218 97.663064 44.904359 1
92.645877 96.825580 47.081116 1
75.772934 184.534878 36.147680 1
80.647279 167.266224 35.598617 1
86.683340 145.881886 34.918693 1
86.970337 123.420664 33.476567 1
87.204400 105.102374 32.300438 1
101.309179 98.949161 34.303136 1
108.526329 98.277429 36.469641 1
74.232400 185.822400 42.712500 1
73.684990 193.288683 42.556446 1
72.343135 203.111949 42.145335 1
71.512291 212.581971 41.968714 1
72.325889 236.997521 42.658142 1
73.361633 244.276984 42.083108 1
72.462871 263.052939 41.947430 1
69.584422 222.779801 45.717930 1
64.832524 228.903315 56.731114 1
68.502330 223.646966 58.994713 1
79.191157 208.337106 65.587772 1
83.823784 202.348963 66.527624 1
93.120434 190.332100 68.413699 1
93.120434 190.332100 68.413699 1
72.140280 222.908873 38.130776 1
75.106754 227.330951 25.760917 1
77.088520 220.837063 25.410799 1
82.860694 201.922694 24.391033 1
85.413488 194.741795 24.737927 1
90.536375 180.331334 25.434068 1
90.536375 180.331334 25.434068 1
71.123055 184.442562 48.615749 1
73.277336 166.644659 47.689883 1
75.945081 144.604712 46.543342 1
74.114941 122.676906 42.902649 1
72.591657 104.425758 39.872392 1
85.530372 97.697724 45.177187 1
92.708488 96.892168 47.426023 1
75.757087 184.522825 36.200453 1
80.644833 167.257188 35.676172 1
86.697488 145.876587 35.026936 1
86.946274 123.417417 33.546270 1
87.149173 105.100801 32.338709 1
101.226765 98.919856 34.444641 1
108.425087 98.232066 36.668000 1
74.138700 185.796200 42.731800 1
73.606726 193.263181 42.556890 1
72.283325 203.087494 42.112361 1
71.459744 212.557549 41.905960 1
72.257609 236.974943 42.546734 1
73.323740 244.253779 42.021433 1
72.462546 263.031527 41.890508 1
69.486906 222.763508 45.609383 1
64.615753 228.792707 56.622502 1
68.017847 223.317678 58.783607 1
77.926927 207.370881 65.078134 1
82.341460 201.217480 66.000066 1
91.200444 188.868980 67.850180 1
91.200444 188.868980 67.850180 1
72.127041 222.875594 38.050871 1
75.262972 227.278696 25.716092 1
77.230133 220.777994 25.413259 1
82.959769 201.843778 24.531217 1
85.487853 194.656372 24.921600 1
90.561153 180.232855 25.705014 1
90.561153 180.232855 25.705014 1
70.957799 184.431918 48.600440 1
73.159526 166.637301 47.724341 1
75.886024 144.601424 46.639429 1
74.125280 122.674044 42.962135 1
72.659754 104.423250 39.901413 1
85.538710 97.691025 45.344510 1
92.691081 96.883921 47.673395 1
75.737329 184.482898 36.240271 1
80.638600 167.220115 35.749364 1
86.708003 145.843047 35.141456 1
86.916693 123.386434 33.616483 1
87.086891 105.071902 32.372788 1
101.136747 98.870219 34.599514 1
108.313126 98.169835 36.888895 1
74.018700 185.783300 42.748300 1
73.508055 193.251449 42.560164 1
72.215916 203.078674 42.088837 1
71.420882 212.550602 41.857918 1
72.278110 236.966801 42.466766 1
73.352231 244.245843 41.960973 1
72.542515 263.025577 41.791901 1
69.419633 222.768936 45.511638 1
64.383439 228.760392 56.470989 1
67.543055 223.107669 58.540795 1
76.745884 206.643310 64.569402 1
80.945925 200.338461 65.469926 1
89.374472 187.686039 67.277077 1
89.374472 187.686039 67.277077 1
72.177486 222.859548 37.994990 1
75.486225 227.266123 25.706682 1
77.431789 220.757149 25.444774 1
83.098520 201.798839 24.681932 1
85.609159 194.608035 25.119463 1
90.647451 180.177697 25.997491 1
90.647451 180.177697 25.997491 1
70.757642 184.432193 48.575850 1
72.998070 166.640818 47.732647 1
75.772494 144.608956 46.688471 1
74.108684 122.677280 42.991709 1
72.723840 104.422911 39.914784 1
85.543864 97.696868 45.502717 1
92.669397 96.893595 47.913746 1
75.698989 184.460295 36.279404 1
80.615314 167.200716 35.827952 1
86.703360 145.827616 35.268902 1
86.872875 123.373562 33.701965 1
87.011125 105.061117 32.424046 1
101.029921 98.843108 34.796245 1
108.179938 98.132615 37.163666 1
73.895400 185.795000 42.753800 1
73.411620 193.264607 42.552974 1
72.159193 203.095636 42.054568 1
71.402850 212.570161 41.801273 1
72.350833 236.983530 42.388675 1
73.391283 244.269973 41.920455 1
72.629313 263.051295 41.710690 1
69.388864 222.801901 45.410203 1
64.187511 228.668699 56.359851 1
67.127321 222.873613 58.358613 1
75.689935 205.994604 64.180297 1
79.713798 199.575622 65.078958 1
87.788795 186.694158 66.882372 1
87.788795 186.694158 66.882372 1
72.259551 222.870273 37.935683 1
75.712252 227.366566 25.719695 1
77.648028 220.853199 25.497502 1
83.286248 201.882091 24.850336 1
85.797222 194.694512 25.336270 1
90.836185 180.270648 26.311435 1
90.836185 180.270648 26.311435 1
70.553340 184.459397 48.538878 1
72.833659 166.671900 47.721187 1
75.657481 144.644840 46.708603 1
74.085583 122.706222 43.012808 1
72.777239 104.446075 39.936687 1
85.549047 97.744009 45.662145 1
92.650262 96.953689 48.148042 1
75.656586 184.461100 36.308704 1
80.566986 167.199160 35.883811 1
86.647693 145.823136 35.357650 1
86.802822 123.372474 33.741390 1
86.929339 105.062796 32.423246 1
100.916341 98.829377 34.938376 1
108.039053 98.108630 37.383722 1
73.787200 185.794900 42.727100 1
73.337450 193.266608 42.525337 1
72.130877 203.102894 42.017612 1
71.411432 212.580143 41.758833 1
72.424493 236.990329 42.369451 1
73.470719 244.275455 41.893662 1
72.769415 263.058439 41.628494 1
69.372879 222.816876 45.339702 1
64.021018 228.670332 56.223764 1
66.811251 222.783041 58.166687 1
74.938198 205.635468 63.825729 1
78.793254 199.110854 64.703432 1
86.529494 186.017413 66.464787 1
86.529494 186.017413 66.464787 1
72.359314 222.878773 37.910614 1
75.989090 227.397614 25.754424 1
77.941078 220.888406 25.553146 1
83.626520 201.929415 24.966899 1
86.150068 194.749554 25.499535 1
91.214267 180.341176 26.568418 1
91.214267 180.341176 26.568418 1
70.370708 184.470029 48.471021 1
72.679211 166.684549 47.689315 1
75.537934 144.659987 46.721293 1
74.057189 122.715737 43.021296 1
72.824716 104.450901 39.941679 1
85.540405 97.762724 45.806588 1
92.614969 96.980045 48.369692 1
75.619532 184.457384 36.302620 1
80.537425 167.196891 35.906610 1
86.627413 145.822658 35.416215 1
86.759579 123.373385 33.778763 1
86.867369 105.064840 32.443335 1
100.823266 98.817685 35.093546 1
107.920584 98.089101 37.609386 1
73.677600 185.792600 42.704700 1
73.257834 193.265975 42.500094 1
72.090299 203.106432 41.982031 1
71.398878 212.585671 41.719735 1
72.451873 236.993492 42.356750 1
73.523377 244.275663 41.892122 1
72.896865 263.061381 41.633400 1
69.333779 222.824563 45.279156 1
63.861822 228.676185 56.104329 1
66.542039 222.728811 58.018940 1
74.348550 205.406241 63.595520 1
78.062756 198.797312 64.449411 1
85.516339 185.534667 66.162981 1
85.516339 185.534667 66.162981 1
72.417292 222.884388 37.889816 1
76.221734 227.397087 25.784861 1
78.215921 220.899896 25.610828 1
84.024273 201.975906 25.103933 1
86.564202 194.803621 25.660252 1
91.661271 180.410446 26.776664 1
91.661271 180.410446 26.776664 1
70.194622 184.479157 48.411192 1
72.525407 166.695508 47.654353 1
75.411724 144.673214 46.717124 1
74.015192 122.721862 43.026517 1
72.852812 104.451116 39.954714 1
85.524403 97.787245 45.941469 1
92.576339 97.017528 48.570019 1
75.573940 184.449722 36.299944 1
80.507867 167.193243 35.929233 1
86.617709 145.823982 35.470168 1
86.723534 123.375882 33.814819 1
86.809840 105.068293 32.464795 1
100.735973 98.805167 35.231330 1
107.810619 98.067778 37.807734 1
73.601700 185.797800 42.663700 1
73.218974 193.273464 42.470400 1
72.094948 203.119240 41.957177 1
71.431244 212.600299 41.689167 1
72.511966 237.007544 42.301329 1
73.594853 244.291153 41.888500 1
73.060456 263.079909 41.644160 1
69.355008 222.846597 45.220691 1
63.800895 228.638684 56.036038 1
66.365912 222.638333 57.943139 1
73.836884 205.161460 63.497845 1
77.438370 198.487050 64.324861 1
84.665750 185.093001 65.984500 1
84.665750 185.093001 65.984500 1
72.489767 222.892588 37.852846 1
76.396244 227.426137 25.788248 1
78.441446 220.943855 25.655090 1
84.398387 202.063290 25.267252 1
87.000537 194.918551 25.886866 1
92.222471 180.580655 27.130297 1
92.222471 180.580655 27.130297 1
70.068870 184.490074 48.340785 1
72.428794 166.708991 47.614576 1
75.351195 144.689874 46.715279 1
73.998142 122.735035 43.029218 1
72.871950 104.461387 39.961200 1
85.507775 97.816111 46.043458 1
92.541642 97.056173 48.722780 1
75.540709 184.458122 36.271061 1
80.463728 167.198152 35.918287 1
86.560062 145.824568 35.481433 1
86.671878 123.376488 33.826203 1
86.763071 105.068916 32.476276 1
100.665682 98.798239 35.342225 1
107.721181 98.056836 37.969479 1
73.536500 185.805000 42.638600 1
73.165456 193.281267 42.445846 1
72.059227 203.128771 41.927138 1
71.412003 212.610808 41.653467 1
72.527291 237.016535 42.264151 1
73.641539 244.296748 41.875606 1
73.214493 263.088578 41.657890 1
69.323980 222.861964 45.163878 1
63.701683 228.645815 55.948358 1
66.172797 222.607283 57.858927 1
73.370264 205.019200 63.423735 1
76.902802 198.308618 64.255403 1
83.991818 184.841979 65.924376 1
83.991818 184.841979 65.924376 1
72.518071 222.899723 37.821513 1
76.533459 227.422128 25.788529 1
78.635605 220.957462 25.690359 1
84.758402 202.128207 25.404426 1
87.401164 195.001588 26.059810 1
92.704596 180.700057 27.375020 1
92.704596 180.700057 27.375020 1
69.968226 184.500170 48.294143 1
72.325848 166.718281 47.580300 1
75.245398 144.698165 46.696316 1
73.937743 122.738118 43.024926 1
72.849337 104.460135 39.969119 1
85.456476 97.829402 46.126316 1
92.476092 97.076952 48.844835 1
75.511499 184.464940 36.257068 1
80.420066 167.200761 35.908921 1
86.498505 145.821964 35.477796 1
86.609405 123.373326 33.830080 1
86.699852 105.065300 32.486283 1
100.588672 98.796279 35.421872 1
107.631470 98.056239 38.083366 1
73.549400 185.826600 42.600600 1
73.185352 193.303343 42.413037 1
72.089056 203.152092 41.896891 1
71.449862 212.634687 41.623687 1
72.577597 237.039704 42.239881 1
73.737953 244.313374 41.863961 1
73.406840 263.107218 41.653203 1
69.350264 222.887226 45.123141 1
63.676842 228.691647 55.869728 1
66.065797 222.622617 57.788144 1
73.023966 204.945705 63.375805 1
76.509531 198.213588 64.231287 1
83.504283 184.703735 65.948052 1
83.504283 184.703735 65.948052 1
72.582329 222.922840 37.797401 1
76.682959 227.417124 25.782643 1
78.830047 220.966814 25.718914 1
85.083742 202.179368 25.533295 1
87.775383 195.076231 26.242461 1
93.176906 180.821821 27.665603 1
93.176906 180.821821 27.665603 1
69.962859 184.520076 48.244184 1
72.308415 166.736323 47.537046 1
75.213022 144.713900 46.661365 1
73.925811 122.749709 43.007581 1
72.854422 104.468277 39.966428 1
85.441214 97.839955 46.167690 1
92.452231 97.088312 48.908532 1
75.542610 184.490217 36.223961 1
80.441438 167.223070 35.885952 1
86.507817 145.840599 35.467382 1
86.611506 123.392061 33.817839 1
86.696071 105.084116 32.472552 1
100.573926 98.813334 35.455853 1
107.607493 98.072459 38.141417 1
73.580000 185.827600 42.594200 1
73.220053 193.304574 42.407932 1
72.127795 203.153741 41.891209 1
71.489443 212.636275 41.613912 1
72.609877 237.042031 42.213934 1
73.841394 244.304194 41.841953 1
73.561051 263.099213 41.665028 1
69.381123 222.890872 45.102072 1
63.679819 228.683999 55.839995 1
65.990649 222.589037 57.771851 1
72.721267 204.836598 63.398659 1
76.177642 198.092836 64.280447 1
83.113817 184.559613 66.050001 1
83.113817 184.559613 66.050001 1
72.625968 222.921872 37.781963 1
76.780929 227.390552 25.776325 1
78.965669 220.952655 25.745549 1
85.329031 202.201365 25.655912 1
88.070836 195.124148 26.429152 1
93.573028 180.921753 27.980876 1
93.573028 180.921753 27.980876 1
69.991500 184.521986 48.236750 1
72.320208 166.736114 47.527238 1
75.203953 144.711066 46.648619 1
73.915298 122.744822 43.007713 1
72.842707 104.461680 39.977278 1
85.429380 97.841915 46.187913 1
92.439694 97.094485 48.931705 1
75.573896 184.491307 36.217757 1
80.450795 167.217975 35.878705 1
86.490018 145.827843 35.458843 1
86.611166 123.377605 33.833814 1
86.709970 105.068273 32.508518 1
100.588690 98.806290 35.506238 1
107.620942 98.070996 38.196776 1
73.603900 185.833400 42.579200 1
73.253436 193.310762 42.390437 1
72.170442 203.160851 41.871796 1
71.536893 212.643597 41.590776 1
72.659227 237.049626 42.175965 1
73.929526 244.306419 41.830553 1
73.728298 263.102381 41.646228 1
69.431095 222.900364 45.074076 1
63.724393 228.673214 55.820049 1
65.959923 222.553356 57.761775 1
72.471217 204.728401 63.417330 1
75.906359 197.975257 64.310215 1
82.799923 184.423204 66.102036 1
82.799923 184.423204 66.102036 1
72.672043 222.926884 37.752224 1
76.849514 227.386109 25.750881 1
79.078667 220.963392 25.762694 1
85.571392 202.256318 25.797102 1
88.334976 195.193391 26.621766 1
93.880873 181.019674 28.276686 1
93.880873 181.019674 28.276686 1
70.025994 184.534996 48.230135 1
72.329177 166.746532 47.502536 1
75.181312 144.718273 46.601517 1
73.897100 122.748426 42.980835 1
72.828206 104.462286 39.967233 1
85.436891 97.852598 46.143862 1
92.455875 97.110314 48.866803 1
75.582112 184.491690 36.199011 1
80.484909 167.225544 35.867490 1
86.556201 145.844311 35.456955 1
86.643846 123.395447 33.810932 1
86.715326 105.087235 32.468515 1
100.596152 98.812489 35.429575 1
107.634059 98.069891 38.103268 1
73.653700 185.836400 42.591900 1
73.312969 193.313893 42.390893 1
72.238199 203.164335 41.861956 1
71.605212 212.647029 41.577926 1
72.712396 237.053628 42.168168 1
74.025402 244.303694 41.841707 1
73.888954 263.100392 41.673838 1
69.502819 222.901134 45.071105 1
63.806686 228.663465 55.828325 1
65.972843 222.521200 57.777913 1
72.282079 204.630980 63.456369 1
75.693611 197.865523 64.346567 1
82.539795 184.288763 66.132998 1
82.539795 184.288763 66.132998 1
72.721659 222.932420 37.739525 1
76.909661 227.365501 25.732169 1
79.149804 220.946755 25.777025 1
85.674538 202.251245 25.907676 1
88.465512 195.206715 26.795064 1
94.066373 181.069915 28.575857 1
94.066373 181.069915 28.575857 1
70.094335 184.553181 48.257992 1
72.367565 166.761671 47.510907 1
75.182608 144.729642 46.585759 1
73.891229 122.758402 42.976091 1
72.816371 104.471104 39.971657 1
85.458999 97.873058 46.091083 1
92.491291 97.137007 48.781185 1
75.607086 184.480436 36.207077 1
80.530334 167.219975 35.882693 1
86.626951 145.845781 35.480996 1
86.701499 123.397012 33.833029 1
86.762298 105.088878 32.489026 1
100.653508 98.810734 35.393647 1
107.701988 98.066352 38.038841 1
73.715900 185.829400 42.603700 1
73.374521 193.306312 42.383161 1
72.297908 203.155519 41.835300 1
71.663153 212.637807 41.541821 1
72.768441 237.044672 42.124591 1
74.112685 244.290623 41.836102 1
74.038841 263.087853 41.690138 1
69.570942 222.892115 45.040517 1
63.891510 228.603104 55.833885 1
65.997667 222.444187 57.796638 1
72.132145 204.505468 63.513439 1
75.520245 197.728359 64.404491 1
82.319405 184.128214 66.192637 1
82.319405 184.128214 66.192637 1
72.764990 222.922786 37.698099 1
76.951001 227.363416 25.692839 1
79.189947 220.944564 25.770364 1
85.711193 202.248745 25.996169 1
88.507965 195.213474 26.937140 1
94.120461 181.095255 28.825463 1
94.120461 181.095255 28.825463 1
70.176852 184.561982 48.286051 1
72.410190 166.766669 47.509788 1
75.175834 144.729931 46.548507 1
73.878648 122.756579 42.953809 1
72.798955 104.467522 39.961835 1
85.478464 97.881112 46.017154 1
92.525389 97.151235 48.670393 1
75.646379 184.455682 36.215705 1
80.592682 167.201551 35.905583 1
86.717850 145.835197 35.521545 1
86.765145 123.386118 33.876799 1
86.803718 105.077731 32.535422 1
100.704272 98.794241 35.383229 1
107.763559 98.047530 37.998779 1
