68 35
119.157300 170.572200 12.692720 1
118.909556 177.404987 13.221325 1
118.856427 186.900762 13.295132 1
118.676965 195.991623 13.637875 1
117.183061 219.110091 16.845810 1
115.867120 224.395793 21.334162 1
114.666527 241.645043 26.298311 1
114.928627 205.804177 12.549737 1
103.234394 210.923186 10.776660 1
102.208136 204.736687 12.509945 1
99.219021 186.717672 17.558370 1
103.134372 187.276342 23.695254 1
110.991653 188.397474 36.010679 1
110.991653 188.397474 36.010679 1
121.959969 205.835911 15.595471 1
132.195394 212.630172 19.491266 1
133.623387 206.651796 21.624364 1
137.782611 189.238968 27.837299 1
133.314260 191.442781 33.174023 1
124.347239 195.865363 43.883684 1
124.347239 195.865363 43.883684 1
114.011564 169.476393 9.337816 1
110.117976 152.904203 11.648909 1
105.296365 132.382087 14.510844 1
103.523356 111.182913 12.774895 1
102.047626 93.538173 11.330008 1
93.561017 87.533807 21.935257 1
90.088565 86.767797 28.241562 1
125.092595 169.495158 14.288660 1
126.493006 152.558525 16.804889 1
128.227184 131.585323 19.920818 1
130.128814 110.316288 17.086162 1
131.679686 92.970353 14.774359 1
129.521618 85.676088 27.529073 1
127.290410 84.287854 34.275141 1
117.461600 170.436700 12.713900 1
117.100340 177.262448 13.267473 1
116.914372 186.756373 13.361242 1
116.622437 195.845205 13.679614 1
114.839435 218.968857 16.696862 1
113.279556 224.308719 21.040627 1
112.136063 241.752840 25.285138 1
112.811872 205.615219 12.435945 1
101.090129 210.483229 10.198457 1
99.859813 204.205163 11.382714 1
96.276351 185.919448 14.832020 1
99.076129 186.493630 21.550278 1
104.694693 187.645890 35.032398 1
104.694693 187.645890 35.032398 1
119.766667 205.732017 15.650670 1
129.861162 212.621445 19.742136 1
130.798945 206.483171 21.684403 1
133.530367 188.604617 27.341517 1
128.648677 191.097125 32.164388 1
118.852173 196.099057 41.842854 1
118.852173 196.099057 41.842854 1
112.405723 169.280491 9.244597 1
108.736233 152.670348 11.648061 1
104.192133 132.101232 14.624381 1
102.835424 110.869821 12.907244 1
101.706193 93.198248 11.478016 1
93.161952 87.120986 21.995102 1
89.610799 86.336102 28.255089 1
123.376892 169.440457 14.431919 1
125.027036 152.518635 16.895871 1
127.070468 131.563774 19.947064 1
129.429877 110.355195 17.005528 1
131.354089 93.058563 14.606560 1
129.092781 85.614889 27.256637 1
126.759305 84.126044 33.946417 1
115.733100 170.308000 12.580700 1
115.277945 177.125302 13.168070 1
114.978067 186.615773 13.306060 1
114.571888 195.699538 13.643220 1
112.438560 218.797970 16.626090 1
110.579832 224.230829 20.730335 1
109.485534 241.825483 24.315228 1
110.686438 205.426645 12.298987 1
99.010466 210.118732 9.513468 1
97.693206 203.790740 10.256152 1
93.856508 185.359604 12.419320 1
95.786433 185.954915 19.435332 1
99.659385 187.149578 33.514982 1
99.659385 187.149578 33.514982 1
117.545106 205.619539 15.710549 1
127.433378 212.660689 20.040377 1
127.773589 206.386595 21.728646 1
128.764498 188.112449 26.645960 1
123.448369 190.799025 30.867885 1
112.780039 196.190411 39.340384 1
112.780039 196.190411 39.340384 1
110.777395 169.115806 8.981474 1
107.336324 152.482732 11.558011 1
103.075087 131.885221 14.748656 1
102.139261 110.630432 13.039777 1
101.360344 92.939403 11.617422 1
92.791832 86.723742 22.033392 1
89.173664 85.884298 28.247759 1
121.616038 169.369425 14.436740 1
123.536512 152.493946 17.019781 1
125.914702 131.596474 20.218445 1
128.791156 110.481158 17.073172 1
131.137044 93.260588 14.508047 1
128.860657 85.623915 27.039828 1
126.465102 84.007100 33.677761 1
113.972000 170.344800 12.316100 1
113.425690 177.151864 12.943163 1
113.006541 186.636828 13.137504 1
112.470011 195.712253 13.514645 1
109.922817 218.762871 16.542347 1
107.665549 224.262022 20.347572 1
106.613261 241.941454 23.502123 1
108.478322 205.388151 12.113313 1
96.831074 209.833111 8.844205 1
95.529776 203.472879 9.273528 1
91.739571 184.947842 10.523986 1
93.337662 185.723161 17.605541 1
96.544694 187.279063 31.816721 1
96.544694 187.279063 31.816721 1
115.243608 205.664495 15.701044 1
124.821914 212.880737 20.421746 1
124.546320 206.539609 21.851569 1
123.743615 188.070216 26.016119 1
118.017234 190.823498 29.612170 1
106.525618 196.348746 36.828672 1
106.525618 196.348746 36.828672 1
109.107836 169.123216 8.603633 1
105.894219 152.464017 11.302229 1
101.914647 131.834154 14.644026 1
101.402746 110.554751 13.066998 1
100.976675 92.843234 11.754386 1
92.397624 86.485722 22.075636 1
88.712829 85.592255 28.243144 1
119.824725 169.459481 14.290079 1
122.002333 152.686915 17.303574 1
124.698941 131.916883 21.035285 1
128.276435 110.961268 17.558644 1
131.194056 93.870942 14.723273 1
129.078138 86.003535 27.139917 1
126.693229 84.226521 33.740626 1
112.334800 170.490800 11.935600 1
111.625657 177.283759 12.552538 1
111.000887 186.757550 12.739461 1
110.276629 195.820401 13.104996 1
107.243368 218.819733 16.074216 1
104.849054 224.311727 19.805288 1
103.545708 242.034237 22.604348 1
106.136857 205.421261 11.619706 1
94.533070 209.685075 7.976203 1
93.336704 203.297775 8.294563 1
89.852127 184.693899 9.221829 1
91.366729 185.694896 16.293422 1
94.406215 187.703683 30.484610 1
94.406215 187.703683 30.484610 1
112.820848 205.821784 15.345445 1
122.142434 212.938328 20.690157 1
121.386963 206.607710 21.987383 1
119.186550 188.168931 25.765727 1
112.970341 190.835952 28.513330 1
100.495745 196.188093 34.027181 1
100.495745 196.188093 34.027181 1
107.577075 169.164809 8.122390 1
104.607731 152.475842 10.915246 1
100.930654 131.809116 14.373771 1
100.792413 110.511342 12.978144 1
100.677351 92.784534 11.816519 1
92.023641 86.340971 22.021422 1
88.242656 85.421100 28.126515 1
118.163257 169.733332 14.030857 1
120.727262 153.143806 17.685389 1
123.902358 132.600439 22.210919 1
128.242781 111.853075 18.372831 1
131.782609 94.932588 15.242682 1
130.013723 86.784847 27.532174 1
127.724713 84.809845 34.110527 1
110.792800 170.628300 11.514710 1
109.930666 177.404796 12.117705 1
109.115137 186.864195 12.298506 1
108.219411 195.911653 12.665419 1
104.746675 218.848315 15.637927 1
102.033251 224.330091 19.159732 1
100.604726 242.063186 21.827593 1
103.954259 205.448214 11.121796 1
92.385136 209.460484 7.101819 1
91.351307 203.047937 7.476886 1
88.340139 184.370524 8.569322 1
89.931625 185.738202 15.562180 1
93.125402 188.482843 29.595364 1
93.125402 188.482843 29.595364 1
110.551274 205.945969 14.988177 1
119.516918 213.175132 20.772601 1
118.434524 206.903852 22.125269 1
115.281905 188.637899 26.065098 1
108.641321 191.163707 27.746321 1
95.315095 196.232465 31.120178 1
95.315095 196.232465 31.120178 1
106.150426 169.208000 7.594775 1
103.425078 152.489169 10.456917 1
100.050152 131.785462 14.001240 1
100.246222 110.476947 12.788472 1
100.409418 92.741199 11.779045 1
91.662522 86.240273 21.867456 1
87.781399 85.306788 27.907295 1
116.586881 169.988894 13.740593 1
119.586832 153.675264 18.213608 1
123.301775 133.473547 23.752692 1
128.594807 112.998989 19.653965 1
132.911533 96.300988 16.311251 1
131.608554 87.954866 28.525618 1
129.457379 85.807174 35.096370 1
109.491600 170.671900 11.175040 1
108.459301 177.425172 11.771239 1
107.427078 186.863469 11.947544 1
106.319262 195.888261 12.292948 1
102.247295 218.742479 15.137238 1
99.318288 224.184058 18.546897 1
97.737621 241.933144 21.015149 1
101.896451 205.328383 10.606785 1
90.402997 209.221405 6.265357 1
89.558435 202.790017 6.769548 1
87.098532 184.057730 8.238072 1
88.884459 185.904347 15.072098 1
92.468438 189.610117 28.786539 1
92.468438 189.610117 28.786539 1
108.353184 205.971507 14.682846 1
116.944094 213.404762 20.769399 1
115.678159 207.218009 22.335204 1
111.990956 189.198254 26.895823 1
105.150854 191.643871 27.627630 1
91.424239 196.551704 29.096212 1
91.424239 196.551704 29.096212 1
105.011307 169.164071 7.102179 1
102.423084 152.447722 10.102752 1
99.217967 131.747088 13.818502 1
99.716840 110.436026 12.745264 1
100.132068 92.698158 11.851973 1
91.192327 86.125725 21.722658 1
87.156177 85.167146 27.656020 1
115.223495 170.152724 13.585559 1
118.635020 154.126655 18.749734 1
122.859629 134.281035 25.144703 1
129.322389 114.162567 20.961013 1
134.593086 97.754975 17.549007 1
133.585015 89.298621 29.715360 1
131.467526 87.009453 36.249185 1
108.476400 170.687700 10.928650 1
107.236665 177.406759 11.516088 1
105.943333 186.812818 11.693158 1
104.571514 195.802034 12.018047 1
99.726105 218.523325 14.710831 1
96.654072 223.970431 17.983032 1
94.857765 241.741313 20.125432 1
99.964441 205.118269 10.146433 1
88.633221 209.034857 5.417066 1
87.951978 202.588194 5.970870 1
85.967765 183.811418 7.583897 1
87.646563 186.070396 14.320520 1
91.015556 190.603685 27.839495 1
91.015556 190.603685 27.839495 1
106.206559 205.931591 14.515844 1
114.400501 213.708054 20.719799 1
113.095268 207.601113 22.545141 1
109.293599 189.813819 27.861698 1
102.466288 192.400353 27.897058 1
88.765342 197.590975 27.968018 1
88.765342 197.590975 27.968018 1
104.236771 169.092056 6.637468 1
101.685618 152.400558 9.803565 1
98.526407 131.730697 13.724290 1
99.223659 110.418121 12.802342 1
99.804004 92.678992 12.034975 1
90.527103 86.033219 21.538610 1
86.258440 85.043297 27.301658 1
114.099026 170.302424 13.606787 1
117.851139 154.473066 19.129027 1
122.497510 134.871039 25.967403 1
130.262293 115.193883 21.900341 1
136.594852 99.146203 18.583453 1
135.547277 90.579950 30.669319 1
133.287691 88.141329 37.100673 1
107.818600 170.778800 11.006810 1
106.358469 177.458530 11.533121 1
104.788291 186.823305 11.649462 1
103.152399 195.770152 11.916344 1
97.575822 218.345519 14.414498 1
94.284318 223.742600 17.553474 1
92.103408 241.506847 19.368956 1
98.382969 204.962703 9.849982 1
87.276325 209.022505 4.725181 1
86.692519 202.572687 5.349094 1
84.992104 183.786720 7.166326 1
86.713526 186.446122 13.744146 1
90.168058 191.782979 26.944437 1
90.168058 191.782979 26.944437 1
104.397896 205.934291 14.496911 1
112.076385 214.334443 20.545165 1
110.878819 208.255009 22.529246 1
107.390749 190.547837 28.308149 1
100.634392 193.266605 27.794809 1
87.075834 198.722592 26.764645 1
87.075834 198.722592 26.764645 1
103.820246 169.061597 6.534769 1
101.212157 152.391923 9.768725 1
97.982438 131.749087 13.773483 1
98.829415 110.438381 12.937719 1
99.534382 92.700809 12.242086 1
89.862011 85.996327 21.299757 1
85.334985 84.978328 26.857084 1
113.326840 170.556972 13.929968 1
117.412120 154.805626 19.438840 1
122.471062 135.300205 26.260661 1
131.520777 116.087700 22.654331 1
138.901262 100.418965 19.713191 1
137.599922 91.802990 31.738903 1
135.098935 89.245205 38.033164 1
107.324300 170.832100 11.075380 1
105.671365 177.470497 11.552111 1
103.848777 186.789939 11.616728 1
101.952873 195.686901 11.824227 1
95.614771 218.084085 14.100363 1
92.096967 223.459007 17.024557 1
89.531514 241.189339 18.659979 1
97.004078 204.738604 9.566706 1
86.116115 208.922270 4.084706 1
85.635265 202.483482 4.885355 1
84.234722 183.729641 7.217352 1
85.993251 186.858873 13.574939 1
89.522248 193.138578 26.333270 1
89.522248 193.138578 26.333270 1
102.790467 205.878888 14.459021 1
109.896874 214.858558 20.372363 1
108.631136 208.890024 22.631735 1
104.944504 191.505862 29.212459 1
98.355228 194.338969 27.849177 1
85.131968 200.024409 25.113363 1
85.131968 200.024409 25.113363 1
103.559823 169.024721 6.438908 1
100.856393 152.388804 9.767027 1
97.508609 131.787771 13.888392 1
98.455210 110.480396 13.074902 1
99.243097 92.745596 12.397808 1
89.226356 86.015346 21.053146 1
84.481402 84.983977 26.423049 1
112.711002 170.744287 14.223475 1
117.179689 155.049218 19.593552 1
122.713416 135.613486 26.243499 1
132.863805 116.819529 23.454222 1
141.141943 101.492140 21.179428 1
139.462589 92.934139 33.199688 1
136.680729 90.320641 39.351583 1
107.155800 170.868700 11.275220 1
105.312546 177.460807 11.692735 1
103.234448 186.726848 11.695640 1
101.071451 195.563825 11.846335 1
93.954364 217.743597 13.941798 1
90.133879 223.061706 16.575668 1
87.298446 240.767864 18.015496 1
95.924728 204.463373 9.431879 1
85.186182 208.379352 3.477734 1
84.814404 201.978749 4.584220 1
83.731550 183.336127 7.807012 1
85.375991 187.031302 13.885246 1
88.676036 194.446734 26.082975 1
88.676036 194.446734 26.082975 1
101.492860 205.768252 14.531926 1
107.997033 215.181421 20.464135 1
106.681346 209.314196 22.949066 1
102.849230 192.225109 30.186765 1
96.505659 195.105061 28.003060 1
83.775475 200.884509 23.620835 1
83.775475 200.884509 23.620835 1
103.608302 168.967305 6.507125 1
100.746071 152.370209 9.895742 1
97.201637 131.817252 14.092024 1
98.187271 110.513700 13.226435 1
99.007646 92.782082 12.505976 1
88.662108 86.050031 20.764039 1
83.718399 85.014456 25.950703 1
112.427035 170.919715 14.613820 1
117.272587 155.248630 19.720660 1
123.272998 135.842599 26.044632 1
134.032058 117.267004 24.252094 1
142.806597 102.117700 22.790190 1
140.585039 93.666927 34.798328 1
137.485555 91.057431 40.798216 1
107.195400 170.875200 11.461550 1
105.148436 177.408003 11.861803 1
102.792376 186.607286 11.848364 1
100.344617 195.370193 11.964023 1
92.421745 217.291284 13.882369 1
88.315265 222.550887 16.182160 1
85.201456 240.228955 17.369990 1
94.980422 204.099927 9.407177 1
84.330398 207.715882 3.113929 1
84.086127 201.381339 4.578220 1
83.374655 182.931127 8.843166 1
84.836113 187.157911 14.613944 1
87.768951 195.640170 26.194672 1
87.768951 195.640170 26.194672 1
100.336663 205.573948 14.684982 1
106.303814 215.404771 20.503158 1
104.885507 209.648668 23.183818 1
100.754497 192.883241 30.991603 1
94.678667 195.837177 28.223549 1
82.485780 201.765097 22.668659 1
82.485780 201.765097 22.668659 1
103.849576 168.903616 6.577587 1
100.830775 152.345774 10.021913 1
97.092452 131.841427 14.287182 1
98.061510 110.538890 13.378928 1
98.868089 92.808118 12.622957 1
88.257264 86.077858 20.538780 1
83.155476 85.038694 25.569293 1
112.360426 171.056928 14.957870 1
117.419120 155.401416 19.903237 1
123.683472 136.014670 26.027251 1
134.744407 117.562566 24.932331 1
143.765140 102.513974 24.039367 1
140.991589 94.093637 35.953712 1
137.600770 91.475731 41.790135 1
107.542600 170.805800 11.588330 1
105.280769 177.267990 11.978198 1
102.629991 186.386706 11.957977 1
99.886392 195.061813 12.050862 1
91.153056 216.684118 13.837182 1
86.805310 221.887814 15.795317 1
83.393318 239.528530 16.680910 1
94.286967 203.609460 9.385441 1
83.681184 206.934878 2.861480 1
83.612881 200.679999 4.650910 1
83.413940 182.461815 9.862867 1
84.648561 186.984947 15.459332 1
87.126187 196.061914 26.690252 1
87.126187 196.061914 26.690252 1
99.450675 205.247375 14.804909 1
104.861044 215.513246 20.412308 1
103.296952 209.855558 23.218451 1
98.741326 193.376777 31.391721 1
92.880635 196.426890 28.284842 1
81.119487 202.547815 22.050005 1
81.119487 202.547815 22.050005 1
104.378735 168.762755 6.613323 1
101.111268 152.274010 10.160661 1
97.065012 131.855229 14.553495 1
97.992406 110.555104 13.550161 1
98.764307 92.826339 12.715053 1
87.908040 86.132975 20.323378 1
82.669205 85.107118 25.213817 1
112.614129 171.126624 15.209303 1
117.655791 155.460206 20.137497 1
123.899054 136.059956 26.240245 1
135.169788 117.720556 25.427679 1
144.361622 102.763880 24.764990 1
141.212274 94.185271 36.471199 1
137.622882 91.468716 42.141430 1
107.972700 170.705200 11.736290 1
105.567663 177.117048 12.099316 1
102.696204 186.168586 12.050524 1
99.692336 194.757280 12.118042 1
90.177736 216.052846 13.837760 1
85.628033 221.210828 15.422392 1
81.940334 238.807719 16.031606 1
93.808141 203.098365 9.411966 1
83.176197 205.907811 2.690962 1
83.325239 199.738922 4.753203 1
83.759344 181.771198 10.759759 1
84.595997 186.546723 16.218495 1
86.274984 196.130192 27.173021 1
86.274984 196.130192 27.173021 1
98.873297 204.921028 14.865347 1
103.814810 215.556856 20.209852 1
102.057440 210.014724 23.129897 1
96.938860 193.872514 31.634924 1
91.169423 196.933711 28.372066 1
79.591402 203.076882 21.824211 1
79.591402 203.076882 21.824211 1
104.918185 168.597984 6.719882 1
101.436466 152.172074 10.353858 1
97.124892 131.831104 14.853981 1
97.977325 110.533925 13.729001 1
98.686833 92.807612 12.792643 1
87.666333 86.161549 20.203762 1
82.345000 85.153493 25.008073 1
112.988829 171.132479 15.422841 1
117.878028 155.452798 20.461239 1
123.932489 136.036124 26.700455 1
135.430358 117.837710 25.900413 1
144.807430 102.996016 25.247938 1
141.571741 94.197053 36.765526 1
137.920123 91.343945 42.327934 1
108.476200 170.598700 11.900850 1
105.967495 176.971196 12.255073 1
102.932006 185.969004 12.197954 1
99.734722 194.487624 12.260665 1
89.643874 215.516912 13.972389 1
84.855977 220.544425 15.243532 1
80.990643 238.109797 15.614639 1
93.636030 202.669931 9.544766 1
82.904738 204.864951 2.753273 1
83.244659 198.764744 4.989829 1
84.234724 180.997068 11.504101 1
84.489755 185.770036 17.022903 1
85.001552 195.348371 28.097969 1
85.001552 195.348371 28.097969 1
98.633348 204.622561 15.015720 1
103.134679 215.593673 20.063081 1
101.155602 210.187028 23.093213 1
95.391274 194.439445 31.918882 1
89.530243 197.391221 28.719052 1
77.768413 203.314807 22.297681 1
77.768413 203.314807 22.297681 1
105.474997 168.443494 6.872666 1
101.823024 152.075250 10.598570 1
97.300615 131.805691 15.212531 1
98.090689 110.513971 13.947430 1
98.748294 92.792201 12.894446 1
87.641545 86.184699 20.210682 1
82.285133 85.189953 24.978648 1
113.470718 171.105738 15.606586 1
118.135843 155.411613 20.809772 1
123.912826 135.977052 27.253052 1
135.606832 117.900966 26.525957 1
145.143865 103.159037 25.932975 1
141.879165 94.231965 37.343294 1
138.195862 91.290085 42.838159 1
108.902700 170.448400 12.057490 1
106.348393 176.803578 12.396624 1
103.222173 185.770140 12.322381 1
99.891984 194.237724 12.379912 1
89.360288 215.048272 14.109260 1
84.428304 219.991111 15.138587 1
80.457462 237.536357 15.271238 1
93.616159 202.288603 9.674794 1
82.832820 203.912149 2.805528 1
83.364769 197.835932 5.069787 1
84.914140 180.138130 11.664749 1
84.469327 184.655149 17.383324 1
83.576682 193.719852 28.859294 1
83.576682 193.719852 28.859294 1
98.580773 204.347190 15.136672 1
102.669109 215.594583 19.920474 1
100.468620 210.367549 23.108922 1
94.059396 195.143105 32.395711 1
87.938929 197.826416 29.455761 1
75.656465 203.211249 23.555915 1
75.656465 203.211249 23.555915 1
105.905927 168.254883 7.043250 1
102.107580 151.950105 10.898822 1
97.403910 131.759138 15.673357 1
98.146295 110.474125 14.273657 1
98.764206 92.757939 13.108642 1
87.639770 86.160868 20.407399 1
82.285607 85.165025 25.177661 1
113.901759 171.003982 15.750120 1
118.330886 155.334599 21.226923 1
123.815626 135.930677 28.009033 1
135.616560 117.924831 27.266907 1
145.240799 103.240185 26.661665 1
142.070240 94.265926 38.061512 1
138.421760 91.284809 43.558461 1
109.390500 170.221300 12.165570 1
106.801593 176.562323 12.507282 1
103.608511 185.505314 12.435578 1
100.187336 193.936498 12.499990 1
89.366658 214.595695 14.259724 1
84.404187 219.534243 15.154303 1
80.529905 237.101345 15.066443 1
93.792687 201.898910 9.811356 1
82.965023 202.886653 2.891155 1
83.653754 196.767860 4.992645 1
85.659779 178.946046 11.113520 1
84.570471 182.891061 17.159485 1
82.384462 190.807872 29.292456 1
82.384462 190.807872 29.292456 1
98.739472 204.025494 15.263349 1
102.482910 215.500103 19.782544 1
100.052617 210.539318 23.219771 1
92.974060 196.090358 33.231158 1
86.490788 198.277448 30.684119 1
73.480254 202.666471 25.572760 1
73.480254 202.666471 25.572760 1
106.380088 168.001950 7.170905 1
102.414194 151.770956 11.166549 1
97.503043 131.671359 16.114541 1
98.224278 110.392981 14.607050 1
98.824586 92.682318 13.352316 1
87.707522 86.071769 20.650110 1
82.364021 85.063717 25.429753 1
114.405598 170.811917 15.830913 1
118.587947 155.202615 21.661843 1
123.767092 135.873092 28.882479 1
135.684376 117.951183 27.984249 1
145.403503 103.334991 27.251697 1
142.400169 94.339578 38.680117 1
138.824593 91.335835 44.212540 1
109.893200 169.962600 12.278730 1
107.301221 176.300894 12.646779 1
104.089756 185.237503 12.607996 1
100.639264 193.656364 12.709608 1
89.727689 214.257402 14.586027 1
84.709608 219.173091 15.271966 1
81.178632 236.810465 14.996172 1
94.182655 201.589720 10.083896 1
83.368935 201.904198 3.079063 1
84.153246 195.692690 4.848885 1
86.437657 177.600833 10.003733 1
84.861790 180.822660 16.362971 1
81.699361 187.288186 29.124614 1
81.699361 187.288186 29.124614 1
99.162121 203.733913 15.499119 1
102.448473 215.502418 19.598543 1
99.803103 210.880708 23.336465 1
92.098106 197.419352 34.223668 1
85.225972 198.839309 32.208454 1
71.435076 201.688861 28.164355 1
71.435076 201.688861 28.164355 1
106.826547 167.736418 7.321460 1
102.676465 151.580639 11.433185 1
97.537224 131.574185 16.524925 1
98.267644 110.305448 14.891097 1
98.875596 92.602809 13.531209 1
87.803685 85.950707 20.859823 1
82.488846 84.915965 25.665648 1
114.950566 170.561435 15.884173 1
118.978597 155.030637 22.025132 1
123.966645 135.798329 29.629689 1
135.937184 117.926415 28.478961 1
145.699743 103.350997 27.540484 1
142.970971 94.352132 39.034851 1
139.523547 91.338504 44.642724 1
110.479700 169.650900 12.396960 1
107.920312 175.999184 12.817200 1
104.739499 184.946796 12.843172 1
101.312783 193.374310 13.010722 1
90.466229 213.991164 15.080448 1
85.385766 218.872913 15.496458 1
82.224780 236.576039 15.018614 1
94.831236 201.322534 10.493663 1
84.046085 201.139161 3.440294 1
84.875721 194.808018 4.688725 1
87.292149 176.367707 8.324947 1
85.301378 178.815389 14.908951 1
81.306325 183.727370 28.121654 1
81.306325 183.727370 28.121654 1
99.895085 203.450249 15.836653 1
102.660835 215.493949 19.497669 1
99.803457 211.260081 23.527558 1
91.480958 198.928369 35.265154 1
84.306463 199.458235 34.020386 1
69.908792 200.521567 31.522405 1
69.908792 200.521567 31.522405 1
107.310365 167.439462 7.498018 1
102.982082 151.359435 11.721449 1
97.622167 131.446788 16.951520 1
98.359102 110.188321 15.191822 1
98.972476 92.494229 13.727168 1
87.997768 85.777904 21.142895 1
82.740695 84.704534 26.003474 1
115.607174 170.227857 15.905650 1
119.565917 154.806098 22.358541 1
124.468163 135.708816 30.349373 1
136.413524 117.858043 28.711827 1
146.155549 103.299866 27.376327 1
143.855640 94.300382 38.963646 1
140.618574 91.285958 44.695101 1
111.091100 169.305700 12.539170 1
108.591965 175.674417 13.009857 1
105.481263 184.646276 13.095201 1
102.126961 193.101249 13.330864 1
91.501789 213.809368 15.625576 1
86.346128 218.626776 15.791034 1
83.578699 236.387237 15.064268 1
95.659386 201.103018 10.951270 1
84.906506 200.576810 3.865948 1
85.735932 194.155164 4.502148 1
88.151748 175.451248 6.355168 1
85.747398 177.096068 13.049726 1
80.922379 180.396874 26.484286 1
80.922379 180.396874 26.484286 1
100.855813 203.189635 16.181993 1
103.138291 215.436693 19.483962 1
100.083067 211.650327 23.803602 1
91.184312 200.622024 36.385136 1
83.888296 200.371355 36.290881 1
69.246755 199.868322 36.101734 1
69.246755 199.868322 36.101734 1
107.769097 167.102979 7.738432 1
103.290999 151.105095 12.114844 1
97.745563 131.294168 17.534360 1
98.504566 110.053415 15.580801 1
99.136310 92.374068 13.954791 1
88.336436 85.532198 21.511100 1
83.179639 84.384827 26.461367 1
116.319197 169.854862 15.900747 1
120.417201 154.547834 22.537264 1
125.491899 135.592628 30.755485 1
137.084064 117.567778 28.576076 1
146.538040 102.867634 26.798659 1
144.678551 93.963448 38.537654 1
141.684516 91.029143 44.440241 1
111.852200 168.848300 12.733710 1
109.444141 175.247920 13.257059 1
106.440514 184.255620 13.389647 1
103.193762 192.751305 13.664200 1
92.892147 213.608428 16.081496 1
87.664586 218.350603 16.086231 1
85.307628 236.159670 15.136130 1
96.746278 200.805560 11.410488 1
85.986146 200.233334 4.339757 1
86.759553 193.773400 4.303270 1
89.012205 174.957966 4.196994 1
86.227815 175.890824 10.881333 1
80.640134 177.762872 24.295384 1
80.640134 177.762872 24.295384 1
102.134335 202.883030 16.447375 1
103.971767 215.245265 19.594137 1
100.794338 211.949972 24.217473 1
91.539646 202.351986 37.683565 1
84.406666 201.606954 39.050717 1
70.092306 200.111839 41.794299 1
70.092306 200.111839 41.794299 1
108.326449 166.654612 8.076288 1
103.648757 150.784175 12.700905 1
97.856152 131.131073 18.427785 1
98.669000 109.925958 16.137708 1
99.345560 92.276273 14.231604 1
88.791440 85.264642 21.977172 1
83.777171 84.016599 27.048036 1
117.209582 169.358035 15.891779 1
121.585985 154.083978 22.425719 1
127.005435 135.169601 30.516917 1
137.920375 116.726341 28.341247 1
146.822041 101.684962 26.566880 1
145.153265 93.120061 38.583698 1
142.306383 90.421920 44.668944 1
112.548000 168.253100 12.976020 1
110.271310 174.693557 13.580152 1
107.435928 183.753996 13.797094 1
104.369348 192.313907 14.139809 1
94.610152 213.408909 16.736950 1
89.283506 218.036032 16.557448 1
87.353652 235.884364 15.402665 1
98.025643 200.491343 12.040465 1
87.253396 199.971101 4.984180 1
87.808846 193.527529 4.275581 1
89.426671 174.759757 2.211692 1
86.295908 175.205425 8.792204 1
80.013132 176.099787 21.997898 1
80.013132 176.099787 21.997898 1
103.624586 202.486157 16.876769 1
105.031761 214.962903 19.784310 1
101.855620 212.123273 24.701512 1
92.604681 203.852464 39.023528 1
85.949437 202.904238 41.871715 1
72.593789 201.001354 47.587415 1
72.593789 201.001354 47.587415 1
108.801090 166.111316 8.469558 1
103.972538 150.385013 13.420025 1
97.993118 130.910397 19.550419 1
98.843097 109.752791 16.868015 1
99.550562 92.142649 14.635364 1
89.315055 84.930533 22.620729 1
84.488584 83.558435 27.839606 1
118.036015 168.677462 15.914792 1
122.973688 153.438460 22.122390 1
129.088177 134.567491 29.809466 1
138.990954 115.510344 28.141095 1
147.067151 99.968310 26.780455 1
145.541056 92.008544 39.224707 1
142.846544 89.710031 45.539085 1
113.474500 167.587500 13.364910 1
111.374796 174.086992 13.977792 1
108.758786 183.213435 14.184058 1
105.916921 191.850507 14.527905 1
96.816046 213.228088 17.203583 1
91.405362 217.752170 16.933718 1
89.884795 235.627909 15.604571 1
99.699358 200.158897 12.570137 1
88.871467 199.864474 5.586355 1
89.054512 193.493990 4.277281 1
89.587657 174.939093 0.464425 1
85.888537 175.305248 6.748203 1
78.465188 176.040043 19.358417 1
78.465188 176.040043 19.358417 1
105.547927 202.077505 17.134177 1
106.632571 214.639873 19.801305 1
103.664336 212.247190 25.073392 1
95.018951 205.278178 40.429058 1
89.184696 204.332577 44.715185 1
77.476597 202.434960 53.316522 1
77.476597 202.434960 53.316522 1
109.444872 165.458896 9.102760 1
104.463143 149.858076 14.292696 1
98.294035 130.538852 20.719636 1
99.129004 109.454438 17.508349 1
99.823975 91.905216 14.835493 1
89.925934 84.460376 23.029966 1
85.311506 83.068682 28.432226 1
119.120514 167.934409 15.998719 1
124.429303 152.695412 21.892091 1
131.003357 133.824451 29.190051 1
140.420649 114.507692 27.706568 1
148.100910 98.753932 26.496714 1
147.011918 91.271156 39.278280 1
144.577234 89.255522 45.791686 1
114.626200 166.869800 13.752920 1
112.726504 173.424879 14.423651 1
110.348280 182.615293 14.665190 1
107.730927 191.323061 15.008221 1
99.257170 212.961512 17.646229 1
93.825384 217.458434 17.347843 1
92.717921 235.347536 15.806937 1
101.615571 199.733690 13.168645 1
90.626323 199.914237 6.437600 1
90.251374 193.680818 4.611636 1
89.159283 175.525141 -0.706732 1
84.938357 176.158409 5.216626 1
76.467852 177.429245 17.103554 1
76.467852 177.429245 17.103554 1
107.720545 201.608170 17.403369 1
108.731987 214.203592 19.940189 1
106.217607 212.273408 25.621961 1
98.894136 206.651486 42.170890 1
94.152414 205.887610 47.669630 1
84.636794 204.354678 58.704422 1
84.636794 204.354678 58.704422 1
110.310968 164.811185 9.743475 1
105.121021 149.381516 15.232413 1
98.694067 130.274238 22.029620 1
99.526680 109.301831 18.153159 1
100.219690 91.845836 14.926657 1
90.640728 84.272867 23.378868 1
86.247659 82.963428 28.982482 1
120.418648 167.093912 16.062051 1
125.956263 151.861767 21.759303 1
132.813680 132.999290 28.814400 1
141.567351 113.350686 27.661629 1
148.706396 97.326289 26.721486 1
148.098035 90.375463 39.831108 1
145.962949 88.686182 46.539510 1
115.947400 166.294300 14.397211 1
114.287651 172.913788 15.072036 1
112.203471 182.175754 15.296076 1
109.867682 190.963709 15.626780 1
102.190377 212.892821 18.302453 1
96.686896 217.293255 17.898071 1
95.973135 235.167363 15.993445 1
103.901888 199.518310 13.968948 1
92.777896 199.569056 7.460695 1
91.528750 193.613142 5.159181 1
87.890441 176.265737 -1.544291 1
83.332397 177.571140 4.007609 1
74.185371 180.190807 15.149098 1
74.185371 180.190807 15.149098 1
110.293538 201.287661 17.807371 1
111.264371 213.953454 19.984133 1
109.449082 212.409940 26.038267 1
104.161806 207.914247 43.671751 1
100.765342 207.329007 50.107985 1
93.949368 206.154558 63.024125 1
93.949368 206.154558 63.024125 1
111.350362 164.315084 10.670990 1
106.105179 148.980343 16.369448 1
99.609824 129.990617 23.426113 1
100.215894 109.178830 18.728852 1
100.720346 91.856524 14.819173 1
91.405852 84.389068 23.652267 1
87.260484 83.109463 29.448188 1
121.866252 166.370709 16.371071 1
127.453967 151.112860 21.949386 1
134.373424 132.218554 28.857200 1
142.442811 112.279100 27.705487 1
149.023790 96.017501 26.766206 1
149.092553 89.362718 40.042328 1
147.360417 87.876890 46.913059 1
117.707000 165.831300 15.091827 1
116.276146 172.501475 15.791259 1
114.486945 181.824459 16.033599 1
112.492099 190.694277 16.408257 1
105.945679 212.955760 19.333478 1
100.233764 217.042313 18.633655 1
99.782910 234.869160 16.262772 1
106.765336 199.468477 15.089963 1
95.446906 199.406013 8.926168 1
93.203059 193.864539 6.359563 1
86.667552 177.724245 -1.116020 1
81.956458 179.951736 3.997424 1
72.502291 184.421838 14.259024 1
72.502291 184.421838 14.259024 1
113.507264 201.017985 18.385826 1
113.991780 213.820107 19.790834 1
113.121782 212.479455 26.097656 1
110.587795 208.574624 44.467128 1
108.469424 208.290024 51.448180 1
104.218307 207.718895 65.457653 1
104.218307 207.718895 65.457653 1
112.801489 163.933744 11.734743 1
107.398871 148.665939 17.465755 1
100.708557 129.759103 24.562734 1
101.016204 109.099783 19.209241 1
101.272269 91.904380 14.753359 1
92.242533 84.494866 23.924468 1
88.339828 83.223317 29.888210 1
123.753180 165.769437 16.632820 1
129.157664 150.508493 22.380620 1
135.850222 131.610352 29.498312 1
142.986519 111.348015 27.906376 1
148.806517 94.823090 26.608073 1
149.756986 88.233839 39.883036 1
148.565244 86.850146 46.888753 1
119.724900 165.597200 15.880505 1
118.536267 172.312387 16.602446 1
117.032078 181.685541 16.846160 1
115.333071 190.617089 17.212580 1
109.722550 213.131058 20.150171 1
103.979662 217.168654 19.420303 1
103.677831 234.919537 16.515845 1
109.791492 199.543995 16.153543 1
98.258612 199.936695 10.414068 1
95.125572 194.889180 7.761353 1
86.000169 180.187609 0.034961 1
81.585928 183.604891 4.740287 1
72.727483 190.462653 14.182881 1
72.727483 190.462653 14.182881 1
116.816720 200.939361 18.876851 1
117.350040 213.797244 19.579375 1
117.587871 212.592737 25.968651 1
118.280588 209.084450 44.578282 1
118.022256 208.462421 51.848077 1
117.503838 207.214145 66.436997 1
117.503838 207.214145 66.436997 1
114.517080 163.801187 12.950025 1
109.103438 148.519073 18.632291 1
102.399472 129.594520 25.668907 1
102.100645 109.137346 19.588050 1
101.851923 92.110197 14.526759 1
93.205721 84.762663 24.108158 1
89.633599 83.493654 30.276117 1
125.870963 165.382349 16.936216 1
131.088935 150.156924 22.944650 1
137.550527 131.302768 30.385095 1
143.701671 110.747658 28.468284 1
148.718229 93.983962 26.905029 1
150.563447 87.479813 40.127641 1
149.933981 86.207392 47.226911 1
121.866900 165.503900 16.917870 1
120.935132 172.263463 17.601904 1
119.728790 181.681360 17.763016 1
118.357660 190.672253 18.041027 1
113.848136 213.456547 20.784439 1
108.021125 217.403402 20.251596 1
107.909024 235.043052 16.722996 1
113.058484 199.770437 17.227346 1
101.240763 200.677648 12.165572 1
97.233645 196.225492 9.625580 1
85.562374 183.257984 2.227508 1
81.608545 187.625576 6.539679 1
73.674049 196.390406 15.193293 1
73.674049 196.390406 15.193293 1
120.355382 200.973051 19.233903 1
120.903835 213.849457 19.256392 1
122.529960 212.559982 25.422690 1
127.266267 208.804212 43.382864 1
128.566794 208.230321 50.544069 1
131.176674 207.078650 64.915071 1
131.176674 207.078650 64.915071 1
116.350264 163.801570 14.550684 1
111.020532 148.394022 19.967332 1
104.420477 129.314136 26.675019 1
103.355511 109.104250 19.893542 1
102.469107 92.282926 14.249104 1
94.351457 84.940501 24.285976 1
91.198078 83.653531 30.674566 1
128.078962 165.132689 17.373134 1
133.254312 150.073499 23.821285 1
139.663125 131.425199 31.806246 1
145.004802 110.673943 29.598274 1
149.361200 93.750280 27.797563 1
152.373281 87.330629 40.846000 1
152.439240 86.148171 47.988294 1
124.103500 165.590400 18.081580 1
123.443028 172.388031 18.701067 1
122.543136 181.841433 18.738372 1
121.507067 190.880445 18.865937 1
118.144542 213.908602 21.186190 1
112.300957 217.857366 20.911566 1
112.230708 235.387383 16.872458 1
116.482893 200.149741 18.267502 1
104.407670 201.641210 14.016899 1
99.558146 197.866167 11.881153 1
85.433250 186.870843 5.660504 1
82.377464 192.224389 9.572683 1
76.245148 202.967821 17.423599 1
76.245148 202.967821 17.423599 1
123.992105 201.128219 19.438651 1
124.623786 213.983831 18.777327 1
127.552327 212.466241 24.385430 1
136.082097 208.046055 40.719788 1
138.900762 207.270324 47.409851 1
144.557220 205.713603 60.835373 1
144.557220 205.713603 60.835373 1
118.317902 164.010362 16.359633 1
113.171920 148.421102 21.422487 1
106.799411 129.116194 27.692057 1
104.510877 109.303473 20.090691 1
102.606058 92.812721 13.763834 1
95.200340 85.240529 24.173613 1
92.610926 83.849196 30.789752 1
130.315407 165.037709 17.877817 1
135.570767 150.178496 24.713538 1
142.078658 131.777833 33.178439 1
146.622877 110.857715 30.786366 1
150.328909 93.796337 28.835512 1
154.525791 87.495494 41.611733 1
155.305357 86.417746 48.728310 1
126.261300 165.624700 19.087200 1
125.848834 172.441630 19.709394 1
125.201225 181.915707 19.687853 1
124.393835 190.978837 19.652667 1
121.788844 214.162084 21.307131 1
116.129477 218.379145 21.367219 1
116.090549 235.792480 16.851129 1
119.521606 200.338155 19.222736 1
107.340558 202.721801 15.752370 1
101.745385 199.740785 14.290238 1
85.448688 191.058173 10.031579 1
83.445324 197.215148 13.405244 1
79.424998 209.570894 20.175477 1
79.424998 209.570894 20.175477 1
127.134327 201.175767 19.472067 1
128.290037 213.950568 18.218310 1
132.595144 211.953758 22.669045 1
145.134352 206.137777 35.632414 1
149.054769 204.924628 41.670806 1
156.922207 202.490102 53.788563 1
156.922207 202.490102 53.788563 1
120.294065 164.195594 17.953827 1
115.359463 148.428568 22.664376 1
109.248716 128.903525 28.497668 1
105.231217 109.656652 20.192269 1
101.887327 93.636874 13.279423 1
95.246414 85.554634 23.820861 1
93.315556 83.961337 30.614046 1
132.406012 164.898584 18.280946 1
137.779235 150.175317 25.316284 1
144.433080 131.943001 34.028378 1
148.165163 110.883955 31.457105 1
151.208859 93.709276 29.360105 1
156.375446 87.455211 41.799531 1
157.762323 86.443070 48.832814 1
128.574800 165.844400 20.422230 1
128.393834 172.677997 20.967194 1
127.966724 182.163266 20.808287 1
127.393779 191.241323 20.575774 1
125.679189 214.545865 21.547707 1
120.287119 219.090493 21.843656 1
120.087958 236.355815 16.794914 1
122.772920 200.734727 20.367821 1
110.570694 204.025579 17.842135 1
104.424015 201.990739 17.203379 1
86.520981 196.063989 15.342916 1
85.514353 202.804511 17.961217 1
83.494263 216.331310 23.215594 1
83.494263 216.331310 23.215594 1
130.374871 201.325743 19.607343 1
131.944472 213.938004 17.469510 1
136.977355 211.351762 20.680692 1
151.636306 203.818981 30.033695 1
156.635860 202.066162 35.057205 1
166.668894 198.548632 45.138313 1
166.668894 198.548632 45.138313 1
122.481690 164.540774 20.091556 1
117.633268 148.522772 23.971643 1
111.629241 128.686933 28.776536 1
105.285558 110.190812 20.220062 1
100.005512 94.795908 13.098238 1
94.272579 85.893461 23.511028 1
93.210787 84.014335 30.421574 1
134.547121 164.959588 18.846393 1
139.975014 150.275842 25.922246 1
146.696558 132.092467 34.684511 1
149.606393 110.901740 32.133190 1
151.979504 93.619667 30.052462 1
158.198511 87.387339 42.011906 1
160.252903 86.427626 48.887467 1
130.666600 165.908700 21.583070 1
130.766964 172.745281 22.111153 1
130.593574 182.237195 21.884224 1
130.243069 191.319566 21.458640 1
129.316338 214.688723 21.558014 1
124.413350 219.712570 22.291034 1
123.937477 236.803567 16.697095 1
125.898340 200.944623 21.502500 1
113.889267 205.419585 20.138683 1
107.475632 204.378651 20.473340 1
88.795054 201.346791 21.448075 1
88.697242 208.487960 22.963849 1
88.500955 222.818773 26.005687 1
88.500955 222.818773 26.005687 1
133.305024 201.246597 19.561591 1
135.678950 213.500960 16.352511 1
140.972084 210.155258 18.118655 1
156.389051 200.410450 23.262788 1
161.664853 198.046691 27.721728 1
172.252256 193.303137 36.669862 1
172.252256 193.303137 36.669862 1
124.555048 164.786324 22.152263 1
119.632297 148.561583 24.920465 1
113.536225 128.469729 28.348459 1
105.017385 110.746218 20.049748 1
97.926887 95.994382 13.142469 1
93.384324 86.420995 23.547354 1
93.339523 84.127245 30.414003 1
136.316339 164.844995 19.157425 1
141.832012 150.239873 26.327491 1
148.662256 132.153859 35.206424 1
150.910046 110.883087 32.652018 1
152.743227 93.535734 30.568774 1
160.024614 87.383688 41.956486 1
162.737502 86.495092 48.609723 1
132.350200 165.775600 22.701520 1
132.770052 172.604968 23.161124 1
132.910256 182.094428 22.831736 1
132.864913 191.171952 22.207276 1
133.017664 214.546468 21.436033 1
128.705676 220.018003 22.569481 1
128.095125 236.943174 16.504281 1
129.026488 201.003816 22.555475 1
117.314799 206.381822 22.683982 1
111.000089 206.372498 24.250697 1
92.607641 206.345341 28.813964 1
93.511470 213.571583 29.331603 1
95.325267 228.073120 30.370395 1
95.325267 228.073120 30.370395 1
136.003898 200.853824 19.391532 1
138.790321 212.473891 14.563176 1
143.815373 208.342661 14.453449 1
158.451517 196.309896 14.133852 1
164.449673 192.538483 15.895146 1
176.486685 184.970069 19.429684 1
176.486685 184.970069 19.429684 1
126.373642 164.869520 24.248952 1
121.208072 148.553597 25.747677 1
114.811305 128.348827 27.603617 1
104.822015 111.100416 19.970239 1
96.507614 96.744021 13.616736 1
93.573929 86.550226 24.010305 1
94.633961 83.891713 30.660328 1
137.498280 164.511253 19.410096 1
143.246168 150.049825 26.688212 1
150.363972 132.141751 35.700945 1
152.116649 110.825277 33.139826 1
153.546041 93.440651 31.051107 1
161.967268 87.465055 41.724506 1
165.366256 86.688738 48.069515 1
133.676900 165.568800 23.728320 1
134.366446 172.382730 24.078561 1
134.751596 181.860251 23.624413 1
134.948611 190.919096 22.792573 1
136.039031 214.219294 21.090246 1
132.895516 220.402740 22.393690 1
132.210620 237.283065 16.212562 1
131.717375 200.948263 23.496297 1
120.628021 207.305557 25.143769 1
115.057975 208.339126 28.343234 1
98.834463 211.349535 37.662106 1
100.601621 218.417047 37.181623 1
104.147933 232.600046 36.217396 1
104.147933 232.600046 36.217396 1
137.921685 200.332444 19.041572 1
141.142173 210.890023 12.388068 1
146.117857 206.746533 11.752210 1
160.610207 194.678058 9.900185 1
166.124311 189.973540 9.025117 1
177.189937 180.532585 7.269041 1
177.189937 180.532585 7.269041 1
128.041791 164.834578 26.305379 1
122.500556 148.576815 26.649620 1
115.638586 128.444068 27.075910 1
104.682999 111.402038 20.359779 1
95.564319 97.217421 14.769731 1
94.582977 86.344991 24.838171 1
96.816639 83.341931 31.035473 1
138.128135 164.159102 19.588992 1
144.217353 149.839053 26.869083 1
151.757836 132.106054 35.884261 1
153.117861 110.758043 33.347318 1
154.227026 93.347699 31.278316 1
163.798428 87.604983 41.074016 1
167.884033 86.966201 47.016634 1
134.668100 165.382100 24.889410 1
135.598441 172.172682 25.113563 1
136.236962 181.630392 24.546099 1
136.753112 190.658125 23.532655 1
139.124066 213.778978 20.926718 1
137.674206 220.603543 21.993890 1
136.942313 237.542475 15.980758 1
134.471164 200.914336 24.592445 1
124.553281 208.247632 28.328952 1
120.621513 210.369845 33.058398 1
109.169708 216.551077 46.833550 1
110.918098 223.468276 45.284701 1
114.426747 237.349627 42.176489 1
114.426747 237.349627 42.176489 1
139.530323 199.760055 18.954199 1
143.118107 208.880697 10.584921 1
146.423699 203.776292 8.272270 1
156.051685 188.909021 1.536363 1
160.704490 183.634328 -0.421338 1
170.041674 173.049153 -4.350026 1
170.041674 173.049153 -4.350026 1
129.578327 164.785867 28.449395 1
123.561757 148.708172 27.780600 1
116.111158 128.798413 26.952400 1
104.472296 111.927652 20.996196 1
94.784904 97.885587 16.038658 1
95.789491 86.186415 25.130766 1
99.112211 82.699812 30.536069 1
138.250365 163.876427 20.007290 1
144.891111 149.749132 27.181000 1
153.114570 132.254826 36.064445 1
154.129729 110.887688 33.527090 1
154.957639 93.461745 31.457753 1
165.677284 87.948253 40.131673 1
170.455157 87.441758 45.547419 1
134.744700 164.626900 25.144860 1
136.387471 171.273842 25.528589 1
137.825641 180.655432 25.219668 1
138.911902 189.642782 24.302592 1
142.413350 212.574313 21.324186 1
142.282616 219.603686 20.702514 1
141.934686 236.752691 15.279286 1
137.575428 200.018562 25.743881 1
129.935541 209.263959 30.461706 1
128.292667 212.396072 35.922574 1
123.507574 221.518775 51.828091 1
123.711706 228.436335 49.502338 1
124.121358 242.318413 44.835044 1
124.121358 242.318413 44.835044 1
141.484313 198.586148 19.310679 1
144.555860 205.171714 8.666477 1
146.387603 199.884010 5.347569 1
151.722802 184.482856 -4.319199 1
154.561258 178.316520 -7.006772 1
160.257430 165.942009 -12.400159 1
160.257430 165.942009 -12.400159 1
130.292510 164.274225 29.502428 1
124.158656 148.246513 28.710628 1
116.562819 128.398650 27.730105 1
104.270705 111.867165 22.146556 1
94.039590 98.107492 17.499192 1
97.034264 85.740758 25.157003 1
101.313014 81.835796 29.499553 1
137.281943 163.115696 19.648185 1
144.890689 149.380958 26.619989 1
154.312855 132.372769 35.253406 1
155.106061 110.962971 33.014065 1
155.752958 93.502235 31.187772 1
167.535844 88.108019 38.441207 1
172.989867 87.676285 43.182742 1
134.326200 163.687300 25.970500 1
136.553829 170.167479 26.240192 1
138.725521 179.402844 25.828135 1
140.423693 188.279465 24.772082 1
145.334983 210.856234 21.145116 1
146.346065 217.560600 19.184290 1
146.359018 234.833206 14.156592 1
140.141016 198.726260 26.290260 1
136.195039 209.677117 31.822991 1
137.133727 213.568761 36.951755 1
139.867781 224.903701 51.889974 1
137.807720 231.547604 49.672287 1
133.673615 244.880510 45.221858 1
133.673615 244.880510 45.221858 1
143.010107 196.995054 19.399068 1
144.352974 201.599461 7.436658 1
144.301701 196.116487 3.934570 1
144.152363 180.146584 -6.265733 1
146.729617 173.957814 -9.157178 1
151.901616 161.538281 -14.959691 1
151.901616 161.538281 -14.959691 1
130.348747 163.622144 30.777827 1
123.867425 147.757276 29.579045 1
115.841303 128.111069 28.094537 1
103.256036 111.662480 22.935367 1
92.780921 97.971802 18.641226 1
96.993826 85.234022 25.008850 1
102.166339 81.763584 28.698747 1
136.128464 162.074767 20.218426 1
144.953351 148.776235 26.575508 1
155.881506 132.308215 34.447695 1
156.299963 110.864860 32.440023 1
156.641234 93.376758 30.802668 1
169.235390 87.971692 36.522701 1
175.259897 87.551324 40.515635 1
134.684900 162.653900 26.665300 1
137.139675 169.053082 26.894058 1
139.688843 178.192051 26.495330 1
141.910226 186.954756 25.459033 1
148.602231 209.048496 21.708051 1
149.402490 214.910255 17.859023 1
149.592532 232.432876 13.791782 1
142.826968 197.332945 27.183293 1
142.269549 209.797756 30.411435 1
146.048646 213.585604 34.112905 1
157.055777 224.618224 44.893937 1
158.368338 231.799554 44.798447 1
161.002369 246.210962 44.606819 1
161.002369 246.210962 44.606819 1
144.744399 195.530359 19.986667 1
143.758445 198.659074 7.523034 1
142.353719 193.203660 4.267967 1
138.262265 177.314031 -5.212854 1
139.274805 170.900438 -8.551143 1
141.306754 158.029736 -15.250377 1
141.306754 158.029736 -15.250377 1
131.107509 162.595493 31.777407 1
124.038412 147.006151 30.314893 1
115.284420 127.701142 28.503793 1
102.508924 111.207142 23.998603 1
91.875475 97.478668 20.248791 1
96.731047 84.565485 25.746008 1
102.623100 81.901694 29.002093 1
135.963904 161.126677 20.752051 1
145.538926 148.211460 26.806654 1
157.395997 132.218111 34.304270 1
157.446248 110.759907 32.415825 1
157.487228 93.259693 30.875705 1
170.406083 87.755205 35.707896 1
176.699930 87.295670 39.256309 1
135.250900 161.608800 27.184800 1
137.812876 167.960951 27.522802 1
140.562950 177.047395 27.295584 1
143.104809 185.731068 26.333182 1
150.927478 207.412160 22.368050 1
151.742848 212.942095 18.058684 1
152.217020 230.552641 14.416617 1
144.883838 195.981237 28.146847 1
146.161585 208.800359 28.521808 1
151.133660 212.297641 30.840804 1
165.615499 222.483948 37.595194 1
170.510195 227.591348 39.400699 1
180.332814 237.840817 43.023966 1
180.332814 237.840817 43.023966 1
146.011435 194.225942 20.773602 1
143.359628 197.278326 8.536201 1
140.383583 191.978277 6.216095 1
131.715452 176.541168 -0.541525 1
131.058911 169.861092 -3.413654 1
129.741375 156.455616 -9.177405 1
129.741375 156.455616 -9.177405 1
132.036034 161.363955 32.527034 1
124.499517 145.996888 31.046216 1
115.166697 126.967132 29.212451 1
102.168191 110.523412 25.186910 1
91.349124 96.836787 21.836324 1
96.580733 83.803313 26.663856 1
103.021418 82.168390 29.537665 1
136.093470 160.333665 21.135099 1
146.114176 147.719789 27.103153 1
158.523153 132.099601 34.493592 1
158.154554 110.650363 32.539721 1
157.853941 93.157462 30.946243 1
170.858464 87.460923 35.302629 1
177.268041 86.904725 38.622702 1
135.456500 160.999400 27.978900 1
138.136373 167.306926 28.226227 1
141.057981 176.338067 27.942114 1
143.799017 184.961702 26.986561 1
152.231824 206.429225 23.111077 1
153.689522 211.470895 18.391721 1
154.852521 229.110718 15.059318 1
146.017477 195.104231 28.917321 1
149.135993 207.589887 28.219909 1
155.061416 210.135435 29.080022 1
172.320012 217.549687 31.585217 1
178.068601 221.887579 32.785158 1
189.604803 230.592806 35.193183 1
189.604803 230.592806 35.193183 1
146.783986 193.459159 21.472626 1
143.802561 196.503975 9.309431 1
139.714360 191.559987 8.225993 1
127.806922 177.159951 5.070334 1
124.807668 170.711229 3.420474 1
118.788807 157.770029 0.109556 1
118.788807 157.770029 0.109556 1
132.479518 160.783258 33.458465 1
124.795425 145.493473 31.936672 1
115.279855 126.559420 30.052165 1
102.152501 110.143594 26.343347 1
91.226189 96.480187 23.256381 1
96.646835 83.314870 27.479801 1
103.369642 82.242051 29.942947 1
136.007018 159.738038 21.892796 1
146.539913 147.333775 27.400471 1
159.583150 131.973158 34.220809 1
158.828185 110.548489 32.114419 1
158.212473 93.075626 30.396554 1
171.363462 87.218772 34.042785 1
177.929316 86.575829 37.024580 1
135.365200 160.357500 28.820100 1
138.131068 166.631871 28.920247 1
141.212570 175.605646 28.528206 1
144.212062 184.140358 27.550871 1
153.577299 205.222048 23.698490 1
155.243114 209.865372 18.650693 1
156.733752 227.531770 15.601563 1
147.091924 194.093988 29.588503 1
151.422346 206.189223 28.560954 1
157.841299 207.241318 28.703707 1
176.537370 210.305684 29.119496 1
183.523302 212.411109 29.379081 1
197.542587 216.636248 29.900014 1
197.542587 216.636248 29.900014 1
147.339447 192.610994 22.074733 1
144.065466 195.982552 10.074035 1
139.447697 191.399607 10.018635 1
125.997820 178.051159 9.857277 1
121.481494 172.324246 9.527359 1
112.418195 160.831561 8.865281 1
112.418195 160.831561 8.865281 1
132.737308 160.152856 34.475812 1
125.032601 144.882266 32.867946 1
115.491504 125.971982 30.876851 1
102.037358 109.770944 27.402030 1
90.839048 96.286310 24.509826 1
96.454139 82.934258 27.786976 1
103.441015 82.303446 29.575776 1
135.515599 159.115976 22.706936 1
146.648021 146.964620 27.560373 1
160.433672 131.917187 33.570544 1
159.401890 110.479486 31.731064 1
158.560421 92.995994 30.230878 1
171.902820 87.096677 33.010214 1
178.657842 86.444307 35.531921 1
135.541800 159.674500 29.410700 1
138.406830 165.904842 29.457848 1
141.678910 174.810905 29.066007 1
144.979552 183.234806 28.097971 1
155.387230 203.803341 24.148065 1
156.589232 208.299154 18.841605 1
158.519066 225.924755 15.802735 1
148.606217 192.931464 30.181820 1
153.452592 204.745767 28.438834 1
159.936656 204.852304 27.913657 1
178.822370 205.162608 26.384010 1
185.981541 206.551469 26.036498 1
200.348482 209.338618 25.339116 1
200.348482 209.338618 25.339116 1
148.275411 191.649463 22.634349 1
144.463497 195.364690 10.896823 1
139.579586 191.126063 11.612157 1
125.354534 178.780490 13.695665 1
120.292704 173.530239 14.036728 1
110.134697 162.994113 14.721167 1
110.134697 162.994113 14.721167 1
133.329516 159.365937 35.236965 1
125.520299 144.159669 33.526934 1
115.849781 125.329039 31.409324 1
101.973204 109.429706 28.213404 1
90.423291 96.196192 25.553339 1
96.177384 82.686834 27.774580 1
103.342488 82.372649 28.762879 1
135.227237 158.583790 23.275052 1
146.797730 146.709762 27.777635 1
161.125860 132.005753 33.353332 1
159.859223 110.562440 31.739874 1
158.826217 93.074371 30.424020 1
172.278095 87.175816 32.614975 1
179.146221 86.535065 34.813430 1
135.565600 159.169000 29.772600 1
138.589869 165.323554 29.827762 1
142.112751 174.135433 29.484118 1
145.702610 182.445230 28.560198 1
156.934295 202.579016 24.627503 1
157.991556 206.912239 19.157492 1
159.815404 224.542634 16.081202 1
149.877319 191.906316 30.700281 1
155.256427 203.470955 28.848949 1
161.687778 203.196709 27.904089 1
180.419958 202.397929 25.152057 1
187.618706 203.282379 24.315868 1
202.065068 205.057280 22.637814 1
202.065068 205.057280 22.637814 1
149.184341 190.817533 23.147030 1
145.034544 194.865298 11.636256 1
139.982883 191.032351 13.092103 1
125.269238 179.868375 17.332456 1
119.917264 175.077485 18.639103 1
109.176999 165.463199 21.261262 1
109.176999 165.463199 21.261262 1
133.566944 158.800660 35.672132 1
125.706726 143.628595 33.893346 1
115.973052 124.840319 31.690592 1
101.800574 109.149312 28.775937 1
90.004372 96.089193 26.349977 1
95.969709 82.604686 28.118900 1
103.187731 82.377978 28.631668 1
134.992361 158.208124 23.633961 1
146.804103 146.514311 27.979024 1
161.430980 132.033468 33.359659 1
159.957619 110.583684 32.033288 1
158.756019 93.090338 30.951568 1
172.234985 87.168760 32.900581 1
179.151300 86.530477 34.943156 1
135.492200 158.742600 30.056000 1
138.684799 164.810970 30.155923 1
142.463676 173.518846 29.889498 1
146.324958 181.711866 29.018663 1
158.272457 201.433251 25.105810 1
159.171318 205.775995 19.615066 1
161.233105 223.370898 16.486292 1
150.946254 190.954129 31.196853 1
156.309194 202.441134 28.875064 1
162.706457 201.924745 27.807998 1
181.339348 200.420693 24.700027 1
188.537975 201.213554 23.775595 1
202.984094 202.804658 21.920455 1
202.984094 202.804658 21.920455 1
150.002707 190.028205 23.649028 1
145.834171 194.320323 12.233943 1
140.790777 190.728059 14.231457 1
126.101210 180.265102 20.049488 1
120.570077 175.973804 22.121902 1
109.470277 167.362090 26.280790 1
109.470277 167.362090 26.280790 1
133.619459 158.314098 35.992666 1
125.774602 143.150442 34.079442 1
116.059951 124.372580 31.710208 1
101.596863 108.887737 29.141004 1
89.558778 95.999216 27.002575 1
95.803930 82.607070 28.484050 1
103.038586 82.359626 28.596690 1
134.752726 157.916745 23.915486 1
146.684339 146.268322 28.049850 1
161.459655 131.843688 33.169571 1
159.855315 110.380373 32.288944 1
158.546895 92.875992 31.570749 1
172.028561 86.916801 33.381550 1
178.978527 86.278720 35.306581 1
135.472500 158.510500 30.183300 1
138.788412 164.510367 30.367973 1
142.751883 173.138702 30.223943 1
146.800841 181.249487 29.440019 1
159.219629 200.697379 25.626966 1
160.327742 205.017195 20.156415 1
162.556590 222.593103 17.035437 1
151.716550 190.323057 31.681990 1
157.252621 201.688003 29.173398 1
163.628369 201.129196 28.003861 1
182.198598 199.501595 24.597425 1
189.382670 200.312297 23.579926 1
203.799581 201.939203 21.538022 1
203.799581 201.939203 21.538022 1
150.610392 189.550494 24.138991 1
146.494876 193.876938 12.717627 1
141.523243 190.332080 14.964202 1
127.042690 180.007203 21.507654 1
121.536590 175.956245 24.072060 1
110.487027 167.826842 29.218272 1
110.487027 167.826842 29.218272 1
133.680455 157.986610 36.137197 1
125.797738 142.856845 34.114413 1
116.036202 124.120952 31.609505 1
101.391641 108.751544 29.400384 1
89.202511 95.959103 27.561664 1
95.654285 82.644774 28.845997 1
102.888001 82.408555 28.667912 1
134.624719 157.837150 24.038169 1
146.615703 146.192036 28.006760 1
161.464540 131.771498 32.921197 1
159.619948 110.310867 32.672042 1
158.115592 92.808674 32.468844 1
171.572575 86.789837 34.265915 1
178.543407 86.148519 36.112842 1
135.418900 158.294200 30.126400 1
138.850727 164.224924 30.403628 1
142.979988 172.776366 30.396054 1
147.182983 180.818184 29.719724 1
159.955007 200.069581 26.080314 1
161.263683 204.466448 20.716493 1
163.753303 222.018219 17.657416 1
152.329144 189.738891 32.056026 1
157.966779 201.053348 29.545396 1
164.346436 200.513153 28.388495 1
182.928048 198.939760 25.018865 1
190.113492 199.758364 24.017506 1
204.533156 201.401125 22.007990 1
204.533156 201.401125 22.007990 1
151.084171 189.139977 24.518877 1
146.947304 193.538728 13.132901 1
142.042975 189.928192 15.422406 1
127.758453 179.412018 22.090898 1
122.352851 175.262167 24.710400 1
111.504966 166.934309 29.967174 1
111.504966 166.934309 29.967174 1
133.699988 157.663468 36.091490 1
125.803067 142.556086 33.959751 1
116.023940 123.847911 31.319921 1
101.187933 108.609617 29.517325 1
88.839456 95.926306 28.016969 1
95.428326 82.659364 29.075886 1
102.649361 82.434279 28.606688 1
134.473263 157.782156 23.979990 1
146.421460 146.095331 27.955013 1
161.217313 131.623141 32.877415 1
159.206879 110.177595 33.141975 1
157.567271 92.687705 33.357738 1
171.009235 86.669060 35.264505 1
177.983378 86.049807 37.106455 1
135.342800 158.173600 30.145100 1
138.878039 164.038713 30.506094 1
143.156392 172.515798 30.618926 1
147.498295 180.491525 30.045262 1
160.592258 199.563139 26.609006 1
162.032131 204.039728 21.345684 1
164.653986 221.607368 18.495292 1
152.825567 189.278208 32.481380 1
158.572694 200.562501 30.085887 1
164.959742 200.059329 28.953326 1
183.562880 198.593773 25.654588 1
190.747839 199.473091 24.702432 1
205.166529 201.237696 22.791657 1
205.166529 201.237696 22.791657 1
151.510314 188.823536 24.946086 1
147.387471 193.321895 13.593991 1
142.508416 189.614928 15.781105 1
128.297508 178.817886 22.151369 1
122.946688 174.537128 24.670778 1
112.208740 165.946566 29.726689 1
112.208740 165.946566 29.726689 1
133.642304 157.470003 36.107317 1
125.715801 142.399658 33.828302 1
115.900043 123.737346 31.006090 1
100.998819 108.521386 29.595367 1
88.596060 95.856665 28.421178 1
95.304132 82.636821 29.306476 1
102.506914 82.426312 28.606637 1
134.358522 157.783754 23.995792 1
146.273187 146.078996 28.018415 1
161.027517 131.584600 32.999762 1
159.048162 110.136149 33.263233 1
157.433900 92.643891 33.478107 1
170.899489 86.705713 35.468635 1
177.866760 86.129467 37.350125 1
135.281200 158.203700 30.197700 1
138.889868 164.018756 30.634073 1
143.278770 172.437105 30.850752 1
147.731380 180.358163 30.376900 1
161.109058 199.276707 27.196870 1
162.690512 203.861696 22.069246 1
165.417810 221.446319 19.430363 1
153.162556 189.048604 32.926187 1
159.137534 200.279241 30.858445 1
165.532829 199.861478 29.737765 1
184.159991 198.644687 26.473632 1
191.338332 199.594489 25.539440 1
205.743744 201.500541 23.664714 1
205.743744 201.500541 23.664714 1
151.891621 188.678639 25.378663 1
147.933225 193.365919 14.044483 1
143.061125 189.529319 16.012576 1
128.870475 178.354702 21.744912 1
123.562335 173.887426 24.018824 1
112.910034 164.922563 28.582074 1
112.910034 164.922563 28.582074 1
133.534418 157.468250 36.142667 1
125.576919 142.430930 33.756067 1
115.722778 123.809514 30.800627 1
100.888531 108.505480 29.663216 1
88.541518 95.767451 28.716512 1
95.416828 82.632235 29.578182 1
102.614299 82.422941 28.825336 1
134.330479 157.882508 24.039150 1
146.170996 146.088667 28.020298 1
160.833506 131.483955 32.950285 1
158.870290 110.034530 33.252392 1
157.269190 92.541478 33.498775 1
170.743146 86.647228 35.561925 1
177.704040 86.095977 37.474253 1
135.249300 158.281500 30.162700 1
138.900231 164.062007 30.695826 1
143.354229 172.441685 31.043524 1
147.875266 180.330421 30.694923 1
161.437527 199.169387 27.841050 1
163.216811 203.835102 22.852974 1
166.061182 221.431235 20.422653 1
153.345671 188.953388 33.385535 1
159.532442 200.160931 31.896249 1
165.933880 199.859372 30.773352 1
184.578935 198.981041 27.502761 1
191.745145 200.038818 26.591730 1
206.126210 202.161552 24.763485 1
206.126210 202.161552 24.763485 1
152.157813 188.662603 25.821031 1
148.406705 193.482704 14.472069 1
143.514702 189.536085 16.152178 1
129.266084 178.041026 21.045724 1
123.968486 173.393007 22.952278 1
113.337341 164.065432 26.778322 1
113.337341 164.065432 26.778322 1
133.428307 157.504341 36.080029 1
125.578885 142.420036 33.632790 1
115.858579 123.740438 30.602260 1
100.972734 108.470814 29.700997 1
88.582774 95.761427 28.950848 1
95.518043 82.661637 29.869433 1
102.719844 82.456608 29.157968 1
134.366858 158.026517 23.990905 1
146.092384 146.142569 28.043795 1
160.612497 131.426277 33.062624 1
158.696587 109.973395 33.418236 1
157.134068 92.477523 33.708256 1
170.601848 86.636439 35.954788 1
177.541164 86.115832 37.952232 1
135.225700 158.286600 30.036000 1
138.894219 164.045619 30.671178 1
143.378103 172.402607 31.154444 1
147.933677 180.276293 30.941725 1
161.603215 199.091608 28.469108 1
163.640909 203.804971 23.626830 1
166.585429 221.408881 21.378943 1
153.381555 188.861854 33.792877 1
159.752455 200.031646 32.926567 1
166.160996 199.828126 31.822291 1
184.826739 199.235346 28.605936 1
191.984605 200.397278 27.758408 1
206.348926 202.729028 26.057596 1
206.348926 202.729028 26.057596 1
152.328793 188.629716 26.206370 1
148.835056 193.577269 14.830139 1
143.891035 189.577214 16.203626 1
129.490906 177.926512 20.204092 1
124.171229 173.172393 21.754240 1
113.495776 163.631896 24.865051 1
113.495776 163.631896 24.865051 1
133.309808 157.471574 35.918165 1
125.720756 142.255334 33.466430 1
116.322880 123.412355 30.430333 1
101.237741 108.330249 29.701817 1
88.681904 95.776939 29.095450 1
95.528350 82.641671 30.161841 1
102.741944 82.463863 29.573111 1
134.437749 158.084159 23.849489 1
146.071068 146.148840 28.015559 1
160.476997 131.368932 33.174541 1
158.543365 109.918999 33.604378 1
156.966391 92.425532 33.954931 1
170.396104 86.584668 36.419354 1
177.305818 86.067907 38.517858 1
135.134100 158.281100 29.853500 1
138.798032 164.030768 30.591539 1
143.281752 172.378604 31.214354 1
147.847787 180.248777 31.142706 1
161.575417 199.069397 29.063617 1
163.879137 203.854787 24.415115 1
166.858395 221.476278 22.358934 1
153.256631 188.802279 34.159709 1
159.685040 199.961046 33.649227 1
166.110282 199.818450 32.636221 1
184.824668 199.403120 29.685704 1
191.983093 200.654393 28.982354 1
206.348536 203.165431 27.570879 1
206.348536 203.165431 27.570879 1
152.328933 188.638866 26.555109 1
149.082668 193.709878 15.159947 1
144.092486 189.677481 16.240737 1
129.557907 177.932579 19.388685 1
124.180712 173.154311 20.636687 1
113.389834 163.565353 23.141157 1
113.389834 163.565353 23.141157 1
133.132422 157.417230 35.700019 1
125.876361 142.032784 33.290241 1
116.890841 122.981506 30.306099 1
101.557519 108.148512 29.647650 1
88.795110 95.802544 29.099602 1
95.509342 82.615568 30.352195 1
102.735284 82.469284 29.929665 1
134.435748 158.132858 23.654702 1
146.028263 146.196462 27.929992 1
160.383664 131.415219 33.224226 1
158.419642 109.968354 33.669081 1
156.817884 92.477389 34.031882 1
170.214401 86.647577 36.695131 1
177.094468 86.138238 38.890622 1
135.081900 158.225900 29.674700 1
138.725001 163.975819 30.507788 1
143.187584 172.324135 31.262085 1
147.747314 180.198008 31.328651 1
161.500909 199.039301 29.646252 1
164.015114 204.012951 25.315291 1
167.068616 221.627848 23.312208 1
153.105024 188.723335 34.512053 1
159.542815 199.885859 34.275397 1
165.985980 199.806346 33.375646 1
184.752569 199.574751 30.755000 1
191.909478 200.909964 30.207922 1
206.271879 203.589451 29.110053 1
206.271879 203.589451 29.110053 1
152.298490 188.631702 26.892448 1
149.247618 193.944295 15.553504 1
144.223558 189.894830 16.384706 1
129.590304 178.100213 18.805695 1
124.146746 173.336299 19.793812 1
113.222690 163.776148 21.776747 1
113.222690 163.776148 21.776747 1
133.000954 157.313488 35.486063 1
126.045804 141.784277 33.117910 1
117.432918 122.553731 30.185315 1
101.869777 107.961263 29.544523 1
88.916084 95.815494 29.011172 1
95.479407 82.570772 30.441701 1
102.713764 82.456570 30.186360 1
134.469764 158.124434 23.465854 1
146.019210 146.197251 27.881132 1
160.321278 131.427418 33.348718 1
158.311903 109.985150 33.812248 1
156.673158 92.497934 34.190281 1
170.026138 86.666704 37.060983 1
176.873251 86.158468 39.357430 1
135.051900 158.145800 29.474000 1
138.676991 163.892437 30.402797 1
143.120424 172.238034 31.288745 1
147.669854 180.115508 31.492533 1
161.424079 198.987192 30.201397 1
164.075232 204.091165 26.110371 1
167.130815 221.741673 24.453927 1
152.967708 188.615715 34.839104 1
159.409652 199.778150 34.906308 1
165.867664 199.776360 34.116159 1
184.677495 199.771146 31.814745 1
191.827973 201.187675 31.405429 1
206.177469 204.030348 30.584018 1
206.177469 204.030348 30.584018 1
152.277749 188.596451 27.207533 1
149.362480 194.123703 15.935719 1
144.304856 190.079142 16.561989 1
129.573842 178.298811 18.386088 1
124.071998 173.565243 19.177682 1
113.030975 164.065989 20.766240 1
113.030975 164.065989 20.766240 1
132.890492 157.186307 35.248293 1
126.227792 141.520697 32.938371 1
117.977060 122.121241 30.077887 1
102.174875 107.790272 29.387700 1
89.022218 95.862156 28.813236 1
95.397700 82.547357 30.430523 1
102.636710 82.469313 30.361123 1
134.527124 158.092043 23.256565 1
145.984660 146.138551 27.837064 1
160.172912 131.336138 33.509247 1
158.067972 109.910550 34.241859 1
156.351289 92.436938 34.839340 1
169.638230 86.591890 37.976036 1
176.450282 86.087473 40.375294 1
135.004000 158.060600 29.270000 1
138.605474 163.804184 30.303637 1
143.023067 172.147059 31.332869 1
147.564438 180.024103 31.681527 1
161.343382 198.900794 30.788558 1
163.954227 204.152746 26.862218 1
167.146722 221.810713 25.587471 1
152.816678 188.485663 35.193831 1
159.239552 199.654458 35.522222 1
165.710074 199.726649 34.845915 1
184.556342 199.936915 32.876082 1
191.696929 201.434346 32.605604 1
206.026574 204.439371 32.062812 1
206.026574 204.439371 32.062812 1
152.237217 188.547200 27.553299 1
149.496875 194.267115 16.333843 1
144.425225 190.219614 16.809608 1
129.653361 178.430717 18.195338 1
124.098621 173.732922 18.811098 1
112.951447 164.305457 20.046792 1
112.951447 164.305457 20.046792 1
132.764732 157.042307 35.004416 1
126.434294 141.227986 32.774737 1
118.595017 121.644376 30.013621 1
102.543069 107.599103 29.221564 1
89.182526 95.908782 28.562311 1
95.356440 82.523791 30.370916 1
102.594881 82.481639 30.502716 1
134.565308 158.065409 23.045669 1
145.944829 146.068112 27.705438 1
160.036472 131.211454 33.475786 1
157.788598 109.827807 34.783452 1
155.955346 92.388399 35.849918 1
169.169426 86.531106 39.259678 1
175.956652 86.040890 41.731150 1
134.874000 158.047600 29.005100 1
138.458404 163.782703 30.140188 1
142.857396 172.116595 31.311989 1
147.390185 179.990228 31.815135 1
161.177552 198.876750 31.374673 1
163.888879 204.217353 27.640733 1
167.178349 221.880275 26.734421 1
152.581484 188.409732 35.514145 1
158.990914 199.575035 36.112769 1
165.471148 199.700076 35.546048 1
184.345708 200.064275 33.895395 1
191.479997 201.608946 33.756323 1
205.797004 204.708774 33.477233 1
205.797004 204.708774 33.477233 1
152.128715 188.561899 27.866327 1
149.549795 194.483949 16.713676 1
144.466527 190.438204 17.063794 1
129.660823 178.654423 18.083560 1
124.071554 173.979775 18.543253 1
112.855090 164.598761 19.465757 1
112.855090 164.598761 19.465757 1
132.549036 156.981749 34.696609 1
126.565971 141.003906 32.684115 1
119.156862 121.217798 30.191949 1
102.900494 107.428306 29.123093 1
89.369805 95.950879 28.233450 1
95.292795 82.490879 30.305367 1
102.519734 82.470031 30.735584 1
134.528867 158.103857 22.775133 1
145.783159 146.016377 27.505442 1
159.719726 131.048042 33.363141 1
157.417966 109.720263 35.325545 1
155.540768 92.326418 36.925981 1
168.715653 86.560877 40.631003 1
175.480689 86.139111 43.174883 1
134.693500 158.098500 28.790100 1
138.271508 163.825621 29.984140 1
142.663290 172.150446 31.244117 1
147.191392 180.018906 31.858166 1
160.981681 198.908275 31.781550 1
163.822016 204.380026 28.345262 1
167.292043 222.023107 27.796228 1
152.328636 188.405152 35.705233 1
158.723425 199.551903 36.684892 1
165.210922 199.735029 36.227623 1
184.106634 200.268408 34.895764 1
191.233376 201.853623 34.886447 1
205.535236 205.034812 34.867748 1
205.535236 205.034812 34.867748 1
151.984772 188.625155 28.053394 1
149.559824 194.837738 17.024951 1
144.476861 190.783313 17.260248 1
129.672043 178.974251 17.945584 1
124.067480 174.306254 18.265389 1
112.820325 164.938590 18.907164 1
112.820325 164.938590 18.907164 1
132.301734 157.018077 34.451099 1
126.584939 140.924263 32.594736 1
119.505565 120.994543 30.295915 1
103.145480 107.353979 28.937720 1
89.528465 96.000509 27.807251 1
95.289695 82.500076 30.063974 1
102.500899 82.473161 30.705829 1
134.420340 158.174315 22.556770 1
145.526769 146.024637 27.473541 1
159.280233 130.979281 33.562143 1
157.037642 109.686649 35.932348 1
155.208699 92.321467 37.865366 1
168.376287 86.733648 41.857501 1
175.111296 86.416111 44.494498 1
134.549800 158.047200 28.751900 1
138.104584 163.775752 30.006883 1
142.476168 172.098585 31.347671 1
147.007721 179.957128 32.056025 1
160.865341 198.795963 32.281499 1
163.842296 204.308260 29.030658 1
167.459386 221.929024 28.815849 1
152.108816 188.311011 36.019832 1
158.531771 199.426288 37.159750 1
165.026006 199.633595 36.824818 1
183.941345 200.237405 35.849282 1
191.060400 201.851645 35.978583 1
205.346836 205.091080 36.238062 1
205.346836 205.091080 36.238062 1
151.896298 188.558966 28.364074 1
149.693375 194.873786 17.347119 1
144.596464 190.832299 17.481769 1
129.751023 179.060921 17.873957 1
124.125098 174.412205 18.078887 1
112.835073 165.083232 18.490136 1
112.835073 165.083232 18.490136 1
132.064226 156.964325 34.371871 1
126.615678 140.763531 32.643799 1
119.868486 120.701331 30.503846 1
103.391259 107.247599 28.754511 1
89.676744 96.049636 27.298485 1
95.348262 82.553041 29.792894 1
102.533512 82.478459 30.676518 1
134.380874 158.124326 22.514890 1
145.305630 145.896191 27.639780 1
158.834122 130.753677 33.986100 1
156.678873 109.440031 36.245891 1
154.921160 92.057712 38.088861 1
168.041214 86.534508 42.320252 1
174.725151 86.248014 45.087530 1
134.385400 158.033300 28.863400 1
137.926020 163.762506 30.154908 1
142.285609 172.084182 31.541159 1
146.817048 179.937730 32.303581 1
160.706767 198.749564 32.723997 1
163.793662 204.265834 29.584331 1
167.540932 221.860524 29.659503 1
151.860705 188.294750 36.333721 1
158.283154 199.395840 37.606936 1
164.781487 199.600821 37.362201 1
183.708762 200.197855 36.649379 1
190.825695 201.810709 36.876102 1
205.107872 205.047365 37.331084 1
205.107872 205.047365 37.331084 1
151.791107 188.517309 28.674550 1
149.846213 194.813457 17.598494 1
144.732428 190.791169 17.623923 1
129.837836 179.075711 17.697990 1
124.183923 174.457217 17.777677 1
112.837731 165.188890 17.937589 1
112.837731 165.188890 17.937589 1
131.820361 156.965122 34.450380 1
126.556303 140.700152 32.753587 1
120.037574 120.558481 30.652370 1
103.541027 107.185278 28.511476 1
89.810431 96.054340 26.729543 1
95.402371 82.548917 29.352523 1
102.567355 82.464439 30.386949 1
134.304202 158.095979 22.624470 1
145.194835 145.833805 27.740650 1
158.681071 130.649142 34.076187 1
156.512658 109.328112 36.252184 1
154.744210 91.939771 38.026815 1
167.832211 86.393304 42.326489 1
174.497284 86.092792 45.137432 1
134.303200 158.118600 29.072000 1
137.826029 163.849238 30.405134 1
142.164290 172.173973 31.839108 1
146.680264 180.032845 32.637573 1
160.541882 198.863482 33.136385 1
163.846545 204.327485 30.129804 1
167.755169 221.887002 30.212572 1
151.683879 188.401039 36.694353 1
158.099102 199.486381 38.130752 1
164.599740 199.701742 37.970843 1
183.533728 200.329010 37.505087 1
190.648354 201.936175 37.825321 1
204.925902 205.161413 38.467963 1
204.925902 205.161413 38.467963 1
151.668969 188.614917 29.034633 1
149.898919 194.929186 17.939587 1
144.795032 190.895805 17.828119 1
129.929272 179.148037 17.503454 1
124.276917 174.527616 17.424885 1
112.933852 165.255425 17.267212 1
112.933852 165.255425 17.267212 1
131.695815 157.033504 34.636071 1
126.478472 140.753848 32.935836 1
120.017594 120.593991 30.830356 1
103.592543 107.206292 28.271196 1
89.921456 96.063289 26.141126 1
95.409181 82.518947 28.783459 1
102.562076 82.482416 29.901011 1
134.270872 158.196352 22.832795 1
145.118016 145.870736 27.888557 1
158.550399 130.607509 34.149276 1
156.369226 109.284425 36.292138 1
154.590371 91.894409 38.039746 1
167.655599 86.315139 42.366155 1
174.312155 85.996795 45.195262 1
134.359600 158.263500 29.282400 1
137.864438 163.999916 30.637915 1
142.182111 172.330346 32.100668 1
146.686110 180.192049 32.937957 1
160.540073 199.023861 33.583512 1
163.888953 204.469737 30.593013 1
168.060817 221.968288 30.723702 1
151.638951 188.565762 37.045341 1
158.021054 199.668763 38.492839 1
164.523806 199.858128 38.400080 1
183.463951 200.409679 38.129907 1
190.580606 201.991881 38.521424 1
204.862227 205.167024 39.307114 1
204.862227 205.167024 39.307114 1
151.718829 188.769569 29.385748 1
150.083109 195.046190 18.248802 1
144.988199 191.006278 18.022416 1
130.148584 179.239488 17.363035 1
124.514257 174.600754 17.162824 1
113.207371 165.291811 16.761042 1
113.207371 165.291811 16.761042 1
131.693792 157.191272 34.821224 1
126.409576 140.933955 33.113776 1
119.865885 120.801762 30.999363 1
103.608481 107.295374 28.026756 1
90.076932 96.053584 25.552562 1
95.415515 82.459399 28.244017 1
102.550127 82.464658 29.473427 1
134.393667 158.324890 23.043022 1
145.171032 145.941137 28.105941 1
158.517005 130.605918 34.375522 1
156.298414 109.276145 36.410688 1
154.489043 91.880673 38.070466 1
167.514548 86.251107 42.451160 1
174.152664 85.904132 45.319947 1
134.457800 158.489000 29.488200 1
137.944873 164.227019 30.882202 1
142.243226 172.559748 32.388122 1
146.736087 180.423882 33.261635 1
160.579436 199.259947 34.003630 1
164.006480 204.676502 31.048644 1
168.355798 222.130216 31.317196 1
151.644546 188.808898 37.399128 1
158.017212 199.919109 38.832815 1
164.521237 200.083631 38.803814 1
183.465089 200.562825 38.719345 1
190.582543 202.122778 39.179594 1
204.865766 205.253271 40.103216 1
204.865766 205.253271 40.103216 1
151.804037 188.993381 29.740289 1
150.333300 195.238613 18.562761 1
145.252686 191.186528 18.249357 1
130.454712 179.384283 17.336526 1
124.846276 174.718899 17.048052 1
113.591347 165.356476 16.469146 1
113.591347 165.356476 16.469146 1
131.739256 157.410265 35.000062 1
126.353098 141.180020 33.354739 1
119.683168 121.081350 31.317259 1
103.608852 107.471198 27.861509 1
90.229692 96.143041 24.985179 1
95.414622 82.506714 27.762470 1
102.518844 82.464650 29.156178 1
134.552304 158.555436 23.249496 1
145.242349 146.102980 28.329001 1
158.480190 130.682684 34.619121 1
156.232665 109.343451 36.518876 1
154.399696 91.940265 38.068219 1
167.386678 86.275002 42.516744 1
174.002418 85.906262 45.434093 1
134.547000 158.704700 29.714400 1
138.029214 164.447497 31.100852 1
142.322075 172.785247 32.594597 1
146.811458 180.651603 33.465987 1
160.653177 199.487416 34.243891 1
164.182094 204.870537 31.348308 1
168.665587 222.285057 31.851882 1
151.687097 189.053170 37.608706 1
158.069491 200.152536 39.082558 1
164.573740 200.304434 39.126400 1
183.518244 200.746860 39.254096 1
190.633410 202.292092 39.792708 1
204.912042 205.393045 40.873587 1
204.912042 205.393045 40.873587 1
151.911287 189.204688 29.950765 1
150.558393 195.410660 18.736546 1
145.501734 191.335411 18.345653 1
130.773532 179.465697 17.207124 1
125.190924 174.775490 16.832930 1
113.987826 165.363252 16.082000 1
113.987826 165.363252 16.082000 1
131.792885 157.656235 35.214431 1
126.295717 141.459476 33.606695 1
119.488317 121.402275 31.615760 1
103.581336 107.720017 27.700939 1
90.341453 96.331844 24.442510 1
95.387634 82.651339 27.257845 1
102.459771 82.449153 28.793475 1
134.681015 158.738889 23.476160 1
145.316786 146.233551 28.539656 1
158.487418 130.747769 34.809951 1
156.219608 109.402002 36.609553 1
154.370096 91.993488 38.077217 1
167.343106 86.297196 42.526883 1
173.952593 85.909738 45.455960 1
134.648200 158.883700 29.892600 1
138.120914 164.631141 31.283628 1
142.400596 172.974908 32.781590 1
146.876701 180.847724 33.662888 1
160.686429 199.704647 34.495985 1
164.359889 205.026458 31.667618 1
169.113598 222.365622 32.281174 1
151.708806 189.267274 37.820079 1
158.098321 200.362567 39.293738 1
164.601892 200.502734 39.412802 1
183.544419 200.910987 39.759592 1
190.659111 202.430780 40.371821 1
204.936791 205.480681 41.600434 1
204.936791 205.480681 41.600434 1
151.991905 189.398206 30.163710 1
150.763067 195.524057 18.891309 1
145.720196 191.437107 18.447980 1
131.032153 179.533312 17.156727 1
125.474476 174.817725 16.733587 1
114.321410 165.354555 15.884434 1
114.321410 165.354555 15.884434 1
131.863664 157.848628 35.379836 1
126.255666 141.688707 33.784233 1
119.311021 121.677122 31.808324 1
103.542600 107.948201 27.514641 1
90.418046 96.521189 23.940873 1
95.297179 82.783071 26.770085 1
102.337014 82.434448 28.423368 1
134.817105 158.901779 23.655139 1
145.401861 146.357053 28.728096 1
158.509318 130.822495 35.010107 1
156.225191 109.469846 36.704342 1
154.362371 92.055719 38.086073 1
167.317327 86.336481 42.558849 1
173.915808 85.934417 45.510680 1
134.710000 159.021100 30.063400 1
138.174021 164.773325 31.456329 1
142.441609 173.123135 32.955115 1
146.904629 181.002815 33.841421 1
160.680673 199.882728 34.710708 1
164.466567 205.165734 31.958890 1
169.634180 222.380138 32.721052 1
151.698406 189.440369 38.006476 1
158.085269 200.532736 39.513295 1
164.587414 200.668679 39.697336 1
183.525792 201.064630 40.233382 1
190.632877 202.586764 40.923223 1
204.895292 205.641363 42.307587 1
204.895292 205.641363 42.307587 1
152.028463 189.551987 30.351681 1
150.889475 195.698957 19.081340 1
145.874511 191.584035 18.583546 1
131.267750 179.598768 17.133655 1
125.737837 174.856682 16.647588 1
114.640486 165.340335 15.672155 1
114.640486 165.340335 15.672155 1
131.905266 157.995111 35.542048 1
126.207907 141.864649 33.965043 1
119.152601 121.889545 32.012163 1
103.508013 108.136526 27.357770 1
90.486528 96.689456 23.483771 1
95.228347 82.903658 26.314530 1
102.235034 82.418574 28.071005 1
134.902570 159.027069 23.826602 1
145.449384 146.450800 28.900480 1
158.509859 130.877182 35.183633 1
156.227817 109.517322 36.787364 1
154.366698 92.097314 38.095284 1
167.314493 86.369285 42.577531 1
173.906141 85.960187 45.543631 1
134.696400 159.148900 30.223900 1
138.147965 164.907432 31.621682 1
142.399131 173.264454 33.126929 1
146.849372 181.149902 34.026098 1
160.603024 200.043441 34.952066 1
164.534389 205.224365 32.210161 1
170.133723 222.293711 33.161852 1
151.616408 189.593080 38.210403 1
158.018485 200.676253 39.720307 1
164.518250 200.800816 39.980683 1
183.449692 201.163624 40.739063 1
190.552973 202.664385 41.510140 1
204.807752 205.676092 43.057527 1
204.807752 205.676092 43.057527 1
151.980300 189.703268 30.557121 1
150.926670 195.832243 19.268691 1
145.932428 191.697507 18.728556 1
131.386020 179.654530 17.155338 1
125.879709 174.889953 16.623427 1
114.829725 165.328470 15.555993 1
114.829725 165.328470 15.555993 1
131.877427 158.123627 35.695370 1
126.131055 142.009412 34.130137 1
119.015054 122.054429 32.191836 1
103.479630 108.287670 27.223031 1
90.549007 96.829164 23.087339 1
95.190895 83.008067 25.911596 1
102.166572 82.399714 27.751163 1
134.906898 159.149650 23.987678 1
145.428932 146.544697 29.041790 1
158.458720 130.935558 35.300464 1
156.200303 109.567855 36.831519 1
154.358453 92.141451 38.080169 1
167.306629 86.415018 42.563356 1
173.894382 86.004540 45.537904 1
134.583300 159.282500 30.359200 1
138.028351 165.043182 31.764172 1
142.274107 173.401042 33.280002 1
146.726005 181.283847 34.194019 1
160.500963 200.159009 35.176348 1
164.578308 205.247230 32.474329 1
170.506832 222.199029 33.527877 1
151.485177 189.722132 38.397105 1
157.905277 200.791682 39.930239 1
164.402674 200.892195 40.252704 1
183.327220 201.184953 41.191925 1
190.428367 202.658020 42.032886 1
204.678866 205.614150 43.720515 1
204.678866 205.614150 43.720515 1
151.884535 189.828897 30.745543 1
150.917971 195.959630 19.450279 1
145.938848 191.811737 18.872718 1
131.436481 179.730439 17.190497 1
125.949692 174.947842 16.619984 1
114.938881 165.350197 15.475084 1
114.938881 165.350197 15.475084 1
131.747252 158.259839 35.822328 1
126.008485 142.142254 34.263918 1
118.901902 122.183095 32.334066 1
103.458290 108.406715 27.112165 1
90.604084 96.940200 22.765813 1
95.194878 83.101618 25.587959 1
102.143518 82.388780 27.491226 1
134.813689 159.279204 24.123682 1
145.318120 146.650130 29.154140 1
158.326111 131.011122 35.383523 1
156.125985 109.634167 36.869631 1
154.331674 92.200216 38.081625 1
167.290080 86.502359 42.571658 1
173.874918 86.105085 45.554443 1
134.379200 159.426900 30.471700 1
137.823295 165.185745 31.886512 1
142.069083 173.540961 33.416762 1
146.522759 181.420428 34.350684 1
160.307677 200.284386 35.405807 1
164.527298 205.274129 32.738804 1
170.772352 222.104236 33.908257 1
151.269288 189.852768 38.579914 1
157.687427 200.897704 40.288719 1
164.183507 200.969006 40.643836 1
183.104218 201.176681 41.678162 1
190.206106 202.614356 42.572426 1
204.458092 205.499463 44.367025 1
204.458092 205.499463 44.367025 1
151.703507 189.963329 30.930305 1
150.833249 196.095076 19.627764 1
145.863546 191.941287 19.012670 1
131.388615 179.842816 17.221126 1
125.913162 175.052178 16.610560 1
114.925104 165.438397 15.385280 1
114.925104 165.438397 15.385280 1
131.526612 158.406034 35.926546 1
125.833416 142.269001 34.402625 1
118.783267 122.285760 32.515483 1
103.439788 108.487875 27.060384 1
90.668926 97.003463 22.519933 1
95.249508 83.165376 25.361042 1
102.171003 82.370550 27.329623 1
134.627836 159.423210 24.236883 1
145.109680 146.759763 29.227889 1
158.089699 131.078189 35.408418 1
155.986778 109.689458 36.865539 1
154.271742 92.245904 38.053892 1
167.255334 86.609600 42.548852 1
173.839637 86.242842 45.536721 1
134.120800 159.571600 30.559900 1
137.560834 165.328971 31.990505 1
141.804047 173.681094 33.544590 1
146.261192 181.555346 34.505559 1
160.069486 200.397405 35.643099 1
164.398002 205.323938 33.033718 1
170.964577 222.018514 34.372390 1
151.005296 189.972947 38.766752 1
157.422331 200.997581 40.605833 1
163.917542 201.044586 40.980365 1
182.835722 201.181494 42.071242 1
189.938463 202.591885 43.001457 1
204.192160 205.422240 44.868200 1
204.192160 205.422240 44.868200 1
151.465900 190.097115 31.118896 1
150.681711 196.263210 19.828748 1
145.712827 192.115609 19.167056 1
131.240279 180.035158 17.239789 1
125.769508 175.245545 16.581112 1
114.790844 165.633822 15.259284 1
114.790844 165.633822 15.259284 1
131.255426 158.543157 36.006616 1
125.651987 142.372834 34.503020 1
118.712986 122.348370 32.641047 1
103.431128 108.541135 27.038623 1
90.711556 97.048940 22.375549 1
95.317682 83.221465 25.227005 1
102.223390 82.374198 27.228881 1
134.384201 159.576215 24.325690 1
144.837297 146.876167 29.283880 1
157.781718 131.149270 35.423772 1
155.815600 109.744049 36.828835 1
154.212133 92.287047 37.974734 1
167.225381 86.730627 42.483371 1
173.806226 86.402831 45.483364 1
