62 35
87.215200 200.209000 16.020990 1
87.570094 209.033451 16.044706 1
87.663901 219.786882 15.344682 1
87.823019 230.107162 15.043508 1
89.224374 256.533321 17.074523 1
91.538375 263.755750 19.650677 1
95.227198 283.529847 16.165025 1
83.975191 241.349681 16.599285 1
73.870031 250.163250 22.440584 1
76.935637 243.901937 24.872171 1
85.864635 225.664970 31.954518 1
93.548440 226.358839 28.933889 1
108.968135 227.751287 22.872159 1
108.968135 227.751287 22.872159 1
91.940660 241.195134 13.114160 1
103.238803 247.121424 5.962581 1
106.612694 240.555439 6.101534 1
116.439631 221.431080 6.506253 1
117.517828 215.446292 12.133538 1
119.681535 203.436149 23.426249 1
119.681535 203.436149 23.426249 1
79.497925 199.013314 17.915388 1
79.076759 179.832271 21.379539 1
78.555210 156.079474 25.669361 1
75.268401 132.491875 21.252028 1
72.532686 112.859158 17.575340 1
75.143789 104.624791 32.046266 1
77.894002 103.288700 39.672040 1
93.973300 198.446930 12.046327 1
96.293612 179.247551 14.514933 1
99.166940 155.472268 17.571894 1
98.383297 131.183066 14.924643 1
97.744197 111.374016 12.765678 1
105.353836 104.607921 26.194889 1
108.488404 103.924125 33.758561 1
86.618300 200.285000 16.260820 1
86.902747 209.112015 16.242286 1
86.889831 219.862737 15.496022 1
86.950168 230.182425 15.143027 1
88.158836 256.630945 16.999270 1
90.339265 263.918321 19.508161 1
93.860271 283.683706 15.806245 1
83.041209 241.397147 16.746308 1
72.731747 249.790496 22.843908 1
75.564836 243.409998 25.247538 1
83.816594 224.825884 32.248455 1
91.686612 225.635362 29.787950 1
107.479994 227.259808 24.850265 1
107.479994 227.259808 24.850265 1
90.909173 241.297400 13.044434 1
101.906389 247.450361 5.620396 1
105.391986 240.941809 5.683334 1
115.544285 221.984730 5.866650 1
116.741706 216.530999 11.987886 1
119.144669 205.586570 24.271848 1
119.144669 205.586570 24.271848 1
78.959961 199.035648 18.349769 1
78.363208 179.802413 21.482921 1
77.624220 155.984982 25.362853 1
74.145898 132.347878 21.377968 1
71.250779 112.673955 18.061219 1
74.176854 104.719783 32.628291 1
77.090025 103.472437 40.208449 1
93.290240 198.560795 12.127167 1
95.704241 179.347942 14.392759 1
98.693588 155.555974 17.198320 1
98.217933 131.234780 14.781576 1
97.830012 111.399640 12.810601 1
105.718823 104.700540 26.111694 1
109.005554 104.052585 33.613679 1
85.866100 200.344000 16.429850 1
86.070594 209.173204 16.401854 1
85.938521 219.922177 15.642087 1
85.890411 230.240541 15.250601 1
86.884969 256.710514 16.918553 1
88.947239 264.055307 19.358987 1
92.343154 283.803914 15.456119 1
81.914665 241.425942 16.893984 1
71.435175 249.417279 23.236921 1
73.908017 242.883525 25.626422 1
81.110505 223.853035 32.586181 1
89.194910 224.598618 30.932995 1
105.418519 226.094841 27.615421 1
105.418519 226.094841 27.615421 1
89.679868 241.380803 12.980130 1
100.352310 247.726939 5.250992 1
104.034945 241.329934 5.427372 1
114.761143 222.697747 5.941103 1
116.090408 217.771221 12.468654 1
118.757951 207.884774 25.568000 1
118.757951 207.884774 25.568000 1
78.278999 199.026856 18.726756 1
77.498707 179.737764 21.449290 1
76.532434 155.851164 24.820733 1
73.278753 132.140379 21.092067 1
70.570609 112.405129 17.988577 1
73.824297 104.666986 32.602441 1
76.860797 103.498557 40.146689 1
92.438273 198.677951 12.116432 1
94.980087 179.453559 14.130367 1
98.127709 155.647300 16.624293 1
97.999795 131.296975 14.471934 1
97.895474 111.438076 12.716578 1
106.104351 104.811215 25.859234 1
109.566852 104.202208 33.285028 1
84.937600 200.408000 16.664620 1
85.063399 209.238634 16.625713 1
84.814130 219.984604 15.852977 1
84.655540 230.300573 15.428921 1
85.420299 256.787814 16.936208 1
87.414559 264.164996 19.335119 1
90.700229 283.892087 15.234099 1
80.610105 241.453230 17.123962 1
70.023600 249.105178 23.703296 1
72.028606 242.415991 26.101071 1
77.868453 222.932779 33.084927 1
86.105999 223.396140 32.326869 1
102.636929 224.326007 30.805617 1
102.636929 224.326007 30.805617 1
88.265929 241.466863 13.000026 1
98.628127 247.966299 4.981534 1
102.449769 241.658552 5.330790 1
113.580845 223.286345 6.348046 1
115.206282 218.912419 13.194450 1
118.468177 210.134917 26.933663 1
118.468177 210.134917 26.933663 1
77.424824 199.026107 19.159278 1
76.669273 179.666087 21.329275 1
75.733637 155.691653 24.016486 1
72.857662 131.903463 20.475089 1
70.463896 112.103786 17.527469 1
74.267662 104.528727 32.093875 1
77.523695 103.426872 39.556141 1
91.409617 198.796143 12.182471 1
94.108614 179.575182 14.016613 1
97.450879 155.773172 16.287895 1
97.675728 131.407428 14.326443 1
97.859102 111.535954 12.726781 1
106.429707 105.008400 25.686955 1
110.066909 104.444131 33.032333 1
83.957800 200.545000 16.785280 1
84.011682 209.376307 16.734702 1
83.649943 220.118628 15.955734 1
83.377290 230.431590 15.516783 1
83.875821 256.929853 16.939535 1
85.802882 264.326348 19.333893 1
89.027930 284.037616 15.110494 1
79.246878 241.542237 17.281351 1
68.531492 248.815433 24.078051 1
70.001614 242.015819 26.551631 1
74.283537 222.210976 33.756278 1
82.564294 222.180982 34.029571 1
99.181937 222.120794 34.578014 1
99.181937 222.120794 34.578014 1
86.800391 241.631411 12.973779 1
96.889320 248.230800 4.692741 1
100.850484 242.029067 5.294640 1
112.387937 223.965640 7.047758 1
114.374423 219.887133 13.980735 1
118.360865 211.702473 27.893683 1
118.360865 211.702473 27.893683 1
76.520216 199.105936 19.465986 1
75.888593 179.703008 21.259743 1
75.106426 155.675440 23.481039 1
72.525935 131.825864 20.129990 1
70.378110 111.975094 17.340804 1
74.703045 104.423328 31.773272 1
78.187604 103.338366 39.134111 1
90.329969 198.979758 12.146291 1
93.146397 179.765041 13.865706 1
96.634082 155.970763 15.994918 1
97.225255 131.594888 14.247179 1
97.707386 111.715153 12.821810 1
106.651306 105.325529 25.597152 1
110.443455 104.816653 32.867837 1
82.950900 200.602000 16.693220 1
82.961744 209.433606 16.685344 1
82.510594 220.175757 15.952028 1
82.123351 230.485495 15.523582 1
82.279242 256.991873 16.872038 1
84.154829 264.393698 19.290675 1
87.310976 284.123007 15.099583 1
77.868572 241.543141 17.325191 1
67.084739 248.545184 24.296156 1
67.981150 241.714471 26.951793 1
70.592060 221.819047 34.686707 1
78.745210 221.180180 36.015060 1
95.106773 219.898120 38.680774 1
95.106773 219.898120 38.680774 1
85.351522 241.724305 12.898983 1
95.192535 248.496479 4.460609 1
99.244706 242.392799 5.376905 1
111.047232 224.614968 8.045748 1
113.423746 220.635611 14.913312 1
118.192889 212.649924 28.694987 1
118.192889 212.649924 28.694987 1
75.589576 199.113843 19.551725 1
74.947931 179.695811 21.169884 1
74.153351 155.649539 23.173728 1
71.777058 131.763845 19.930642 1
69.799194 111.883013 17.231317 1
74.477402 104.351787 31.563985 1
78.115291 103.279954 38.852207 1
89.212381 199.090282 11.888710 1
92.213366 179.908248 13.660051 1
95.929596 156.154442 15.853564 1
96.827439 131.775998 14.281088 1
97.559674 111.894166 12.998654 1
106.877834 105.631086 25.567508 1
110.824564 105.169112 32.758621 1
81.893800 200.574000 16.553170 1
81.870042 209.405558 16.574627 1
81.340630 220.146835 15.881953 1
80.859764 230.453377 15.471863 1
80.767070 256.961605 16.789422 1
82.485109 264.363291 19.322807 1
85.420552 284.158085 15.282830 1
76.531848 241.467803 17.361844 1
65.642098 248.151393 24.479216 1
65.891078 241.385507 27.424616 1
66.616254 221.678898 36.003505 1
74.483281 220.313708 38.215444 1
90.270659 217.574080 42.654321 1
90.270659 217.574080 42.654321 1
83.906342 241.722285 12.760676 1
93.547552 248.684540 4.246681 1
97.688471 242.701075 5.497889 1
109.749489 225.273384 9.142209 1
112.469936 221.291692 15.879554 1
117.929275 213.301321 29.399911 1
117.929275 213.301321 29.399911 1
74.631526 199.047221 19.635876 1
74.106250 179.609722 21.049316 1
73.455776 155.539342 22.799646 1
71.193841 131.634560 19.615962 1
69.311161 111.737842 16.966080 1
74.550547 104.257643 31.130324 1
78.443169 103.209266 38.289209 1
88.007456 199.102850 11.549804 1
91.317977 179.985936 13.467634 1
95.417515 156.312772 15.842550 1
96.604735 131.934877 14.465558 1
97.572971 112.053493 13.342553 1
107.393796 105.926296 25.591602 1
111.568034 105.514201 32.656171 1
80.898600 200.541000 16.322560 1
80.848316 209.372413 16.355019 1
80.263370 220.112706 15.692411 1
79.733136 230.417990 15.312668 1
79.561469 256.922932 16.687158 1
80.983063 264.313143 19.429149 1
83.496366 284.204889 15.585474 1
75.405842 241.410295 17.328658 1
64.421131 247.829736 24.542597 1
63.967075 241.257779 27.876934 1
62.644559 222.116017 37.588656 1
70.051411 220.137803 40.730588 1
84.915320 216.167972 47.035754 1
84.915320 216.167972 47.035754 1
82.666845 241.704993 12.552712 1
92.137195 248.910942 4.049724 1
96.368236 243.061209 5.596820 1
108.691745 226.023032 10.102958 1
111.660662 221.876619 16.632837 1
117.618625 213.555688 29.736854 1
117.618625 213.555688 29.736854 1
73.733611 198.988334 19.612987 1
73.309493 179.534192 20.815744 1
72.784288 155.443204 22.305175 1
70.726706 131.507658 19.215394 1
69.014114 111.585333 16.643670 1
74.792050 104.171939 30.632502 1
78.919478 103.153762 37.663070 1
86.868921 199.094256 11.142122 1
90.529158 180.057285 13.213459 1
95.061762 156.483118 15.778468 1
96.494122 132.106686 14.627255 1
97.662283 112.226497 13.688384 1
108.019731 106.217073 25.547576 1
112.443123 105.842504 32.461006 1
80.031900 200.460000 16.005470 1
79.959506 209.291144 16.061208 1
79.336811 220.032128 15.445891 1
78.782485 230.338178 15.126113 1
78.613978 256.833858 16.669248 1
79.660165 264.204684 19.624085 1
81.594967 284.193662 15.954012 1
74.485155 241.313371 17.293732 1
63.418010 247.504479 24.580878 1
62.193358 241.288413 28.372361 1
58.626373 223.183236 39.415585 1
65.420712 220.925142 43.585056 1
79.055445 216.393653 51.952263 1
79.055445 216.393653 51.952263 1
81.652522 241.645091 12.380740 1
90.932251 249.227795 3.996036 1
95.236338 243.500318 5.780815 1
107.772602 226.818227 10.979234 1
110.936272 222.338757 17.189875 1
117.285061 213.349452 29.653252 1
117.285061 213.349452 29.653252 1
72.943559 198.880357 19.445659 1
72.556862 179.418136 20.523877 1
72.077996 155.317143 21.859086 1
70.373849 131.315184 19.085534 1
68.955432 111.337582 16.777017 1
75.138386 104.100863 30.684977 1
79.421467 103.149887 37.631350 1
85.892855 199.041746 10.693925 1
89.977821 180.122933 13.036060 1
95.036383 156.695085 15.936407 1
96.577534 132.321825 14.861041 1
97.834419 112.444222 13.984026 1
108.602778 106.461435 25.485289 1
113.229994 106.082826 32.263766 1
79.369100 200.400000 15.664680 1
79.258868 209.230487 15.752915 1
78.590512 219.972137 15.200303 1
78.009804 230.279200 14.973515 1
77.830316 256.754622 16.831066 1
78.494763 264.063019 20.040505 1
79.802471 284.104676 16.380722 1
73.719513 241.223964 17.302894 1
62.678113 247.562900 24.501465 1
60.676205 241.824789 28.694439 1
54.845351 225.111722 40.907063 1
61.028301 223.035505 46.016562 1
73.436110 218.869001 56.270196 1
73.436110 218.869001 56.270196 1
80.849535 241.620462 12.340611 1
90.016768 249.556524 4.161689 1
94.354999 243.894701 6.069071 1
106.990714 227.403838 11.624591 1
110.321134 222.514959 17.425770 1
117.004554 212.704060 29.067448 1
117.004554 212.704060 29.067448 1
72.329046 198.777028 19.182967 1
71.966008 179.312291 20.223318 1
71.516441 155.208182 21.511633 1
69.959972 131.181629 18.867219 1
68.664473 111.183557 16.666187 1
75.079441 103.952824 30.471803 1
79.444032 103.013006 37.368783 1
85.172726 199.026327 10.278987 1
90.084933 180.438472 13.512546 1
96.167897 157.420462 17.516777 1
97.712679 133.085779 15.777752 1
98.972526 113.239637 14.359490 1
109.947363 107.363436 25.719664 1
114.646792 107.019910 32.450160 1
78.915900 200.367000 15.263480 1
78.770432 209.195982 15.422752 1
78.064262 219.939711 14.965898 1
77.466340 230.247553 14.843060 1
77.294097 256.700617 16.996289 1
77.541524 263.914000 20.469119 1
78.113816 284.003305 16.882417 1
73.181915 241.166172 17.302311 1
62.024824 247.655601 24.181313 1
59.253605 242.565730 28.756042 1
51.182024 227.740754 42.080580 1
56.820290 226.309959 47.980522 1
68.135038 223.438675 59.820398 1
68.135038 223.438675 59.820398 1
80.302880 241.617139 12.331680 1
89.429853 249.928627 4.487476 1
93.770208 244.267642 6.392511 1
106.412108 227.779220 11.941197 1
109.888747 222.365381 17.161337 1
116.865593 211.501006 27.636996 1
116.865593 211.501006 27.636996 1
71.901133 198.687334 18.805586 1
71.728380 179.235595 20.105630 1
71.514452 155.147581 21.715536 1
69.843095 131.150429 18.881111 1
68.451971 111.176826 16.521927 1
74.950933 103.931873 30.280724 1
79.344599 102.991089 37.159086 1
84.696526 199.059951 9.836627 1
89.554316 180.388448 12.642136 1
95.569894 157.266853 16.116297 1
97.088855 132.890113 15.089331 1
98.327644 113.009671 14.251789 1
109.410325 106.789662 25.320485 1
114.258815 106.289364 31.934414 1
78.616500 200.339000 14.941890 1
78.456114 209.165519 15.195416 1
77.735899 219.912460 14.849500 1
77.122256 230.220096 14.832146 1
76.887686 256.648488 17.264381 1
76.725806 263.758263 20.949425 1
76.588877 283.877470 17.489532 1
72.797454 241.105572 17.366503 1
61.591744 247.949751 23.808810 1
58.116633 243.594365 28.653272 1
47.994868 230.908682 42.763444 1
53.198206 230.559947 49.201625 1
63.640150 229.860119 62.121630 1
63.640150 229.860119 62.121630 1
79.964361 241.619943 12.468592 1
89.136000 250.202620 4.976415 1
93.440330 244.474919 6.759888 1
105.977304 227.792178 11.954508 1
109.563721 221.879279 16.517595 1
116.760868 210.013402 25.674697 1
116.760868 210.013402 25.674697 1
71.580623 198.610694 18.418115 1
71.566522 179.171510 19.904060 1
71.549059 155.099044 21.744175 1
69.836943 131.111497 18.853322 1
68.411893 111.145891 16.447172 1
74.834812 103.901819 30.242094 1
79.191480 102.961061 37.143953 1
84.435674 199.099276 9.540497 1
89.527754 180.510294 12.475538 1
95.833461 157.490886 16.110103 1
97.126980 133.101054 15.085273 1
98.181909 113.209936 14.249472 1
109.247187 106.873419 25.269387 1
114.118503 106.321593 31.862413 1
78.472900 200.426000 14.716600 1
78.300622 209.248886 15.069368 1
77.571378 219.998175 14.832538 1
76.939470 230.304427 14.910591 1
76.611120 256.709061 17.578575 1
76.067541 263.693154 21.462082 1
75.279705 283.803440 18.037490 1
72.556430 241.156772 17.486642 1
61.275686 248.386448 23.350992 1
57.160320 244.827227 28.342015 1
45.173726 234.460487 42.879067 1
50.067091 235.460767 49.489735 1
59.886991 237.468114 62.755881 1
59.886991 237.468114 62.755881 1
79.785359 241.731572 12.687593 1
89.015544 250.571598 5.576218 1
93.228951 244.714466 7.143320 1
105.501098 227.654741 11.707726 1
109.122645 221.234380 15.490568 1
116.390291 208.350141 23.081890 1
116.390291 208.350141 23.081890 1
71.399398 198.651701 18.091831 1
71.411900 179.216005 19.622735 1
71.427381 155.147858 21.518527 1
69.843400 131.134483 18.772698 1
68.525002 111.147379 16.487256 1
74.779599 103.903303 30.359305 1
79.052062 102.962528 37.313602 1
84.354875 199.253461 9.368491 1
89.488078 180.662432 12.217686 1
95.844709 157.640491 15.745945 1
96.940723 133.236117 14.844496 1
97.834576 113.333138 14.109318 1
108.817967 106.988227 25.206056 1
113.663809 106.443858 31.818445 1
78.549200 200.555000 14.589330 1
78.373063 209.373759 15.031939 1
77.640559 220.124503 14.890281 1
76.996661 230.429223 15.039724 1
76.589970 256.817408 17.855576 1
75.631950 263.657876 21.910800 1
74.370723 283.747429 18.506199 1
72.563476 241.259248 17.623890 1
61.158749 248.783580 22.842189 1
56.485828 246.082001 27.880034 1
42.875276 238.213260 42.553459 1
47.669570 240.591458 48.878445 1
57.290655 245.363979 61.571286 1
57.290655 245.363979 61.571286 1
79.850140 241.873711 12.917975 1
89.084827 251.007714 6.194539 1
93.142883 244.975596 7.483078 1
104.962547 227.406197 11.236129 1
108.527942 220.558846 14.244163 1
115.682901 206.817730 20.280618 1
115.682901 206.817730 20.280618 1
71.446581 198.745855 17.883954 1
71.355254 179.300836 19.288600 1
71.242159 155.221145 21.028040 1
69.817152 131.166507 18.571517 1
68.631073 111.145059 16.526873 1
74.752100 103.901057 30.458413 1
78.957635 102.960305 37.453390 1
84.477867 199.437903 9.281058 1
89.509181 180.778046 11.848083 1
95.739639 157.670871 15.026919 1
96.728652 133.255577 14.317966 1
97.535240 113.343692 13.739779 1
108.451022 107.105656 24.963101 1
113.260645 106.626805 31.606929 1
78.704000 200.654000 14.625100 1
78.544608 209.470394 15.118294 1
77.823090 220.222453 15.030369 1
77.164594 230.525584 15.220328 1
76.643365 256.902792 18.118940 1
75.313676 263.589317 22.323338 1
73.708433 283.643795 18.857330 1
72.671192 241.332253 17.798256 1
61.161379 249.136447 22.329570 1
56.086763 247.267364 27.356438 1
41.306217 241.823386 41.997893 1
46.086965 245.413815 47.733727 1
55.680866 252.619014 59.244273 1
55.680866 252.619014 59.244273 1
79.999658 241.986424 13.163138 1
89.197984 251.429892 6.828651 1
93.041451 245.193591 7.751099 1
104.236093 227.029480 10.437859 1
107.630998 219.833126 12.747324 1
114.443824 205.391638 17.381904 1
114.443824 205.391638 17.381904 1
71.584505 198.840825 17.880855 1
71.316453 179.380995 19.035541 1
70.984512 155.282963 20.465444 1
69.686865 131.190929 18.325176 1
68.606793 111.138353 16.543762 1
74.681489 103.894280 30.495529 1
78.863764 102.953509 37.504436 1
84.651450 199.555176 9.334054 1
89.472362 180.793205 11.534337 1
95.442271 157.559578 14.259025 1
96.530830 133.143777 13.738404 1
97.418604 113.231479 13.313811 1
108.303350 107.191614 24.674826 1
113.070946 106.817493 31.355565 1
79.042900 200.661000 14.747670 1
78.917303 209.476489 15.266158 1
78.220964 220.230384 15.203328 1
77.558486 230.533028 15.405484 1
76.945678 256.907674 18.309480 1
75.300350 263.488978 22.567883 1
73.402842 283.521856 19.124722 1
73.020756 241.325678 17.964423 1
61.478040 249.374196 21.952043 1
56.192865 248.291457 26.992798 1
40.799038 245.137817 41.674700 1
45.509276 250.039668 46.410948 1
54.961678 259.876599 55.915544 1
54.961678 259.876599 55.915544 1
80.370117 242.002770 13.365825 1
89.496872 251.668704 7.267784 1
93.071668 245.229375 7.787859 1
103.483770 226.473918 9.302652 1
106.618460 218.995762 11.004834 1
112.909091 203.988761 14.420733 1
112.909091 203.988761 14.420733 1
71.920715 198.865328 18.007239 1
71.497359 179.397430 18.962133 1
70.973098 155.289405 20.144622 1
69.655997 131.200258 17.983843 1
68.559732 111.150086 16.185356 1
74.639135 103.905782 30.134954 1
78.823525 102.965018 37.142599 1
84.979543 199.554914 9.446011 1
89.604226 180.713285 11.369371 1
95.331138 157.381015 13.751134 1
96.497325 132.969553 13.196253 1
97.448409 113.060794 12.743719 1
108.337598 107.174112 24.180628 1
113.080757 106.875933 30.882549 1
79.500700 200.654000 14.944700 1
79.407085 209.469722 15.465973 1
78.736247 220.225204 15.397514 1
78.075440 230.528437 15.573428 1
77.410148 256.915000 18.355034 1
75.531394 263.437507 22.607310 1
73.417815 283.454584 19.198274 1
73.517457 241.323422 18.086104 1
61.946508 249.483806 21.751526 1
56.620891 249.050855 26.847107 1
41.109269 247.789813 41.688703 1
45.662852 253.715895 45.265427 1
54.800883 265.608232 52.443114 1
54.800883 265.608232 52.443114 1
80.861317 241.994378 13.477828 1
89.846246 251.806434 7.402580 1
93.102183 245.180381 7.496902 1
102.585560 225.881062 7.771628 1
105.439115 218.200224 8.999831 1
111.165569 202.786486 11.464558 1
111.165569 202.786486 11.464558 1
72.386061 198.881545 18.233327 1
71.840648 179.408326 18.999065 1
71.165237 155.293712 19.947314 1
69.699993 131.213380 17.783646 1
68.480424 111.170546 15.982755 1
74.641641 103.930923 29.898847 1
78.872666 102.990191 36.878439 1
85.411525 199.529278 9.618172 1
89.798794 180.604557 11.261590 1
95.231708 157.169392 13.296690 1
96.407271 132.760404 12.658954 1
97.366002 112.853663 12.138848 1
108.273752 107.032726 23.591709 1
113.014554 106.766154 30.296629 1
80.159400 200.627000 15.133650 1
80.080867 209.443167 15.649855 1
79.410570 220.198542 15.561887 1
78.730931 230.501331 15.683654 1
77.980144 256.909572 18.227630 1
75.987603 263.440401 22.414838 1
73.873785 283.433144 18.866019 1
74.147574 241.301103 18.128695 1
62.564283 249.462866 21.751818 1
57.379298 249.551673 27.007542 1
42.277288 249.810320 42.315580 1
46.537943 256.572178 44.499759 1
55.088131 270.141728 48.882915 1
55.088131 270.141728 48.882915 1
81.456803 241.958294 13.463724 1
90.281551 251.794954 7.196510 1
93.189228 245.016225 6.866591 1
101.658251 225.272216 5.905655 1
104.265645 217.458573 6.797285 1
109.498109 201.778324 8.586584 1
109.498109 201.778324 8.586584 1
73.068765 198.865558 18.479537 1
72.442566 179.392447 19.183769 1
71.667115 155.277967 20.055853 1
69.952305 131.230835 17.713719 1
68.525013 111.215633 15.764286 1
74.742553 103.992394 29.663832 1
79.020644 103.051773 36.614689 1
86.026559 199.491453 9.761338 1
90.116422 180.483762 11.201727 1
95.181049 156.945853 12.985409 1
96.291161 132.535814 12.274751 1
97.196513 112.628217 11.695174 1
108.092398 106.824771 23.168189 1
112.825220 106.567893 29.879121 1
80.962600 200.631000 15.326220 1
80.895993 209.448742 15.816557 1
80.217743 220.203187 15.686166 1
79.509616 230.504678 15.731383 1
78.659101 256.937563 17.969670 1
76.734140 263.592095 21.990414 1
74.731562 283.569638 18.294531 1
74.907569 241.309799 18.116961 1
63.371801 249.447218 21.940898 1
58.476294 249.901771 27.449255 1
44.217432 251.225705 43.493123 1
48.058303 258.545205 44.058065 1
55.766077 273.233819 45.191775 1
55.766077 273.233819 45.191775 1
82.140873 241.947681 13.332497 1
90.740014 251.714202 6.655382 1
93.290836 244.817117 5.993472 1
100.720467 224.728379 4.065565 1
103.150616 216.832100 4.689809 1
108.027388 200.986019 5.942522 1
108.027388 200.986019 5.942522 1
73.917068 198.883986 18.773416 1
73.149473 179.412456 19.373804 1
72.198925 155.299936 20.117293 1
70.268433 131.283565 17.631761 1
68.661623 111.293967 15.562972 1
74.974534 104.089493 29.429228 1
79.320879 103.149067 36.337638 1
86.755641 199.475607 9.878239 1
90.520625 180.392447 11.201834 1
95.182941 156.761081 12.840886 1
96.340127 132.350125 12.246345 1
97.283869 112.441778 11.761466 1
108.199941 106.795647 23.293635 1
112.927861 106.621864 30.010688 1
81.877900 200.575000 15.476280 1
81.844230 209.394757 15.932558 1
81.171889 220.148798 15.749057 1
80.443565 230.448829 15.693160 1
79.526549 256.911924 17.508202 1
77.800342 263.769601 21.269469 1
75.998446 283.689115 17.178229 1
75.861177 241.271898 18.034816 1
64.374276 249.275173 22.267159 1
59.927373 249.975521 28.119437 1
46.975137 252.015369 45.165030 1
50.171658 259.580639 44.071660 1
56.586366 274.762460 41.877505 1
56.586366 274.762460 41.877505 1
82.941978 241.861121 13.021459 1
91.176482 251.525179 5.761091 1
93.400033 244.539439 4.883678 1
99.876441 224.192480 2.328088 1
102.164590 216.242498 2.784910 1
106.756399 200.288647 3.701645 1
106.756399 200.288647 3.701645 1
74.918588 198.858736 19.109070 1
74.048145 179.388912 19.617413 1
72.970235 155.278504 20.246918 1
70.629095 131.323667 17.531106 1
68.680490 111.385286 15.270649 1
75.288787 104.206940 29.012268 1
79.807586 103.267277 35.809233 1
87.527367 199.383959 9.887032 1
91.131926 180.271045 11.227808 1
95.595582 156.602834 12.888136 1
96.654790 132.185583 12.375018 1
97.518626 112.272103 11.956543 1
108.568851 106.618129 23.356344 1
113.403530 106.454590 29.997229 1
82.823600 200.501000 15.593210 1
82.830350 209.322350 16.018866 1
82.158437 220.075313 15.779214 1
81.398544 230.371416 15.586770 1
80.391760 256.866396 16.783896 1
78.971275 264.021875 20.090857 1
77.475886 283.927871 15.814497 1
76.855443 241.225005 17.862798 1
65.489876 248.960687 22.852501 1
61.653814 249.886414 29.092874 1
50.480739 252.582708 47.268847 1
52.850523 260.067662 44.621940 1
57.606151 275.088304 39.310179 1
57.606151 275.088304 39.310179 1
83.700442 241.726376 12.523015 1
91.512654 251.096486 4.455523 1
93.533054 244.059752 3.497946 1
99.417759 223.564267 0.708869 1
101.676377 215.600067 1.050476 1
106.208926 199.617685 1.736001 1
106.208926 199.617685 1.736001 1
76.013058 198.815667 19.511234 1
75.078697 179.345361 19.863756 1
73.921633 155.234355 20.300301 1
71.024558 131.364428 17.380668 1
68.613229 111.496719 14.950564 1
75.770977 104.327306 28.418916 1
80.590659 103.381184 35.005020 1
88.238841 199.275686 9.783862 1
91.825943 180.162571 11.167898 1
96.267981 156.494111 12.881795 1
97.199610 132.071620 12.370571 1
97.959400 112.153866 11.953641 1
109.323985 106.405164 22.991258 1
114.382144 106.206503 29.462562 1
83.830200 200.419000 15.747040 1
83.864917 209.241729 16.141611 1
83.172122 219.992113 15.851109 1
82.360292 230.280854 15.524076 1
81.228042 256.791990 16.079396 1
80.306400 264.289539 18.742475 1
78.947542 284.135666 14.153703 1
77.877124 241.164509 17.775236 1
66.936243 248.908037 23.627494 1
63.889742 249.967871 30.269044 1
55.016379 253.054774 49.613502 1
56.349911 260.160267 45.566257 1
59.026009 274.419414 37.444330 1
59.026009 274.419414 37.444330 1
84.395006 241.563165 12.032678 1
91.650568 250.504910 3.015137 1
93.593779 243.447280 2.051613 1
99.253660 222.890931 -0.754791 1
101.522113 214.932525 -0.349297 1
106.074397 198.961770 0.464433 1
106.074397 198.961770 0.464433 1
77.224342 198.753147 20.008767 1
76.240362 179.283339 20.228986 1
75.021853 155.172951 20.501693 1
71.475980 131.417822 17.369376 1
68.524637 111.645665 14.762247 1
76.356797 104.375656 27.794308 1
81.532023 103.391275 34.099010 1
88.945131 199.169101 9.676621 1
92.616247 180.074521 11.095747 1
97.162322 156.429013 12.853099 1
97.948783 132.001576 12.334255 1
98.590182 112.079790 11.911111 1
110.407134 106.307699 22.450226 1
115.757619 106.108458 28.681986 1
84.803000 200.320000 15.880470 1
84.888332 209.144041 16.236096 1
84.191981 219.892670 15.893806 1
83.331137 230.172400 15.435195 1
82.053086 256.682580 15.347927 1
81.767373 264.470201 17.198866 1
80.412501 284.226320 12.235781 1
78.935138 241.090575 17.691100 1
68.718635 249.231717 24.268249 1
66.905078 250.322355 31.341870 1
61.622840 253.498979 51.944799 1
61.982697 260.113701 46.968608 1
62.704845 273.387981 36.982493 1
62.704845 273.387981 36.982493 1
85.044348 241.364748 11.508781 1
91.614294 249.678310 1.427387 1
93.617877 242.630863 0.514290 1
99.453595 222.104175 -2.145237 1
101.885170 214.197215 -1.682683 1
106.764801 198.329699 -0.754446 1
106.764801 198.329699 -0.754446 1
78.449910 198.693244 20.524462 1
77.411003 179.225156 20.590218 1
76.124476 155.116896 20.671646 1
71.911975 131.491895 17.384563 1
68.405777 111.828047 14.648618 1
76.990201 104.394431 27.101705 1
82.559353 103.351929 33.051408 1
89.553700 199.028998 9.529178 1
93.355763 179.966204 11.028583 1
98.063996 156.360058 12.885347 1
98.634516 131.927204 12.339899 1
99.099804 112.000999 11.895059 1
111.424157 106.209102 21.824541 1
117.100738 106.010641 27.760807 1
85.835200 200.238000 16.014160 1
85.939859 209.063586 16.323236 1
85.205382 219.808178 15.936736 1
84.267246 230.076232 15.378895 1
82.776691 256.568890 14.788991 1
83.224807 264.521009 15.636138 1
81.803516 284.159081 10.241866 1
79.951990 241.014950 17.690489 1
70.726406 249.860341 24.801163 1
70.826615 250.894563 32.111084 1
71.118492 253.906865 53.402267 1
70.961640 260.350518 48.196379 1
70.646865 273.281498 37.749315 1
70.646865 273.281498 37.749315 1
85.615686 241.186728 11.094148 1
91.462776 248.680362 -0.022101 1
93.593882 241.665881 -0.899614 1
99.801030 221.235207 -3.455495 1
102.491288 213.414142 -2.965620 1
107.890040 197.718998 -1.982554 1
107.890040 197.718998 -1.982554 1
79.769107 198.633358 21.034357 1
78.660128 179.169110 20.976394 1
77.286827 155.065607 20.904616 1
72.415684 131.583852 17.503164 1
68.361275 112.039232 14.672025 1
77.630483 104.403674 26.496171 1
83.559709 103.291311 32.073640 1
90.200975 198.917152 9.398261 1
94.074033 179.874598 10.971337 1
98.870180 156.293516 12.919330 1
99.207330 131.856318 12.374294 1
99.482293 111.926571 11.929790 1
112.255496 106.121794 21.266823 1
118.226937 105.928730 26.906578 1
86.812700 200.161400 16.050510 1
86.918083 208.987906 16.331824 1
86.135427 219.728641 15.932886 1
85.122157 229.986881 15.327891 1
83.441103 256.459403 14.427718 1
84.561957 264.385372 14.149575 1
82.982411 283.865679 8.250867 1
80.901394 240.939562 17.745411 1
72.775401 250.618245 25.107840 1
75.059249 251.625304 32.056543 1
81.711280 254.558491 52.295627 1
81.347516 261.315728 47.515046 1
80.617517 274.876004 37.921480 1
80.617517 274.876004 37.921480 1
86.125298 241.034918 10.794123 1
91.204989 247.643893 -1.223873 1
93.487058 240.676288 -2.095220 1
100.133908 220.382152 -4.633142 1
103.116737 212.667759 -4.145915 1
109.102613 197.186681 -3.168164 1
109.102613 197.186681 -3.168164 1
81.027113 198.559610 21.392419 1
79.870091 179.098420 21.276299 1
78.437296 154.998702 21.132501 1
72.974316 131.660780 17.641374 1
68.427303 112.235876 14.735596 1
78.242128 104.389881 25.966799 1
84.460997 103.205806 31.203676 1
90.820129 198.830848 9.213486 1
94.736383 179.796869 10.783389 1
99.586022 156.226405 12.727454 1
99.706111 131.786107 12.232745 1
99.804049 111.853830 11.829284 1
112.970394 106.056420 20.608109 1
119.201233 105.878886 25.960430 1
87.687200 200.093700 16.036240 1
87.769488 208.920090 16.328678 1
86.937247 219.658472 15.968651 1
85.882568 229.913948 15.388071 1
84.170098 256.382505 14.432229 1
85.755868 264.088576 12.930078 1
83.919720 283.406294 6.587644 1
81.806600 240.883688 17.971045 1
75.182927 251.700205 25.254173 1
79.438849 252.698102 31.204461 1
91.834825 255.604602 48.535521 1
91.578420 262.989255 44.787497 1
91.063866 277.808616 37.266045 1
91.063866 277.808616 37.266045 1
86.642735 240.935598 10.744166 1
90.961599 246.632471 -2.015422 1
93.408958 239.728282 -2.941277 1
100.537240 219.618854 -5.637963 1
103.770720 212.006409 -5.146212 1
110.259597 196.729920 -4.159382 1
110.259597 196.729920 -4.159382 1
82.136696 198.460052 21.612784 1
80.941071 179.001013 21.532811 1
79.460473 154.903960 21.433776 1
73.532651 131.694428 17.846391 1
68.598735 112.376389 14.860495 1
78.738203 104.352589 25.669759 1
85.136187 103.108166 30.671604 1
91.410076 198.790325 9.035086 1
95.315632 179.753353 10.595327 1
100.152023 156.179184 12.527427 1
99.993282 131.738046 12.088174 1
99.863821 111.805085 11.729941 1
113.325289 106.048071 20.077158 1
119.742091 105.898153 25.205938 1
88.507400 200.072600 16.012610 1
88.564159 208.898634 16.321393 1
87.703819 219.636203 16.005903 1
86.659873 229.895102 15.467955 1
85.121095 256.375360 14.541255 1
86.883257 263.774111 12.029697 1
84.595852 282.918226 5.318307 1
82.810151 240.903250 18.228532 1
77.606288 252.564870 25.358781 1
83.320158 253.517323 29.936894 1
99.962615 256.291460 43.271302 1
100.300361 264.313111 41.225438 1
100.978138 280.410788 37.119845 1
100.978138 280.410788 37.119845 1
87.276835 240.901704 10.767473 1
90.776845 245.862899 -2.538559 1
93.316888 238.998122 -3.506864 1
100.715123 219.003485 -6.327190 1
104.225291 211.514411 -5.838298 1
111.269419 196.485499 -4.857206 1
111.269419 196.485499 -4.857206 1
83.140384 198.405476 21.756353 1
81.886366 178.949953 21.742445 1
80.333456 154.857254 21.725222 1
74.011376 131.764910 18.055657 1
68.749306 112.544409 15.001359 1
79.066588 104.364949 25.521838 1
85.574207 103.066910 30.366138 1
92.014685 198.798341 8.895732 1
95.934953 179.771133 10.536125 1
100.789562 156.209056 12.567482 1
100.234123 131.773186 12.158690 1
99.781135 111.844521 11.825299 1
113.473808 106.131179 19.818971 1
120.025049 106.003613 24.775500 1
89.262000 200.057100 15.967740 1
89.317161 208.882581 16.292230 1
88.446147 219.620151 16.007564 1
87.406559 229.879722 15.474022 1
85.957883 256.360070 14.414233 1
87.780141 263.531992 11.348688 1
84.979691 282.525388 4.407469 1
83.749237 240.929137 18.329697 1
79.404618 253.092061 25.192758 1
86.042001 253.940282 28.313697 1
105.374322 256.410830 37.403877 1
106.689328 264.590592 37.310165 1
109.328248 281.005562 37.122110 1
109.328248 281.005562 37.122110 1
87.852103 240.846760 10.662991 1
90.648299 245.334632 -2.973516 1
93.215487 238.482870 -3.962201 1
100.692787 218.526141 -6.841886 1
104.429791 211.148381 -6.341902 1
111.929128 196.342851 -5.338551 1
111.929128 196.342851 -5.338551 1
84.078387 198.371617 21.872319 1
82.719422 178.923151 21.895371 1
81.036551 154.839192 21.923918 1
74.387672 131.844204 18.220721 1
68.853596 112.704735 15.138431 1
79.356110 104.384539 25.361047 1
85.972525 103.038421 30.042100 1
92.547790 198.801425 8.742672 1
96.444169 179.774062 10.437282 1
101.269195 156.211791 12.535776 1
100.356075 131.786018 12.168150 1
99.611380 111.865587 11.868332 1
113.509923 106.159280 19.503706 1
120.188332 106.035442 24.287609 1
89.895200 200.000900 16.094520 1
89.907457 208.828627 16.356289 1
88.982347 219.559858 16.009923 1
87.909226 229.812119 15.406793 1
86.439073 256.280435 14.103888 1
88.338681 263.330733 10.811556 1
85.215103 282.275399 3.875060 1
84.303434 240.890386 18.215835 1
80.352177 253.419458 24.644208 1
87.343801 254.257624 26.864403 1
107.707900 256.698886 33.331037 1
110.693648 264.410805 33.839119 1
116.685378 279.886917 34.858731 1
116.685378 279.886917 34.858731 1
88.266178 240.729548 10.477007 1
90.655165 244.970437 -3.315079 1
93.156358 238.091327 -4.282792 1
100.441438 218.054942 -7.101396 1
104.301315 210.742721 -6.572915 1
112.047232 196.068713 -5.512374 1
112.047232 196.068713 -5.512374 1
84.857225 198.328595 22.127509 1
83.408763 178.886593 22.102577 1
81.615064 154.810637 22.071704 1
74.737624 131.887547 18.340278 1
69.013311 112.807923 15.234492 1
79.659190 104.324048 25.170258 1
86.366340 102.924346 29.704156 1
93.022531 198.712304 8.805208 1
96.995872 179.702405 10.517031 1
101.916203 156.161762 12.636840 1
100.703632 131.749913 12.214144 1
99.714719 111.840839 11.869414 1
113.790324 106.099017 19.145345 1
120.586831 105.956684 23.759395 1
90.396500 200.004700 16.109150 1
90.387278 208.833465 16.333358 1
89.443784 219.562085 15.957022 1
88.389375 229.814378 15.322261 1
87.080997 256.284328 13.886788 1
88.811478 263.237772 10.307722 1
85.342699 282.199050 3.583912 1
84.927022 240.935714 18.141564 1
81.270848 253.819986 24.018806 1
88.371369 254.268188 25.992714 1
109.052643 255.573626 31.742008 1
114.876217 261.445433 31.237644 1
126.562836 273.228853 30.225501 1
126.562836 273.228853 30.225501 1
88.714704 240.698634 10.317502 1
90.688111 244.701332 -3.610818 1
93.111673 237.787488 -4.527168 1
100.170640 217.649935 -7.196170 1
104.066545 210.358992 -6.638848 1
111.884760 195.727685 -5.520432 1
111.884760 195.727685 -5.520432 1
85.488287 198.343369 22.251151 1
83.970022 178.906715 22.212664 1
82.089883 154.837382 22.165004 1
75.005635 131.975013 18.447983 1
69.109187 112.945928 15.354187 1
79.869802 104.322487 25.043139 1
86.660467 102.936929 29.455433 1
93.377744 198.694149 8.762764 1
97.352270 179.680669 10.431517 1
102.274068 156.135591 12.497992 1
100.889280 131.733113 12.063501 1
99.759917 111.831681 11.709152 1
113.977988 106.062922 18.680394 1
120.870374 105.906537 23.149485 1
90.717300 199.972500 16.088310 1
90.744639 208.800831 16.327623 1
89.853259 219.534885 15.980304 1
88.884961 229.796152 15.353392 1
87.913921 256.275914 13.833545 1
89.477516 263.013849 9.794974 1
85.640449 281.953826 3.212701 1
85.661169 240.977743 18.216893 1
82.595825 254.174748 23.726590 1
89.804906 253.891186 25.296096 1
110.802373 253.065259 29.867510 1
118.142826 256.798058 28.956192 1
132.873483 264.288963 27.127383 1
132.873483 264.288963 27.127383 1
89.225522 240.653572 10.291681 1
90.862292 244.241286 -3.792470 1
93.214062 237.301358 -4.698656 1
100.063926 217.087834 -7.338053 1
103.959988 209.795903 -6.794939 1
111.778520 195.162614 -5.705034 1
111.778520 195.162614 -5.705034 1
85.952083 198.317392 22.343553 1
84.388989 178.884446 22.257166 1
82.453335 154.819705 22.150189 1
75.221659 132.000660 18.450892 1
69.202501 113.007635 15.371847 1
80.157990 104.271130 24.735666 1
87.060944 102.937551 28.986788 1
93.516713 198.664614 8.670260 1
97.507986 179.647358 10.253841 1
102.450522 156.097603 12.214845 1
100.976803 131.698424 11.905698 1
99.774911 111.799683 11.653573 1
114.173668 106.053258 18.263018 1
121.178301 105.908522 22.554449 1
90.885700 199.946200 16.178050 1
90.958584 208.773840 16.432806 1
90.131057 219.514029 16.118729 1
89.255849 229.785430 15.521613 1
88.620785 256.277695 14.042673 1
90.143530 262.738548 9.560120 1
86.112517 281.591437 2.845089 1
86.225569 241.006081 18.443061 1
83.907331 254.348999 23.966314 1
91.090685 253.062715 25.088585 1
112.013219 249.316215 28.357365 1
119.943083 251.483915 27.325440 1
135.856559 255.834014 25.254598 1
135.856559 255.834014 25.254598 1
89.669339 240.643333 10.466374 1
91.098650 243.904824 -3.719315 1
93.350267 236.932207 -4.628945 1
99.908422 216.623471 -7.278372 1
103.746907 209.299077 -6.762796 1
111.449892 194.600642 -5.728155 1
111.449892 194.600642 -5.728155 1
86.221480 198.301509 22.511674 1
84.637813 178.870711 22.349906 1
82.676683 154.808628 22.149581 1
75.346466 132.015548 18.484319 1
69.245290 113.044134 15.433603 1
80.361109 104.215255 24.517645 1
87.356394 102.924544 28.628764 1
93.550453 198.639288 8.710398 1
97.664649 179.644487 10.248228 1
102.759404 156.122538 12.152575 1
101.273171 131.723590 11.888392 1
100.061073 111.825037 11.672936 1
114.582672 106.080982 18.010076 1
121.667031 105.937493 22.168620 1
90.983300 199.891700 16.250270 1
91.106127 208.718525 16.513926 1
90.349842 219.464634 16.223611 1
89.569688 229.745630 15.660855 1
89.255908 256.249202 14.285027 1
90.746311 262.493243 9.494901 1
86.578672 281.249171 2.594319 1
86.700509 240.992037 18.645249 1
84.944572 254.180438 24.719522 1
91.952237 251.981007 25.474326 1
112.363051 245.574837 27.672805 1
120.538691 246.438513 26.643482 1
136.945386 248.171725 24.577860 1
136.945386 248.171725 24.577860 1
90.083763 240.616702 10.643287 1
91.395720 243.724496 -3.588171 1
93.503327 236.706355 -4.492767 1
99.642030 216.265025 -7.127531 1
103.328974 208.860080 -6.658744 1
110.727851 193.999996 -5.717999 1
110.727851 193.999996 -5.717999 1
86.356121 198.265396 22.615731 1
84.776393 178.834878 22.393073 1
82.820141 154.773145 22.117345 1
75.372521 132.021921 18.428780 1
69.173627 113.085346 15.358668 1
80.378616 104.218641 24.295117 1
87.422048 102.953812 28.331393 1
93.586808 198.578584 8.762131 1
97.797060 179.602510 10.270903 1
103.010765 156.103752 12.139268 1
101.398435 131.713027 11.855919 1
100.083498 111.821180 11.624833 1
114.656522 106.031074 17.799943 1
121.783967 105.863514 21.883283 1
91.128500 199.810500 16.217540 1
91.279341 208.635533 16.523289 1
90.567258 219.386019 16.288570 1
89.850018 229.674630 15.784328 1
89.752987 256.187686 14.568120 1
91.278526 262.359529 9.696187 1
87.043452 281.033766 2.617407 1
87.079116 240.926191 18.841279 1
85.538824 253.745643 25.711736 1
92.272152 250.756976 26.206473 1
111.883917 242.052046 27.647470 1
120.090788 241.578927 26.613083 1
136.560158 240.629489 24.537300 1
136.560158 240.629489 24.537300 1
90.445230 240.571070 10.831170 1
91.746407 243.703267 -3.395928 1
93.703597 236.643007 -4.310655 1
99.404192 216.078997 -6.974928 1
102.854978 208.557002 -6.577192 1
109.779939 193.462025 -5.779028 1
109.779939 193.462025 -5.779028 1
86.499013 198.168430 22.577273 1
84.880794 178.740667 22.394266 1
82.876877 154.682343 22.167639 1
75.417341 131.946999 18.405965 1
69.208529 113.023641 15.275002 1
80.385581 104.171282 24.260523 1
87.412087 102.914896 28.328809 1
93.724541 198.524953 8.722029 1
97.969330 179.557774 10.245814 1
103.225805 156.070033 12.132769 1
101.526987 131.685811 11.799461 1
100.141517 111.799267 11.527631 1
114.713155 106.028190 17.723789 1
121.835848 105.870578 21.815807 1
91.312600 199.763300 16.135220 1
91.492243 208.585812 16.493617 1
90.815302 219.339759 16.321905 1
90.126932 229.633449 15.885670 1
90.088295 256.155318 14.875885 1
91.718171 262.325456 10.035683 1
87.502258 281.018641 2.995581 1
87.359424 240.866291 19.013709 1
85.779658 253.483403 26.240524 1
92.134694 249.738763 26.565764 1
110.644630 238.831952 27.513075 1
118.634450 236.868297 26.536671 1
134.668248 232.927682 24.577249 1
134.668248 232.927682 24.577249 1
90.772855 240.566966 11.021365 1
92.231817 243.629523 -3.205588 1
94.056305 236.536816 -4.143323 1
99.370387 215.878301 -6.874609 1
102.496020 208.212237 -6.545352 1
108.768470 192.828146 -5.884613 1
108.768470 192.828146 -5.884613 1
86.647799 198.099918 22.463533 1
84.993718 178.674809 22.324740 1
82.945391 154.619773 22.152867 1
75.414168 131.919121 18.325093 1
69.145689 113.024639 15.139113 1
80.244384 104.194024 24.242385 1
87.231929 102.915546 28.370454 1
93.939275 198.512823 8.644450 1
98.145227 179.536304 10.159612 1
103.353609 156.036996 12.035889 1
101.509517 131.663429 11.695460 1
100.005569 111.785575 11.417824 1
114.543153 105.985641 17.666803 1
121.649221 105.812971 21.787021 1
91.416000 199.770400 16.097860 1
91.626291 208.590539 16.495810 1
90.980096 219.347022 16.370831 1
90.304169 229.643562 15.985345 1
90.249496 256.170993 15.134991 1
91.997095 262.412816 10.429654 1
87.920135 281.224683 3.627878 1
87.506985 240.855105 19.163005 1
85.833095 253.174342 26.866805 1
91.805263 248.837373 27.063033 1
109.200041 236.205324 27.634576 1
116.669627 232.712924 26.825281 1
131.659432 225.704455 25.201212 1
131.659432 225.704455 25.201212 1
90.972167 240.606706 11.191211 1
92.646154 243.677939 -3.010173 1
94.364933 236.560264 -3.958385 1
99.371119 215.829028 -6.720190 1
102.158400 208.032648 -6.413516 1
107.751854 192.387041 -5.798095 1
107.751854 192.387041 -5.798095 1
86.712486 198.096743 22.394731 1
85.072528 178.670648 22.228899 1
83.041689 154.614392 22.023542 1
75.403300 131.941108 18.246246 1
69.045624 113.069404 15.102280 1
80.119823 104.253799 24.249824 1
87.095788 102.930305 28.383287 1
94.076696 198.542869 8.615306 1
98.247405 179.559600 10.143271 1
103.412144 156.051932 12.035403 1
101.528452 131.682765 11.607889 1
99.992207 111.808500 11.259230 1
114.476348 105.998031 17.621500 1
121.549378 105.819862 21.797947 1
91.502900 199.759200 16.056730 1
91.713243 208.578512 16.472584 1
91.068608 219.335375 16.375304 1
90.392489 229.633608 16.038459 1
90.328150 256.166641 15.386768 1
92.167267 262.500926 10.842635 1
88.323672 281.487056 4.398587 1
87.559131 240.819321 19.274565 1
85.665074 252.809748 27.432765 1
91.247695 247.979873 27.578543 1
107.507858 233.912164 28.003140 1
114.172166 229.035094 27.334027 1
127.545959 219.247900 25.991271 1
127.545959 219.247900 25.991271 1
91.096913 240.632843 11.333029 1
92.979539 243.902095 -2.797850 1
94.615375 236.764399 -3.742267 1
99.379980 215.974845 -6.493016 1
101.880304 208.080580 -6.218276 1
106.897897 192.238539 -5.666938 1
106.897897 192.238539 -5.666938 1
86.758500 198.075186 22.320077 1
85.117471 178.649265 22.144705 1
83.085307 154.593224 21.927535 1
75.416889 131.929433 18.154117 1
69.034219 113.065631 15.013379 1
80.074119 104.299225 24.249238 1
87.023677 102.947206 28.417803 1
94.211289 198.544886 8.589145 1
98.355743 179.557872 10.141824 1
103.487970 156.045567 12.064560 1
101.540047 131.681548 11.631515 1
99.951419 111.811481 11.278345 1
114.381993 105.960966 17.725078 1
121.427819 105.761811 21.946320 1
91.596700 199.739400 16.023290 1
91.790468 208.558508 16.451346 1
91.132609 219.314768 16.379308 1
90.451487 229.614306 16.096805 1
90.391096 256.151981 15.673860 1
92.324504 262.606817 11.343541 1
88.672782 281.747527 5.255004 1
87.597541 240.771792 19.411312 1
85.461040 252.406624 28.012480 1
90.518755 247.032040 28.231474 1
105.250057 231.377791 28.869323 1
111.075881 225.501168 28.455066 1
122.767021 213.708092 27.623749 1
122.767021 213.708092 27.623749 1
91.185715 240.653730 11.491101 1
93.224125 244.147850 -2.564148 1
94.787756 236.994646 -3.513529 1
99.342053 216.159924 -6.278735 1
101.630258 208.201645 -6.002249 1
106.222176 192.231143 -5.447408 1
106.222176 192.231143 -5.447408 1
86.814746 198.040180 22.253885 1
85.142446 178.616778 22.095783 1
83.071556 154.563856 21.899999 1
75.405410 131.904538 18.095231 1
69.024630 113.044459 14.928400 1
79.982533 104.299311 24.281319 1
86.891396 102.925166 28.509862 1
94.355004 198.538601 8.571808 1
98.441363 179.541865 10.159165 1
103.501648 156.017521 12.124844 1
101.559186 131.653891 11.647609 1
99.975011 111.784142 11.258399 1
114.337557 105.915493 17.839172 1
121.342522 105.706838 22.127430 1
91.691300 199.736000 16.016020 1
91.867214 208.553807 16.477302 1
91.189461 219.309040 16.450479 1
90.491073 229.608819 16.224619 1
90.388755 256.148688 15.988811 1
92.453738 262.722831 11.905781 1
89.018128 282.016668 6.185944 1
87.606004 240.737984 19.606709 1
85.207110 251.960543 28.673876 1
89.587347 246.031390 29.090139 1
102.345395 228.761884 30.302562 1
107.325883 222.141493 30.194437 1
117.320619 208.855837 29.977461 1
117.320619 208.855837 29.977461 1
91.225004 240.681683 11.699855 1
93.388294 244.365734 -2.288067 1
94.898360 237.204108 -3.260392 1
99.296642 216.344858 -6.092428 1
101.462459 208.353669 -5.781518 1
105.808771 192.317124 -5.157596 1
105.808771 192.317124 -5.157596 1
86.893479 198.004786 22.225574 1
85.177548 178.585028 22.088920 1
83.052629 154.536617 21.919694 1
75.351822 131.889860 18.110136 1
68.942193 113.040236 14.939318 1
79.846861 104.329668 24.386253 1
86.724928 102.925111 28.654818 1
94.474663 198.567972 8.568648 1
98.480273 179.556396 10.183922 1
103.440564 156.013677 12.184172 1
101.514099 131.649225 11.684612 1
99.942971 111.778805 11.277195 1
114.247237 105.900141 17.974928 1
121.216275 105.686248 22.321073 1
91.746100 199.790500 16.018660 1
91.931469 208.606270 16.513918 1
91.257141 219.361742 16.528808 1
90.543389 229.661293 16.344403 1
90.350455 256.201454 16.228954 1
92.530939 262.931457 12.472998 1
89.436093 282.390509 7.130777 1
87.603280 240.764905 19.762885 1
84.856685 251.432173 29.384717 1
88.405309 244.997808 30.106387 1
98.741167 226.256799 32.208347 1
102.903909 219.096778 32.436825 1
111.257612 204.728205 32.895338 1
111.257612 204.728205 32.895338 1
91.261234 240.757179 11.873780 1
93.472182 244.777321 -2.013776 1
94.944157 237.610129 -3.003349 1
99.231492 216.734668 -5.885622 1
101.320140 208.724778 -5.531016 1
105.511591 192.650705 -4.819405 1
105.511591 192.650705 -4.819405 1
86.940404 198.040898 22.216960 1
85.198226 178.623603 22.063365 1
83.040804 154.578243 21.873162 1
75.292995 131.946938 18.067084 1
68.844245 113.110175 14.899162 1
79.739204 104.414024 24.370549 1
86.610261 102.993943 28.645264 1
94.535270 198.647897 8.569517 1
98.491852 179.626045 10.184642 1
103.391429 156.070599 12.184708 1
101.458217 131.706963 11.671589 1
99.881586 111.837209 11.253115 1
114.158069 105.948418 18.001041 1
121.111031 105.729199 22.372596 1
91.839100 199.772100 15.958860 1
92.018019 208.586855 16.474155 1
91.326699 219.341171 16.517317 1
90.582269 229.639118 16.367907 1
90.271683 256.178414 16.370087 1
92.580565 263.075122 13.014622 1
89.936001 282.704492 8.068289 1
87.579603 240.714172 19.824445 1
84.350723 250.886007 29.825551 1
86.926364 244.049500 30.894582 1
94.428275 224.137195 34.008276 1
97.638290 216.519595 34.569074 1
104.080081 201.232761 35.694479 1
104.080081 201.232761 35.694479 1
91.267986 240.757983 11.949638 1
93.588834 245.117044 -1.817216 1
95.026241 237.945775 -2.827838 1
99.212893 217.058437 -5.771419 1
101.277261 209.044889 -5.361595 1
105.419988 192.963473 -4.539174 1
105.419988 192.963473 -4.539174 1
87.039977 198.004557 22.157163 1
85.164365 178.599238 22.081026 1
82.841705 154.568709 21.986742 1
75.374505 131.853287 18.121349 1
69.159313 112.946511 14.904058 1
80.007833 104.308219 24.481107 1
86.842008 102.925623 28.826648 1
94.622900 198.648736 8.504783 1
98.522857 179.613164 10.095805 1
103.352315 156.040728 12.066021 1
101.489807 131.671341 11.564615 1
99.970840 111.796897 11.155692 1
114.252550 105.963162 17.940280 1
121.198281 105.772793 22.324662 1
91.807000 199.744500 15.944060 1
91.970940 208.557469 16.493736 1
91.257347 219.310091 16.577487 1
90.484027 229.606343 16.461804 1
90.080021 256.144276 16.536626 1
92.491626 263.238288 13.705760 1
90.577773 283.058060 9.201770 1
87.444987 240.661288 19.950769 1
83.654473 250.455040 30.130576 1
85.316348 243.412415 31.598292 1
90.156784 222.899764 35.873214 1
92.598238 215.018187 36.625931 1
97.497696 199.201612 38.136474 1
97.497696 199.201612 38.136474 1
91.127286 240.739556 12.073383 1
93.607838 245.441013 -1.552226 1
95.055329 238.273974 -2.578346 1
99.271352 217.398957 -5.567067 1
101.356019 209.393916 -5.098014 1
105.539481 193.329573 -4.156734 1
105.539481 193.329573 -4.156734 1
87.020688 197.943997 22.142782 1
85.146620 178.538506 22.072825 1
82.825873 154.507763 21.986195 1
75.406009 131.770101 18.160615 1
69.230217 112.844813 14.976461 1
80.128578 104.298878 24.579746 1
86.963749 102.907899 28.921043 1
94.581218 198.655438 8.481326 1
98.446758 179.612175 10.064283 1
103.233596 156.030215 12.024514 1
101.425232 131.656815 11.519973 1
99.950422 111.779098 11.108494 1
114.212048 105.928340 17.920614 1
121.148080 105.729059 22.319927 1
91.804400 199.771000 15.939800 1
91.890249 208.584309 16.501642 1
91.094605 219.330995 16.605492 1
90.267860 229.623407 16.522109 1
89.788358 256.159448 16.720421 1
92.258482 263.436701 14.463272 1
91.323738 283.447927 10.532725 1
87.180127 240.653102 20.048042 1
82.753104 250.121887 30.278272 1
83.564082 243.016915 32.115741 1
85.926162 222.322674 37.467617 1
87.651490 214.290623 38.542759 1
91.113840 198.172078 40.700334 1
91.113840 198.172078 40.700334 1
90.901534 240.779076 12.189674 1
93.609031 245.801961 -1.277104 1
95.126234 238.647805 -2.292357 1
99.545302 217.810310 -5.249429 1
101.678666 209.822325 -4.713352 1
105.959851 193.792208 -3.637568 1
105.959851 193.792208 -3.637568 1
87.023772 197.920210 22.128089 1
85.162137 178.513689 22.021335 1
82.856785 154.481672 21.889137 1
75.323478 131.771962 18.119639 1
69.053265 112.869940 14.982165 1
79.952258 104.372154 24.627368 1
86.783365 102.967895 28.970784 1
94.600412 198.716448 8.480243 1
98.392045 179.660948 10.094386 1
103.087359 156.063834 12.093235 1
101.348685 131.686622 11.531187 1
99.930709 111.805796 11.072809 1
114.129405 105.945445 18.007047 1
121.026691 105.741124 22.466634 1
91.582300 199.761200 15.949280 1
91.618305 208.575451 16.501656 1
90.774396 219.318504 16.600409 1
89.920565 229.608826 16.533751 1
89.409241 256.143035 16.857800 1
91.965993 263.548115 15.189729 1
92.036203 283.686368 11.840407 1
86.763576 240.617483 20.064101 1
81.731346 249.824003 30.253835 1
81.789219 242.757551 32.393112 1
81.957774 222.175504 38.624047 1
82.975832 214.089273 40.115001 1
85.018848 197.862000 43.107020 1
85.018848 197.862000 43.107020 1
90.613097 240.786868 12.268514 1
93.599554 246.118819 -1.019277 1
95.234461 238.984606 -1.991224 1
99.996361 218.205199 -4.822159 1
102.204271 210.241822 -4.225265 1
106.635055 194.261088 -3.027436 1
106.635055 194.261088 -3.027436 1
86.757029 197.892911 22.097532 1
84.970956 178.479324 21.984886 1
82.759177 154.438555 21.845391 1
75.243327 131.721902 18.082890 1
68.987643 112.814101 14.951238 1
79.842038 104.371399 24.694607 1
86.645791 102.980880 29.085123 1
94.449020 198.712640 8.515762 1
98.206605 179.650637 10.132747 1
102.859757 156.045472 12.135116 1
101.216066 131.662388 11.542792 1
99.875553 111.776773 11.059722 1
113.997310 105.895993 18.132399 1
120.849010 105.680917 22.661214 1
91.198300 199.800600 16.009480 1
91.219353 208.615182 16.557334 1
90.368397 219.357763 16.646430 1
89.510789 229.647860 16.595311 1
88.979001 256.179529 17.062697 1
91.627484 263.648417 15.898265 1
92.670840 283.847943 13.130112 1
86.270024 240.634514 20.118286 1
80.712702 249.714832 30.147146 1
80.138439 242.738823 32.496639 1
78.465810 222.420203 39.339857 1
78.787342 214.363496 41.245799 1
79.432585 198.195473 45.070610 1
79.432585 198.195473 45.070610 1
90.293015 240.850905 12.411965 1
93.600626 246.453767 -0.686954 1
95.389634 239.346427 -1.581254 1
100.600373 218.645293 -4.186029 1
102.909270 210.714766 -3.536208 1
107.542714 194.799957 -2.232164 1
107.542714 194.799957 -2.232164 1
86.263040 197.933064 22.070030 1
84.592335 178.508987 22.005914 1
82.523422 154.455230 21.926516 1
75.102955 131.716814 18.106587 1
68.926662 112.790898 14.927136 1
79.639989 104.416032 24.882868 1
86.370581 103.048043 29.391634 1
94.200332 198.749450 8.629938 1
97.975193 179.690380 10.241236 1
102.649739 156.088846 12.236561 1
101.123164 131.696822 11.701664 1
99.878166 111.803916 11.265428 1
113.902999 105.919158 18.525183 1
120.693588 105.702006 23.145026 1
90.844000 199.815300 16.066620 1
90.833530 208.629836 16.615522 1
89.960671 219.370681 16.701936 1
89.096119 229.660275 16.670154 1
88.561113 256.188847 17.286061 1
91.289023 263.687096 16.586466 1
93.148173 283.886914 14.287984 1
85.771712 240.626759 20.178005 1
79.738684 249.599768 30.026949 1
78.648660 242.727078 32.495262 1
75.473805 222.709387 39.684560 1
75.233145 214.712887 41.839691 1
74.750191 198.665685 46.164568 1
74.750191 198.665685 46.164568 1
89.986213 240.888244 12.576144 1
93.669359 246.732785 -0.315318 1
95.621951 239.656988 -1.112236 1
101.309151 219.047726 -3.433375 1
103.720563 211.154748 -2.703628 1
108.559732 195.315293 -1.239191 1
108.559732 195.315293 -1.239191 1
85.802832 197.934976 22.035352 1
84.195613 178.505466 22.068481 1
82.205316 154.444980 22.109507 1
74.950910 131.663785 18.226011 1
68.912836 112.702265 14.993652 1
79.426493 104.395072 25.215389 1
86.057227 103.049182 29.876204 1
93.983599 198.772416 8.743365 1
97.684676 179.697931 10.343386 1
102.267853 156.077308 12.324746 1
100.897215 131.676047 11.788852 1
99.779391 111.775608 11.351803 1
113.679493 105.922796 18.872582 1
120.385221 105.722385 23.615499 1
90.424900 199.886200 16.145460 1
90.340480 208.705462 16.604739 1
89.411681 219.441955 16.592275 1
88.532230 229.730136 16.528099 1
88.035453 256.256384 17.264344 1
90.873271 263.740095 16.955301 1
93.255092 283.924253 15.032069 1
85.140922 240.686071 20.004732 1
78.662450 249.494390 29.718482 1
77.183979 242.714619 32.241063 1
72.877717 222.967567 39.588423 1
72.188915 215.043760 41.909061 1
70.806640 199.142438 46.566071 1
70.806640 199.142438 46.566071 1
89.550221 240.976520 12.515246 1
93.697224 246.972475 -0.164065 1
95.806841 239.929854 -0.846425 1
101.951398 219.417224 -2.833896 1
104.461154 211.566081 -1.992941 1
109.497676 195.810577 -0.305336 1
109.497676 195.810577 -0.305336 1
85.239976 198.029972 21.997445 1
83.698311 178.595123 22.005243 1
81.789193 154.528027 22.014900 1
74.752381 131.691626 18.056008 1
68.895416 112.684155 14.760894 1
79.177418 104.407715 25.239985 1
85.697438 103.072084 30.057315 1
93.764592 198.792669 8.918746 1
97.442612 179.705352 10.415582 1
101.997237 156.068839 12.269165 1
100.719328 131.666043 11.592514 1
99.677130 111.764352 11.040671 1
113.437183 105.867929 18.781697 1
120.062193 105.644381 23.635714 1
90.032000 199.968800 16.675370 1
89.916012 208.791822 17.047233 1
88.979998 219.527085 16.932742 1
88.125488 229.816966 16.821571 1
87.747702 256.343539 17.614625 1
90.625989 263.818132 17.638468 1
93.317159 283.978120 15.876480 1
84.696167 240.781983 20.231649 1
77.772776 249.427893 29.783032 1
76.073815 242.691255 32.282197 1
71.125343 223.069836 39.561357 1
70.244707 215.164697 41.880795 1
68.477461 199.300839 46.535397 1
68.477461 199.300839 46.535397 1
89.314002 241.067876 12.868731 1
93.947809 247.195223 0.422950 1
96.198533 240.185123 -0.131432 1
102.754085 219.767213 -1.746149 1
105.340762 211.957495 -0.764349 1
110.531649 196.285121 1.205900 1
110.531649 196.285121 1.205900 1
84.691140 198.156136 22.399373 1
83.255574 178.713198 22.361610 1
81.477845 154.636083 22.314846 1
74.667186 131.733240 18.344275 1
68.998457 112.670466 15.039440 1
79.082303 104.425406 25.733615 1
85.506780 103.100364 30.680494 1
93.572694 198.814260 9.554607 1
97.247229 179.718769 10.952474 1
101.797539 156.072134 12.683502 1
100.652247 131.666674 11.877785 1
99.718204 111.762810 11.220682 1
113.336686 105.834428 19.184450 1
119.879234 105.594344 24.148282 1
89.372300 200.024800 16.849000 1
89.293310 208.849288 17.194853 1
88.416401 219.588986 17.036657 1
87.618855 229.883110 16.898290 1
87.358248 256.410623 17.706899 1
90.264644 263.868689 17.998024 1
93.115998 284.013214 16.312784 1
84.151778 240.863192 20.220585 1
76.834626 249.345090 29.624346 1
75.099198 242.596417 32.065308 1
70.044513 222.939945 39.174942 1
69.113937 215.037020 41.482395 1
67.246473 199.177605 46.112947 1
67.246473 199.177605 46.112947 1
88.978352 241.130946 12.992088 1
94.087229 247.348955 0.779399 1
96.478631 240.375119 0.377645 1
103.443926 220.062832 -0.792521 1
106.096398 212.298526 0.359206 1
111.419321 196.717285 2.670461 1
111.419321 196.717285 2.670461 1
83.883957 198.255373 22.445603 1
82.562994 178.804276 22.444515 1
80.927183 154.717058 22.443167 1
74.385997 131.742552 18.433716 1
68.941558 112.620131 15.096521 1
78.841465 104.435793 26.007011 1
85.166748 103.132636 31.085772 1
93.079641 198.832520 9.819858 1
96.769896 179.737258 11.178898 1
101.339671 156.090905 12.861844 1
100.337372 131.680226 12.024287 1
99.519948 111.772106 11.341216 1
112.991282 105.825993 19.538608 1
119.445394 105.576558 24.616446 1
88.794000 200.042200 17.027310 1
88.746663 208.868209 17.338392 1
87.923298 219.611182 17.124617 1
87.175955 229.908458 16.946303 1
87.009541 256.437366 17.733720 1
89.937946 263.878178 18.195696 1
92.915664 284.011823 16.601449 1
83.663819 240.905792 20.162512 1
76.038524 249.227882 29.463681 1
74.423676 242.416833 31.812398 1
69.720196 222.578683 38.653356 1
68.914944 214.723617 41.162547 1
67.298980 198.960244 46.197943 1
67.298980 198.960244 46.197943 1
88.696310 241.147732 13.074905 1
94.210729 247.418937 1.067525 1
96.758098 240.492483 0.844488 1
104.177670 220.318203 0.194862 1
106.892160 212.602064 1.513671 1
112.339540 197.117482 4.160225 1
112.339540 197.117482 4.160225 1
83.155152 198.318828 22.486993 1
81.926641 178.861673 22.487151 1
80.405317 154.766953 22.487348 1
74.170873 131.704621 18.493442 1
68.981744 112.509100 15.169186 1
78.697029 104.392672 26.294256 1
84.922107 103.113284 31.501251 1
92.675775 198.806464 10.100585 1
96.347042 179.703599 11.403033 1
100.893303 156.047832 13.015899 1
100.080429 131.633338 12.089033 1
99.417490 111.722106 11.333127 1
112.711803 105.744042 19.792108 1
119.062089 105.477854 24.998375 1
88.274500 200.095500 17.095150 1
88.255426 208.921777 17.401601 1
87.479503 219.667783 17.164097 1
86.774690 229.967648 16.963499 1
86.678343 256.497275 17.738259 1
89.616608 263.930517 18.256117 1
92.677554 284.055599 16.712163 1
83.215475 240.978199 20.081225 1
75.334898 249.196526 29.261074 1
73.974449 242.272439 31.433813 1
70.011947 222.105048 37.762207 1
69.649770 214.269287 40.429827 1
68.922958 198.544652 45.783152 1
68.922958 198.544652 45.783152 1
88.436746 241.200137 13.130847 1
94.283110 247.488094 1.290422 1
96.966723 240.609742 1.257258 1
104.783127 220.575568 1.160661 1
107.561808 212.920241 2.684283 1
113.138005 197.557696 5.741847 1
113.138005 197.557696 5.741847 1
82.501426 198.397464 22.420846 1
81.345198 178.935927 22.463521 1
79.913386 154.835780 22.516367 1
73.951869 131.702911 18.513687 1
68.989907 112.448680 15.182128 1
78.497332 104.404522 26.536895 1
84.610695 103.149944 31.880496 1
92.313707 198.840811 10.262485 1
95.906582 179.721492 11.541892 1
100.355770 156.045348 13.126226 1
99.782107 131.628343 12.092737 1
99.314255 111.715063 11.249875 1
112.374170 105.680370 20.027771 1
118.590136 105.384435 25.392136 1
87.795300 200.179000 17.288000 1
87.787904 209.005887 17.576880 1
87.042825 219.753241 17.304215 1
86.371483 230.054799 17.077453 1
86.339132 256.584763 17.845988 1
89.297614 264.006956 18.405536 1
92.359737 284.123728 16.759033 1
82.766363 241.077262 20.098856 1
74.669160 249.188378 29.185061 1
73.654390 242.157681 31.198550 1
70.698725 221.679774 37.063105 1
70.930228 213.841363 39.737473 1
71.394800 198.111412 45.104343 1
71.394800 198.111412 45.104343 1
88.169709 241.281137 13.288498 1
94.293346 247.566956 1.587919 1
97.077302 240.730231 1.740829 1
105.185968 220.817301 2.186202 1
108.010492 213.226207 3.930875 1
113.678686 197.992564 7.432042 1
113.678686 197.992564 7.432042 1
81.896732 198.503535 22.481694 1
80.663525 179.047213 22.626073 1
79.136387 154.953524 22.804863 1
73.741566 131.694074 18.732440 1
69.251284 112.334485 15.342832 1
78.430052 104.328335 26.991099 1
84.365165 103.092867 32.536303 1
91.989120 198.902378 10.553250 1
95.483902 179.757589 11.718404 1
99.811616 156.049907 13.161254 1
99.469287 131.626334 12.181826 1
99.190101 111.707699 11.383054 1
112.083598 105.672592 20.403341 1
118.198184 105.376412 25.882969 1
87.376800 200.166000 17.443120 1
87.370284 208.993482 17.713224 1
86.634632 219.740461 17.402764 1
85.964944 230.041264 17.139756 1
85.889868 256.572782 17.849411 1
88.914292 263.964711 18.455136 1
91.961704 284.079235 16.754751 1
82.283548 241.066549 20.057096 1
74.042636 249.088008 29.093556 1
73.427554 241.973283 30.968912 1
71.636038 221.250634 36.431137 1
72.436197 213.450274 39.107079 1
74.041936 197.796684 44.477107 1
74.041936 197.796684 44.477107 1
87.835085 241.261210 13.366713 1
94.234112 247.503127 1.790662 1
97.089983 240.702138 2.114934 1
105.408116 220.893296 3.059420 1
108.284977 213.378572 5.034041 1
114.058201 198.298188 8.996663 1
114.058201 198.298188 8.996663 1
81.377376 198.505632 22.524934 1
80.319920 179.038534 22.588099 1
79.010423 154.931500 22.666320 1
73.503621 131.692777 18.625576 1
68.920133 112.350440 15.262334 1
78.021669 104.384409 26.998379 1
83.925951 103.158795 32.578573 1
91.699520 198.872206 10.793689 1
95.213040 179.729515 11.936742 1
99.563959 156.024430 13.352225 1
99.323652 131.605708 12.231667 1
99.127670 111.691029 11.317795 1
111.853437 105.611223 20.543907 1
117.873464 105.291541 26.125958 1
87.047800 200.209000 17.576820 1
87.038854 209.036922 17.832085 1
86.307696 219.783254 17.490236 1
85.637760 230.083093 17.192382 1
85.527801 256.616402 17.826521 1
88.556072 264.004090 18.463923 1
91.602345 284.116829 16.740537 1
81.897264 241.113113 20.015112 1
73.500271 249.058239 28.974995 1
73.309115 241.893498 30.748280 1
72.752339 221.025170 35.913209 1
74.140691 213.284169 38.520106 1
76.926801 197.749698 43.751577 1
76.926801 197.749698 43.751577 1
87.562987 241.294196 13.420761 1
94.154139 247.509781 1.938721 1
97.045359 240.733985 2.432707 1
105.466447 220.998515 3.871510 1
108.367612 213.559287 6.082314 1
114.189607 198.630405 10.518902 1
114.189607 198.630405 10.518902 1
80.972405 198.558072 22.570692 1
79.924486 179.090403 22.613560 1
78.626798 154.982662 22.666645 1
73.321345 131.695027 18.638125 1
68.905445 112.311980 15.285058 1
77.867199 104.384273 27.153873 1
83.695173 103.172904 32.816783 1
91.469685 198.903421 10.995244 1
94.945227 179.750339 12.078794 1
99.249117 156.032387 13.420592 1
99.101456 131.611577 12.329907 1
98.981031 111.695194 11.440399 1
111.597631 105.600279 20.805428 1
117.554051 105.272635 26.454846 1
86.819600 200.243000 17.687440 1
86.803663 209.071070 17.937192 1
86.070186 219.816592 17.575438 1
85.394081 230.115201 17.250251 1
85.238697 256.649857 17.814671 1
88.230696 264.051895 18.456881 1
91.267394 284.168281 16.759358 1
81.598218 241.147105 19.990505 1
73.072445 249.018198 28.893937 1
73.270348 241.838036 30.602940 1
73.846764 220.924789 35.580639 1
75.727594 213.227150 38.000423 1
79.502000 197.779695 42.856397 1
79.502000 197.779695 42.856397 1
87.358108 241.319362 13.478004 1
94.074058 247.517876 2.059227 1
96.967991 240.756601 2.711079 1
105.396982 221.063429 4.609690 1
108.269562 213.690848 7.067303 1
114.034194 198.895712 11.999184 1
114.034194 198.895712 11.999184 1
80.681670 198.592471 22.604382 1
79.638083 179.124526 22.617880 1
78.345759 155.016445 22.634594 1
73.191062 131.688644 18.642907 1
68.900643 112.272165 15.320496 1
77.740028 104.378949 27.303516 1
83.503526 103.179009 33.034438 1
91.325665 198.935352 11.163624 1
94.722332 179.763999 12.171546 1
98.928546 156.023422 13.419691 1
98.887442 131.603299 12.304667 1
98.853918 111.687477 11.395309 1
111.351763 105.589786 20.916464 1
117.237123 105.260692 26.639789 1
86.612200 200.268000 17.762230 1
86.602573 209.096056 18.012777 1
85.878167 219.841754 17.638167 1
85.197034 230.139342 17.291839 1
84.976296 256.674708 17.798118 1
87.932725 264.090234 18.449383 1
90.936409 284.214728 16.789636 1
81.343108 241.168474 19.961292 1
72.722266 248.965299 28.838489 1
73.238024 241.785960 30.483386 1
74.740236 220.875114 35.274367 1
77.023495 213.231357 37.511828 1
81.605488 197.892032 42.001921 1
81.605488 197.892032 42.001921 1
87.183226 241.339940 13.520616 1
94.012077 247.520412 2.159165 1
96.877951 240.760880 2.940242 1
105.225217 221.072783 5.215239 1
108.047089 213.759185 7.897563 1
113.709960 199.082416 13.280388 1
113.709960 199.082416 13.280388 1
80.416410 198.623367 22.608065 1
79.394191 179.154296 22.586765 1
78.128328 155.044820 22.560389 1
73.082602 131.683481 18.626020 1
68.882881 112.239088 15.351318 1
77.637024 104.387595 27.423990 1
83.354235 103.201824 33.204014 1
91.191640 198.956318 11.290525 1
94.541693 179.774205 12.248506 1
98.690185 156.020304 13.434805 1
98.683214 131.600491 12.312278 1
98.677529 111.684922 11.396800 1
111.082151 105.579028 21.033904 1
116.912735 105.245588 26.812773 1
86.418400 200.307000 17.838020 1
86.411597 209.135274 18.080852 1
85.695313 219.880741 17.684639 1
85.014418 230.177476 17.313352 1
84.757763 256.713540 17.762944 1
87.667439 264.145730 18.434495 1
90.589966 284.283295 16.788458 1
81.115644 241.207555 19.912848 1
72.350968 248.917253 28.725058 1
73.102232 241.750989 30.335918 1
75.290389 220.878227 35.027759 1
77.898068 213.268880 37.013803 1
83.131100 197.998608 40.999359 1
83.131100 197.998608 40.999359 1
87.034241 241.372704 13.544048 1
93.940399 247.508363 2.205059 1
96.750924 240.737152 3.080419 1
104.936975 221.015041 5.630028 1
107.697398 213.750169 8.502001 1
113.236956 199.171181 14.265410 1
113.236956 199.171181 14.265410 1
80.157627 198.670812 22.602509 1
79.156556 179.200681 22.558175 1
77.916883 155.089892 22.503275 1
72.996845 131.693923 18.615777 1
68.901739 112.220706 15.380087 1
77.532337 104.391433 27.555703 1
83.187721 103.213069 33.397734 1
91.082508 198.986574 11.428861 1
94.346551 179.785920 12.309152 1
98.388533 156.009057 13.399245 1
98.454269 131.589836 12.265815 1
98.507879 111.674749 11.341446 1
110.791563 105.550658 21.120863 1
116.552427 105.207618 26.968682 1
86.202800 200.317000 17.890730 1
86.208263 209.145346 18.130995 1
85.512477 219.891560 17.718842 1
84.839537 230.188132 17.329014 1
84.551630 256.724416 17.745447 1
87.393550 264.176820 18.480173 1
90.295760 284.318302 16.846158 1
80.891210 241.217372 19.856273 1
71.978462 248.852849 28.584185 1
72.878162 241.700491 30.180712 1
75.498660 220.868227 34.830809 1
78.271752 213.270795 36.629565 1
83.836731 198.024435 40.239273 1
83.836731 198.024435 40.239273 1
86.906657 241.381149 13.578833 1
93.965812 247.599254 2.379837 1
96.655658 240.786386 3.309432 1
104.490217 220.942940 6.017009 1
107.136645 213.698931 9.044759 1
112.447442 199.161808 15.120776 1
112.447442 199.161808 15.120776 1
79.863114 198.693707 22.554211 1
78.901281 179.221548 22.558447 1
77.710198 155.108247 22.563693 1
72.931761 131.682832 18.676895 1
68.954515 112.185105 15.441788 1
77.405596 104.387534 27.762805 1
82.969151 103.220089 33.694513 1
90.967103 198.986103 11.557889 1
94.217669 179.782019 12.412879 1
98.242963 156.000910 13.471642 1
98.313962 131.583018 12.310227 1
98.371864 111.669016 11.363035 1
110.530324 105.541750 21.295751 1
116.217080 105.197121 27.215569 1
85.981900 200.346000 17.949380 1
85.996863 209.174878 18.168763 1
85.324294 219.921289 17.724460 1
84.669547 230.218297 17.315617 1
84.391650 256.754549 17.740812 1
87.174632 264.222145 18.543729 1
90.010131 284.380766 17.006827 1
80.681750 241.248895 19.774041 1
71.589972 248.814604 28.377159 1
72.549609 241.668142 29.965168 1
75.344682 220.853053 34.590455 1
78.210689 213.269925 36.301799 1
83.962127 198.052269 39.736093 1
83.962127 198.052269 39.736093 1
86.814391 241.411870 13.611019 1
94.047138 247.686679 2.555335 1
96.608525 240.829468 3.521016 1
104.068928 220.856866 6.333699 1
106.560306 213.601182 9.463335 1
111.559950 199.040633 15.743815 1
111.559950 199.040633 15.743815 1
79.551428 198.743755 22.494332 1
78.617254 179.270526 22.598157 1
77.460421 155.155900 22.726729 1
72.913217 131.688179 18.817797 1
69.128434 112.155240 15.564268 1
77.321101 104.364216 28.062688 1
82.754023 103.200380 34.114967 1
90.864550 198.992501 11.712192 1
94.073946 179.779138 12.512498 1
98.048257 155.986538 13.503544 1
98.196198 131.571848 12.283557 1
98.316852 111.660456 11.288596 1
110.315435 105.498722 21.392921 1
115.908386 105.134215 27.400270 1
85.713500 200.385000 17.987450 1
85.749189 209.214578 18.173806 1
85.117088 219.961397 17.682450 1
84.497345 230.259381 17.244663 1
84.268223 256.796121 17.668477 1
87.008100 264.265955 18.590051 1
89.682141 284.458294 17.214888 1
80.480299 241.298368 19.616282 1
71.158937 248.757071 28.065779 1
72.093921 241.611038 29.670338 1
74.817189 220.797198 34.343831 1
77.726856 213.225919 36.033828 1
83.565910 198.032040 39.425282 1
83.565910 198.032040 39.425282 1
86.748135 241.448722 13.590480 1
94.222551 247.837297 2.763050 1
96.637267 240.930325 3.751721 1
103.670471 220.812787 6.631364 1
105.967628 213.508606 9.796571 1
110.577514 198.850732 16.148435 1
110.577514 198.850732 16.148435 1
79.174871 198.818457 22.388248 1
78.302720 179.343547 22.627741 1
77.222694 155.226840 22.924318 1
72.924429 131.718064 18.980576 1
69.346846 112.150953 15.698072 1
77.242273 104.357710 28.384992 1
82.524954 103.195452 34.569139 1
90.735267 198.993723 11.870183 1
93.945420 179.779502 12.646485 1
97.920670 155.985840 13.607805 1
98.082779 131.573131 12.350530 1
98.214987 111.663356 11.325160 1
110.043398 105.456391 21.600987 1
115.539865 105.067144 27.695210 1
85.292300 200.392000 18.040600 1
85.360898 209.221842 18.203803 1
84.782681 219.969747 17.671546 1
84.201331 230.268815 17.207383 1
83.992687 256.805614 17.638029 1
86.662432 264.282562 18.697446 1
89.276586 284.496592 17.543628 1
80.128370 241.311717 19.462550 1
70.526073 248.675591 27.677370 1
71.384340 241.527715 29.316224 1
73.884160 220.708508 34.089603 1
76.760870 213.131499 35.810067 1
82.533788 197.926122 39.262662 1
82.533788 197.926122 39.262662 1
86.575303 241.457079 13.628632 1
94.376487 247.908210 3.072191 1
96.656987 240.957079 4.070035 1
103.299267 220.710924 6.976398 1
105.379515 213.324912 10.101444 1
109.554112 198.502820 16.372715 1
109.554112 198.502820 16.372715 1
78.623749 198.865835 22.256759 1
77.868584 179.389368 22.689270 1
76.933427 155.270732 23.224869 1
72.897365 131.725430 19.222409 1
69.538022 112.127917 15.891033 1
77.069906 104.317776 28.786877 1
82.170113 103.149842 35.121311 1
90.480903 198.961939 12.073350 1
93.751430 179.759391 12.885654 1
97.801441 155.980184 13.891556 1
97.967790 131.575133 12.493992 1
98.103456 111.671603 11.354208 1
109.720291 105.443428 21.856081 1
115.084160 105.038258 28.066311 1
84.794600 200.372000 18.044370 1
84.917207 209.201622 18.186427 1
84.419173 219.951577 17.615869 1
83.896692 230.252724 17.128418 1
83.742259 256.789568 17.578687 1
86.313933 264.272259 18.823872 1
88.879560 284.504055 17.894313 1
79.778328 241.304166 19.255664 1
69.859482 248.556213 27.189032 1
70.596442 241.405917 28.875669 1
72.742936 220.579660 33.788226 1
75.524968 212.985643 35.587597 1
81.107885 197.746136 39.198542 1
81.107885 197.746136 39.198542 1
86.419366 241.438041 13.643412 1
94.564122 247.996471 3.417760 1
96.728466 241.010186 4.428716 1
103.032425 220.661639 7.373267 1
104.897646 213.172297 10.386112 1
108.640734 198.142847 16.432218 1
108.640734 198.142847 16.432218 1
77.988295 198.901899 22.055325 1
77.439689 179.425788 22.741092 1
76.760324 155.307595 23.590309 1
72.976853 131.726999 19.549074 1
69.827749 112.100110 16.185424 1
77.021269 104.285606 29.270420 1
81.947975 103.118997 35.740956 1
90.156281 198.890772 12.244966 1
93.519022 179.705868 13.096700 1
97.683226 155.948509 14.151430 1
97.888055 131.550355 12.642970 1
98.055103 111.652449 11.412746 1
109.434714 105.362614 22.135282 1
114.662456 104.922839 28.458218 1
