54 35
99.098700 173.206200 10.757650 1
98.700781 180.018932 11.433018 1
97.747403 189.456884 11.873632 1
96.397348 198.384030 13.003614 1
92.375801 220.512522 19.417909 1
93.817368 227.355394 20.373228 1
93.728693 245.017164 23.790075 1
90.816266 206.948446 15.653634 1
82.026401 215.539354 19.531478 1
86.929965 211.990044 21.916366 1
101.212265 201.652201 28.862675 1
108.138397 202.453277 26.696941 1
122.037676 204.060872 22.350770 1
122.037676 204.060872 22.350770 1
98.036248 208.781465 13.856639 1
108.203378 215.758596 10.108009 1
112.524120 212.489088 13.709641 1
125.108866 202.966205 24.199882 1
125.502072 198.584295 30.026346 1
126.291157 189.790728 41.718825 1
126.291157 189.790728 41.718825 1
93.054322 171.665140 10.917035 1
94.307079 155.408749 16.329893 1
95.858427 135.277703 23.032886 1
97.751382 114.224640 20.075300 1
99.326947 96.701512 17.613608 1
99.887517 90.370025 31.035392 1
101.098350 89.568851 38.128067 1
104.946173 172.582343 8.671352 1
107.212221 155.951104 12.333184 1
110.018346 135.356082 16.867752 1
111.058954 113.986206 14.363987 1
111.907620 96.558029 12.322044 1
115.678800 90.174022 25.189402 1
116.829415 89.344756 32.288922 1
99.196100 173.151200 10.765820 1
98.820226 179.957327 11.516246 1
97.856753 189.389803 12.043613 1
96.439924 198.300607 13.219880 1
92.123649 220.366871 19.656955 1
93.239398 227.249932 20.749761 1
92.762513 244.873950 24.325705 1
90.747377 206.774755 15.922477 1
81.554805 214.962895 19.737460 1
86.242757 211.322974 22.402854 1
99.897055 200.721215 30.166175 1
107.027403 201.653610 28.904351 1
121.336502 203.524733 26.372137 1
121.336502 203.524733 26.372137 1
97.916188 208.724595 14.045363 1
107.770224 216.162739 10.347375 1
112.231424 212.855097 13.736688 1
125.225272 203.221143 23.608524 1
125.799851 198.863625 29.438217 1
126.952913 190.119008 41.137177 1
126.952913 190.119008 41.137177 1
93.151252 171.619633 10.986928 1
94.413677 155.367920 16.411573 1
95.976997 135.242666 23.129163 1
97.828715 114.196975 20.094018 1
99.369957 96.679983 17.567772 1
100.058069 90.315802 30.968143 1
101.336807 89.497168 38.046893 1
105.015118 172.538186 8.598329 1
107.424900 155.932760 12.285451 1
110.409016 135.369702 16.851337 1
111.275008 113.991329 14.353640 1
111.981265 96.556221 12.316647 1
116.021860 90.170434 25.101073 1
117.321134 89.340115 32.174774 1
99.406600 173.136200 10.773760 1
99.050389 179.935370 11.593624 1
98.072552 189.361743 12.198061 1
96.588195 198.257225 13.406583 1
91.992385 220.274475 19.817931 1
92.677271 227.180254 21.105097 1
91.849624 244.773744 24.766369 1
90.792970 206.644225 16.162285 1
81.141979 214.346068 19.855944 1
85.484141 210.556161 22.874633 1
98.131278 199.517549 31.666974 1
105.332855 200.713680 31.567038 1
119.784894 203.114068 31.366487 1
119.784894 203.114068 31.366487 1
97.897027 208.708617 14.165303 1
107.373466 216.635032 10.494857 1
111.955619 213.216207 13.600620 1
125.301760 203.258420 22.646574 1
126.054033 198.931772 28.479038 1
127.563688 190.249106 40.183557 1
127.563688 190.249106 40.183557 1
93.364333 171.608518 11.077018 1
94.630141 155.358512 16.505985 1
96.197652 135.235371 23.228928 1
97.940416 114.196226 20.085812 1
99.390973 96.684682 17.469698 1
100.248170 90.299877 30.850496 1
101.616936 89.470080 37.911086 1
105.189608 172.537826 8.508027 1
107.712625 155.960072 12.243606 1
110.836963 135.431281 16.869496 1
111.365195 114.035719 14.425280 1
111.795994 96.586594 12.431903 1
116.166593 90.235786 25.124868 1
117.647344 89.424382 32.165023 1
99.767400 173.145100 10.810160 1
99.410073 179.934344 11.708082 1
98.397000 189.351150 12.397613 1
96.843369 198.230698 13.635878 1
92.001264 220.212596 19.986968 1
92.286679 227.107992 21.466057 1
91.136377 244.660824 25.233776 1
90.959315 206.545228 16.422775 1
80.873463 213.727266 20.000071 1
84.770348 209.777397 23.397581 1
96.120555 198.272874 33.293289 1
103.162229 199.781531 34.494213 1
117.293375 202.809091 36.904211 1
117.293375 202.809091 36.904211 1
98.004166 208.704740 14.319475 1
107.105157 217.066742 10.665436 1
111.767280 213.499663 13.470931 1
125.346343 203.110062 21.642315 1
126.266387 198.798671 27.462011 1
128.112724 190.146622 39.140907 1
128.112724 190.146622 39.140907 1
93.735383 171.598733 11.208019 1
94.980375 155.348109 16.639951 1
96.522107 135.224204 23.366565 1
98.087151 114.188759 20.107311 1
99.389785 96.680295 17.394532 1
100.414904 90.296743 30.764111 1
101.872179 89.467616 37.807045 1
105.509245 172.585475 8.432596 1
108.088415 156.027800 12.218542 1
111.282290 135.523875 16.906804 1
111.368868 114.112065 14.550920 1
111.439476 96.649689 12.629582 1
116.132636 90.454877 25.284415 1
117.785434 89.727586 32.295413 1
100.311400 173.220600 10.946510 1
100.004269 180.006728 11.885614 1
99.004994 189.422256 12.611765 1
97.393973 198.293506 13.836091 1
92.247841 220.253632 20.021262 1
92.120757 227.098335 21.738686 1
90.674827 244.591567 25.677841 1
91.401121 206.532458 16.615602 1
80.893095 213.181154 20.003721 1
84.300993 209.120999 23.776203 1
94.226961 197.295255 34.764070 1
100.837604 199.194191 37.212922 1
114.103764 203.004956 42.127248 1
114.103764 203.004956 42.127248 1
98.377442 208.793141 14.393545 1
107.102312 217.536096 10.713804 1
111.806041 213.805273 13.221023 1
125.506285 202.938746 20.523638 1
126.571593 198.613088 26.307861 1
128.709445 189.932410 37.915571 1
128.709445 189.932410 37.915571 1
94.283707 171.697507 11.477437 1
95.527316 155.398946 16.764118 1
97.067334 135.215677 23.310861 1
98.407125 114.181615 19.944072 1
99.522274 96.674303 17.141788 1
100.851907 90.291031 30.484658 1
102.469396 89.462037 37.492548 1
105.993811 172.648807 8.432941 1
108.609478 156.107951 12.267062 1
111.848547 135.624853 17.014980 1
111.513989 114.203648 14.769240 1
111.241140 96.733610 12.937730 1
116.335829 90.732272 25.530361 1
118.201606 90.108816 32.497782 1
100.989600 173.256000 11.071760 1
100.694343 180.035657 12.060120 1
99.664569 189.444923 12.823850 1
97.964157 198.303660 14.017505 1
92.460600 220.246188 19.952359 1
91.995407 227.017508 21.888456 1
90.133708 244.412851 26.078557 1
91.844827 206.461385 16.760794 1
80.955808 212.565464 19.965883 1
83.847327 208.419782 24.062551 1
92.269269 196.344926 35.994652 1
98.199747 198.751681 39.507543 1
110.100959 203.581532 46.557168 1
110.100959 203.581532 46.557168 1
98.742270 208.828075 14.406786 1
107.122309 217.854934 10.612860 1
111.843430 213.968530 12.834824 1
125.594335 202.648853 19.306594 1
126.750672 198.271002 25.033787 1
129.071199 189.485584 36.527050 1
129.071199 189.485584 36.527050 1
94.974346 171.723542 11.706634 1
96.165493 155.405243 16.944281 1
97.640546 135.197532 23.430303 1
98.677646 114.170781 19.914308 1
99.540855 96.669553 16.987836 1
101.072848 90.286133 30.308917 1
102.796493 89.457070 37.291447 1
106.624004 172.705988 8.447689 1
109.145097 156.163485 12.337647 1
112.267051 135.678347 17.154711 1
111.499320 114.254404 15.045557 1
110.873196 96.782132 13.325440 1
116.195917 90.983443 25.918696 1
118.177303 90.468255 32.863008 1
101.869200 173.285800 11.327050 1
101.587091 180.063702 12.331162 1
100.522223 189.469013 13.095479 1
98.722395 198.314811 14.238251 1
92.822749 220.225187 19.905326 1
91.989195 226.913563 21.999716 1
89.894359 244.235015 26.381472 1
92.464644 206.380905 16.939912 1
81.272785 211.981897 20.017945 1
83.597341 207.786706 24.414200 1
90.367928 195.567647 37.218888 1
95.434873 198.534698 41.557795 1
105.603157 204.488944 50.265061 1
105.603157 204.488944 50.265061 1
99.275211 208.858503 14.450942 1
107.332268 218.115197 10.513866 1
112.060726 214.074129 12.422190 1
125.833000 202.303971 17.980442 1
127.064641 197.873011 23.650810 1
129.536286 188.981011 35.030038 1
129.536286 188.981011 35.030038 1
95.872129 171.743914 12.096792 1
96.998895 155.396772 17.258188 1
98.394222 135.153344 23.649785 1
99.054764 114.151626 19.900972 1
99.604552 96.671235 16.780719 1
101.383166 90.287864 30.071143 1
103.235905 89.458833 37.020538 1
107.443075 172.747335 8.574461 1
109.800535 156.219078 12.624302 1
112.719857 135.751582 17.639354 1
111.547677 114.336077 15.633011 1
110.591706 96.870687 13.996740 1
116.103394 91.189259 26.562126 1
118.182768 90.736500 33.482096 1
102.773100 173.289500 11.570450 1
102.509445 180.066779 12.583742 1
101.412945 189.468846 13.343232 1
99.506920 198.298521 14.437463 1
93.169831 220.148163 19.861544 1
92.043187 226.767890 22.035372 1
89.764989 244.046759 26.493099 1
93.097727 206.256384 17.104854 1
81.693810 211.439773 20.135741 1
83.471875 207.234475 24.770846 1
88.650733 194.985979 38.271218 1
92.788001 198.557385 43.111829 1
101.090621 205.724444 52.825906 1
101.090621 205.724444 52.825906 1
99.814835 208.854228 14.487808 1
107.619405 218.238196 10.348611 1
112.356159 214.061569 11.913603 1
126.152594 201.896579 16.471856 1
127.446425 197.405308 22.080592 1
130.042872 188.392279 33.336137 1
130.042872 188.392279 33.336137 1
96.794022 171.744860 12.464592 1
97.852039 155.371686 17.557570 1
99.162230 135.096021 23.864442 1
99.430189 114.127028 19.890577 1
99.653219 96.673875 16.583004 1
101.668982 90.290546 29.839553 1
103.645547 89.461548 36.754752 1
108.288421 172.754631 8.701667 1
110.470099 156.212804 12.794383 1
113.171746 135.728503 17.862529 1
111.747880 114.328263 15.856137 1
110.586647 96.875322 14.219826 1
116.218575 91.174434 26.722926 1
118.365381 90.711359 33.621590 1
103.790200 173.302400 11.831140 1
103.517988 180.080696 12.835328 1
102.358083 189.477424 13.566159 1
100.324117 198.286440 14.594582 1
93.526387 220.062996 19.748092 1
92.161659 226.630210 21.944649 1
89.781937 243.888309 26.429708 1
93.761463 206.126337 17.238045 1
82.176975 210.877212 20.292871 1
83.475885 206.648637 25.063850 1
87.259136 194.332346 38.959974 1
90.542675 198.670608 43.828371 1
97.132042 207.376583 53.598211 1
97.132042 207.376583 53.598211 1
100.362120 208.845747 14.453552 1
107.869448 218.362951 10.075655 1
112.593276 214.056776 11.289146 1
126.352062 201.514460 14.823604 1
127.708378 196.939518 20.349338 1
130.430219 187.758578 31.438317 1
130.430219 187.758578 31.438317 1
97.835389 171.735481 12.840971 1
98.787572 155.333122 17.860397 1
99.966704 135.021316 24.076187 1
99.799984 114.093927 19.883495 1
99.661217 96.675402 16.393787 1
101.865762 90.292092 29.620260 1
103.940708 89.463104 36.506580 1
109.252641 172.783757 8.860025 1
111.259074 156.205514 12.894649 1
113.743710 135.676119 17.890857 1
112.117986 114.292236 15.863578 1
110.792127 96.852635 14.210234 1
116.519865 91.108866 26.650025 1
118.722119 90.623009 33.529618 1
104.853000 173.320600 12.101720 1
104.571749 180.099176 13.101512 1
103.349213 189.489561 13.811503 1
101.188615 198.274791 14.783609 1
93.928859 219.958022 19.694781 1
92.405443 226.501752 21.856826 1
89.898214 243.771163 26.227420 1
94.472550 205.992908 17.399987 1
82.750027 210.368309 20.488910 1
83.620191 206.240773 25.442344 1
86.154665 194.218774 39.869896 1
88.515572 199.258673 44.595250 1
93.253411 209.372688 54.078030 1
93.253411 209.372688 54.078030 1
100.963547 208.828250 14.476791 1
108.187651 218.448615 9.854669 1
112.891028 214.033440 10.700082 1
126.590249 201.173645 13.162461 1
128.055959 196.538802 18.609787 1
130.997330 187.237654 29.541416 1
130.997330 187.237654 29.541416 1
98.922969 171.731836 13.217667 1
99.750318 155.298122 18.156003 1
100.774864 134.947486 24.271375 1
100.162832 114.069475 19.878639 1
99.653419 96.692048 16.222427 1
102.026157 90.308706 29.419749 1
104.188626 89.479691 36.279085 1
110.264633 172.819155 9.036176 1
112.064143 156.210057 13.041384 1
114.292539 135.642451 18.001166 1
112.363468 114.284374 15.967812 1
110.790215 96.865820 14.309512 1
116.617367 91.125124 26.704470 1
118.874513 90.640926 33.566366 1
105.909900 173.298100 12.299500 1
105.634729 180.075415 13.309485 1
104.369615 189.459821 14.023913 1
102.099516 198.220060 14.971703 1
94.413485 219.788088 19.739436 1
92.770832 226.337276 21.795031 1
90.120183 243.632280 25.975665 1
95.243626 205.814224 17.588140 1
83.413899 209.847477 20.733543 1
83.977602 205.890774 25.867449 1
85.619464 194.366347 40.820648 1
87.107529 200.070297 45.128088 1
90.093759 211.516920 53.772206 1
90.093759 211.516920 53.772206 1
101.633108 208.761817 14.554414 1
108.574215 218.469937 9.688558 1
113.245087 213.963246 10.139039 1
126.849632 200.836896 11.451127 1
128.449648 196.128635 16.796748 1
131.660543 186.680153 27.524277 1
131.660543 186.680153 27.524277 1
100.002885 171.698438 13.517296 1
100.702234 155.232755 18.368157 1
101.568272 134.842532 24.375204 1
100.519971 114.016964 19.819013 1
99.647436 96.683189 16.026754 1
102.199885 90.299901 29.190526 1
104.455617 89.470936 36.019766 1
111.268143 172.808189 9.139754 1
112.845276 156.173816 13.133798 1
114.798294 135.574913 18.079756 1
112.597505 114.244913 16.027700 1
110.802654 96.849257 14.354149 1
116.703808 91.096857 26.708603 1
119.002668 90.606435 33.556194 1
106.938000 173.235400 12.455120 1
106.665011 180.013331 13.461557 1
105.356873 189.392089 14.172667 1
102.988176 198.127348 15.109657 1
94.939007 219.575250 19.819707 1
93.217061 226.141081 21.753720 1
90.389424 243.469509 25.671743 1
96.020096 205.603314 17.769752 1
84.119845 209.309322 21.048878 1
84.522509 205.550734 26.344265 1
85.695324 194.603343 41.767800 1
86.421136 200.978118 45.251889 1
87.877687 213.770944 52.243713 1
87.877687 213.770944 52.243713 1
102.301225 208.653624 14.613759 1
108.984728 218.408286 9.487308 1
113.604057 213.827095 9.556142 1
127.058479 200.483758 9.756629 1
128.857893 195.759584 15.024240 1
132.468940 186.279169 25.595218 1
132.468940 186.279169 25.595218 1
101.058130 171.623201 13.782792 1
101.630947 155.138104 18.584053 1
102.340292 134.723839 24.529680 1
100.838358 113.968961 19.781913 1
99.588251 96.694022 15.830199 1
102.314130 90.310672 28.959125 1
104.659824 89.481648 35.757982 1
112.238700 172.754227 9.198462 1
113.610632 156.112826 13.238718 1
115.309543 135.505219 18.241900 1
112.878503 114.205936 16.131486 1
110.895869 96.835330 14.410340 1
116.853278 91.034792 26.715188 1
119.186389 90.518757 33.549300 1
107.921800 173.083600 12.558670 1
107.655293 179.860802 13.571728 1
106.312222 189.233551 14.296812 1
103.856872 197.943689 15.244539 1
95.486482 219.266467 19.962789 1
93.761826 225.873671 21.747743 1
90.775441 243.236135 25.387412 1
96.793958 205.305214 17.972817 1
84.874967 208.735508 21.476224 1
85.198755 205.221296 26.942092 1
86.141831 194.985681 42.862177 1
86.185858 201.731989 45.653023 1
86.274210 215.270402 51.253656 1
86.274210 215.270402 51.253656 1
102.967450 208.452475 14.701728 1
109.461733 218.163562 9.259101 1
114.021972 213.534836 8.928400 1
127.304282 200.053043 7.965191 1
129.325721 195.365721 13.184985 1
133.382322 185.959261 23.660003 1
133.382322 185.959261 23.660003 1
102.070374 171.460526 13.994364 1
102.533553 154.972620 18.797807 1
103.107128 134.554876 24.746136 1
101.165376 113.889454 19.773010 1
99.549194 96.688972 15.633722 1
102.430396 90.305583 28.729419 1
104.856401 89.476561 35.500036 1
113.162263 172.612697 9.204483 1
114.378856 155.983779 13.344663 1
115.885406 135.391631 18.471585 1
113.179512 114.132650 16.290492 1
110.972722 96.794914 14.511705 1
117.014758 90.923890 26.741633 1
119.399404 90.370257 33.554983 1
108.827200 172.885700 12.577240 1
108.563610 179.663297 13.588421 1
107.180424 189.028928 14.329874 1
104.639353 197.710340 15.314500 1
95.974769 218.885939 20.162711 1
94.323231 225.559969 21.758140 1
91.252770 242.964886 25.114023 1
97.498792 204.946710 18.172407 1
85.647683 208.241805 22.019053 1
86.183897 204.983025 27.624682 1
87.745693 195.491394 43.951838 1
87.333144 202.506042 45.933743 1
86.505245 216.582956 49.911002 1
86.505245 216.582956 49.911002 1
103.545414 208.199743 14.770436 1
109.898816 217.768966 8.925149 1
114.418618 213.140681 8.231885 1
127.583151 199.660173 6.212660 1
129.862849 195.021806 11.369399 1
134.437724 185.713586 21.717881 1
134.437724 185.713586 21.717881 1
103.013819 171.247515 14.144314 1
103.347315 154.768047 18.987305 1
103.760299 134.360752 24.984606 1
101.414109 113.798065 19.766049 1
99.461300 96.683093 15.422480 1
102.466836 90.299786 28.490242 1
104.957055 89.470815 35.237511 1
113.993247 172.425904 9.108044 1
115.104514 155.826716 13.394550 1
116.480635 135.271383 18.702672 1
113.505058 114.054328 16.465305 1
111.078329 96.750784 14.640623 1
117.248475 90.805361 26.770236 1
119.709556 90.211986 33.552991 1
109.575000 172.745400 12.618050 1
109.303192 179.531726 13.566563 1
107.871398 188.893467 14.263547 1
105.252334 197.548674 15.274158 1
96.374151 218.583256 20.344700 1
94.827340 225.328141 21.733783 1
91.737809 242.775089 24.844990 1
98.077691 204.667728 18.334200 1
86.389764 207.889646 22.706241 1
87.454167 204.955171 28.414669 1
90.554383 196.408121 45.041241 1
89.839040 203.616677 45.951431 1
88.403498 218.082721 47.777984 1
88.403498 218.082721 47.777984 1
103.961447 208.016411 14.744630 1
110.131940 217.411727 8.439379 1
114.595523 212.789465 7.418903 1
127.596314 199.326504 4.446629 1
130.185804 194.775859 9.534811 1
135.382365 185.643678 19.745714 1
135.382365 185.643678 19.745714 1
103.806882 171.097601 14.335125 1
104.069759 154.612077 19.161826 1
104.395292 134.197283 25.138955 1
101.669362 113.737294 19.705704 1
99.400484 96.707801 15.183440 1
102.577828 90.324393 28.210444 1
105.156693 89.495364 34.924325 1
114.661983 172.273085 9.035552 1
115.775806 155.701454 13.426742 1
117.155091 135.180247 18.864499 1
113.919714 114.002339 16.616866 1
111.281106 96.730722 14.783811 1
117.684605 90.690543 26.744483 1
120.283100 90.046410 33.471124 1
110.245200 172.674700 12.756300 1
109.918723 179.474811 13.580730 1
108.390015 188.828540 14.171335 1
105.684495 197.455878 15.192431 1
96.688709 218.368440 20.552167 1
95.264094 225.184734 21.702926 1
92.153739 242.673092 24.549652 1
98.530822 204.473022 18.524842 1
87.132338 207.700986 23.600068 1
89.234058 205.085287 29.174217 1
95.355601 197.466715 45.409683 1
95.179967 204.757360 45.754778 1
94.827505 219.388139 46.447306 1
94.827505 219.388139 46.447306 1
104.203480 207.899155 14.677784 1
110.128358 217.042804 7.793555 1
114.535206 212.440163 6.479922 1
127.370747 199.034347 2.653790 1
130.277283 194.606833 7.678987 1
136.110089 185.721752 17.763491 1
136.110089 185.721752 17.763491 1
104.544144 170.996084 14.657610 1
104.737254 154.473539 19.359405 1
104.976391 134.012901 25.181857 1
101.891316 113.633641 19.638382 1
99.323509 96.671341 15.024374 1
102.713441 90.287498 27.997468 1
105.401820 89.458229 34.668222 1
115.241141 172.189561 9.049551 1
116.351909 155.609926 13.411201 1
117.727412 135.078807 18.812377 1
114.263596 113.928712 16.644711 1
111.438684 96.679778 14.876874 1
118.149084 90.613403 26.654645 1
120.922511 89.955210 33.309693 1
110.524200 172.620900 12.549690 1
110.304599 179.426793 13.361713 1
108.850247 188.789824 13.991402 1
106.153242 197.406769 15.117393 1
97.119580 218.199727 20.864744 1
95.833407 225.089950 21.693131 1
92.697367 242.626164 24.196585 1
99.071038 204.326382 18.789131 1
88.177318 207.768179 24.754364 1
91.451297 205.625099 29.952298 1
100.987204 199.383095 45.091987 1
101.505697 206.665566 45.106542 1
102.546200 221.279944 45.135749 1
102.546200 221.279944 45.135749 1
104.486153 207.824039 14.646643 1
110.117607 216.634427 7.112262 1
114.479701 212.072869 5.532838 1
127.184887 198.786714 0.932553 1
130.436166 194.491940 5.860791 1
136.960797 185.873237 15.750719 1
136.960797 185.873237 15.750719 1
104.911054 171.004584 14.743974 1
105.169324 154.433226 19.267474 1
105.489153 133.912141 24.869136 1
102.080307 113.596106 19.283389 1
99.243017 96.686430 14.634198 1
103.245650 90.302898 27.431686 1
106.247934 89.473818 33.967200 1
115.321140 172.073903 8.596851 1
116.619525 155.554645 13.132313 1
118.227360 135.098293 18.748726 1
114.716813 113.936107 16.783721 1
111.853789 96.677312 15.181163 1
119.073520 90.543666 26.617952 1
122.141470 89.849309 33.138714 1
110.777100 172.680700 12.399600 1
110.586097 179.490190 13.188365 1
109.127322 188.850418 13.848743 1
106.410645 197.445600 15.088082 1
97.385545 218.112025 21.287486 1
96.322301 225.077049 21.704143 1
93.203302 242.677434 23.733702 1
99.428328 204.266043 19.119098 1
89.312012 208.214665 26.059680 1
93.538525 207.273682 30.915747 1
105.848817 204.532950 45.059700 1
104.724539 211.680629 44.084961 1
102.468348 226.024506 42.128865 1
102.468348 226.024506 42.128865 1
104.570144 207.837057 14.700177 1
109.946787 216.179083 6.477925 1
114.254904 211.672620 4.617232 1
126.802875 198.546938 -0.802286 1
130.415528 194.421994 4.018191 1
137.665361 186.144105 13.691867 1
137.665361 186.144105 13.691867 1
105.268066 171.069888 14.847170 1
105.533062 154.452062 19.196460 1
105.861218 133.873435 24.582389 1
102.213133 113.592837 19.019034 1
99.176716 96.712657 14.388481 1
103.638339 90.329379 27.033398 1
106.874460 89.500403 33.456352 1
115.395465 172.119116 8.241464 1
116.773710 155.612327 12.798708 1
118.480438 135.171416 18.442094 1
114.946831 113.994183 16.692321 1
112.065002 96.723115 15.265296 1
119.690327 90.624736 26.455043 1
122.986719 89.949268 32.865373 1
110.898500 172.764300 12.417650 1
110.648694 179.582529 13.108398 1
109.104513 188.932112 13.723864 1
106.352389 197.499931 15.069873 1
97.460331 218.033387 21.873892 1
96.620537 225.040492 21.769648 1
93.395113 242.665565 23.374095 1
99.521802 204.223272 19.503840 1
90.521498 209.207955 27.265965 1
95.861517 209.388931 30.978335 1
111.415044 209.916056 41.791115 1
111.925852 217.155430 40.994896 1
112.950930 231.683322 39.397051 1
112.950930 231.683322 39.397051 1
104.394411 207.874857 14.851864 1
109.550247 215.650032 5.959893 1
113.763892 211.186633 3.802693 1
126.036704 198.186380 -2.480443 1
130.059041 194.273715 2.190240 1
138.131023 186.421825 11.563312 1
138.131023 186.421825 11.563312 1
105.488370 171.127064 15.060513 1
105.761763 154.457615 19.207001 1
106.100319 133.815058 24.341791 1
102.305162 113.554572 18.803598 1
99.146334 96.691132 14.193987 1
103.918359 90.307789 26.725027 1
107.311846 89.478782 33.066242 1
115.391896 172.192424 8.126133 1
116.821769 155.669378 12.607929 1
118.592428 135.208334 18.157885 1
115.087586 114.012703 16.581619 1
112.229215 96.726632 15.296098 1
120.175717 90.684161 26.291001 1
123.651005 90.038709 32.609272 1
110.895400 172.859400 12.410440 1
110.566287 179.680635 13.035113 1
108.932929 189.015267 13.647319 1
106.182414 197.559929 15.136232 1
97.619001 217.995559 22.622161 1
97.011218 224.997263 21.972249 1
93.504942 242.592988 23.282712 1
99.577779 204.217738 19.991403 1
91.761355 210.711451 27.918465 1
97.764712 211.716596 30.216211 1
115.250301 214.644224 36.908705 1
120.332641 219.865761 36.451762 1
130.531819 230.344283 35.534773 1
130.531819 230.344283 35.534773 1
104.199595 207.932427 15.137829 1
109.159977 215.085140 5.633281 1
113.213561 210.638712 3.157804 1
125.020173 197.687891 -4.052358 1
129.401341 193.971430 0.452831 1
138.193418 186.513280 9.493787 1
138.193418 186.513280 9.493787 1
105.581744 171.175455 15.214752 1
105.921567 154.472573 19.219363 1
106.342385 133.788615 24.178459 1
102.404223 113.543382 18.684507 1
99.126367 96.692638 14.111718 1
104.181246 90.309398 26.531408 1
107.717548 89.480472 32.794113 1
115.280468 172.303541 8.006241 1
116.787562 155.761145 12.390291 1
118.653847 135.276139 17.819206 1
115.149215 114.066715 16.440385 1
112.291015 96.769394 15.315890 1
120.547187 90.830131 26.137490 1
124.190307 90.240044 32.365993 1
110.767500 172.996300 12.410710 1
110.352061 179.818121 12.974586 1
108.653703 189.139459 13.611947 1
106.002062 197.679186 15.295784 1
98.207579 218.095407 23.627058 1
97.861185 225.010275 22.255834 1
93.786102 242.502764 23.269429 1
99.798621 204.340869 20.649251 1
93.411416 212.643449 28.157506 1
99.689843 213.927601 29.281141 1
117.976610 217.667875 32.553878 1
124.294305 221.239796 31.759185 1
136.972580 228.407888 30.164404 1
136.972580 228.407888 30.164404 1
104.179509 208.076801 15.592778 1
109.006263 214.411010 5.459498 1
112.761646 209.903262 2.647460 1
123.699709 196.773838 -5.542979 1
128.388645 193.196559 -1.239447 1
137.798349 186.017718 7.396828 1
137.798349 186.017718 7.396828 1
105.581894 171.261400 15.416436 1
106.021301 154.510277 19.203973 1
106.565439 133.766579 23.894256 1
102.450117 113.543305 18.449498 1
99.024805 96.710838 13.917655 1
104.483317 90.327421 26.165221 1
108.222608 89.498415 32.308875 1
115.005156 172.459681 7.862185 1
116.632013 155.898838 12.132304 1
118.646606 135.390989 17.420134 1
115.200037 114.158550 16.267762 1
112.389190 96.842459 15.327947 1
121.034956 91.038823 25.916375 1
124.887931 90.521087 32.023855 1
110.509400 173.145000 12.600960 1
110.095101 179.968945 13.139393 1
108.468571 189.299803 13.823136 1
106.083538 197.889363 15.646462 1
99.537721 218.534993 24.472354 1
99.386928 225.290845 22.434862 1
95.023861 242.737248 22.890384 1
100.455643 204.744861 21.377887 1
95.439229 214.162983 28.605452 1
101.870488 215.095919 28.919749 1
120.602400 217.813231 29.835177 1
127.200741 220.435143 28.134912 1
140.442213 225.696768 24.722839 1
140.442213 225.696768 24.722839 1
104.653356 208.343701 16.072717 1
109.330359 213.817224 5.383035 1
112.591988 209.170443 2.205071 1
122.091925 195.636067 -7.051178 1
127.032548 192.074758 -3.024920 1
136.947334 184.927965 5.054925 1
136.947334 184.927965 5.054925 1
105.484988 171.411734 15.869882 1
106.016662 154.587941 19.307318 1
106.675058 133.754253 23.564057 1
102.417863 113.536976 18.206814 1
98.874465 96.709499 13.747813 1
104.941809 90.326464 25.705676 1
108.985278 89.497630 31.653567 1
114.520102 172.592846 7.852890 1
116.375392 156.030578 12.023172 1
118.672862 135.520963 17.187371 1
115.411463 114.249062 16.242488 1
112.751632 96.900789 15.471891 1
121.923852 91.222958 25.678696 1
126.067285 90.772274 31.598462 1
110.106500 173.279100 12.885140 1
109.758675 180.110934 13.367673 1
108.273458 189.467400 14.022413 1
106.181234 198.132045 15.849973 1
100.852743 219.126879 24.670986 1
100.880942 225.753323 22.240945 1
96.729414 243.257197 22.245223 1
101.154098 205.260935 21.802042 1
96.955373 214.974277 29.158999 1
103.436601 215.530793 29.039722 1
122.314052 217.151728 28.692311 1
128.953638 218.993789 26.278570 1
142.277879 222.690418 21.434703 1
142.277879 222.690418 21.434703 1
105.092061 208.631510 16.158555 1
109.317610 213.490909 4.994590 1
111.990282 208.662029 1.549450 1
119.774803 194.597264 -8.484986 1
124.897486 190.992626 -4.734234 1
135.177627 183.758882 2.792729 1
135.177627 183.758882 2.792729 1
105.245762 171.612662 16.425054 1
105.725390 154.702291 19.416369 1
106.319336 133.761390 23.120654 1
101.975787 113.525586 17.904539 1
98.360513 96.682688 13.563004 1
105.063775 90.298258 25.175566 1
109.420606 89.469398 30.897893 1
113.866506 172.650491 7.945304 1
115.974779 156.099559 12.039681 1
118.585525 135.603982 17.109883 1
115.573224 114.291470 16.257746 1
113.116545 96.910075 15.562787 1
122.805567 91.255546 25.293943 1
127.247342 90.817239 30.994233 1
109.768200 173.338500 13.085600 1
109.515741 180.177046 13.530945 1
108.212080 189.561776 14.167589 1
106.428916 198.296430 15.989562 1
102.251447 219.573667 24.753929 1
102.548299 226.083693 22.043379 1
98.965760 243.710710 21.770409 1
101.914034 205.676323 22.045412 1
98.471824 215.706328 29.370255 1
104.964598 215.830229 28.971775 1
123.875679 216.191114 27.811149 1
130.368947 217.462748 24.725074 1
143.399557 220.014652 18.531973 1
143.399557 220.014652 18.531973 1
105.751213 208.832636 16.211800 1
109.784938 213.153416 4.759157 1
111.836457 208.165407 1.120300 1
117.811781 193.637153 -9.478362 1
123.053654 189.959932 -5.970621 1
133.572984 182.580529 1.068670 1
133.572984 182.580529 1.068670 1
105.028801 171.752446 16.821547 1
105.415318 154.783312 19.474422 1
105.893960 133.769641 22.759601 1
101.412767 113.559075 17.562104 1
97.682928 96.737184 13.236065 1
104.790696 90.373413 24.617116 1
109.364263 89.545557 30.167896 1
113.328214 172.632676 8.009885 1
115.669637 156.115419 12.113547 1
118.569100 135.661543 17.195247 1
115.750613 114.322883 16.334422 1
113.451998 96.920165 15.632378 1
123.506420 91.277765 24.992837 1
128.161492 90.845893 30.520818 1
109.409900 173.393500 13.212410 1
109.243793 180.236050 13.636322 1
108.114159 189.644731 14.251663 1
106.622358 198.441426 16.036638 1
103.507482 219.973889 24.617823 1
104.070345 226.397459 21.747878 1
101.223541 244.156016 21.360360 1
102.555592 206.068528 22.103681 1
99.821557 216.401999 29.304205 1
106.295700 216.111091 28.728800 1
125.152517 215.263786 27.052852 1
131.542313 216.051512 23.609971 1
144.365278 217.632315 16.700836 1
144.365278 217.632315 16.700836 1
106.365266 208.998152 16.135351 1
110.329454 212.786138 4.471754 1
111.879023 207.693210 0.731277 1
116.392354 192.859368 -10.163367 1
121.666003 189.094803 -6.798831 1
132.249103 181.540118 -0.046922 1
132.249103 181.540118 -0.046922 1
104.738640 171.874600 17.060402 1
105.087455 154.879402 19.546409 1
105.519409 133.833455 22.624948 1
101.178277 113.614620 17.341453 1
97.565016 96.785846 12.943834 1
104.861045 90.377012 24.179539 1
109.534727 89.532886 29.643802 1
112.846367 172.628977 8.060617 1
115.363733 156.137858 12.165241 1
118.481072 135.716350 17.248133 1
115.838444 114.356837 16.347550 1
113.683250 96.937113 15.613082 1
123.954143 91.302931 24.740568 1
128.736277 90.875429 30.159352 1
109.087600 173.424600 13.296700 1
108.970774 180.268842 13.709592 1
107.967967 189.693011 14.307438 1
106.718343 198.535037 16.053993 1
104.527517 220.254024 24.448759 1
105.356385 226.573517 21.416825 1
103.347374 244.445572 20.999247 1
103.030889 206.367396 22.101897 1
100.904852 216.994426 29.076804 1
107.341762 216.336540 28.395906 1
126.090134 214.420364 26.412696 1
132.403596 214.699523 22.756784 1
145.073377 215.259739 15.420141 1
145.073377 215.259739 15.420141 1
106.845897 209.094577 16.041742 1
110.810695 212.343474 4.216846 1
111.951361 207.157376 0.457389 1
115.273703 192.052164 -10.492538 1
120.561583 188.169870 -7.287922 1
131.173238 180.378929 -0.856940 1
131.173238 180.378929 -0.856940 1
104.447113 171.943320 17.196247 1
104.971340 154.982957 19.881376 1
105.620513 133.980148 23.206498 1
101.237775 113.793357 17.835544 1
97.589884 96.991255 13.365131 1
104.960401 90.333642 24.405871 1
109.702697 89.434663 29.801841 1
112.464753 172.628284 8.110614 1
115.086657 156.152181 12.210096 1
118.333447 135.749269 17.286619 1
115.828648 114.374771 16.348484 1
113.785861 96.942824 15.583389 1
124.162502 91.335108 24.606975 1
129.003720 90.921632 29.974137 1
108.800700 173.463500 13.371520 1
108.707174 180.308456 13.778480 1
107.791529 189.742646 14.357832 1
106.734022 198.619091 16.056018 1
105.307931 220.487854 24.223617 1
106.421205 226.688618 21.041355 1
105.210897 244.626645 20.422355 1
103.360889 206.627957 22.056047 1
101.715360 217.470406 28.826324 1
108.111355 216.496754 28.138208 1
126.740555 213.660867 26.133976 1
132.975401 213.483520 22.339418 1
145.487416 213.127625 14.724542 1
145.487416 213.127625 14.724542 1
107.182620 209.168996 15.919699 1
111.156530 211.876546 3.962260 1
112.003175 206.626920 0.213278 1
114.469144 191.336675 -10.706140 1
119.634115 187.204578 -7.615463 1
129.999118 178.912333 -1.413132 1
129.999118 178.912333 -1.413132 1
104.177835 172.000150 17.298669 1
104.767070 155.044173 19.997984 1
105.496747 134.046796 23.340672 1
101.249049 113.849783 17.900105 1
97.713555 97.039172 13.371751 1
105.135816 90.298375 24.327021 1
109.905261 89.463789 29.709389 1
112.146003 172.651926 8.167189 1
114.837013 156.186650 12.265387 1
118.169380 135.797144 17.340322 1
115.788821 114.410288 16.361220 1
113.847357 96.968264 15.562716 1
124.266282 91.367260 24.541638 1
129.131665 90.957324 29.887176 1
108.497900 173.456300 13.460340 1
108.475947 180.301770 13.868803 1
107.691160 189.748950 14.428181 1
106.822011 198.659245 16.054424 1
106.021350 220.679387 23.893969 1
107.361131 226.789665 20.625156 1
106.855539 244.757210 19.895427 1
103.698971 206.843914 21.951720 1
102.371671 217.844193 28.534673 1
108.724625 216.590499 27.903423 1
127.228463 212.938952 26.064819 1
133.392205 212.342767 22.197483 1
145.761528 211.146354 14.436557 1
145.761528 211.146354 14.436557 1
107.544804 209.190493 15.753300 1
111.537863 211.444222 3.708413 1
112.189542 206.133358 0.007024 1
114.087644 190.664747 -10.773773 1
119.130659 186.396637 -7.666577 1
129.250923 177.831443 -1.431095 1
129.250923 177.831443 -1.431095 1
103.886952 172.038740 17.418174 1
104.539280 155.070610 20.025028 1
105.347090 134.058183 23.253216 1
101.209394 113.837082 17.817349 1
97.765460 97.006424 13.292907 1
105.345620 90.279830 24.148338 1
110.188674 89.452079 29.465638 1
111.799949 172.612151 8.233615 1
114.594898 156.169172 12.351720 1
118.055979 135.807278 17.451306 1
115.801659 114.408440 16.435870 1
113.963150 96.956644 15.607733 1
124.438459 91.336316 24.508636 1
129.340208 90.916127 29.820045 1
108.213900 173.479400 13.549500 1
108.252574 180.326102 13.935457 1
107.568526 189.783977 14.444065 1
106.827863 198.721886 15.979849 1
106.425280 220.870587 23.480458 1
107.944196 226.905521 20.150575 1
108.034051 244.875532 19.319038 1
103.863351 207.048088 21.759669 1
102.686646 218.146772 28.204645 1
109.002056 216.673870 27.678913 1
127.396546 212.383850 26.147642 1
133.493811 211.389447 22.256890 1
145.729730 209.393895 14.448972 1
145.729730 209.393895 14.448972 1
107.727098 209.233515 15.513659 1
111.736704 211.112606 3.410139 1
112.311671 205.741274 -0.215941 1
113.986341 190.096543 -10.777388 1
118.885956 185.756356 -7.543198 1
128.718446 177.046521 -1.052866 1
128.718446 177.046521 -1.052866 1
103.602908 172.114889 17.525884 1
104.141478 155.095138 19.801114 1
104.808414 134.018786 22.618637 1
100.954544 113.722437 17.255058 1
97.746846 96.829147 12.790784 1
105.473052 90.264127 23.642167 1
110.360243 89.435258 28.918754 1
111.492562 172.589516 8.315644 1
114.352634 156.157025 12.430897 1
117.894358 135.808118 17.526951 1
115.739072 114.401263 16.466480 1
113.981331 96.942928 15.601614 1
124.499318 91.301533 24.438630 1
129.429574 90.870148 29.722688 1
108.079400 173.546100 13.629490 1
108.124460 180.394250 13.988090 1
107.465060 189.856815 14.438719 1
106.772218 198.812592 15.890429 1
106.547598 221.057261 23.109182 1
108.222393 227.039439 19.758919 1
108.738663 245.001986 18.921544 1
103.870153 207.236423 21.559415 1
102.723454 218.397677 27.900913 1
109.004772 216.747020 27.512813 1
127.299961 211.939261 26.382417 1
133.334852 210.638257 22.484864 1
145.445598 208.027421 14.663299 1
145.445598 208.027421 14.663299 1
107.762072 209.309405 15.292598 1
111.821926 210.887609 3.162883 1
112.456987 205.452389 -0.356398 1
114.306690 189.621578 -10.606778 1
119.089683 185.274417 -7.211397 1
128.688138 176.550587 -0.397591 1
128.688138 176.550587 -0.397591 1
103.442746 172.203408 17.583398 1
103.945262 155.166801 19.737505 1
104.567551 134.069577 22.405035 1
100.865897 113.722140 17.128519 1
97.784892 96.786327 12.736709 1
105.522883 90.271107 23.609688 1
110.407578 89.442137 28.888569 1
111.388473 172.631006 8.419172 1
114.223877 156.190252 12.518462 1
117.735053 135.831113 17.594749 1
115.641599 114.420353 16.490176 1
113.934285 96.958832 15.589343 1
124.418454 91.325107 24.471325 1
129.327362 90.897781 29.775549 1
108.023000 173.588200 13.701680 1
108.073768 180.437547 14.035816 1
107.428554 189.903626 14.429594 1
106.744786 198.873118 15.798575 1
106.518081 221.200632 22.756801 1
108.323324 227.154381 19.423693 1
109.049274 245.109904 18.591222 1
103.811104 207.371413 21.338683 1
102.571350 218.565410 27.604507 1
108.814715 216.745129 27.411592 1
126.999361 211.443318 26.849695 1
133.004998 209.942548 22.978849 1
145.057038 206.930823 15.210878 1
145.057038 206.930823 15.210878 1
107.775879 209.359058 15.089914 1
111.977744 210.710658 2.981214 1
112.707130 205.222079 -0.435473 1
114.831564 189.235852 -10.387035 1
119.496556 184.938039 -6.771777 1
128.858207 176.313240 0.483279 1
128.858207 176.313240 0.483279 1
103.332679 172.266883 17.599087 1
103.819123 155.222973 19.698409 1
104.421509 134.116704 22.298097 1
100.855910 113.720067 17.118737 1
97.888149 96.743304 12.807794 1
105.566254 90.255465 23.739442 1
110.417570 89.426459 29.049009 1
111.398950 172.649091 8.538754 1
114.188945 156.195738 12.618608 1
117.643889 135.820998 17.670826 1
115.544802 114.413254 16.519464 1
113.832893 96.954194 15.580472 1
124.252972 91.331515 24.544495 1
129.122009 90.910026 29.885807 1
108.048500 173.625800 13.750350 1
108.098447 180.476704 14.051024 1
107.447097 189.944889 14.378474 1
106.728631 198.923416 15.668160 1
106.328915 221.313934 22.412869 1
108.217951 227.265485 19.122545 1
108.972460 245.221661 18.330542 1
103.691212 207.461990 21.089151 1
102.184117 218.683508 27.246205 1
108.382670 216.707792 27.315089 1
126.436793 210.953257 27.515719 1
132.479789 209.404078 23.722874 1
144.606800 206.295207 16.111433 1
144.606800 206.295207 16.111433 1
107.730830 209.406085 14.874711 1
112.092571 210.622906 2.808325 1
112.958466 205.083720 -0.492871 1
115.480505 188.950092 -10.108049 1
120.035866 184.737156 -6.260544 1
129.177512 176.282686 1.460580 1
129.177512 176.282686 1.460580 1
103.292964 172.326900 17.575596 1
103.733489 155.278780 19.650736 1
104.279011 134.167298 22.220479 1
100.844474 113.724498 17.135407 1
97.985800 96.709312 12.902943 1
105.550651 90.255267 23.933111 1
110.341548 89.425754 29.297180 1
111.509369 172.658762 8.649174 1
114.217414 156.196831 12.749590 1
117.570876 135.811468 17.827270 1
115.431378 114.410412 16.626997 1
113.686512 96.956807 15.648115 1
123.991662 91.327734 24.740073 1
128.793256 90.902867 30.141828 1
108.140900 173.659900 13.790980 1
108.221327 180.512153 14.051645 1
107.590667 189.984616 14.281229 1
106.821684 198.978340 15.427980 1
106.082807 221.487161 21.736166 1
108.089720 227.480949 18.595712 1
108.804172 245.446082 17.992090 1
103.589573 207.590687 20.614621 1
101.614928 218.662953 26.908174 1
107.742398 216.521784 27.355103 1
125.589487 210.285343 28.656839 1
131.727875 208.866980 24.967412 1
144.046319 206.020630 17.563511 1
144.046319 206.020630 17.563511 1
107.756587 209.452502 14.459386 1
112.371770 210.668472 2.487560 1
113.400316 205.080407 -0.681962 1
116.396096 188.804411 -9.913622 1
120.812986 184.688593 -5.808192 1
129.676751 176.429017 2.430534 1
129.676751 176.429017 2.430534 1
103.296145 172.409482 17.519193 1
103.691592 155.361062 19.600940 1
104.181292 134.249209 22.178864 1
100.855410 113.763287 17.196138 1
98.087172 96.712209 13.048859 1
105.505304 90.264153 24.181700 1
110.223766 89.435090 29.609664 1
111.706878 172.643495 8.772465 1
114.324264 156.176626 12.911738 1
117.565461 135.785147 18.037537 1
115.374571 114.394292 16.751208 1
113.587792 96.949006 15.702144 1
123.735230 91.256243 24.930806 1
128.452094 90.797562 30.403976 1
108.283700 173.712900 13.842650 1
108.370620 180.566852 14.051370 1
107.733692 190.040961 14.167974 1
106.895956 199.046316 15.165578 1
105.790946 221.656233 21.044079 1
107.898218 227.720527 18.111608 1
108.544775 245.695178 17.772928 1
103.451983 207.719175 20.109349 1
100.854430 218.590859 26.525136 1
106.855014 216.236187 27.407610 1
124.332528 209.377891 29.977934 1
130.596394 208.153399 26.432792 1
143.166646 205.696106 19.318440 1
143.166646 205.696106 19.318440 1
107.762638 209.509829 14.032419 1
112.666078 210.747516 2.177988 1
113.907092 205.120436 -0.842955 1
117.521712 188.730803 -9.641861 1
121.733894 184.712364 -5.235830 1
130.186853 176.648208 3.606138 1
130.186853 176.648208 3.606138 1
103.333415 172.500878 17.442713 1
103.673482 155.456039 19.563198 1
104.094603 134.348619 22.189092 1
100.904268 113.812779 17.324619 1
98.248851 96.720153 13.275765 1
105.421495 90.259863 24.561336 1
110.021767 89.430835 30.089829 1
111.987447 172.650219 8.934723 1
114.468373 156.161035 13.069200 1
117.540588 135.741923 18.189060 1
115.297575 114.363395 16.792386 1
113.468287 96.928161 15.653332 1
123.409968 91.176407 25.067501 1
128.013039 90.686352 30.634040 1
108.520500 173.724500 13.853540 1
108.599500 180.579800 14.016049 1
107.941832 190.053204 14.025351 1
107.022773 199.065483 14.878339 1
105.513757 221.755847 20.342446 1
107.744738 227.893997 17.666351 1
108.354543 245.873109 17.644661 1
103.338903 207.782622 19.564585 1
100.046550 218.456633 25.993350 1
105.853009 215.847201 27.337279 1
122.765109 208.246883 31.251653 1
129.224432 207.250271 27.997833 1
142.186923 205.250285 21.468102 1
142.186923 205.250285 21.468102 1
107.825869 209.517346 13.600094 1
113.070436 210.924964 1.911799 1
114.478570 205.253771 -0.949142 1
118.579951 188.735655 -9.282016 1
122.602873 184.827199 -4.608313 1
130.676028 176.983756 4.770818 1
130.676028 176.983756 4.770818 1
103.454290 172.536316 17.296868 1
103.715461 155.501293 19.505585 1
104.038881 134.406030 22.240743 1
100.975845 113.827429 17.476179 1
98.426382 96.699212 13.510484 1
105.259035 90.239275 25.005281 1
109.692260 89.410217 30.668601 1
112.384335 172.628235 9.078212 1
114.702058 156.109693 13.190148 1
117.572172 135.654226 18.282094 1
115.175183 114.299186 16.785436 1
113.220320 96.883108 15.564839 1
122.928038 91.062476 25.178720 1
127.402185 90.535750 30.846113 1
108.752500 173.743000 13.811520 1
108.818073 180.599053 13.945736 1
108.141141 190.070831 13.873600 1
107.152437 199.085824 14.612386 1
105.283191 221.823559 19.758983 1
107.574963 228.030140 17.300978 1
108.148888 246.009544 17.481193 1
103.229615 207.828288 19.050977 1
99.214493 218.300072 25.401068 1
104.744606 215.385217 27.204321 1
120.851812 206.895314 32.456535 1
127.493019 206.069272 29.538411 1
140.820516 204.411586 23.682351 1
140.820516 204.411586 23.682351 1
107.939607 209.528358 13.250716 1
113.629525 211.009481 1.781879 1
115.235642 205.312891 -0.919879 1
119.913675 188.720801 -8.789114 1
123.701951 184.862825 -3.883157 1
131.304222 177.120684 5.962057 1
131.304222 177.120684 5.962057 1
103.561287 172.564113 17.066718 1
103.742197 155.544178 19.396464 1
103.966226 134.467597 22.281497 1
101.044924 113.843232 17.627079 1
98.613432 96.676923 13.753061 1
105.045096 90.252735 25.496560 1
109.274709 89.423871 31.313550 1
112.794843 172.629992 9.190324 1
114.938930 156.095110 13.330696 1
117.594027 135.619410 18.457854 1
115.076121 114.285298 16.864396 1
113.022645 96.886289 15.564852 1
122.425691 91.032681 25.457490 1
126.724996 90.488380 31.257015 1
108.997300 173.639900 13.697720 1
109.027939 180.496373 13.822707 1
108.311651 189.964561 13.687252 1
107.245903 198.979067 14.316783 1
105.033856 221.760893 19.121092 1
107.345675 228.048117 16.898042 1
107.833825 246.027825 17.233645 1
103.105576 207.743340 18.507906 1
98.300044 217.911669 24.801956 1
103.475842 214.684344 27.065964 1
118.551059 205.284328 33.660192 1
125.372053 204.580931 31.153659 1
139.060342 203.169364 26.123575 1
139.060342 203.169364 26.123575 1
108.007555 209.410534 12.859159 1
114.095707 210.975341 1.607985 1
115.944682 205.261792 -0.895392 1
121.330071 188.620308 -8.186816 1
124.840426 184.755742 -3.083290 1
131.884968 177.000378 7.158403 1
131.884968 177.000378 7.158403 1
103.678311 172.443600 16.732847 1
103.848780 155.458478 19.304857 1
104.059880 134.425010 22.489897 1
101.164983 113.806715 17.792287 1
98.755470 96.645458 13.882319 1
104.677470 90.268143 25.915857 1
108.654264 89.439667 31.908582 1
113.235909 172.537237 9.253274 1
115.187851 155.996909 13.466299 1
117.605006 135.514465 18.683427 1
114.930940 114.213378 16.912446 1
112.750108 96.841302 15.468126 1
121.750912 90.922703 25.690746 1
125.822939 90.343661 31.648773 1
109.084900 173.599000 13.592080 1
109.188518 180.454025 13.752340 1
108.556306 189.927928 13.599179 1
107.474764 198.946873 14.130545 1
104.888141 221.765082 18.560544 1
107.277515 228.108968 16.595437 1
107.732742 246.086396 17.070497 1
103.068798 207.730896 17.996899 1
97.619393 217.693077 24.092968 1
102.423851 214.196969 26.743377 1
116.417486 204.014086 34.463049 1
123.402146 203.273329 32.470753 1
137.418878 201.786791 28.472635 1
137.418878 201.786791 28.472635 1
108.259573 209.366564 12.602669 1
114.925638 211.043405 1.700609 1
116.971719 205.307538 -0.589288 1
122.931206 188.601049 -7.258925 1
126.123920 184.689302 -1.985573 1
132.531024 176.839253 8.596926 1
132.531024 176.839253 8.596926 1
103.629393 172.450958 16.394618 1
103.748808 155.491560 19.133816 1
103.896685 134.489946 22.525893 1
101.159805 113.820238 17.961384 1
98.881814 96.616189 14.162200 1
104.419748 90.232260 26.373793 1
108.198456 89.403154 32.493267 1
113.494216 172.467131 9.324577 1
115.322678 155.926856 13.592847 1
117.586926 135.444478 18.878387 1
114.810293 114.168048 16.973884 1
112.545812 96.816081 15.420669 1
121.202427 90.844405 25.906296 1
125.080433 90.236975 31.989623 1
109.234800 173.586500 13.436510 1
109.345517 180.441132 13.608405 1
108.734360 189.915790 13.420396 1
107.632957 198.937067 13.864136 1
104.815682 221.783615 17.997461 1
107.217875 228.200733 16.304617 1
107.682568 246.168310 17.060303 1
103.035378 207.743990 17.444733 1
97.003150 217.550135 23.237390 1
101.400782 213.825559 26.257094 1
114.209485 202.977233 35.052390 1
121.301656 202.155058 33.526421 1
135.534140 200.505132 30.464122 1
135.534140 200.505132 30.464122 1
108.485855 209.346408 12.302570 1
115.668722 211.172452 1.758610 1
117.885997 205.406692 -0.283436 1
124.344112 188.613137 -6.231171 1
127.174147 184.705792 -0.751482 1
132.853430 176.864578 10.245091 1
132.853430 176.864578 10.245091 1
103.661818 172.447143 16.001371 1
103.729314 155.527098 18.975627 1
103.812897 134.574218 22.658788 1
101.195735 113.871825 18.172871 1
99.017389 96.640571 14.439103 1
104.070198 90.257736 26.859844 1
107.605499 89.428984 33.123136 1
113.820681 172.449583 9.360741 1
115.474774 155.901905 13.671239 1
117.523095 135.410357 19.009070 1
114.656953 114.157812 16.974900 1
112.319474 96.825324 15.315935 1
120.580387 90.819543 26.097131 1
124.233233 90.193869 32.316458 1
109.288800 173.543900 13.317730 1
109.384097 180.398363 13.504918 1
108.772872 189.872535 13.294054 1
107.650347 198.894451 13.666094 1
104.652541 221.762721 17.544438 1
107.054342 228.248251 16.135574 1
107.560842 246.199916 17.185344 1
102.896297 207.720278 16.986348 1
96.370206 217.403116 22.441245 1
100.361341 213.477056 25.755931 1
111.986067 202.041878 35.410399 1
119.141265 201.045099 34.355406 1
133.500232 199.044777 32.238259 1
133.500232 199.044777 32.238259 1
108.575691 209.295305 12.089302 1
116.216839 211.278858 1.901982 1
118.585742 205.487579 0.118829 1
125.485492 188.619695 -5.074843 1
127.926646 184.729418 0.600538 1
132.825528 176.922456 11.989823 1
132.825528 176.922456 11.989823 1
103.615991 172.394039 15.648358 1
103.618823 155.519643 18.872239 1
103.622331 134.623291 22.864521 1
101.119400 113.890576 18.454088 1
99.036131 96.634084 14.783148 1
103.593954 90.250512 27.393561 1
106.878989 89.421343 33.791611 1
114.040500 172.418841 9.433098 1
115.504852 155.858946 13.765263 1
117.318208 135.352271 19.129927 1
114.374228 114.122546 16.972374 1
111.973267 96.808669 15.212785 1
119.823195 90.788073 26.288764 1
123.241258 90.154488 32.639370 1
109.309400 173.515900 13.278910 1
109.379892 180.371156 13.447067 1
108.759585 189.843103 13.172391 1
107.611541 198.865294 13.447173 1
104.438962 221.757399 17.034990 1
106.858825 228.291559 15.910419 1
107.455459 246.220677 17.256374 1
102.715557 207.709980 16.500231 1
95.757435 217.241388 21.680956 1
99.361997 213.151956 25.232564 1
109.860776 201.240933 35.577102 1
117.042551 200.089996 34.943948 1
131.454853 197.780313 33.673340 1
131.454853 197.780313 33.673340 1
108.597766 209.255736 11.838950 1
116.663692 211.328076 2.002825 1
119.152426 205.508835 0.495214 1
126.401201 188.559510 -3.895905 1
128.392188 184.733317 1.994736 1
132.387680 177.054959 13.816004 1
132.387680 177.054959 13.816004 1
103.547823 172.358745 15.376527 1
103.504088 155.519964 18.781261 1
103.449928 134.667717 22.997501 1
101.074079 113.906639 18.650656 1
99.096585 96.626540 15.032641 1
103.192463 90.243788 27.800981 1
106.242391 89.415073 34.314444 1
114.220634 172.390740 9.598072 1
115.546365 155.814261 13.911409 1
117.188062 135.287050 19.252758 1
114.186058 114.079768 16.958753 1
111.737776 96.784195 15.087880 1
119.213314 90.731117 26.402597 1
122.420231 90.080103 32.860666 1
109.278700 173.503800 13.230150 1
109.322208 180.359655 13.382263 1
108.689273 189.829084 13.054675 1
107.517769 198.850346 13.249215 1
104.193328 221.756858 16.599736 1
106.639342 228.318791 15.720138 1
107.355216 246.216402 17.388635 1
102.500054 207.705808 16.064110 1
95.201794 217.137169 20.951640 1
98.473206 212.909877 24.660834 1
108.001641 200.597323 35.464362 1
115.181909 199.292133 35.255412 1
129.591187 196.672897 34.836091 1
129.591187 196.672897 34.836091 1
108.561188 209.233775 11.631813 1
117.006968 211.364223 2.132702 1
119.627805 205.530157 0.938913 1
127.261348 188.537650 -2.538158 1
128.956734 184.751277 3.469544 1
132.359017 177.152827 15.525727 1
132.359017 177.152827 15.525727 1
103.444472 172.334300 15.108668 1
103.367458 155.533156 18.693955 1
103.272088 134.727516 23.133784 1
100.997034 113.946020 18.830807 1
99.103435 96.648926 15.249304 1
102.776246 90.265658 28.145451 1
105.609845 89.436674 34.755862 1
114.330692 172.384259 9.743206 1
115.544315 155.794777 14.039518 1
117.047186 135.251464 19.359784 1
113.998821 114.066645 16.923759 1
111.512729 96.789391 14.937062 1
118.633377 90.703869 26.461344 1
121.640935 90.035424 33.012875 1
109.186000 173.452300 13.201110 1
109.198604 180.308396 13.347996 1
108.550208 189.775450 12.984037 1
107.361636 198.795674 13.111667 1
103.928062 221.716863 16.244696 1
106.431171 228.284431 15.598835 1
107.347724 246.133968 17.642061 1
102.249715 207.664069 15.707847 1
94.676336 217.008899 20.336151 1
97.659278 212.661412 24.148193 1
106.347506 199.998770 35.251277 1
113.505859 198.577928 35.457728 1
127.871159 195.726604 35.872028 1
127.871159 195.726604 35.872028 1
108.466239 209.171956 11.489034 1
117.249312 211.320280 2.305056 1
119.951589 205.469375 1.413505 1
127.822337 188.427825 -1.183256 1
129.194899 184.693639 4.938456 1
131.949343 177.199919 17.223436 1
131.949343 177.199919 17.223436 1
103.295781 172.262321 14.881600 1
103.203250 155.500626 18.646658 1
103.088664 134.743837 23.309106 1
100.906944 113.943995 19.046623 1
99.091030 96.631632 15.498824 1
102.383367 90.248525 28.497390 1
105.021642 89.419581 35.188158 1
114.357637 172.348951 9.888774 1
115.481764 155.749538 14.171051 1
116.873809 135.193925 19.473937 1
113.809615 114.024915 16.923054 1
111.310614 96.760553 14.842684 1
118.102495 90.661063 26.556472 1
120.924662 89.985113 33.189212 1
109.021700 173.448300 13.157400 1
109.008971 180.304796 13.284191 1
108.347917 189.768933 12.870512 1
107.144276 198.787876 12.928502 1
103.614709 221.721599 15.856411 1
106.193689 228.279397 15.456660 1
107.466682 246.041350 18.008785 1
101.955061 207.666184 15.330167 1
94.109395 216.911254 19.697926 1
96.863122 212.490122 23.596750 1
104.883729 199.612981 34.952602 1
112.003150 198.099047 35.522942 1
126.290320 195.060906 36.667492 1
126.290320 195.060906 36.667492 1
108.296242 209.157285 11.294907 1
117.363959 211.294298 2.389134 1
120.121108 205.428731 1.820358 1
128.151677 188.344475 0.163723 1
129.171994 184.660136 6.383693 1
131.219557 177.266446 18.865855 1
131.219557 177.266446 18.865855 1
103.087972 172.244645 14.666325 1
103.002604 155.513049 18.563127 1
102.896888 134.793533 23.388717 1
100.828695 113.969912 19.186161 1
99.107271 96.637757 15.688242 1
102.095279 90.254511 28.760052 1
104.576631 89.425502 35.510582 1
114.292502 172.351681 10.002904 1
115.354828 155.743126 14.265470 1
116.670342 135.176194 19.543945 1
113.620746 114.016650 16.898772 1
111.133651 96.760009 14.741504 1
117.647603 90.650353 26.606865 1
120.313270 89.968883 33.303476 1
108.793200 173.469800 13.106940 1
108.755255 180.326473 13.218173 1
108.083570 189.787959 12.763046 1
106.875717 198.806523 12.757714 1
103.304252 221.758420 15.485579 1
106.000589 228.278961 15.318397 1
107.596237 245.909246 18.519615 1
101.637771 207.703078 14.979319 1
93.567441 216.852023 19.135002 1
96.156563 212.377061 23.084864 1
103.697738 199.343132 34.589370 1
110.750833 197.652413 35.425281 1
124.904903 194.259503 37.102775 1
124.904903 194.259503 37.102775 1
108.086762 209.166673 11.108183 1
117.399841 211.290211 2.456001 1
120.177119 205.411953 2.204902 1
128.266317 188.290729 1.473543 1
128.960544 184.650404 7.763973 1
130.353712 177.345041 20.387534 1
130.353712 177.345041 20.387534 1
102.827830 172.249949 14.471162 1
102.770785 155.544264 18.478094 1
102.700144 134.856836 23.440064 1
100.754842 114.009204 19.298313 1
99.135706 96.657063 15.851005 1
101.877015 90.273693 28.976708 1
104.230732 89.444647 35.772789 1
114.144011 172.383707 10.086344 1
115.167661 155.766464 14.324440 1
116.435282 135.188773 19.572615 1
113.435406 114.030250 16.863198 1
110.988860 96.774441 14.653536 1
117.263213 90.661884 26.645842 1
119.794080 89.978861 33.394395 1
108.484500 173.449700 13.040600 1
108.432781 180.306436 13.142016 1
107.761333 189.766218 12.652441 1
106.555067 198.784751 12.585945 1
102.949632 221.755230 15.104691 1
105.828027 228.199021 15.194377 1
107.699881 245.670656 19.049110 1
101.278131 207.699140 14.637264 1
93.022642 216.776539 18.580720 1
95.502841 212.286097 22.582568 1
102.726764 199.207082 34.238493 1
109.724051 197.406143 35.286357 1
123.766127 193.792045 37.389194 1
123.766127 193.792045 37.389194 1
107.816467 209.134318 10.907961 1
117.345145 211.167802 2.471589 1
120.133890 205.289873 2.527245 1
128.256488 188.169609 2.689351 1
128.621158 184.554368 9.021845 1
129.352975 177.299343 21.729818 1
129.352975 177.299343 21.729818 1
102.492686 172.221546 14.275335 1
102.492964 155.540819 18.385323 1
102.493309 134.884297 23.474912 1
100.700793 114.011563 19.391047 1
99.208825 96.638530 15.991918 1
101.746020 90.255063 29.158552 1
103.993867 89.425993 35.990379 1
113.902028 172.368778 10.139433 1
114.926932 155.751847 14.378451 1
116.196105 135.174542 19.627767 1
113.272404 114.012601 16.862356 1
110.887981 96.754005 14.607029 1
116.957031 90.642151 26.704886 1
119.372636 89.959568 33.495594 1
108.110200 173.419800 12.920710 1
108.042520 180.276508 13.014288 1
107.371312 189.734903 12.498295 1
106.174367 198.754254 12.388396 1
102.579644 221.741471 14.765784 1
105.624401 228.100149 15.100924 1
107.741958 245.407470 19.527368 1
100.880098 207.688561 14.303901 1
92.517783 216.766277 18.014680 1
94.921083 212.282786 22.070874 1
101.921024 199.224016 33.885087 1
108.873853 197.356656 35.099404 1
122.826710 193.609263 37.536278 1
122.826710 193.609263 37.536278 1
107.498488 209.095496 10.707414 1
117.220681 211.082809 2.483505 1
119.986788 205.202436 2.799914 1
128.043446 188.075054 3.721498 1
128.113251 184.510815 10.092900 1
128.253336 177.358143 22.878954 1
128.253336 177.358143 22.878954 1
102.096622 172.180569 14.032444 1
102.169729 155.530264 18.263360 1
102.260261 134.911414 23.502701 1
100.606538 114.017932 19.466653 1
99.230092 96.627629 16.107325 1
101.580163 90.244525 29.308817 1
103.730829 89.415641 36.171879 1
113.588763 172.347218 10.133293 1
114.639407 155.736216 14.389214 1
115.940457 135.166254 19.659462 1
113.094416 113.999160 16.852780 1
110.773329 96.736361 14.563794 1
116.658660 90.615601 26.747613 1
118.971732 89.928201 33.573443 1
107.642900 173.451500 12.800020 1
107.577109 180.308272 12.890212 1
106.927059 189.767142 12.356151 1
105.755075 198.789304 12.213033 1
102.205814 221.794825 14.479061 1
105.369945 228.078197 15.047538 1
107.584121 245.279874 19.824624 1
100.461746 207.747382 14.016861 1
91.976445 216.773124 17.571967 1
94.310175 212.298369 21.678123 1
101.107485 199.265044 33.637861 1
108.024615 197.368910 35.002195 1
121.905833 193.563775 37.740125 1
121.905833 193.563775 37.740125 1
107.147317 209.121894 10.533884 1
117.033382 211.075540 2.499450 1
119.761607 205.193168 3.033063 1
127.707931 188.059966 4.587281 1
127.499597 184.507724 10.962358 1
127.081518 177.379126 23.755787 1
127.081518 177.379126 23.755787 1
101.608563 172.215792 13.797303 1
101.783403 155.586132 18.105723 1
101.999917 134.992848 23.441041 1
100.492753 114.070697 19.497165 1
99.238293 96.656533 16.214555 1
101.466149 90.273039 29.437033 1
103.553282 89.443937 36.319655 1
113.173025 172.375152 10.117862 1
114.292422 155.769971 14.378965 1
115.678611 135.207216 19.655629 1
112.927716 114.029828 16.831783 1
110.684226 96.758634 14.528799 1
116.436753 90.622009 26.767938 1
118.676506 89.926099 33.617317 1
107.202300 173.478500 12.678200 1
107.128586 180.335364 12.754156 1
106.483174 189.792957 12.192574 1
105.317027 198.815310 12.017398 1
101.765728 221.828633 14.199466 1
104.998191 228.055884 14.966389 1
107.284024 245.170312 20.015364 1
100.011351 207.782448 13.738017 1
91.396335 216.735552 17.162424 1
93.656700 212.260660 21.309271 1
100.240324 199.226934 33.387523 1
107.129991 197.340379 34.896439 1
120.956095 193.554467 37.924512 1
120.956095 193.554467 37.924512 1
106.742876 209.143483 10.339278 1
116.749668 211.108165 2.458462 1
119.428213 205.222704 3.177492 1
127.229838 188.080506 5.271764 1
126.780444 184.531226 11.636046 1
125.878607 177.408571 24.407812 1
125.878607 177.408571 24.407812 1
101.152523 172.238890 13.571700 1
101.398928 155.623417 17.931057 1
101.704064 135.047702 23.329452 1
100.366032 114.087711 19.528066 1
99.252345 96.642051 16.364054 1
101.338359 90.258730 29.609733 1
103.351580 89.429727 36.514348 1
112.779678 172.402393 10.095639 1
113.940993 155.791325 14.322442 1
115.379091 135.221281 19.556632 1
112.762273 114.026433 16.736352 1
110.628130 96.741000 14.436275 1
116.238669 90.605990 26.741956 1
118.398881 89.910930 33.616921 1
106.735300 173.525000 12.520900 1
106.669554 180.381535 12.627589 1
106.048183 189.842351 12.093850 1
104.900953 198.867207 11.922757 1
101.348525 221.883536 14.071019 1
104.630585 228.067148 14.969170 1
106.957450 245.119171 20.207016 1
99.577523 207.841592 13.548121 1
90.904583 216.801025 16.805696 1
93.120191 212.348684 21.000692 1
99.573453 199.380642 33.219185 1
106.432198 197.512588 34.883946 1
120.196247 193.763803 38.224766 1
120.196247 193.763803 38.224766 1
106.381129 209.195498 10.293100 1
116.551982 211.173848 2.628702 1
119.163299 205.269280 3.433280 1
126.769113 188.071427 5.776722 1
126.111977 184.513258 12.117939 1
124.793248 177.372765 24.843419 1
124.793248 177.372765 24.843419 1
100.670508 172.289792 13.312940 1
100.976840 155.683864 17.704747 1
101.356187 135.119968 23.143326 1
100.215308 114.116944 19.519316 1
99.265719 96.635466 16.502939 1
101.225011 90.252136 29.767950 1
103.172107 89.423139 36.691504 1
112.351353 172.453007 10.021789 1
113.544289 155.839879 14.231653 1
115.021544 135.267283 19.444868 1
112.554863 114.051223 16.648872 1
110.543162 96.748491 14.368602 1
116.002645 90.638941 26.754630 1
118.077145 89.957581 33.657309 1
106.259000 173.585800 12.393310 1
106.190965 180.442003 12.518365 1
105.576465 189.903881 11.995626 1
104.432976 198.929040 11.815712 1
100.860234 221.947873 13.902583 1
104.129402 228.120786 14.914179 1
106.382521 245.161819 20.219600 1
99.092448 207.905896 13.369781 1
90.305737 216.802934 16.490604 1
92.442787 212.347930 20.723357 1
98.667240 199.372131 33.051825 1
105.503201 197.553547 34.858984 1
119.221528 193.904038 38.485569 1
119.221528 193.904038 38.485569 1
105.934965 209.255687 10.195619 1
116.199197 211.295766 2.673203 1
118.757627 205.377976 3.547533 1
126.209398 188.141614 6.094139 1
125.369866 184.568876 12.405570 1
123.685105 177.399146 25.071274 1
123.685105 177.399146 25.071274 1
100.183698 172.347919 13.095540 1
100.547817 155.755260 17.532854 1
100.998724 135.207797 23.027787 1
100.049737 114.171805 19.542315 1
99.259865 96.662886 16.641248 1
101.084310 90.279607 29.925502 1
102.961035 89.450615 36.868463 1
111.910146 172.521267 9.971308 1
113.147678 155.906003 14.159816 1
114.680156 135.330762 19.346583 1
112.357346 114.096031 16.569164 1
110.462980 96.778072 14.304043 1
115.789861 90.677817 26.752236 1
117.789953 90.001428 33.677328 1
105.773100 173.573500 12.288020 1
105.705455 180.429311 12.433133 1
105.100961 189.892800 11.928180 1
103.964768 198.918939 11.751238 1
100.385528 221.938623 13.817488 1
103.598387 228.129802 14.895674 1
105.771720 245.189389 20.174683 1
98.613419 207.898484 13.251617 1
89.739996 216.747017 16.263089 1
91.796721 212.278380 20.521189 1
97.787216 199.262874 32.923482 1
104.598982 197.492367 34.864767 1
118.268754 193.939338 38.760514 1
118.268754 193.939338 38.760514 1
105.493166 209.245879 10.157932 1
115.842263 211.366993 2.775508 1
118.339636 205.429241 3.690100 1
125.613572 188.134735 6.353973 1
124.654337 184.557268 12.645636 1
122.729358 177.378047 25.271672 1
122.729358 177.378047 25.271672 1
99.689891 172.335302 12.917465 1
100.129043 155.755099 17.394370 1
100.672867 135.223061 22.938331 1
99.879011 114.163575 19.557512 1
99.218259 96.635102 16.743552 1
100.956850 90.251774 30.039291 1
102.788682 89.422757 36.994228 1
111.451101 172.514643 9.927108 1
112.753660 155.904990 14.118153 1
114.366665 135.336698 19.308063 1
112.189855 114.085009 16.542108 1
110.414559 96.753219 14.286337 1
115.638630 90.655556 26.779289 1
117.581442 89.980564 33.720805 1
105.304700 173.574400 12.167270 1
105.229185 180.430088 12.314306 1
104.622094 189.893490 11.810841 1
103.484392 198.919501 11.637087 1
99.891689 221.935363 13.722453 1
103.010631 228.168083 14.836479 1
105.102233 245.252122 20.069225 1
98.123313 207.896323 13.118912 1
89.166646 216.682902 16.064633 1
91.119922 212.162506 20.316807 1
96.809105 198.996246 32.701842 1
103.593494 197.219567 34.731353 1
117.208326 193.654152 38.804150 1
117.208326 193.654152 38.804150 1
105.023247 209.249356 10.073015 1
115.423937 211.454082 2.788238 1
117.875194 205.503034 3.740401 1
125.014813 188.169802 6.513703 1
123.978835 184.569160 12.779927 1
121.899850 177.343434 25.354910 1
121.899850 177.343434 25.354910 1
99.217434 172.330122 12.743242 1
99.720492 155.765132 17.269464 1
100.343451 135.251932 22.874495 1
99.725618 114.175335 19.564295 1
99.211375 96.632620 16.809112 1
100.855871 90.249306 30.116824 1
102.638430 89.420307 37.084554 1
111.004070 172.521885 9.855524 1
112.371953 155.919832 14.055862 1
114.065850 135.360952 19.257279 1
112.036429 114.094068 16.496051 1
110.381335 96.749886 14.244134 1
115.520846 90.651252 26.771638 1
117.416927 89.975805 33.726019 1
104.878000 173.627300 12.098130 1
104.789680 180.482493 12.260333 1
104.175130 189.946434 11.776441 1
103.040622 198.973163 11.619916 1
99.465100 221.987763 13.748290 1
102.497879 228.260690 14.874475 1
104.552114 245.360699 20.069727 1
97.679867 207.953811 13.079559 1
88.701908 216.739033 15.963871 1
90.588006 212.162529 20.186251 1
96.081526 198.832845 32.484504 1
102.832021 197.064566 34.630999 1
116.378836 193.516008 38.938558 1
116.378836 193.516008 38.938558 1
104.611617 209.305689 10.106254 1
115.075307 211.585019 2.935552 1
117.489728 205.617005 3.875564 1
124.522057 188.234357 6.613478 1
123.455236 184.586885 12.847360 1
121.314353 177.267181 25.357439 1
121.314353 177.267181 25.357439 1
98.789447 172.371232 12.633472 1
99.349169 155.813409 17.179223 1
100.042298 135.309084 22.808440 1
99.596425 114.217047 19.569734 1
99.225310 96.661479 16.874059 1
100.794709 90.278129 30.190818 1
102.537921 89.449116 37.168495 1
110.593416 172.589895 9.819405 1
112.022018 155.986550 13.994344 1
113.791106 135.426069 19.164309 1
111.903633 114.142156 16.433778 1
110.364306 96.784086 14.206897 1
115.443325 90.712383 26.772096 1
117.304345 90.051343 33.737325 1
