54 35
69.110300 185.660500 41.113300 1
69.060381 193.147889 41.190207 1
68.602477 203.056086 40.900256 1
68.521304 212.557866 41.235544 1
70.492694 236.619468 45.031498 1
71.086560 243.573536 42.647746 1
68.512273 261.314143 36.990311 1
65.665262 222.633165 44.714108 1
57.287431 229.506445 52.710241 1
62.319850 225.024839 53.610604 1
76.977464 211.971545 56.233038 1
79.662049 207.057704 51.051366 1
85.049403 197.196735 40.652920 1
85.049403 197.196735 40.652920 1
71.647791 222.980810 39.403509 1
80.944952 227.756509 30.910943 1
85.626867 223.230592 32.864516 1
99.263582 210.048233 38.554568 1
100.129962 209.407307 46.107127 1
101.868590 208.121113 61.263408 1
101.868590 208.121113 61.263408 1
63.363967 184.315561 44.517874 1
64.419732 166.464714 46.097797 1
65.727133 144.359205 48.054286 1
61.476137 122.669191 45.070155 1
57.937909 104.615963 42.586377 1
64.803507 96.920574 54.182160 1
69.624775 95.651717 59.872219 1
73.684510 184.469741 36.206262 1
75.471043 166.718812 38.201240 1
77.683364 144.737257 40.671685 1
77.710796 122.352245 38.309673 1
77.733168 104.096109 36.383331 1
87.195697 97.170721 46.547837 1
91.390832 96.081218 52.748337 1
68.244800 185.634300 41.776000 1
68.234443 193.121681 41.867715 1
67.803750 203.032516 41.631110 1
67.799103 212.533550 41.996023 1
70.202851 236.569541 45.704046 1
70.609399 243.561823 43.393910 1
67.704230 261.390400 38.191554 1
65.287799 222.610200 45.727444 1
57.530875 229.350701 54.431694 1
62.577963 224.823539 54.934079 1
77.278306 211.637559 56.397347 1
79.760179 206.850817 51.000129 1
84.740737 197.244906 40.169132 1
84.740737 197.244906 40.169132 1
70.826257 222.946899 39.954569 1
79.422744 227.811431 30.800068 1
84.400206 223.512665 32.522326 1
98.897743 210.991911 37.538642 1
99.840317 209.867250 45.025247 1
101.731847 207.610311 60.049171 1
101.731847 207.610311 60.049171 1
62.763866 184.308221 45.599768 1
63.808788 166.425332 46.771921 1
65.102762 144.280143 48.223450 1
60.916048 122.609501 45.016045 1
57.431323 104.572398 42.346430 1
65.159820 96.686091 53.250289 1
70.384118 95.419715 58.573294 1
72.432894 184.432595 36.538052 1
74.529081 166.725465 38.619078 1
77.124858 144.798147 41.196077 1
77.535626 122.427171 38.738587 1
77.870629 104.182480 36.734377 1
88.081313 97.371707 46.230321 1
92.671512 96.317812 52.150772 1
67.237300 185.633000 42.574400 1
67.264510 193.120350 42.665213 1
66.857810 203.032910 42.460582 1
66.927478 212.534028 42.816585 1
69.756617 236.560697 46.276563 1
70.028036 243.611676 44.130859 1
66.817198 261.556850 39.545678 1
64.794687 222.625582 46.738417 1
57.779902 229.170456 56.189638 1
62.617364 224.394578 56.292810 1
76.707142 210.484181 56.593312 1
79.508217 206.286907 50.871474 1
85.129342 197.863927 39.389039 1
85.129342 197.863927 39.389039 1
69.818006 222.930942 40.510497 1
77.578959 227.987075 30.734439 1
82.784226 223.879363 32.235298 1
97.945279 211.915078 36.606757 1
99.312287 209.978365 43.858170 1
102.055560 206.091820 58.410118 1
102.055560 206.091820 58.410118 1
62.079905 184.328449 46.831130 1
62.773755 166.392856 47.141919 1
63.632981 144.182401 47.526783 1
60.064383 122.410824 44.256272 1
57.094133 104.289708 41.534131 1
65.849796 96.328685 51.572962 1
71.522953 95.363350 56.483644 1
70.981076 184.415175 37.013702 1
73.442172 166.753222 39.079021 1
76.489827 144.881848 41.636571 1
77.357253 122.527850 39.143601 1
78.064685 104.297006 37.110455 1
89.086821 97.741371 45.848521 1
94.103630 96.798206 51.431928 1
66.310200 185.551100 43.278300 1
66.323553 193.037328 43.438349 1
65.883010 202.950039 43.337361 1
65.972262 212.450089 43.716715 1
69.067693 236.479238 46.922122 1
69.354290 243.551765 44.850592 1
66.033629 261.635719 40.938243 1
64.151764 222.546608 47.780596 1
57.944740 228.920203 57.890902 1
62.391497 223.782382 57.667665 1
75.343292 208.817773 57.017456 1
78.720808 205.508491 51.030504 1
85.498719 198.867509 39.016044 1
85.498719 198.867509 39.016044 1
68.679489 222.843417 41.183203 1
75.636663 227.911886 30.825766 1
81.012819 223.938345 32.062131 1
96.671610 212.364851 35.663216 1
98.617575 209.728066 42.552565 1
102.522688 204.436635 56.377935 1
102.522688 204.436635 56.377935 1
61.476223 184.189433 47.882521 1
61.896382 166.243356 47.723335 1
62.416683 144.019920 47.526208 1
59.155686 122.225922 44.088147 1
56.441463 104.086145 41.226550 1
65.892955 96.231981 50.702785 1
71.863552 95.378956 55.269590 1
69.647198 184.397871 37.451222 1
72.498486 166.794058 39.511089 1
76.029330 144.994682 42.061887 1
77.172181 122.660390 39.504176 1
78.104235 104.445618 37.418231 1
89.720157 98.013701 45.450567 1
95.070488 97.117420 50.723423 1
65.385300 185.518100 43.926700 1
65.379388 193.003809 44.109783 1
64.910206 202.915600 44.060831 1
65.025697 212.415020 44.448791 1
68.387737 236.432797 47.465312 1
68.662150 243.523605 45.455545 1
65.368972 261.714374 42.047683 1
63.495100 222.513794 48.625040 1
57.950731 228.501429 59.338414 1
61.893045 222.973547 58.990016 1
73.375579 206.872834 57.975259 1
77.298117 204.331262 51.945611 1
85.169765 199.230901 39.845468 1
85.169765 199.230901 39.845468 1
67.597886 222.802330 41.754970 1
73.778559 227.971797 30.964045 1
79.210752 223.984895 31.867694 1
95.032757 212.372488 34.499697 1
97.578729 209.403269 41.049836 1
102.687919 203.444720 54.194487 1
102.687919 203.444720 54.194487 1
60.826400 184.123510 48.794130 1
61.360126 166.184972 48.361101 1
62.021062 143.970871 47.824861 1
58.905762 122.195595 44.141792 1
56.312805 104.071401 41.076268 1
66.357123 96.289247 49.985106 1
72.576293 95.399495 54.199564 1
68.389583 184.395550 37.915503 1
71.683719 166.875700 40.029892 1
75.762955 145.180297 42.648207 1
76.958816 122.864304 39.958421 1
77.934104 104.664455 37.764761 1
90.002847 98.300084 45.157857 1
95.625344 97.428181 50.143804 1
64.838900 185.511400 44.395100 1
64.777468 192.996512 44.591890 1
64.233561 202.904604 44.591016 1
64.325611 212.403218 45.004147 1
67.798659 236.415124 47.940581 1
68.108831 243.518436 45.980792 1
64.863801 261.782052 42.935672 1
62.999505 222.481480 49.298226 1
58.021631 228.247834 60.403995 1
61.418007 222.364567 60.134777 1
71.310424 205.228741 59.350644 1
75.571571 202.914179 53.460993 1
84.122731 198.269374 41.641796 1
84.122731 198.269374 41.641796 1
66.732909 222.806816 42.222223 1
72.240286 228.060475 31.112045 1
77.619754 223.938017 31.648097 1
93.288191 211.930785 33.209424 1
96.831889 208.403666 38.971732 1
103.943289 201.325536 50.535384 1
103.943289 201.325536 50.535384 1
60.548238 184.070254 49.487609 1
61.041459 166.138384 48.803284 1
61.652237 143.932541 47.955854 1
58.548495 122.187761 44.087512 1
55.965159 104.088950 40.867779 1
66.504541 96.355831 49.230669 1
72.912020 95.395163 53.136142 1
67.540153 184.423465 38.235558 1
71.284249 166.999900 40.396171 1
75.920686 145.423730 43.071727 1
76.758419 123.087389 40.415665 1
77.441634 104.870946 38.249509 1
89.854201 98.429563 44.976647 1
95.742517 97.528112 49.640068 1
64.377000 185.529400 44.836900 1
64.267306 193.013881 45.036651 1
63.651980 202.917759 45.063470 1
63.704199 212.416759 45.474682 1
67.180512 236.445537 48.265629 1
67.495588 243.576756 46.410782 1
64.360673 261.917591 43.737072 1
62.511087 222.488656 49.822370 1
57.922893 228.085426 61.179871 1
60.901500 221.974140 61.207776 1
69.577104 204.174181 61.289052 1
73.956643 201.242218 55.773095 1
82.745388 195.358431 44.703814 1
82.745388 195.358431 44.703814 1
65.941127 222.831852 42.595268 1
70.843598 228.209700 31.263335 1
76.000709 223.781701 31.396463 1
91.021502 210.884542 31.784221 1
95.387065 207.034194 36.715675 1
104.147763 199.307417 46.611990 1
104.147763 199.307417 46.611990 1
60.360018 184.056860 50.139334 1
60.821431 166.133410 49.244575 1
61.392820 143.937994 48.136554 1
58.298987 122.219845 44.113751 1
55.723899 104.143201 40.765456 1
66.725128 96.433006 48.533565 1
73.305486 95.395048 52.118661 1
66.772510 184.460175 38.548926 1
70.908907 167.119818 40.663010 1
76.031141 145.646687 43.280948 1
76.152516 123.254950 40.986610 1
76.251504 104.993329 39.115458 1
88.949169 98.383949 45.107370 1
95.124806 97.430955 49.371837 1
64.118900 185.540300 45.256100 1
63.978158 193.024622 45.441870 1
63.301922 202.924546 45.460298 1
63.290819 212.425868 45.817492 1
66.618503 236.509854 48.296297 1
66.903102 243.699939 46.678987 1
63.920717 262.122438 44.425199 1
62.154563 222.519424 50.130041 1
57.795056 227.879465 61.690008 1
60.455898 221.637842 62.117502 1
68.205970 203.458257 63.362640 1
72.790945 199.676494 58.579458 1
81.991955 192.087348 48.980694 1
81.991955 192.087348 48.980694 1
65.311966 222.839790 42.778705 1
69.665911 228.266101 31.247596 1
74.331426 223.329408 30.959983 1
87.920374 208.950604 30.122274 1
93.005798 205.190315 34.388566 1
103.211095 197.644266 42.950052 1
103.211095 197.644266 42.950052 1
60.347412 184.061228 50.734106 1
60.741843 166.146262 49.656153 1
61.230285 143.961353 48.321275 1
58.124847 122.276296 44.132326 1
55.540099 104.227195 40.645743 1
66.909803 96.518888 47.865818 1
73.639979 95.474120 51.158929 1
66.240653 184.466499 38.871318 1
70.609765 167.167858 40.855000 1
76.020178 145.746385 43.311455 1
75.406626 123.305228 41.672362 1
74.906242 105.003303 40.335597 1
87.820045 98.252354 45.671890 1
94.249170 97.271990 49.536809 1
64.069500 185.484000 45.563700 1
63.846952 192.967052 45.717986 1
63.046144 202.857687 45.704749 1
62.915502 212.360791 45.981823 1
65.965480 236.519154 48.062069 1
66.266943 243.768450 46.738874 1
63.353682 262.260127 45.026139 1
61.797337 222.484873 50.227021 1
57.714466 227.693099 61.956161 1
60.106804 221.388552 62.822244 1
67.074821 203.025694 65.344832 1
72.013575 198.817090 61.332485 1
81.924538 190.371373 53.280612 1
81.924538 190.371373 53.280612 1
64.650141 222.768482 42.750722 1
68.441594 228.066720 30.964216 1
72.549227 222.674842 30.439152 1
84.513267 206.970249 28.909838 1
89.909276 202.895636 32.442991 1
100.737847 194.718808 39.533231 1
100.737847 194.718808 39.533231 1
60.551099 183.990678 51.203839 1
60.806215 166.086557 49.922865 1
61.122137 143.915076 48.336576 1
57.942846 122.252672 44.086274 1
55.296629 104.222424 40.548626 1
66.992276 96.518760 47.233162 1
73.859523 95.477095 50.231036 1
65.932039 184.400262 39.100203 1
70.448665 167.126966 40.971147 1
76.041750 145.736878 43.287995 1
74.865315 123.283593 42.222827 1
73.905872 104.971776 41.354128 1
86.988819 98.124855 46.126319 1
93.613581 97.128204 49.640800 1
64.107400 185.381100 45.884900 1
63.778347 192.860992 45.996002 1
62.830715 202.738444 45.932256 1
62.572047 212.241254 46.112546 1
65.349725 236.465719 47.760616 1
65.649385 243.751122 46.652858 1
62.754513 262.286646 45.462601 1
61.462637 222.406483 50.260601 1
57.599712 227.772703 61.993021 1
59.875998 221.503347 63.309978 1
66.505998 203.242984 67.145800 1
71.823752 198.936356 63.772819 1
82.495283 190.293926 57.004007 1
82.495283 190.293926 57.004007 1
64.040924 222.626366 42.683131 1
67.217820 227.847401 30.682452 1
70.908196 222.166450 30.109200 1
81.656920 205.619897 28.439530 1
87.017072 200.962524 31.228831 1
97.773688 191.616231 36.826329 1
97.773688 191.616231 36.826329 1
60.824430 183.877924 51.662694 1
61.018509 165.985604 50.216758 1
61.258846 143.828736 48.426190 1
57.869046 122.221102 44.061312 1
55.047617 104.236442 40.428299 1
67.002764 96.539763 46.645469 1
73.982681 95.500977 49.371835 1
65.743886 184.277018 39.363915 1
70.405728 167.020341 41.019645 1
76.178639 145.650833 43.069986 1
74.899663 123.191521 42.287616 1
73.856593 104.874789 41.649552 1
87.127476 98.012805 45.846511 1
93.911907 97.019421 49.042925 1
64.213900 185.170200 46.272200 1
63.778514 192.645371 46.312919 1
62.674715 202.505671 46.163830 1
62.254760 212.004241 46.224102 1
64.607666 236.300231 47.417857 1
65.026084 243.602988 46.475160 1
62.217429 262.172379 45.667802 1
61.072230 222.210874 50.248441 1
57.334521 227.886586 61.875306 1
59.796346 221.814354 63.688619 1
66.966752 204.128143 68.970143 1
73.063443 200.301241 66.442746 1
85.298124 192.621512 61.370830 1
85.298124 192.621512 61.370830 1
63.417311 222.359866 42.593876 1
66.133488 227.480354 30.437760 1
69.372958 221.532799 29.843515 1
78.808356 204.209727 28.112702 1
84.148289 199.306175 30.488169 1
94.864330 189.465855 35.255195 1
94.864330 189.465855 35.255195 1
61.143414 183.685497 52.170344 1
61.375741 165.807994 50.556516 1
61.663442 143.669475 48.558040 1
57.938175 122.151842 44.025203 1
54.837526 104.242093 40.252393 1
67.026631 96.545666 45.997682 1
74.108435 95.506553 48.447110 1
65.653141 184.016018 39.713482 1
70.588549 166.812147 41.104772 1
76.700225 145.508031 42.827649 1
75.474865 123.043658 42.107237 1
74.475520 104.722797 41.519703 1
87.918285 97.819399 45.048557 1
94.848604 96.802762 47.906791 1
64.351800 184.973400 46.586100 1
63.800322 192.440973 46.561281 1
62.526902 202.279377 46.336906 1
61.928009 211.768455 46.297517 1
63.796309 236.121972 47.117268 1
64.347988 243.432486 46.313493 1
61.657606 262.023833 45.616129 1
60.642912 222.000377 50.225025 1
56.929192 227.942112 61.725992 1
59.723337 222.187631 64.028033 1
67.861674 205.426916 70.733045 1
74.794824 202.711380 69.071767 1
88.708091 197.261912 65.737957 1
88.708091 197.261912 65.737957 1
62.766822 222.097288 42.505337 1
65.178124 227.073544 30.225652 1
68.039118 220.931103 29.672646 1
76.372155 203.040394 28.061949 1
81.574522 197.796855 29.970672 1
92.014500 187.274258 33.801047 1
92.014500 187.274258 33.801047 1
61.478241 183.506101 52.586935 1
61.614374 165.643865 50.802132 1
61.782953 143.524252 48.591931 1
57.834189 122.064791 43.973324 1
54.547517 104.203459 40.129125 1
66.948608 96.541328 45.450998 1
74.111535 95.509076 47.655157 1
65.617243 183.769932 40.000461 1
70.771888 166.616539 41.207871 1
77.155052 145.374930 42.703045 1
75.825759 122.916130 41.993215 1
74.741652 104.599815 41.414313 1
88.260864 97.575790 44.365856 1
95.294571 96.493634 46.932619 1
64.568000 184.962600 46.728400 1
63.913115 192.421655 46.673490 1
62.484258 202.237816 46.413703 1
61.711267 211.713765 46.305565 1
63.082298 236.108940 46.807580 1
63.775574 243.424888 46.182847 1
61.133672 262.022513 45.467757 1
60.321959 221.960574 50.158065 1
56.567938 228.198901 61.487619 1
59.776240 222.874144 64.239790 1
69.120865 207.365058 72.255869 1
76.631558 206.269988 71.485889 1
91.703822 204.072430 69.940713 1
91.703822 204.072430 69.940713 1
62.219706 222.013995 42.379269 1
64.394708 226.863589 30.005144 1
66.941006 220.579109 29.512839 1
74.357448 202.274694 28.078940 1
79.190483 196.530313 29.437769 1
88.889294 185.002639 32.164632 1
88.889294 185.002639 32.164632 1
61.866017 183.493640 52.808019 1
61.750942 165.645333 50.887544 1
61.608440 143.542969 48.509334 1
57.629448 122.082561 43.921169 1
54.317615 104.220442 40.102307 1
66.870453 96.571757 45.076393 1
74.089170 95.544697 47.092990 1
65.684732 183.735512 40.120262 1
70.985678 166.617793 41.193013 1
77.550013 145.420363 42.521433 1
76.038475 122.971821 41.853006 1
74.805738 104.663872 41.307869 1
88.370114 97.560725 43.831882 1
95.475559 96.437936 46.173753 1
64.761200 184.961600 46.786500 1
64.051686 192.415640 46.729341 1
62.538448 202.218879 46.459595 1
61.666893 211.685586 46.302521 1
62.744082 236.099388 46.551973 1
63.384774 243.432283 46.091337 1
60.754896 262.022376 45.166760 1
60.208663 221.951539 50.077808 1
56.212703 228.489019 61.153088 1
59.885126 223.815838 64.453903 1
70.581565 210.204556 74.067981 1
78.129786 211.312063 74.049376 1
93.277360 213.534580 74.012041 1
93.277360 213.534580 74.012041 1
61.989760 221.952718 42.271294 1
64.002190 226.745954 29.847801 1
66.171224 220.316183 29.430643 1
72.488833 201.588588 28.215622 1
76.589002 195.213369 29.080352 1
84.817117 182.419747 30.815671 1
84.817117 182.419747 30.815671 1
62.164242 183.484014 52.909643 1
61.894621 165.645414 50.915862 1
61.560737 143.555069 48.446874 1
57.538544 122.094511 43.897242 1
54.190754 104.232267 40.110453 1
66.827283 96.579411 44.861200 1
74.077053 95.552452 46.763194 1
65.784436 183.730867 40.163917 1
71.154491 166.625240 41.073402 1
77.804404 145.442783 42.199645 1
76.225774 122.995687 41.647921 1
74.938321 104.688918 41.197961 1
88.543748 97.563785 43.421126 1
95.701590 96.433795 45.593864 1
64.903700 185.003500 46.799900 1
64.203431 192.458339 46.733558 1
62.685500 202.260443 46.449368 1
61.779361 211.723411 46.265074 1
62.689095 236.144853 46.413104 1
63.223298 243.491136 46.037918 1
60.646570 262.090361 45.148005 1
60.253183 221.994616 49.998997 1
55.904511 229.007981 60.641831 1
59.983656 225.205782 64.530861 1
71.864728 214.131359 75.858198 1
78.657645 217.595591 76.098862 1
92.289497 224.547523 76.581820 1
92.289497 224.547523 76.581820 1
62.029081 221.975787 42.191321 1
63.962211 226.696739 29.727622 1
65.672092 220.127235 29.355326 1
70.652357 200.992647 28.270972 1
74.058602 194.187683 28.811809 1
80.894169 180.531657 29.897147 1
80.894169 180.531657 29.897147 1
62.344827 183.540587 52.942569 1
61.941591 165.713544 50.869538 1
61.442246 143.637512 48.302411 1
57.461490 122.156411 43.813687 1
54.148190 104.277069 40.077594 1
66.834369 96.608323 44.667673 1
74.104647 95.579677 46.488757 1
65.882140 183.759226 40.173079 1
71.388243 166.688859 40.916392 1
78.206629 145.550065 41.836859 1
76.505522 123.109494 41.394621 1
75.118182 104.808045 41.033952 1
88.750896 97.662743 43.011679 1
95.949584 96.527116 45.041853 1
65.075500 185.025600 46.801900 1
64.413280 192.484187 46.783410 1
62.921978 202.291557 46.543340 1
61.996454 211.752748 46.364175 1
62.736762 236.180251 46.437311 1
63.178349 243.533658 46.081750 1
60.568789 262.131301 45.256813 1
60.389822 222.024813 50.061802 1
55.675898 229.660762 60.103684 1
60.021414 226.908247 64.549001 1
72.678327 218.891173 77.496602 1
78.088499 224.269370 77.409465 1
88.945492 235.062196 77.234603 1
88.945492 235.062196 77.234603 1
62.185469 221.993756 42.258684 1
64.055243 226.631314 29.754078 1
65.350074 219.966574 29.400053 1
69.121448 200.554598 28.368916 1
71.921824 193.464736 28.676003 1
77.541548 179.236985 29.292259 1
77.541548 179.236985 29.292259 1
62.514973 183.536902 52.937681 1
62.046131 165.713130 50.850371 1
61.465542 143.641149 48.265561 1
57.458506 122.157774 43.811235 1
54.123333 104.276539 40.103772 1
66.787771 96.587839 44.720429 1
74.055499 95.554232 46.548866 1
66.041323 183.818334 40.166388 1
71.609687 166.762485 40.765104 1
78.505174 145.641671 41.506512 1
76.645191 123.211042 41.230951 1
75.128280 104.917702 41.006217 1
88.738249 97.700297 42.875822 1
95.953769 96.534330 44.827530 1
65.345300 185.043600 46.665300 1
64.739404 192.506702 46.731642 1
63.288060 202.321847 46.581177 1
62.336546 211.781103 46.439998 1
62.842959 236.214651 46.479876 1
63.225105 243.567951 46.059206 1
60.559496 262.160489 45.301109 1
60.651208 222.041917 50.133825 1
55.606474 230.297339 59.502221 1
60.022799 228.582617 64.378336 1
72.885952 223.588258 78.580693 1
77.212084 229.840418 77.950104 1
85.893652 242.387090 76.684655 1
85.893652 242.387090 76.684655 1
62.405474 222.018309 42.321273 1
64.150195 226.498145 29.741322 1
65.209562 219.796914 29.303213 1
68.295116 200.278657 28.027170 1
70.630955 193.015987 28.021729 1
75.318460 178.441449 28.010809 1
75.318460 178.441449 28.010809 1
62.797960 183.506511 52.794635 1
62.199015 165.689099 50.686404 1
61.457314 143.624995 48.075686 1
57.467666 122.128263 43.670465 1
54.146965 104.235910 40.003873 1
66.801920 96.558924 44.665805 1
74.068112 95.524652 46.499962 1
66.275634 183.902468 40.013036 1
71.855266 166.847515 40.526286 1
78.764706 145.727810 41.161858 1
76.741013 123.309809 41.081236 1
75.090588 105.026769 41.015484 1
88.671602 97.747731 42.856491 1
95.894161 96.558094 44.767452 1
65.720600 185.005500 46.515200 1
65.194119 192.473161 46.677225 1
63.796829 202.297198 46.632486 1
62.803879 211.752790 46.539432 1
62.963548 236.191095 46.548490 1
63.272284 243.543261 46.054162 1
60.579626 262.129208 45.232703 1
61.016320 221.993018 50.242323 1
55.620242 230.576589 59.106453 1
59.917852 229.994824 64.342175 1
72.435233 228.300356 79.591937 1
75.301400 235.247896 78.280701 1
81.053151 249.190038 75.649348 1
81.053151 249.190038 75.649348 1
62.679113 221.985057 42.409761 1
64.177090 226.365199 29.763078 1
65.171149 219.666996 29.157595 1
68.066481 200.157557 27.394048 1
69.988207 192.783320 27.033268 1
73.844678 177.984894 26.309263 1
73.844678 177.984894 26.309263 1
63.215999 183.420799 52.650020 1
62.423787 165.617000 50.491161 1
61.442754 143.569752 47.817747 1
57.479068 122.055188 43.476614 1
54.179976 104.147992 39.863363 1
66.870932 96.519938 44.507724 1
74.147766 95.491347 46.302457 1
66.575103 183.935536 39.840971 1
72.125370 166.870432 40.334809 1
78.998444 145.738155 40.946341 1
76.829379 123.334037 41.084917 1
75.060395 105.062317 41.197932 1
88.610262 97.723390 43.030658 1
95.837537 96.511318 44.909418 1
66.070100 184.941700 46.413200 1
65.708894 192.417591 46.636769 1
64.437605 202.258820 46.649555 1
63.393647 211.708872 46.552117 1
62.976728 236.143616 46.391510 1
63.277941 243.498022 45.926762 1
60.621389 262.069583 44.742484 1
61.392990 221.930112 50.198027 1
55.560229 230.360400 58.931715 1
59.669420 230.885828 64.322370 1
71.638002 232.416213 80.023397 1
73.090773 239.579516 77.837282 1
76.006155 253.954648 73.450243 1
76.006155 253.954648 73.450243 1
62.996305 221.905904 42.353108 1
64.145543 226.460491 29.731572 1
65.126947 219.781184 28.928828 1
67.985423 200.326783 26.590733 1
69.731255 192.928387 25.943922 1
73.234748 178.081479 24.645917 1
73.234748 178.081479 24.645917 1
63.594118 183.364587 52.561578 1
62.683157 165.571145 50.364515 1
61.555075 143.536722 47.643792 1
57.535909 122.027670 43.326420 1
54.190640 104.125062 39.732948 1
66.923022 96.503239 44.272980 1
74.218750 95.469339 45.986104 1
66.832853 183.905023 39.722622 1
72.400927 166.846309 40.236364 1
79.296054 145.721945 40.872546 1
76.937873 123.337717 41.104734 1
75.014655 105.082220 41.294095 1
88.523544 97.657780 43.084416 1
95.752402 96.403743 44.929239 1
66.417200 184.713000 46.222700 1
66.323097 192.191493 46.586957 1
65.263219 202.056652 46.733345 1
64.153970 211.499452 46.656450 1
62.873343 235.901601 46.267264 1
63.192058 243.261640 45.917612 1
60.656766 261.808011 44.195093 1
61.832135 221.679612 50.226107 1
55.633633 229.513911 59.257747 1
59.496088 231.049947 64.637591 1
70.746016 235.523867 80.307130 1
71.066579 242.569134 77.397832 1
71.709877 256.707393 71.559529 1
71.709877 256.707393 71.559529 1
63.353073 221.634054 42.364896 1
63.938140 226.716166 29.907046 1
64.968308 220.069223 28.918310 1
67.968816 200.709087 26.038488 1
69.769887 193.348432 25.155617 1
73.384231 178.577261 23.383896 1
73.384231 178.577261 23.383896 1
63.930896 183.109608 52.360106 1
63.108356 165.310192 50.176590 1
62.089768 143.268371 47.472645 1
57.781555 121.817271 43.145713 1
54.195703 103.962899 39.544284 1
66.942053 96.388322 44.124019 1
74.254413 95.403720 45.794753 1
67.094771 183.775391 39.508378 1
72.676954 166.723315 40.085480 1
79.589551 145.607171 40.800122 1
77.114579 123.236128 41.082089 1
75.096112 104.991383 41.312047 1
88.539439 97.467945 43.180865 1
95.750597 96.163479 45.059679 1
66.760100 184.531600 46.095900 1
66.760348 192.010607 46.461748 1
65.767252 201.882771 46.604135 1
64.614238 211.320069 46.500240 1
62.944239 235.695984 45.969025 1
63.076276 243.067582 45.778967 1
60.333691 261.542894 43.656768 1
62.170287 221.485653 50.029691 1
55.931914 228.653031 59.573252 1
59.579129 230.888810 64.857171 1
70.202144 237.400827 80.247314 1
70.126548 244.303960 77.000223 1
69.974845 258.156987 70.484044 1
69.974845 258.156987 70.484044 1
63.607416 221.412456 42.152935 1
63.626139 227.135829 29.962331 1
64.713801 220.518423 28.845361 1
67.881769 201.244317 25.592041 1
69.871723 193.961739 24.493541 1
73.865113 179.347251 22.289100 1
73.865113 179.347251 22.289100 1
64.303552 182.957423 52.252820 1
63.436142 165.162815 50.047579 1
62.361990 143.126951 47.316730 1
57.910344 121.707420 42.978607 1
54.205109 103.879325 39.367862 1
66.985031 96.327014 43.890453 1
74.322749 95.405132 45.484009 1
67.372428 183.587199 39.376266 1
73.054885 166.569900 39.999433 1
80.091655 145.496822 40.771120 1
77.447463 123.144965 41.038199 1
75.290987 104.915868 41.256015 1
88.681277 97.278012 43.039529 1
95.891604 95.910790 44.876444 1
67.017700 184.415500 46.104500 1
67.023717 191.897160 46.411301 1
66.022195 201.769157 46.493484 1
64.836162 211.201740 46.343415 1
63.021236 235.564691 45.703876 1
63.042187 242.939748 45.657883 1
59.785873 261.322313 43.457806 1
62.369705 221.371484 49.845119 1
56.391578 228.167186 59.817511 1
59.977691 230.725898 64.995684 1
70.422737 238.178504 80.077825 1
70.573350 245.069216 76.807051 1
70.875596 258.897318 70.243346 1
70.875596 258.897318 70.243346 1
63.727746 221.265525 41.954716 1
63.574069 227.231327 29.881863 1
64.774977 220.653380 28.653399 1
68.272789 201.494203 25.075336 1
70.387086 194.271097 23.826717 1
74.630005 179.775957 21.321019 1
74.630005 179.775957 21.321019 1
64.642897 182.890485 52.305707 1
63.682040 165.107871 50.043198 1
62.492169 143.086859 47.241431 1
57.932558 121.693641 42.885644 1
54.137460 103.887445 39.260197 1
66.980665 96.316587 43.567381 1
74.350154 95.419891 45.022701 1
67.540670 183.417995 39.384990 1
73.333876 166.437065 39.979859 1
80.507792 145.409023 40.716503 1
77.696080 123.077040 40.929537 1
75.402983 104.864151 41.103277 1
88.768778 97.132184 42.649194 1
95.996759 95.709880 44.371314 1
67.124600 184.323000 46.174500 1
67.173586 191.807108 46.409276 1
66.203696 201.682603 46.416256 1
65.006866 211.112605 46.202995 1
63.063623 235.460833 45.400532 1
63.052280 242.835264 45.508458 1
59.343590 261.150293 43.466894 1
62.532032 221.296684 49.656799 1
57.025004 227.741999 60.120963 1
60.694666 230.453280 65.161125 1
71.383057 238.350262 79.841290 1
71.968594 245.261050 76.663128 1
73.143636 259.129441 70.285277 1
73.143636 259.129441 70.285277 1
63.796179 221.137042 41.751711 1
63.589765 227.171736 29.713935 1
65.034147 220.659623 28.399843 1
69.241110 201.692197 24.572377 1
71.430056 194.507876 23.232005 1
75.822779 180.090566 20.542180 1
75.822779 180.090566 20.542180 1
64.848822 182.869453 52.429767 1
63.844159 165.098110 50.098764 1
62.600040 143.091055 47.212178 1
57.979371 121.716405 42.829661 1
54.133452 103.925663 39.181967 1
67.067301 96.318497 43.139771 1
74.470594 95.410957 44.404292 1
67.527239 183.258880 39.456922 1
73.468166 166.328065 40.022628 1
80.825009 145.362084 40.723159 1
77.982753 123.033238 40.836427 1
75.664747 104.822908 40.928803 1
89.062746 97.097268 42.203840 1
96.319269 95.672065 43.798846 1
67.006600 184.442100 46.308300 1
67.108586 191.926625 46.510508 1
66.191425 201.807082 46.471721 1
65.013518 211.238055 46.203189 1
63.038483 235.577449 45.228786 1
62.983497 242.951876 45.322722 1
58.678970 261.157333 43.480168 1
62.522988 221.442798 49.583945 1
57.575225 227.358215 60.624582 1
61.625705 230.314192 65.215497 1
73.423283 238.923884 78.587170 1
74.230819 245.882751 75.566475 1
75.851361 259.847627 69.504621 1
75.851361 259.847627 69.504621 1
63.792353 221.229414 41.680961 1
63.416518 227.299131 29.664912 1
65.227783 220.892242 28.289488 1
70.503343 202.231297 24.283386 1
72.744443 195.053360 22.996041 1
77.241827 180.648865 20.412629 1
77.241827 180.648865 20.412629 1
64.745824 183.031353 52.578787 1
63.905593 165.258185 50.197180 1
62.865097 143.248870 47.247928 1
58.179096 121.887653 42.869281 1
54.278800 104.108093 39.224808 1
67.223258 96.379251 42.902259 1
74.634556 95.398887 44.061112 1
67.374933 183.346340 39.593841 1
72.982550 166.301500 40.137154 1
79.926644 145.194317 40.809955 1
77.424121 122.824814 40.703675 1
75.383184 104.581326 40.616999 1
88.917060 97.098914 41.907489 1
96.188806 95.796001 43.537364 1
66.975100 184.883400 46.438300 1
67.050142 192.367648 46.661452 1
66.112751 202.246268 46.644446 1
64.936982 211.678701 46.421737 1
63.017634 236.030114 45.659413 1
62.775708 243.395214 45.358102 1
58.165838 261.538647 43.647082 1
62.414621 221.854157 49.866564 1
57.902121 227.797414 61.077416 1
62.625825 230.985864 64.784315 1
76.384261 240.272664 75.581169 1
77.244001 247.339372 72.837990 1
78.969305 261.520660 67.333049 1
78.969305 261.520660 67.333049 1
63.798944 221.716416 41.981220 1
63.350983 227.595647 29.873283 1
65.638055 221.350485 28.463338 1
72.299468 203.160590 24.356689 1
74.981709 196.127119 23.116352 1
80.364365 182.012535 20.627277 1
80.364365 182.012535 20.627277 1
64.585750 183.449786 52.655702 1
64.108856 165.651125 50.365778 1
63.518297 143.610239 47.530063 1
58.750510 122.259955 43.186525 1
54.782142 104.489495 39.571274 1
67.549123 96.496107 43.303239 1
74.921007 95.400258 44.601637 1
67.489461 183.806053 39.730463 1
72.262975 166.510917 40.329578 1
78.174173 145.093784 41.071479 1
76.336028 122.659845 40.980968 1
74.836925 104.363806 40.907152 1
88.552524 97.338445 42.735894 1
95.796996 96.282515 44.642463 1
66.762900 185.612000 46.608800 1
66.799262 193.094929 46.880543 1
65.852566 202.972640 46.907512 1
64.730011 212.412969 46.756255 1
63.100438 236.792776 46.281050 1
62.500070 244.088650 45.384504 1
57.490454 262.129523 43.713187 1
62.290297 222.573498 50.303152 1
57.911013 229.473860 61.007125 1
63.219283 232.770154 63.686191 1
78.680350 242.371069 71.489341 1
79.888150 249.571317 69.275700 1
82.311932 264.020588 64.833423 1
82.311932 264.020588 64.833423 1
63.753831 222.517883 42.431116 1
63.304233 228.036821 30.154824 1
65.998949 221.963029 28.716682 1
73.847681 204.272274 24.527903 1
77.045684 197.413432 23.562701 1
83.463356 183.649286 21.625759 1
83.463356 183.649286 21.625759 1
64.142366 184.130357 52.720908 1
64.150205 166.288767 50.735671 1
64.159912 144.194723 48.277263 1
59.389763 122.856789 43.876016 1
55.419427 105.096607 40.212731 1
67.818365 96.674977 44.232696 1
75.114857 95.532050 45.871696 1
67.538757 184.578748 39.919199 1
71.517346 167.080288 40.410995 1
76.444161 145.411374 41.020000 1
75.186922 122.937285 40.962831 1
74.161578 104.608501 40.916207 1
87.959402 97.943627 43.369195 1
95.138406 97.080017 45.593705 1
66.371400 186.334800 46.877700 1
66.341821 193.815475 47.206360 1
65.389749 203.692479 47.273309 1
64.402362 213.148195 47.141683 1
63.473366 237.565184 46.690079 1
62.381680 244.741949 45.387661 1
56.697430 262.580569 43.703754 1
62.196432 223.368380 50.670242 1
57.632729 231.806733 60.121960 1
63.259220 235.126242 62.004553 1
79.647146 244.794771 67.487863 1
81.871407 251.917340 65.899078 1
86.334998 266.210726 62.710747 1
86.334998 266.210726 62.710747 1
63.781882 223.283547 42.822113 1
63.397627 228.606368 30.457320 1
66.305830 222.625787 29.044629 1
74.776370 205.206519 24.929978 1
78.223985 198.424398 24.364874 1
85.142572 184.814215 23.230838 1
85.142572 184.814215 23.230838 1
63.576615 184.786566 52.895380 1
63.941999 166.913162 51.260923 1
64.394471 144.779719 49.236902 1
59.655549 123.426633 44.875586 1
55.711205 105.653841 41.245538 1
67.813082 96.952286 45.563542 1
75.012228 95.666907 47.500420 1
67.359453 185.358961 40.207481 1
70.522964 167.688101 40.211838 1
74.440442 145.805697 40.217231 1
74.021388 123.300359 40.269257 1
73.679628 104.946089 40.311686 1
87.617175 98.709081 43.079748 1
94.770029 98.069598 45.458846 1
65.849500 186.667900 47.180600 1
65.858345 194.150790 47.455703 1
65.008505 204.037341 47.458478 1
64.215100 213.510670 47.287097 1
64.032080 237.944115 46.807966 1
62.516137 244.977627 45.187583 1
56.118968 262.570894 43.479999 1
62.261763 223.796369 50.773914 1
57.597659 233.388134 58.996587 1
63.394941 236.586978 60.539185 1
80.280321 245.904055 65.032214 1
83.843003 252.533812 63.784749 1
90.992501 265.838238 61.281370 1
90.992501 265.838238 61.281370 1
63.971903 223.655810 42.952812 1
63.798549 228.775634 30.497873 1
66.752316 222.803864 29.143650 1
75.355571 205.410263 25.199299 1
78.845414 198.629955 24.973517 1
85.848742 185.023409 24.520424 1
85.848742 185.023409 24.520424 1
63.001939 185.177977 53.188249 1
63.325772 167.300714 51.587578 1
63.726789 145.162493 49.605395 1
59.226065 123.753372 45.266534 1
55.479980 105.933939 41.655176 1
67.629220 97.335512 46.046148 1
74.781767 95.809525 47.981045 1
66.881441 185.638945 40.525025 1
69.598170 167.896898 40.199037 1
72.962382 145.926341 39.795352 1
73.170662 123.418408 39.930093 1
73.340526 105.062023 40.039981 1
87.439971 99.178280 42.761166 1
94.617051 98.721997 45.109293 1
65.253000 186.613300 47.492600 1
65.442456 194.096474 47.681289 1
64.809243 203.998750 47.580769 1
64.187577 213.482685 47.313669 1
64.356260 237.910798 46.609999 1
62.754161 244.889108 44.840680 1
55.786681 262.263982 43.128772 1
62.353929 223.826819 50.690894 1
57.959217 233.797508 58.605441 1
63.940331 236.566958 60.271907 1
81.361148 244.633364 65.125721 1
85.751818 250.649149 63.471966 1
94.562901 262.721470 60.153254 1
94.562901 262.721470 60.153254 1
64.122514 223.589756 42.885135 1
64.249285 228.492944 30.342773 1
67.157572 222.480335 29.073486 1
75.628359 204.967782 25.376521 1
79.306580 198.284792 25.480873 1
86.687941 184.873542 25.690284 1
86.687941 184.873542 25.690284 1
62.443975 185.259297 53.550354 1
62.541924 167.395650 51.777208 1
62.663218 145.274290 49.581442 1
58.512086 123.785670 45.287254 1
55.056978 105.900068 41.713078 1
67.419266 97.437449 45.759749 1
74.616127 95.868210 47.484297 1
66.179518 185.485276 40.837568 1
69.130338 167.781152 40.485711 1
72.784432 145.857558 40.049992 1
73.041656 123.349735 40.032862 1
73.251436 104.993439 40.018891 1
87.509012 99.377752 42.469044 1
94.735663 99.056048 44.683629 1
64.688700 186.337900 47.692500 1
65.050464 193.815487 47.848121 1
64.622808 203.728427 47.718294 1
64.166313 213.220672 47.415433 1
64.682080 237.640463 46.600512 1
63.020755 244.574404 44.715179 1
55.778548 261.815608 42.803639 1
62.474160 223.605115 50.742443 1
58.305770 233.365896 59.032187 1
64.389154 235.671154 61.006754 1
82.107846 242.385539 66.757951 1
86.518624 248.169114 64.456244 1
95.370059 259.775443 59.837238 1
95.370059 259.775443 59.837238 1
64.251252 223.307227 42.940701 1
64.722866 227.837460 30.266998 1
67.587583 221.777128 29.132778 1
75.931466 204.125574 25.829212 1
79.717733 197.513677 26.215937 1
87.315917 184.245094 26.992007 1
87.315917 184.245094 26.992007 1
61.967389 185.068949 53.808426 1
61.883767 167.226194 51.835443 1
61.780214 145.130707 49.392209 1
57.920795 123.584961 45.112206 1
54.708486 105.651811 41.549837 1
67.281554 97.300169 45.153401 1
74.558644 95.887843 46.663599 1
65.460827 185.165975 41.025361 1
68.828196 167.535768 40.703240 1
72.998117 145.703707 40.304344 1
73.200913 123.195512 40.211563 1
73.366305 104.838913 40.135895 1
87.727995 99.359685 42.266047 1
95.005310 99.107417 44.317734 1
64.206500 186.060300 47.852400 1
64.646046 193.533391 48.022996 1
64.321641 203.450515 47.915594 1
63.970349 212.947410 47.618264 1
64.775576 237.358210 46.769261 1
63.143522 244.269573 44.778414 1
55.790156 261.450328 42.750526 1
62.411920 223.355662 50.936189 1
58.389413 232.943073 59.495930 1
64.556783 234.723533 61.735172 1
82.520094 239.909371 68.257274 1
86.878833 245.579904 65.602278 1
95.625838 256.959383 60.274302 1
95.625838 256.959383 60.274302 1
64.163045 223.026395 43.129838 1
64.907743 227.219924 30.353770 1
67.748227 221.117719 29.396985 1
76.021528 203.344207 26.610222 1
79.831064 196.761210 27.205325 1
87.475944 183.550624 28.399561 1
87.475944 183.550624 28.399561 1
61.546256 184.802399 53.997407 1
61.283225 166.980452 51.859052 1
60.957502 144.910731 49.211030 1
57.408251 123.311029 44.934536 1
54.454106 105.332970 41.375088 1
67.164010 97.083430 44.724874 1
74.497309 95.865333 46.128568 1
64.886373 184.898689 41.173421 1
68.729172 167.365154 40.899267 1
73.487834 145.652805 40.559771 1
73.505057 123.145126 40.290186 1
73.519104 104.788948 40.070326 1
87.909272 99.316538 42.018003 1
95.208298 99.062434 43.990824 1
63.798500 185.940800 47.808900 1
64.266713 193.411292 48.013663 1
63.992008 203.330240 47.942116 1
63.707138 212.830103 47.669561 1
64.729471 237.234224 46.863307 1
63.166861 244.153327 44.843835 1
55.777459 261.321954 42.844420 1
62.233710 223.246167 51.001777 1
58.342515 232.770197 59.691979 1
64.554186 233.997281 62.167881 1
82.646534 237.571337 69.379286 1
87.147491 243.038402 66.541128 1
96.179895 254.009567 60.845586 1
96.179895 254.009567 60.845586 1
63.998080 222.914453 43.198512 1
64.913747 226.922929 30.374245 1
67.720427 220.774063 29.643029 1
75.895268 202.864641 27.513270 1
79.678401 196.279115 28.235287 1
87.270295 183.063452 29.684211 1
87.270295 183.063452 29.684211 1
61.101192 184.667418 53.934531 1
60.812447 166.851536 51.749472 1
60.454880 144.789324 49.043614 1
57.136284 123.150238 44.781034 1
54.374120 105.139399 41.233166 1
67.131472 96.992508 44.653072 1
74.471815 95.871419 46.100109 1
64.508700 184.804857 41.128662 1
68.580968 167.321890 40.956544 1
73.623790 145.672161 40.743403 1
73.590382 123.166118 40.361987 1
73.563137 104.811273 40.050923 1
87.932610 99.329765 42.121905 1
95.211020 99.066674 44.168338 1
63.424500 185.950000 47.670100 1
63.886311 193.419927 47.907407 1
63.620977 203.339330 47.873049 1
63.372190 212.841487 47.649583 1
64.552227 237.243687 47.019930 1
63.081749 244.183056 45.000804 1
55.736773 261.373135 43.022129 1
61.933508 223.243600 51.040051 1
58.138610 232.565954 59.987711 1
64.359925 233.270340 62.637197 1
82.480359 235.321966 70.354190 1
87.263818 240.498958 67.435314 1
96.863138 250.888011 61.577790 1
96.863138 250.888011 61.577790 1
63.765085 222.954037 43.250606 1
64.809549 226.930930 30.426348 1
67.536795 220.723144 29.930144 1
75.480275 202.642114 28.484889 1
79.149643 196.005173 29.315135 1
86.513238 182.686333 30.981253 1
86.513238 182.686333 30.981253 1
60.637490 184.654497 53.750772 1
60.400181 166.833938 51.597895 1
60.106311 144.765935 48.931889 1
56.988543 123.089286 44.708721 1
54.393533 105.047183 41.193657 1
67.148857 97.008687 44.868154 1
74.464280 95.885875 46.435083 1
64.233892 184.837317 40.997233 1
68.316599 167.356227 40.896665 1
73.372347 145.708822 40.772127 1
73.407219 123.202853 40.386448 1
73.435659 104.848070 40.071906 1
87.777179 99.395595 42.397617 1
95.018344 99.146796 44.573852 1
63.126000 185.982800 47.529900 1
63.555996 193.453764 47.792960 1
63.270928 203.372678 47.795116 1
63.039344 212.876563 47.635866 1
64.351085 237.277429 47.270636 1
62.961108 244.226323 45.227389 1
55.714880 261.465263 43.310686 1
61.604177 223.251340 51.110535 1
57.845170 232.263942 60.384750 1
64.035265 232.421356 63.191642 1
82.064767 232.879850 71.367101 1
87.258612 237.656063 68.466357 1
97.681487 247.240843 62.645220 1
97.681487 247.240843 62.645220 1
63.546607 223.030696 43.345727 1
64.777547 227.036947 30.547175 1
67.339991 220.747450 30.236060 1
74.803461 202.428422 29.329903 1
78.297083 195.710689 30.262226 1
85.307997 182.229719 32.133189 1
85.307997 182.229719 32.133189 1
60.253303 184.661188 53.564905 1
60.046343 166.836119 51.446508 1
59.790056 144.762531 48.823201 1
56.850358 123.051746 44.647951 1
54.403562 104.981230 41.172770 1
67.144243 97.045656 45.112231 1
74.430262 95.906587 46.799785 1
64.039262 184.890387 40.867099 1
68.104859 167.405201 40.787510 1
73.139418 145.752725 40.688950 1
73.231730 123.246408 40.334301 1
73.307015 104.891341 40.045066 1
87.621295 99.463234 42.585670 1
94.830300 99.227793 44.867597 1
62.888900 185.949400 47.430600 1
63.284325 193.421775 47.707447 1
62.968908 203.339735 47.734144 1
62.734482 212.844239 47.623348 1
64.103273 237.244172 47.462139 1
62.811846 244.227940 45.473868 1
55.709587 261.524134 43.534223 1
61.289483 223.194714 51.165759 1
57.464794 231.809914 60.784400 1
63.560269 231.380313 63.764554 1
81.314178 230.129045 72.444665 1
87.089085 234.277978 69.680725 1
98.678018 242.603949 64.134122 1
98.678018 242.603949 64.134122 1
63.304454 223.030489 43.418057 1
64.730736 227.118980 30.665875 1
67.087038 220.744759 30.471335 1
73.950092 202.178965 29.904716 1
77.223003 195.364883 30.933746 1
83.790997 181.690562 32.998777 1
83.790997 181.690562 32.998777 1
59.972896 184.606847 53.440159 1
59.759136 166.781616 51.323795 1
59.494428 144.707829 48.703005 1
56.719086 122.966816 44.572806 1
54.409087 104.871140 41.135122 1
67.159176 97.027282 45.224958 1
74.432034 95.906241 46.980004 1
63.861139 184.870362 40.773968 1
68.013668 167.405520 40.720021 1
73.155879 145.778235 40.653214 1
73.237840 123.271626 40.314928 1
73.304683 104.916321 40.039037 1
87.599811 99.485885 42.680498 1
94.793146 99.250030 45.011308 1
62.631700 185.870500 47.334500 1
62.981896 193.343783 47.645625 1
62.624098 203.259991 47.728822 1
62.381123 212.764881 47.699422 1
63.809477 237.161616 47.823744 1
62.670254 244.159700 45.793226 1
55.691321 261.505453 43.848488 1
60.944879 223.077700 51.353460 1
57.057643 231.587352 61.040740 1
62.999608 230.424288 64.132830 1
80.306401 227.036707 73.138968 1
86.613992 230.382760 70.451818 1
99.271903 237.097533 65.059316 1
99.271903 237.097533 65.059316 1
62.994913 222.997118 43.613639 1
64.640960 227.054495 30.878004 1
66.780461 220.603390 30.715325 1
73.012049 201.813656 30.241508 1
76.042701 194.897912 31.332464 1
82.124537 181.019576 33.521766 1
82.124537 181.019576 33.521766 1
59.701068 184.484293 53.327008 1
59.548196 166.658210 51.212546 1
59.358887 144.583368 48.594111 1
56.651390 122.830105 44.483426 1
54.397861 104.724234 41.061984 1
67.159006 96.948336 45.246026 1
74.429436 95.900302 47.055408 1
63.635369 184.826576 40.676933 1
67.864453 167.380036 40.662266 1
73.101466 145.775416 40.644102 1
73.199631 123.268805 40.310274 1
73.279690 104.913499 40.038020 1
87.551142 99.464471 42.767746 1
94.729223 99.218796 45.144122 1
62.377900 185.842700 47.272000 1
62.699781 193.316757 47.594894 1
62.311361 203.231540 47.705948 1
62.050169 212.735949 47.734437 1
63.460266 237.131453 48.091294 1
62.528043 244.163913 46.073996 1
55.724269 261.581903 44.154380 1
60.597526 223.012969 51.481667 1
56.695059 231.269117 61.379896 1
62.402568 229.322423 64.519230 1
79.026475 223.652412 73.662971 1
85.846234 225.922268 71.105396 1
99.531951 230.477355 65.972920 1
99.531951 230.477355 65.972920 1
62.666284 223.006543 43.746412 1
64.496521 227.039919 31.028304 1
66.431181 220.524561 30.861313 1
72.066146 201.547683 30.374937 1
74.860273 194.541224 31.517276 1
80.467457 180.480844 33.809692 1
80.467457 180.480844 33.809692 1
59.424575 184.437746 53.248981 1
59.323517 166.610888 51.137947 1
59.198374 144.535086 48.523759 1
56.574219 122.767710 44.433785 1
54.390058 104.650092 41.029583 1
67.164841 96.942292 45.297180 1
74.428908 95.913843 47.142990 1
63.416110 184.811539 40.617742 1
67.738065 167.387793 40.648231 1
73.090082 145.811401 40.685984 1
73.180856 123.305315 40.316578 1
73.254886 104.950437 40.015308 1
87.501611 99.472438 42.815310 1
94.665591 99.210141 45.232116 1
62.111800 185.826100 47.234600 1
62.411164 193.301430 47.549588 1
62.003747 203.215464 47.659423 1
61.743060 212.719786 47.711798 1
63.201840 237.110158 48.199661 1
62.401345 244.183999 46.272486 1
55.862535 261.707137 44.389342 1
60.298271 222.980311 51.506957 1
56.371520 230.769866 61.767154 1
61.752647 228.007448 64.870894 1
77.425924 219.961530 73.910964 1
84.552539 220.961822 71.378508 1
98.854045 222.969183 66.296442 1
98.854045 222.969183 66.296442 1
62.394251 223.009527 43.779086 1
64.266683 227.183829 31.112699 1
66.028943 220.619303 30.963924 1
71.161766 201.499218 30.530606 1
73.751769 194.417535 31.690006 1
78.949321 180.206198 34.016660 1
78.949321 180.206198 34.016660 1
59.135436 184.420224 53.199925 1
59.092691 166.588286 51.130219 1
59.039757 144.506192 48.567209 1
56.470796 122.734105 44.467285 1
54.332573 104.612565 41.054800 1
67.095138 96.931123 45.405662 1
74.349022 95.912248 47.296287 1
63.183001 184.789628 40.586399 1
67.591123 167.387604 40.658062 1
73.049844 145.838109 40.746803 1
73.133854 123.332758 40.333637 1
73.202369 104.978478 39.996679 1
87.434169 99.485523 42.842895 1
94.588147 99.213609 45.288100 1
61.787000 185.747600 47.244800 1
62.079462 193.222481 47.576480 1
61.671579 203.136197 47.710659 1
61.423662 212.640567 47.801766 1
62.945560 237.023514 48.443681 1
62.287523 244.103179 46.484253 1
56.076504 261.763673 44.783424 1
59.973748 222.883078 51.643350 1
56.045482 230.324173 62.158434 1
61.038191 226.752577 65.080292 1
75.580143 216.349813 73.590605 1
82.785018 215.960190 71.112596 1
97.243574 215.178305 66.139793 1
97.243574 215.178305 66.139793 1
62.138099 222.950930 43.934592 1
64.027692 227.302857 31.330690 1
65.635352 220.699203 31.163742 1
70.317883 201.465152 30.677491 1
72.732550 194.311064 31.768809 1
77.578243 179.954428 33.958839 1
77.578243 179.954428 33.958839 1
58.770693 184.328168 53.186805 1
58.807132 166.496499 51.114658 1
58.852256 144.414739 48.548625 1
56.349992 122.634812 44.449091 1
54.267284 104.506747 41.036932 1
67.039504 96.897194 45.484708 1
74.282270 95.874298 47.415359 1
62.904419 184.724849 40.602084 1
67.359133 167.334719 40.679587 1
72.875549 145.799952 40.775560 1
73.026176 123.295005 40.359307 1
73.149021 104.941055 40.019832 1
87.365504 99.453546 42.951809 1
94.503902 99.183457 45.442329 1
61.553900 185.795400 47.319600 1
61.831422 193.269904 47.671967 1
61.423610 203.183312 47.827416 1
61.208447 212.688211 47.943273 1
62.892156 237.057827 48.680348 1
62.316844 244.140890 46.707217 1
56.433496 261.922661 45.108001 1
59.782817 222.928848 51.798915 1
55.881972 230.032719 62.554685 1
60.444546 225.722199 65.166779 1
73.733671 213.167219 72.774861 1
80.772082 211.363003 70.449322 1
94.896583 207.742349 65.782492 1
94.896583 207.742349 65.782492 1
62.042159 223.005077 44.117539 1
63.961331 227.478745 31.560818 1
65.424019 220.843333 31.331586 1
69.684298 201.516783 30.663922 1
71.966761 194.304898 31.654697 1
76.547153 179.832276 33.642958 1
76.547153 179.832276 33.642958 1
58.481310 184.357089 53.228134 1
58.628084 166.527623 51.141957 1
58.809840 144.448591 48.558550 1
56.439134 122.644364 44.510325 1
54.465925 104.496072 41.140871 1
67.254738 96.987932 45.711619 1
74.484853 95.965205 47.689207 1
62.738419 184.790303 40.685821 1
67.241040 167.412485 40.756272 1
72.816782 145.892965 40.843512 1
73.026339 123.389005 40.400304 1
73.197245 105.035859 40.038845 1
87.390044 99.545710 43.078640 1
94.507404 99.272223 45.628297 1
61.308900 185.791000 47.463000 1
61.505206 193.267815 47.820904 1
61.027275 203.177861 47.990325 1
60.811048 212.682119 48.148908 1
62.659875 237.033279 49.075819 1
62.166800 244.107150 47.048197 1
56.556345 261.984607 45.537585 1
59.437423 222.903542 52.073791 1
55.663203 229.764281 63.030692 1
59.792415 224.850773 65.272955 1
71.819316 210.539509 71.803856 1
78.517382 207.502670 69.775044 1
91.958887 201.408420 65.703677 1
91.958887 201.408420 65.703677 1
61.735030 223.021034 44.404294 1
63.692712 227.537400 31.868821 1
65.065969 220.887115 31.539328 1
69.065770 201.517244 30.579642 1
71.262713 194.261332 31.432714 1
75.671484 179.700356 33.144638 1
75.671484 179.700356 33.144638 1
58.184134 184.318471 53.335633 1
58.468656 166.487640 51.275522 1
58.820993 144.406918 48.724394 1
56.481696 122.607936 44.629909 1
54.534629 104.464011 41.221953 1
67.268295 96.964113 45.957235 1
74.473394 95.951905 48.029282 1
62.579315 184.801086 40.842846 1
67.092856 167.426108 40.915036 1
72.682120 145.910105 41.004429 1
72.923977 123.407413 40.515610 1
73.121225 105.055302 40.116953 1
87.276883 99.542091 43.285465 1
94.367509 99.253987 45.906989 1
61.070900 185.748000 47.568900 1
61.231120 193.225878 47.922554 1
60.728022 203.134659 48.093058 1
60.525835 212.638695 48.280797 1
62.504800 236.972982 49.368237 1
62.123203 244.053343 47.339226 1
56.769864 262.013650 45.879167 1
59.175190 222.844649 52.253617 1
55.439186 229.516244 63.339656 1
59.177899 224.136398 65.156238 1
70.067418 208.466858 70.447285 1
76.194017 204.291172 68.649788 1
88.488716 195.911513 65.042619 1
88.488716 195.911513 65.042619 1
61.542242 222.993912 44.605823 1
63.574520 227.569290 32.103666 1
64.887184 220.912716 31.670508 1
68.710498 201.524527 30.408885 1
70.849797 194.236358 31.122011 1
75.142889 179.610650 32.553094 1
75.142889 179.610650 32.553094 1
57.893356 184.266519 53.410882 1
58.321435 166.435781 51.374937 1
58.851545 144.355174 48.853733 1
56.524345 122.565054 44.705536 1
54.587349 104.428505 41.252873 1
67.278276 96.932391 46.107381 1
74.464918 95.944873 48.254094 1
62.412450 184.758409 40.962745 1
66.993576 167.401263 41.062330 1
72.666533 145.907343 41.185646 1
72.901707 123.406191 40.627602 1
73.093505 105.055335 40.172488 1
87.208847 99.493133 43.433878 1
94.277148 99.176348 46.111773 1
60.856000 185.699900 47.694800 1
60.983543 193.179277 48.029541 1
60.457304 203.087130 48.183290 1
60.268696 212.591281 48.379151 1
62.373084 236.910982 49.553913 1
62.090059 244.010568 47.576595 1
57.033613 262.060781 46.167761 1
58.957484 222.791273 52.380394 1
55.218831 229.274100 63.576982 1
58.605606 223.554899 65.005680 1
68.470059 206.896939 69.166960 1
73.865024 201.698057 67.728721 1
84.691500 191.265076 64.842499 1
84.691500 191.265076 64.842499 1
61.354021 222.952870 44.742039 1
63.435645 227.567275 32.262364 1
64.735015 220.913922 31.747360 1
68.519607 201.535117 30.247346 1
70.616126 194.223093 30.831699 1
74.823369 179.549513 32.004363 1
74.823369 179.549513 32.004363 1
57.658461 184.220413 53.526369 1
58.192346 166.391848 51.496402 1
58.853480 144.313932 48.982603 1
56.525206 122.534651 44.778461 1
54.587314 104.407125 41.279232 1
67.278009 96.933024 46.168170 1
74.459333 95.961123 48.339664 1
62.231281 184.698699 41.097336 1
66.898168 167.364678 41.235168 1
72.677326 145.899393 41.405848 1
72.909033 123.400312 40.768468 1
73.098003 105.051146 40.248652 1
87.188783 99.439068 43.530745 1
94.247515 99.092573 46.230118 1
60.696800 185.657300 47.833500 1
60.790890 193.138746 48.130997 1
60.235225 203.045504 48.247234 1
60.046773 212.549905 48.430761 1
62.224771 236.861682 49.634973 1
62.083907 243.990525 47.749826 1
57.361024 262.138411 46.441681 1
58.762712 222.749414 52.442025 1
55.002994 228.996215 63.765017 1
58.130587 223.066346 64.894400 1
67.240134 205.794788 68.183884 1
71.748328 199.727538 67.150820 1
80.795254 187.551937 65.077695 1
80.795254 187.551937 65.077695 1
61.167862 222.912154 44.806402 1
63.319269 227.558518 32.350443 1
64.633370 220.912162 31.784946 1
68.460867 201.553736 30.137866 1
70.521012 194.222437 30.596571 1
74.655260 179.510176 31.517089 1
74.655260 179.510176 31.517089 1
57.505097 184.192606 53.671996 1
58.042699 166.368415 51.604936 1
58.708437 144.295916 49.045204 1
56.447590 122.515375 44.810897 1
54.565820 104.386800 41.286562 1
67.297955 96.961264 46.141644 1
74.484453 95.976200 48.289965 1
62.077449 184.629407 41.241264 1
66.884621 167.333951 41.400730 1
72.837497 145.916423 41.598198 1
73.008511 123.419279 40.878561 1
73.147982 105.071694 40.291659 1
87.233228 99.401334 43.496421 1
94.301301 99.021463 46.166702 1
60.590000 185.632900 47.921900 1
60.656513 193.116147 48.178789 1
60.075125 203.021806 48.256492 1
59.885913 212.526482 48.424271 1
62.125960 236.832258 49.635778 1
62.064371 243.997259 47.888495 1
57.751945 262.242126 46.513557 1
58.639149 222.726643 52.445629 1
54.924208 228.718139 63.920357 1
57.761687 222.610715 64.852442 1
66.026235 204.822004 67.567270 1
69.645528 198.136622 66.927783 1
76.908631 184.720570 65.644479 1
76.908631 184.720570 65.644479 1
61.020175 222.888176 44.802424 1
63.174433 227.571804 32.360922 1
64.540213 220.937619 31.775322 1
68.518234 201.614642 30.069689 1
70.577143 194.277361 30.427124 1
74.708910 179.553096 31.144417 1
74.708910 179.553096 31.144417 1
57.428898 184.187473 53.781806 1
57.934724 166.367578 51.670166 1
58.561111 144.300398 49.055227 1
56.346899 122.520236 44.794412 1
54.503945 104.391976 41.248013 1
67.303509 97.029285 46.020809 1
74.503815 96.028858 48.115117 1
61.946473 184.574792 41.329426 1
66.890180 167.317966 41.499302 1
73.012132 145.948275 41.709662 1
73.150296 123.452710 40.935700 1
73.262977 105.106411 40.304493 1
87.357848 99.387522 43.378018 1
94.446239 98.980094 45.989737 1
60.439100 185.587300 48.010200 1
60.474261 193.071584 48.241843 1
59.864522 202.975683 48.297993 1
59.679199 212.480583 48.457265 1
62.013031 236.777743 49.664560 1
62.054018 243.976344 48.060663 1
58.112675 262.315679 46.837049 1
58.495583 222.683163 52.491549 1
54.841289 228.444039 64.103036 1
57.190457 222.111924 64.881770 1
64.032731 203.668770 67.149946 1
67.161612 196.716036 66.881349 1
73.440570 182.763469 66.342335 1
73.440570 182.763469 66.342335 1
60.825487 222.839935 44.832506 1
62.920907 227.614315 32.415474 1
64.346329 220.992150 31.836006 1
68.498068 201.704180 30.148234 1
70.595757 194.375932 30.462936 1
74.805346 179.669794 31.094473 1
74.805346 179.669794 31.094473 1
57.325561 184.147545 53.896906 1
57.827966 166.325416 51.803377 1
58.450118 144.255471 49.210866 1
56.224185 122.486904 44.897230 1
54.371475 104.368295 41.306867 1
67.209267 97.026305 46.008348 1
74.420328 96.032844 48.068695 1
61.754031 184.513158 41.411904 1
66.775480 167.278805 41.582843 1
72.993703 145.936941 41.794519 1
73.151787 123.441257 41.027851 1
73.280714 105.094861 40.402593 1
87.399289 99.372952 43.359486 1
94.508808 98.963852 45.912864 1
60.341000 185.557700 48.047500 1
60.381752 193.043517 48.221497 1
59.791659 202.948965 48.226744 1
59.651008 212.454825 48.373932 1
62.166958 236.730701 49.642061 1
62.243144 243.950610 48.138355 1
58.689838 262.381611 47.121079 1
58.548819 222.655188 52.436788 1
54.928777 228.476183 64.029005 1
56.811512 221.987277 64.784050 1
62.295238 203.087445 66.983229 1
64.903082 195.919036 66.858252 1
70.136435 181.533659 66.607451 1
70.136435 181.533659 66.607451 1
60.869198 222.814947 44.774916 1
62.941782 227.665587 32.383634 1
64.385532 221.047425 31.803803 1
68.590654 201.771116 30.114974 1
70.761541 194.465507 30.458317 1
75.118023 179.804800 31.147327 1
75.118023 179.804800 31.147327 1
57.266726 184.164943 53.966064 1
57.752299 166.345001 51.850070 1
58.353605 144.277763 49.229739 1
56.174024 122.505711 44.910027 1
54.359893 104.384201 41.314607 1
67.267113 97.071685 45.869650 1
74.499778 96.063107 47.845179 1
61.610526 184.432240 41.448866 1
66.793214 167.246056 41.653653 1
73.211105 145.963842 41.907244 1
73.342054 123.468376 41.129135 1
73.448850 105.122159 40.494546 1
87.600888 99.406082 43.298814 1
94.737717 98.999906 45.775315 1
60.171000 185.531700 47.993600 1
60.220949 193.017884 48.148344 1
59.651704 202.924545 48.135594 1
59.550719 212.431076 48.271589 1
62.218822 236.691502 49.524298 1
62.336540 243.932759 48.129893 1
59.094597 262.430674 47.305528 1
58.517377 222.640040 52.330935 1
54.911079 228.559694 63.877384 1
56.284685 221.952947 64.704911 1
60.285502 202.709890 67.115200 1
62.429416 195.388265 67.114565 1
66.731766 180.695418 67.113290 1
66.731766 180.695418 67.113290 1
60.828126 222.781706 44.665798 1
62.961311 227.556307 32.255283 1
64.401567 220.937157 31.678044 1
68.596511 201.657971 29.996763 1
70.833512 194.377418 30.434866 1
75.322670 179.766994 31.314040 1
75.322670 179.766994 31.314040 1
57.122872 184.157467 53.929990 1
57.646519 166.337741 51.821265 1
58.294976 144.270772 49.209937 1
56.100276 122.502151 44.880595 1
54.273562 104.383498 41.277160 1
67.213709 97.076382 45.746646 1
74.458403 96.064548 47.675893 1
61.408401 184.388040 41.391994 1
66.622425 167.211446 41.605750 1
73.079120 145.941108 41.870449 1
73.281714 123.445546 41.110700 1
73.446940 105.099250 40.491085 1
87.628657 99.429014 43.237894 1
94.777414 99.046731 45.683604 1
60.053700 185.531700 47.933200 1
60.150184 193.016709 48.119570 1
59.630516 202.926086 48.137398 1
59.557197 212.432904 48.271007 1
62.248792 236.695820 49.421030 1
62.432286 243.962123 48.171552 1
59.451804 262.509502 47.483007 1
58.564401 222.655674 52.305654 1
54.961068 228.586796 63.847142 1
55.942584 221.931762 64.830932 1
58.801388 202.548062 67.696362 1
60.688748 195.157579 67.841922 1
64.476255 180.326549 68.134029 1
64.476255 180.326549 68.134029 1
60.808777 222.770964 44.620379 1
62.993672 227.480171 32.193884 1
64.450788 220.861724 31.651978 1
68.694838 201.584585 30.073612 1
70.971708 194.325242 30.639604 1
75.540874 179.757379 31.775421 1
75.540874 179.757379 31.775421 1
57.028398 184.150573 53.879658 1
57.598056 166.330442 51.786349 1
58.303488 144.262969 49.194111 1
56.086000 122.495145 44.872386 1
54.240320 104.377154 41.275290 1
67.209022 97.085565 45.686992 1
74.463076 96.075995 47.581950 1
61.249467 184.408878 41.320353 1
66.449298 167.228031 41.537998 1
72.888419 145.952427 41.807513 1
73.192765 123.456570 41.091708 1
73.440976 105.110034 40.507932 1
87.646935 99.499475 43.252016 1
94.799229 99.149056 45.692154 1
59.991100 185.548500 47.826000 1
60.100076 193.033394 48.010065 1
59.593063 202.943437 48.021146 1
59.525158 212.450482 48.140748 1
62.213087 236.716329 49.236210 1
62.489365 243.994998 48.079207 1
59.761920 262.584371 47.480099 1
58.529378 222.682346 52.151535 1
54.878293 228.650782 63.658729 1
55.571431 221.981076 64.779119 1
57.590289 202.554640 68.042411 1
59.372602 195.140397 68.276771 1
62.949300 180.261687 68.747081 1
62.949300 180.261687 68.747081 1
60.776856 222.780308 44.466926 1
63.109762 227.354804 32.017038 1
64.574973 220.732887 31.543677 1
68.842601 201.445644 30.164955 1
71.134886 194.201342 30.849114 1
75.734986 179.663664 32.222067 1
75.734986 179.663664 32.222067 1
56.967020 184.174161 53.774652 1
57.521032 166.351830 51.695923 1
58.207090 144.281633 49.121739 1
56.023675 122.504615 44.829083 1
54.206355 104.378971 41.256183 1
67.183346 97.102735 45.668860 1
74.437350 96.076621 47.555101 1
61.181113 184.421721 41.212789 1
66.353033 167.232471 41.432032 1
72.757589 145.946462 41.703527 1
73.121648 123.450498 41.019696 1
73.418558 105.103873 40.461995 1
87.643320 99.547703 43.219304 1
94.796126 99.226421 45.661950 1
59.931900 185.550000 47.707800 1
60.052772 193.034823 47.887294 1
59.562891 202.945733 47.888693 1
59.508818 212.452903 48.005368 1
62.219082 236.714849 49.131773 1
62.554248 243.997685 48.017335 1
60.145574 262.631730 47.439986 1
58.480232 222.686465 52.003525 1
54.661167 228.787436 63.386014 1
55.176719 222.121561 64.619303 1
56.678334 202.706282 68.211432 1
58.459095 195.298040 68.597937 1
62.032680 180.431370 69.373565 1
62.032680 180.431370 69.373565 1
60.819454 222.780655 44.346296 1
63.316690 227.342336 31.923614 1
64.783299 220.713766 31.560560 1
69.055000 201.407143 30.503124 1
71.313629 194.163011 31.292868 1
75.846189 179.625674 32.877706 1
75.846189 179.625674 32.877706 1
56.859317 184.185414 53.633799 1
57.453546 166.353812 51.647745 1
58.189406 144.272136 49.188325 1
56.031870 122.491871 44.899051 1
54.236090 104.363526 41.328966 1
67.154214 97.074487 45.890721 1
74.387130 96.058935 47.861756 1
61.171176 184.416239 41.104838 1
66.313643 167.218617 41.357736 1
72.681725 145.922239 41.670905 1
73.055690 123.425788 41.008780 1
73.360677 105.078767 40.468783 1
87.567545 99.531479 43.334115 1
94.702587 99.215594 45.828861 1
59.906000 185.529800 47.571900 1
60.048866 193.014173 47.753961 1
59.581626 202.926172 47.744601 1
59.526317 212.433419 47.854216 1
62.162977 236.702120 49.009432 1
62.596050 243.991010 47.970897 1
60.562567 262.667094 47.314051 1
58.394282 222.669102 51.818852 1
54.263984 228.882769 63.030415 1
54.727027 222.236411 64.384009 1
56.075703 202.877982 68.326542 1
57.971340 195.516393 68.971620 1
61.775453 180.743346 70.266146 1
61.775453 180.743346 70.266146 1
60.891192 222.759942 44.211542 1
63.676157 227.322554 31.850526 1
65.122915 220.684813 31.589811 1
69.336797 201.351478 30.830451 1
71.515445 194.094052 31.716917 1
75.887501 179.530039 33.495855 1
75.887501 179.530039 33.495855 1
56.723111 184.175599 53.441796 1
57.431196 166.330842 51.617849 1
58.308050 144.232874 49.359173 1
56.160053 122.453970 45.058219 1
54.372211 104.326758 41.478410 1
67.158250 96.998456 46.339566 1
74.345837 96.019762 48.487155 1
61.259599 184.391847 40.992146 1
66.373446 167.187336 41.339293 1
72.706089 145.882429 41.769174 1
73.044943 123.385573 41.101921 1
73.321296 105.038222 40.557740 1
87.456493 99.438965 43.666143 1
94.545488 99.095893 46.285458 1
59.947700 185.539000 47.425800 1
60.064875 193.024265 47.588491 1
59.572008 202.934861 47.530936 1
59.484018 212.442130 47.614118 1
61.993658 236.721855 48.819501 1
62.587768 244.013798 47.887504 1
60.899668 262.722762 47.189200 1
58.169548 222.681157 51.513286 1
53.538279 228.927701 62.508749 1
54.057487 222.317434 64.010574 1
55.569753 203.064120 68.384847 1
57.718556 195.808951 69.358357 1
62.030717 181.249465 71.311972 1
62.030717 181.249465 71.311972 1
60.949768 222.766547 44.004821 1
64.231747 227.341074 31.770832 1
65.596859 220.683409 31.590107 1
69.572934 201.292044 31.063730 1
71.619277 194.010040 32.057439 1
75.725827 179.396704 34.051588 1
75.725827 179.396704 34.051588 1
56.544370 184.195340 53.173169 1
57.377178 166.340252 51.510091 1
58.408483 144.229493 49.450626 1
56.321918 122.442391 45.160965 1
54.585209 104.308355 41.590557 1
67.127548 96.935978 46.990132 1
74.220955 95.975175 49.437954 1
61.556640 184.383483 40.906872 1
66.602676 167.165236 41.487062 1
72.851346 145.843318 42.205529 1
73.063881 123.347724 41.449439 1
73.237215 105.001402 40.832809 1
87.192884 99.267140 44.462568 1
94.170656 98.850948 47.355637 1
59.986600 185.510100 47.222400 1
60.105725 192.995740 47.365226 1
59.621177 202.906209 47.247107 1
59.511935 212.413488 47.297418 1
61.856577 236.705980 48.575613 1
62.578687 244.005159 47.804530 1
61.280292 262.742334 47.033115 1
57.951089 222.655568 51.096442 1
52.645922 228.775379 61.856149 1
53.254319 222.220943 63.556123 1
55.026357 203.130246 68.507533 1
57.515702 196.039202 69.820094 1
62.511254 181.809079 72.454108 1
62.511254 181.809079 72.454108 1
61.125963 222.735891 43.746089 1
65.096235 227.342182 31.729967 1
66.332174 220.657966 31.610004 1
69.932015 201.189264 31.260602 1
71.813417 193.881876 32.385311 1
75.588967 179.217601 34.642349 1
75.588967 179.217601 34.642349 1
56.266974 184.191370 52.776287 1
57.299982 166.325439 51.360327 1
58.579202 144.201251 49.606880 1
56.543093 122.412201 45.302895 1
54.848379 104.276543 41.720563 1
67.026433 96.888970 47.879815 1
73.964236 95.930364 50.739772 1
61.953781 184.329244 40.807098 1
66.903673 167.101038 41.784142 1
73.033287 145.766789 42.994046 1
73.115953 123.275433 42.099235 1
73.183373 104.932568 41.369470 1
86.820123 98.974966 45.769887 1
93.606233 98.437149 49.070163 1
