60 35
91.518800 191.882600 36.226800 1
91.407058 200.025646 36.041302 1
91.185198 210.329483 35.092571 1
90.872469 220.231428 34.644946 1
89.885850 245.625051 36.626511 1
90.646401 253.090992 38.316208 1
91.107739 272.450305 35.247678 1
86.248134 230.770587 34.534649 1
74.353775 238.116268 33.166378 1
73.187426 231.454048 35.296306 1
69.790266 212.049400 41.500017 1
69.196262 204.661852 44.396222 1
68.004228 189.836677 50.208266 1
68.004228 189.836677 50.208266 1
94.587239 231.117539 34.240508 1
106.576283 238.046977 31.884093 1
108.274988 231.325491 33.373443 1
113.222704 211.748222 37.711385 1
114.039498 204.112097 39.794448 1
115.678630 188.788083 43.974693 1
115.678630 188.788083 43.974693 1
84.303183 190.381866 35.439676 1
81.896939 171.921846 37.444259 1
78.917170 149.061899 39.926632 1
77.225990 126.069221 36.825673 1
75.818364 106.931620 34.244637 1
72.385515 100.115799 48.518285 1
71.720875 99.214217 56.328903 1
98.712411 190.569946 35.016099 1
101.117874 172.045096 36.292070 1
104.096650 149.105086 37.872143 1
106.579587 125.989755 34.599611 1
108.604540 107.138120 31.930707 1
112.139457 100.401670 46.217117 1
112.789527 99.504812 54.029563 1
91.366600 191.913700 36.272700 1
91.242754 200.056423 36.080787 1
91.002550 210.359305 35.126175 1
90.676776 220.260758 34.676977 1
89.678947 245.653472 36.664564 1
90.431054 253.121930 38.346898 1
90.874603 272.490636 35.335547 1
86.042880 230.795948 34.591654 1
74.128580 238.120098 33.282738 1
72.971521 231.453053 35.402612 1
69.601418 212.034354 41.577040 1
69.035480 204.666236 44.527850 1
67.899769 189.880055 50.449472 1
67.899769 189.880055 50.449472 1
94.379997 231.150063 34.253087 1
106.353561 238.090025 31.849405 1
108.079362 231.368266 33.306012 1
113.105999 211.790202 37.548584 1
113.956618 204.149687 39.601799 1
115.663630 188.816863 43.722141 1
115.663630 188.816863 43.722141 1
84.149006 190.402455 35.524789 1
81.774902 171.937230 37.519730 1
78.834934 149.070836 39.990163 1
77.191524 126.080549 36.846093 1
75.823658 106.944939 34.229174 1
72.459330 100.125077 48.517200 1
71.826994 99.223501 56.330501 1
98.555540 190.609799 35.025350 1
100.989920 172.086109 36.262740 1
104.004504 149.147536 37.795038 1
106.534038 126.028793 34.582844 1
108.596994 107.174376 31.963149 1
112.212983 100.443509 46.231889 1
112.901876 99.547153 54.041065 1
91.177900 191.901900 36.248400 1
91.046743 200.044498 36.056075 1
90.792898 210.346956 35.100414 1
90.455592 220.247906 34.648637 1
89.442526 245.640892 36.625012 1
90.179928 253.110655 38.308063 1
90.595387 272.484995 35.329124 1
85.810527 230.778307 34.581454 1
73.884061 238.090549 33.317526 1
72.735993 231.414805 35.414790 1
69.392079 211.970767 41.523365 1
68.894944 204.640960 44.580079 1
67.897303 189.931660 50.714231 1
67.897303 189.931660 50.714231 1
94.145329 231.140700 34.197659 1
106.089926 238.118834 31.760609 1
107.834429 231.394193 33.181193 1
112.915536 211.807737 37.318842 1
113.787775 204.160584 39.337990 1
115.538173 188.814438 43.389968 1
115.538173 188.814438 43.389968 1
83.956812 190.385151 35.546790 1
81.608096 171.911486 37.493047 1
78.699565 149.034640 39.903193 1
77.150573 126.036558 36.768215 1
75.861294 106.894459 34.158862 1
72.560073 100.069966 48.459391 1
71.956362 99.168360 56.274953 1
98.359706 190.603177 34.955390 1
100.828766 172.080186 36.133099 1
103.886295 149.142479 37.591490 1
106.472424 126.016004 34.481653 1
108.581534 107.155281 31.945436 1
112.300161 100.431573 46.191152 1
113.037252 99.535418 53.995950 1
90.966500 191.894800 36.283800 1
90.846301 200.038084 36.114732 1
90.594434 210.342848 35.183739 1
90.254096 220.244307 34.745598 1
89.233001 245.636340 36.730067 1
89.955846 253.111085 38.397243 1
90.333227 272.487872 35.429177 1
85.599580 230.770694 34.711461 1
73.665526 238.081320 33.511433 1
72.539144 231.385275 35.555052 1
69.258392 211.882107 41.507378 1
68.876352 204.621590 44.740897 1
68.109682 190.051338 51.229856 1
68.109682 190.051338 51.229856 1
93.931165 231.140301 34.269163 1
105.846854 238.154947 31.795689 1
107.607226 231.429978 33.194985 1
112.734553 211.842567 37.270631 1
113.625072 204.192604 39.271070 1
115.412153 188.840821 43.285506 1
115.412153 188.840821 43.285506 1
83.736035 190.391252 35.654025 1
81.481243 171.906317 37.604355 1
78.689024 149.015516 40.019544 1
77.177281 126.023139 36.825094 1
75.919006 106.885789 34.166242 1
72.829209 100.057096 48.511938 1
72.335661 99.155423 56.335221 1
98.132253 190.588341 34.911924 1
100.673401 172.078102 36.135885 1
103.820200 149.156187 37.651554 1
106.481494 126.031316 34.593639 1
108.651906 107.171902 32.099765 1
112.540727 100.453446 46.302452 1
113.365762 99.557651 54.098484 1
90.720000 191.891800 36.315400 1
90.598179 200.035301 36.158420 1
90.335503 210.341049 35.241403 1
89.989581 220.242736 34.812879 1
88.984743 245.634345 36.811013 1
89.660082 253.118207 38.457077 1
89.989739 272.496095 35.490511 1
85.333740 230.768585 34.825242 1
73.361895 238.029365 33.701422 1
72.260752 231.296063 35.633329 1
69.053512 211.684379 41.260275 1
68.869013 204.549879 44.779024 1
68.498765 190.232517 51.840374 1
68.498765 190.232517 51.840374 1
93.660631 231.139231 34.302693 1
105.561381 238.160285 31.776052 1
107.346687 231.440697 33.169596 1
112.546640 211.868959 37.228489 1
113.493239 204.224457 39.224045 1
115.392862 188.883631 43.228682 1
115.392862 188.883631 43.228682 1
83.483098 190.389164 35.762017 1
81.312715 171.896158 37.731501 1
78.625024 148.995362 40.170410 1
77.167564 126.010973 36.894293 1
75.954469 106.880272 34.167466 1
73.056727 100.046129 48.550598 1
72.660964 99.144369 56.379427 1
97.870435 190.587081 34.864234 1
100.473350 172.086981 36.111459 1
103.696637 149.177621 37.655936 1
106.448840 126.054808 34.663628 1
108.693392 107.197072 32.223261 1
112.734158 100.484675 46.386341 1
113.635907 99.589026 54.173890 1
90.442900 191.956000 36.318500 1
90.330069 200.099247 36.142710 1
90.068662 210.403533 35.209052 1
89.726558 220.305185 34.776688 1
88.754960 245.696520 36.794653 1
89.396886 253.185733 38.429707 1
89.687854 272.561520 35.445420 1
85.077260 230.833767 34.835813 1
73.066992 238.043419 33.795946 1
71.995526 231.260553 35.564229 1
68.874727 211.504507 40.714601 1
68.981867 204.580355 44.633957 1
69.196873 190.685114 52.499238 1
69.196873 190.685114 52.499238 1
93.399280 231.199735 34.237805 1
105.275766 238.238282 31.646490 1
107.082168 231.523262 33.034855 1
112.343566 211.964827 37.078662 1
113.329335 204.324603 39.071639 1
115.307564 188.992365 43.071100 1
115.307564 188.992365 43.071100 1
83.197945 190.461851 35.854773 1
81.165460 171.958259 37.871396 1
78.648535 149.044353 40.368680 1
77.177328 126.083161 36.939615 1
75.952792 106.971768 34.085484 1
73.265651 100.149345 48.514991 1
72.998895 99.247824 56.349305 1
97.573863 190.637966 34.785838 1
100.266244 172.149746 36.019228 1
103.600321 149.255098 37.546572 1
106.469168 126.133282 34.657915 1
108.808847 107.276359 32.302079 1
113.059101 100.571649 46.407365 1
114.067776 99.676248 54.181817 1
90.066100 191.894800 36.358000 1
89.961609 200.037467 36.152696 1
89.698069 210.339220 35.192072 1
89.354364 220.240458 34.751569 1
88.399907 245.630630 36.792219 1
89.029489 253.118119 38.439923 1
89.312235 272.491492 35.439223 1
84.703904 230.768063 34.866701 1
72.664455 237.941858 33.920496 1
71.610955 231.106454 35.485596 1
68.542485 211.197387 40.044172 1
69.013309 204.593878 44.458773 1
69.958149 191.342097 53.317902 1
69.958149 191.342097 53.317902 1
93.018794 231.136012 34.177670 1
104.884860 238.180440 31.554791 1
106.714428 231.468546 32.927853 1
112.043302 211.919216 36.927089 1
113.050739 204.278374 38.906814 1
115.072448 188.944893 42.879679 1
115.072448 188.944893 42.879679 1
82.813180 190.408982 36.005301 1
80.907925 171.904147 38.131752 1
78.548554 148.988703 40.765042 1
77.032287 126.064419 37.115743 1
75.770245 106.983745 34.078304 1
73.211457 100.206756 48.552484 1
73.066920 99.306892 56.390196 1
97.172267 190.561014 34.726957 1
99.943377 172.080323 35.897181 1
103.374946 149.194996 37.346305 1
106.373134 126.066721 34.646909 1
108.818297 107.204530 32.445425 1
113.340938 100.517707 46.474289 1
114.481319 99.623208 54.230619 1
89.658500 191.895500 36.349200 1
89.560306 200.037778 36.126116 1
89.292642 210.337907 35.149356 1
88.950531 220.238927 34.702752 1
88.041137 245.630270 36.749402 1
88.615918 253.111597 38.444442 1
88.907483 272.487813 35.463003 1
84.308938 230.769582 34.880017 1
72.184214 237.814238 34.060967 1
71.105395 230.931623 35.383047 1
67.963179 210.885044 39.233791 1
68.863474 204.770786 44.245979 1
70.670167 192.500821 54.304330 1
70.670167 192.500821 54.304330 1
92.613602 231.131940 34.074527 1
104.458971 238.204466 31.433774 1
106.328970 231.499323 32.785176 1
111.775604 211.969653 36.721325 1
112.810019 204.327351 38.681402 1
114.885868 188.990939 42.614840 1
114.885868 188.990939 42.614840 1
82.399487 190.417393 36.106635 1
80.662499 171.898067 38.250952 1
78.511502 148.964676 40.906365 1
77.033302 126.057872 37.133765 1
75.802945 106.991747 33.993699 1
73.570768 100.201938 48.515846 1
73.588529 99.301501 56.354804 1
96.738402 190.549508 34.617095 1
99.632047 172.090190 35.827398 1
103.215356 149.231331 37.326154 1
106.342001 126.112485 34.692514 1
108.891927 107.257985 32.544657 1
113.662674 100.575916 46.493379 1
114.935285 99.681541 54.229128 1
89.215800 191.932700 36.225600 1
89.131101 200.074814 35.991300 1
88.865902 210.374285 35.006954 1
88.527652 220.275530 34.562398 1
87.662289 245.666304 36.635033 1
88.163640 253.135248 38.406277 1
88.462238 272.520002 35.481576 1
83.894284 230.808206 34.817611 1
71.708484 237.758732 34.108091 1
70.535707 230.851173 35.200047 1
67.119828 210.731943 38.380520 1
68.521497 205.287631 44.011816 1
71.334338 194.362101 55.312583 1
71.334338 194.362101 55.312583 1
92.185414 231.167177 33.881742 1
103.992492 238.294185 31.216099 1
105.906233 231.590290 32.511295 1
111.480270 212.064259 36.283733 1
112.524707 204.410660 38.193781 1
114.620667 189.051579 42.026821 1
114.620667 189.051579 42.026821 1
81.950775 190.469585 36.100687 1
80.410063 171.926973 38.193157 1
78.502123 148.964747 40.784367 1
77.026804 126.056454 37.019685 1
75.798845 106.989091 33.886208 1
73.961430 100.184629 48.456729 1
74.175645 99.283576 56.292709 1
96.264462 190.569066 34.383381 1
99.267384 172.128303 35.610229 1
102.986015 149.292422 37.129473 1
106.271656 126.178622 34.649594 1
108.951252 107.328236 32.627137 1
114.004713 100.662447 46.483784 1
115.417776 99.768935 54.195214 1
88.713100 191.898100 36.106200 1
88.645010 200.042033 35.939401 1
88.381587 210.347967 35.024690 1
88.038382 220.250444 34.612574 1
87.166613 245.641723 36.676320 1
87.607767 253.081968 38.579455 1
87.932794 272.471497 35.689428 1
83.394970 230.777334 34.918881 1
71.114715 237.573080 34.353078 1
69.737920 230.680165 35.288114 1
65.727808 210.603586 38.011541 1
67.694922 206.041589 44.227275 1
71.642487 196.886669 56.700879 1
71.642487 196.886669 56.700879 1
91.672965 231.146256 33.876645 1
103.450918 238.314617 31.193105 1
105.453796 231.622898 32.414386 1
111.287458 212.132333 35.971538 1
112.427272 204.514306 37.967331 1
114.714634 189.226609 41.972442 1
114.714634 189.226609 41.972442 1
81.443294 190.453534 36.099004 1
79.982457 171.901491 38.165002 1
78.173430 148.927587 40.723430 1
76.906691 125.998294 37.010994 1
75.852341 106.913452 33.921003 1
74.285576 100.077501 48.508392 1
74.628333 99.170437 56.339108 1
95.724330 190.532558 34.127604 1
98.813076 172.107042 35.370358 1
102.637986 149.290042 36.909299 1
106.095274 126.175155 34.686196 1
108.914855 107.323884 32.873151 1
114.230435 100.679596 46.641772 1
115.768250 99.787342 54.329442 1
88.203200 191.892100 35.903500 1
88.135344 200.036499 35.761168 1
87.857927 210.345253 34.883111 1
87.494758 220.248718 34.514069 1
86.575737 245.627635 36.705428 1
86.956474 253.050598 38.687458 1
87.329364 272.443743 35.827628 1
82.826072 230.761061 34.919666 1
70.521226 237.516967 34.414229 1
68.778237 230.697841 35.276575 1
63.701534 210.836182 37.788278 1
66.387354 207.242135 44.359877 1
71.777202 200.029677 57.547621 1
71.777202 200.029677 57.547621 1
91.091243 231.157933 33.789626 1
102.764130 238.489284 31.087410 1
104.875914 231.809195 32.182364 1
111.026781 212.352503 35.371571 1
112.334495 204.790474 37.474500 1
114.958795 189.615154 41.694609 1
114.958795 189.615154 41.694609 1
80.933409 190.449229 35.975341 1
79.609536 171.891960 38.086221 1
77.970119 148.911583 40.700227 1
76.778100 125.981778 36.966281 1
75.785942 106.896508 33.858387 1
74.492535 100.060015 48.472296 1
74.962827 99.156935 56.296849 1
95.190959 190.530713 33.840797 1
98.390831 172.128072 35.140042 1
102.353352 149.339398 36.748937 1
105.959577 126.235082 34.656391 1
108.900624 107.392432 32.949821 1
114.408630 100.762307 46.649463 1
116.040156 99.870885 54.317889 1
87.754600 191.830200 35.598200 1
87.659923 199.975171 35.517073 1
87.336124 210.288933 34.717181 1
86.923519 220.192922 34.421473 1
85.882600 245.550896 36.793340 1
86.245523 252.956557 38.842305 1
86.699076 272.353293 36.018717 1
82.199936 230.675663 34.941479 1
69.942581 237.520696 34.483506 1
67.694831 230.864815 35.447359 1
61.147942 211.478634 38.254720 1
64.590106 208.873951 44.939318 1
71.497768 203.646930 58.353828 1
71.497768 203.646930 58.353828 1
90.451916 231.126979 33.737863 1
102.004018 238.629358 30.986458 1
104.258208 231.972008 31.924786 1
110.823853 212.581546 34.657798 1
112.327680 205.083092 36.855160 1
115.345536 190.035353 41.264777 1
115.345536 190.035353 41.264777 1
80.490553 190.363708 35.739339 1
79.212628 171.814764 37.949381 1
77.630111 148.844698 40.686184 1
76.558957 125.911269 36.937887 1
75.667399 106.822983 33.818049 1
74.538954 99.971625 48.438665 1
75.076995 99.069665 56.258981 1
94.723372 190.506334 33.448666 1
97.999765 172.118055 34.760486 1
102.057045 149.347166 36.384953 1
105.801568 126.246929 34.500653 1
108.855403 107.407604 32.963918 1
114.511550 100.795235 46.611682 1
116.206396 99.903532 54.266329 1
87.431100 191.783100 35.213500 1
87.272404 199.927477 35.219477 1
86.854834 210.245967 34.531908 1
86.355825 220.148594 34.343043 1
85.127675 245.471803 36.981752 1
85.494001 252.835828 39.175091 1
85.936207 272.216481 36.241415 1
81.549324 230.583962 35.029433 1
69.394580 237.617806 34.722492 1
66.618300 231.193573 35.864266 1
58.531994 212.482100 39.189846 1
62.698504 210.818738 45.761766 1
71.059768 207.480736 58.950155 1
71.059768 207.480736 58.950155 1
89.780591 231.119320 33.722835 1
101.194321 238.772993 30.815083 1
103.635881 232.161788 31.597961 1
110.747266 212.905730 33.878204 1
112.508467 205.477667 36.122921 1
116.042815 190.571186 40.627567 1
116.042815 190.571186 40.627567 1
80.181490 190.258106 35.446829 1
78.951180 171.726638 37.824167 1
77.427626 148.778213 40.768142 1
76.394097 125.852876 36.960259 1
75.533855 106.771325 33.790826 1
74.612410 99.903773 48.418353 1
75.239604 99.001921 56.232037 1
94.377074 190.536547 32.947127 1
97.741507 172.167066 34.298868 1
101.907809 149.419456 35.972770 1
105.704462 126.312734 34.282252 1
108.800812 107.468122 32.903555 1
114.645399 100.933280 46.509199 1
116.424070 100.073470 54.148460 1
87.211400 191.774600 34.800300 1
86.979725 199.916344 34.920454 1
86.448723 210.238286 34.378334 1
85.844165 220.136673 34.322356 1
84.404470 245.413991 37.275413 1
84.785946 252.773417 39.481567 1
85.176056 272.144433 36.477689 1
80.941853 230.508743 35.248638 1
68.933833 237.793623 35.036584 1
65.653241 231.671580 36.465024 1
56.098054 213.840276 40.625560 1
60.780956 213.110762 47.017348 1
70.178504 211.646788 59.844252 1
70.178504 211.646788 59.844252 1
89.130325 231.151652 33.737629 1
100.366181 238.998887 30.658118 1
102.973536 232.432439 31.262764 1
110.567821 213.306740 33.023881 1
112.609897 205.954953 35.281726 1
116.707899 191.201543 39.812719 1
116.707899 191.201543 39.812719 1
79.983412 190.179241 35.184896 1
78.822697 171.656199 37.660846 1
77.385328 148.718207 40.726937 1
76.335187 125.795970 36.904960 1
75.461119 106.716999 33.723795 1
74.889630 99.830645 48.360339 1
75.679029 98.928529 56.159275 1
94.112259 190.623072 32.353051 1
97.586039 172.280926 33.796302 1
101.887750 149.567166 35.583525 1
105.665237 126.444039 34.085327 1
108.745956 107.586047 32.863476 1
114.892637 101.229666 46.420453 1
116.815024 100.456046 54.034073 1
87.120700 191.819700 34.414900 1
86.806099 199.955115 34.683512 1
86.144727 210.277414 34.321452 1
85.425884 220.167925 34.409483 1
83.785809 245.398500 37.644343 1
84.179412 252.739386 39.909350 1
84.435039 272.091416 36.771625 1
80.434505 230.470806 35.595764 1
68.525495 237.919416 35.569835 1
64.817355 232.145243 37.356103 1
54.016877 215.327157 42.558865 1
59.019523 215.666323 48.737474 1
69.058727 216.346954 61.136576 1
69.058727 216.346954 61.136576 1
88.559448 231.226912 33.817802 1
99.613967 239.239574 30.516009 1
102.370745 232.720583 30.946196 1
110.400249 213.733108 32.199175 1
112.726193 206.452069 34.411225 1
117.393855 191.840635 38.850317 1
117.393855 191.840635 38.850317 1
79.927094 190.136719 35.011981 1
78.884002 171.615999 37.556692 1
77.592290 148.680882 40.707934 1
76.404299 125.774174 36.833577 1
75.415494 106.708128 33.608814 1
75.326550 99.812857 48.252045 1
76.361535 98.910301 56.022152 1
93.947783 190.787601 31.719977 1
97.529330 172.474124 33.260594 1
101.964493 149.795865 35.168389 1
105.507713 126.616038 34.013299 1
108.397376 107.711805 33.071268 1
114.948564 101.607986 46.554674 1
117.090255 100.971883 54.122354 1
87.150500 191.849300 34.080600 1
86.787266 199.977188 34.482601 1
86.032546 210.297542 34.285028 1
85.224811 220.179113 34.505984 1
83.427421 245.364229 38.001035 1
83.750826 252.674926 40.372301 1
83.784200 271.990763 37.009402 1
80.167384 230.416552 35.950897 1
68.308337 237.943252 36.087838 1
64.319578 232.542434 38.368868 1
52.701758 216.811796 45.012691 1
57.868023 218.358348 50.863725 1
68.235575 221.461934 62.605455 1
68.235575 221.461934 62.605455 1
88.215799 231.276403 33.893903 1
99.013785 239.505060 30.288397 1
101.874181 233.021394 30.538117 1
110.205482 214.136812 31.265463 1
112.789846 206.916854 33.389136 1
117.976100 192.427998 37.650873 1
117.976100 192.427998 37.650873 1
79.993587 190.102755 34.896121 1
79.082297 171.577355 37.457328 1
77.953801 148.636443 40.628997 1
76.565674 125.749321 36.705736 1
75.410288 106.699577 33.440268 1
75.827030 99.806114 48.078689 1
77.131743 98.903661 55.808092 1
93.888991 190.909508 31.140119 1
97.532890 172.609683 32.696667 1
102.045265 149.948330 34.624190 1
105.133656 126.688063 33.840084 1
107.652385 107.718227 33.200609 1
114.638219 101.778325 46.538246 1
117.047146 101.246896 54.033306 1
87.368700 191.887700 33.865400 1
86.969168 200.008917 34.357646 1
86.143555 210.325444 34.280196 1
85.266978 220.197992 34.613503 1
83.343529 245.335495 38.374137 1
83.810888 252.614590 40.817524 1
83.118567 271.883105 37.259891 1
80.160835 230.376339 36.286541 1
68.261575 237.831266 36.658897 1
64.174669 232.823868 39.575284 1
52.270984 218.239125 48.069671 1
57.465056 221.079917 53.386459 1
67.888410 226.780756 64.056076 1
67.888410 226.780756 64.056076 1
88.140864 231.326883 34.014283 1
98.572762 239.857465 30.050491 1
101.482454 233.391103 30.095155 1
109.957339 214.556920 30.225246 1
112.764619 207.386655 32.231037 1
118.398216 192.997521 36.256210 1
118.398216 192.997521 36.256210 1
80.246692 190.089773 34.856039 1
79.392593 171.561147 37.413624 1
78.334920 148.616241 40.580806 1
76.743461 125.750010 36.613190 1
75.418836 106.717655 33.310804 1
76.202527 99.826162 47.935100 1
77.704546 98.923135 55.628529 1
94.030712 191.017661 30.735300 1
97.607850 172.703243 32.274981 1
102.037551 150.023819 34.181618 1
104.602724 126.693056 33.644591 1
106.694743 107.665727 33.206620 1
113.924855 101.793753 46.443776 1
116.516787 101.324735 53.881731 1
87.764400 191.940400 33.791200 1
87.334772 200.057855 34.318873 1
86.451083 210.369839 34.297798 1
85.509502 220.233911 34.698060 1
83.428096 245.328973 38.653012 1
83.947384 252.590822 41.136897 1
82.749250 271.812540 37.462425 1
80.342713 230.355507 36.522362 1
68.390570 237.710031 37.125854 1
64.437819 233.149541 40.848734 1
52.924878 219.866480 51.692143 1
57.967209 224.076053 56.183368 1
68.086052 232.523736 65.196262 1
68.086052 232.523736 65.196262 1
88.274666 231.391570 34.122725 1
98.305507 240.221542 29.795972 1
101.214636 233.757916 29.594337 1
109.687881 214.931704 29.007048 1
112.648115 207.786618 30.878269 1
118.588658 193.448012 34.633391 1
118.588658 193.448012 34.633391 1
80.667591 190.105295 34.888741 1
79.808552 171.567773 37.379324 1
78.744762 148.611850 40.463535 1
76.979530 125.761337 36.478906 1
75.510266 106.742065 33.162360 1
76.475831 99.860914 47.780648 1
78.085132 98.958546 55.452430 1
94.379635 191.112918 30.552244 1
97.803220 172.761158 31.993219 1
102.042771 150.035492 33.777623 1
104.120830 126.653191 33.399949 1
105.815585 107.583829 33.091938 1
113.110907 101.780583 46.323623 1
115.790105 101.375815 53.734380 1
88.257800 191.997700 33.812400 1
87.825581 200.114360 34.350103 1
86.913973 210.423934 34.352446 1
85.926020 220.282032 34.786662 1
83.708674 245.348535 38.847431 1
84.278847 252.592577 41.371822 1
82.569798 271.752425 37.578257 1
80.709093 230.356131 36.727463 1
68.657111 237.510154 37.663760 1
65.050086 233.411968 42.188843 1
54.544118 221.475430 55.368780 1
59.281302 226.904013 58.746100 1
68.787784 237.797977 65.523632 1
68.787784 237.797977 65.523632 1
88.590199 231.463421 34.195737 1
98.195295 240.577311 29.506804 1
101.084373 234.114812 29.092716 1
109.499218 215.291879 27.886626 1
112.540197 208.133372 29.567379 1
118.642776 193.767832 32.940272 1
118.642776 193.767832 32.940272 1
81.181513 190.152587 35.020134 1
80.288760 171.600919 37.390636 1
79.183220 148.627478 40.326145 1
77.223604 125.797084 36.317121 1
75.592548 106.794558 32.980270 1
76.722161 99.929767 47.594492 1
78.437657 99.027578 55.243250 1
94.822628 191.180423 30.469946 1
98.084952 172.794402 31.846872 1
102.124809 150.026311 33.551962 1
104.032734 126.628972 33.209391 1
105.588737 107.547347 32.930007 1
112.885161 101.825227 46.196371 1
115.595569 101.480682 53.598819 1
88.887000 192.045700 33.948400 1
88.460782 200.163499 34.473547 1
87.536282 210.471925 34.471512 1
86.527120 220.327531 34.913449 1
84.273144 245.384703 39.011474 1
84.851820 252.645902 41.484108 1
82.716734 271.759118 37.671221 1
81.303035 230.376804 36.960780 1
69.102957 237.210631 38.288893 1
66.026932 233.590538 43.553409 1
57.067573 223.046512 58.887047 1
61.265383 229.481676 60.956775 1
69.689461 242.395625 65.110261 1
69.689461 242.395625 65.110261 1
89.123216 231.521583 34.262301 1
98.287919 240.872844 29.176131 1
101.158494 234.415690 28.586973 1
109.519447 215.608328 26.870970 1
112.576387 208.404687 28.312978 1
118.710996 193.948575 31.206766 1
118.710996 193.948575 31.206766 1
81.835295 190.200443 35.292048 1
80.884526 171.631204 37.496604 1
79.707142 148.636003 40.226614 1
77.506277 125.841335 36.140231 1
75.674421 106.868544 32.738993 1
76.981096 100.028359 47.349994 1
78.818065 99.126656 54.970547 1
95.389009 191.222936 30.486632 1
98.528469 172.817257 31.886352 1
102.416179 150.024822 33.619669 1
104.363385 126.630770 33.273630 1
105.951425 107.551826 32.991418 1
113.291349 101.904956 46.266027 1
116.034553 101.606418 53.658386 1
89.708800 192.030100 34.142300 1
89.297793 200.149548 34.653898 1
88.365160 210.457237 34.643778 1
87.345226 220.312095 35.077604 1
85.117797 245.378515 39.133367 1
85.651784 252.683534 41.483971 1
83.260733 271.773400 37.706189 1
82.147330 230.348894 37.249018 1
69.802108 236.778366 39.136968 1
67.413687 233.686098 45.054355 1
60.457073 224.679441 62.289572 1
63.813093 231.873223 62.840336 1
70.547885 246.309551 63.945598 1
70.547885 246.309551 63.945598 1
89.870124 231.513739 34.291121 1
98.576195 241.042464 28.749036 1
101.442424 234.595098 28.043099 1
109.790718 215.816245 25.986959 1
112.834681 208.558711 27.161354 1
118.943246 193.994447 29.518101 1
118.943246 193.994447 29.518101 1
82.695359 190.190391 35.679834 1
81.700669 171.604684 37.720121 1
80.468895 148.589091 40.246707 1
77.902064 125.871359 35.950742 1
75.765602 106.962606 32.375061 1
77.368332 100.154861 46.971730 1
79.395229 99.254042 54.544086 1
96.115719 191.195460 30.510267 1
99.153951 172.778715 31.985756 1
102.916306 149.972575 33.812900 1
104.842547 126.577628 33.414114 1
106.413489 107.497953 33.088884 1
113.907437 101.807247 46.258299 1
116.757264 101.493999 53.609599 1
90.632800 192.038500 34.352000 1
90.247955 200.160791 34.838184 1
89.324801 210.469286 34.805300 1
88.316637 220.326313 35.216774 1
86.194966 245.415300 39.188846 1
86.654383 252.778552 41.367203 1
84.136541 271.849349 37.575517 1
83.184179 230.369023 37.512938 1
70.757575 236.392498 40.082805 1
69.248880 233.859035 46.531646 1
64.854593 226.479974 65.314797 1
67.072851 234.064625 64.382536 1
71.524405 249.285342 62.511694 1
71.524405 249.285342 62.511694 1
90.790679 231.526482 34.265015 1
99.011938 241.179300 28.220103 1
101.895616 234.746177 27.457562 1
110.294731 216.008807 25.236554 1
113.315162 208.699436 26.112235 1
119.376503 194.031148 27.869526 1
119.376503 194.031148 27.869526 1
83.664140 190.216376 36.099726 1
82.586948 171.620028 37.996088 1
81.253009 148.591259 40.344446 1
78.322363 125.958148 35.839686 1
75.883086 107.119827 32.090216 1
77.790137 100.317091 46.652593 1
80.008876 99.409292 54.170137 1
96.931021 191.177750 30.540384 1
99.904738 172.756481 32.089017 1
103.587200 149.944738 34.006739 1
105.430782 126.543926 33.563777 1
106.934310 107.459469 33.202521 1
114.649093 101.694077 46.210951 1
117.654968 101.354055 53.498637 1
91.635700 192.023000 34.591900 1
91.273531 200.148987 35.031517 1
90.352880 210.457487 34.956727 1
89.355346 220.316824 35.337636 1
87.359617 245.429563 39.223953 1
87.742054 252.877636 41.109092 1
85.177864 271.944229 37.327336 1
84.306922 230.367728 37.779610 1
71.911663 236.118684 41.033996 1
71.495837 234.187343 47.844220 1
70.284681 228.562046 67.679951 1
71.078614 236.170273 65.488769 1
72.671864 251.438300 61.091553 1
72.671864 251.438300 61.091553 1
91.767575 231.513714 34.205687 1
99.498926 241.191526 27.582007 1
102.437585 234.784334 26.811084 1
110.996838 216.122492 24.565666 1
113.953172 208.756713 25.133205 1
119.885886 193.975226 26.272126 1
119.885886 193.975226 26.272126 1
84.727958 190.220622 36.584745 1
83.494488 171.616685 38.303110 1
81.967021 148.578518 40.431045 1
78.695384 126.022020 35.779159 1
75.972287 107.247467 31.907231 1
78.211004 100.314958 46.360790 1
80.631728 99.357700 53.809556 1
97.802344 191.128285 30.578312 1
100.686862 172.692738 32.125754 1
104.258866 149.863314 34.042000 1
105.963287 126.452165 33.588090 1
107.353323 107.359277 33.217905 1
115.413453 101.557686 45.998856 1
118.630350 101.205086 53.195279 1
92.713400 192.025300 34.830500 1
92.377989 200.153304 35.253763 1
91.466099 210.462440 35.161461 1
90.490741 220.325499 35.501232 1
88.668389 245.482432 39.181428 1
88.998544 253.007366 40.743526 1
86.385015 272.078278 37.017738 1
85.557021 230.405455 38.055326 1
73.310031 236.027395 42.019163 1
74.284756 234.659018 48.908255 1
77.123773 230.673430 68.973702 1
76.842386 238.052805 66.010196 1
76.277706 252.861577 60.063095 1
76.277706 252.861577 60.063095 1
92.844908 231.507821 34.128617 1
100.071498 241.075608 26.811458 1
103.103326 234.707801 26.075805 1
111.933950 216.160671 23.933113 1
114.816162 208.749554 24.224498 1
120.600127 193.877081 24.809236 1
120.600127 193.877081 24.809236 1
85.883209 190.239536 37.088028 1
84.529109 171.636668 38.725226 1
82.852261 148.599825 40.752649 1
79.148132 126.165333 35.842225 1
76.065058 107.492330 31.755109 1
78.673059 100.363806 46.050540 1
81.324155 99.335315 53.410857 1
98.723774 191.107728 30.591354 1
101.510660 172.657794 32.146223 1
104.961761 149.810554 34.071668 1
106.522535 126.389582 33.607967 1
107.795421 107.288682 33.229796 1
116.185328 101.458412 45.783452 1
119.615219 101.101754 52.880628 1
93.733100 192.066700 35.115200 1
93.447591 200.198226 35.506182 1
92.573268 210.510147 35.371242 1
91.652607 220.380876 35.631585 1
90.112324 245.605697 38.959047 1
90.281538 253.186709 40.252649 1
87.624039 272.281956 36.685999 1
86.897534 230.523969 38.273069 1
74.954387 236.229266 42.976025 1
77.490566 235.251074 49.525305 1
84.877538 232.401955 68.601002 1
84.295514 239.687702 65.455236 1
83.127520 254.308585 59.142377 1
83.127520 254.308585 59.142377 1
93.962195 231.527775 33.933657 1
100.601342 240.898582 25.845600 1
103.769502 234.587980 25.196599 1
112.997212 216.207469 23.306294 1
116.010537 208.845319 23.494274 1
122.057619 194.071115 23.871501 1
122.057619 194.071115 23.871501 1
86.996844 190.321707 37.667603 1
85.493153 171.722137 39.208898 1
83.631058 148.689377 41.117560 1
79.587952 126.358888 36.004655 1
76.222735 107.772449 31.749007 1
79.233795 100.347523 45.812465 1
82.132321 99.217195 53.063760 1
99.556433 191.100947 30.632676 1
102.252785 172.633806 32.142245 1
105.591775 149.765258 34.011591 1
106.985309 126.333194 33.576320 1
108.121802 107.223250 33.221336 1
116.958878 101.415471 45.475016 1
120.662492 101.080613 52.434353 1
94.697100 192.225600 35.476900 1
94.468483 200.360275 35.838686 1
93.643094 210.675707 35.668524 1
92.792604 220.554332 35.858632 1
91.571717 245.837342 38.861110 1
91.683062 253.477042 39.753510 1
88.843847 272.591331 36.437705 1
88.235502 230.769169 38.571639 1
76.840722 237.061809 43.850714 1
80.861184 236.407770 49.655045 1
92.571340 234.502791 66.560972 1
92.242897 241.894674 63.633703 1
91.583783 256.728548 57.759320 1
91.583783 256.728548 57.759320 1
95.083064 231.657712 33.873879 1
101.177516 240.680012 24.999043 1
104.457972 234.424594 24.374149 1
114.012759 216.204814 22.554058 1
117.257162 208.942176 22.765348 1
123.767962 194.367667 23.189352 1
123.767962 194.367667 23.189352 1
88.069312 190.527347 38.327384 1
86.446230 171.929613 39.766331 1
84.436288 148.899126 41.548251 1
79.994924 126.683563 36.267883 1
76.298222 108.192781 31.872849 1
79.733382 100.396433 45.634881 1
82.904463 99.138015 52.749724 1
100.315986 191.208467 30.751388 1
102.903313 172.717623 32.158115 1
106.107294 149.819725 33.900109 1
107.344646 126.378330 33.496436 1
108.353765 107.260775 33.167220 1
117.686807 101.516682 45.078417 1
121.679046 101.220863 51.878106 1
95.569800 192.368700 35.866600 1
95.401409 200.506401 36.191517 1
94.633498 210.825514 35.980373 1
93.868517 220.712246 36.098742 1
93.020972 246.046765 38.778272 1
93.064347 253.719927 39.320943 1
90.042073 272.819870 36.085239 1
89.540590 231.008778 38.877407 1
78.871079 238.139324 44.589135 1
84.097338 237.923323 49.376796 1
99.319546 237.294191 63.321531 1
99.648965 244.876313 60.929956 1
100.310036 260.091952 56.130591 1
100.310036 260.091952 56.130591 1
96.157976 231.763083 33.838680 1
101.738380 240.421402 24.288833 1
105.083187 234.200437 23.661136 1
114.825404 216.081007 21.832883 1
118.241211 208.896361 22.005623 1
125.095984 194.478368 22.352268 1
125.095984 194.478368 22.352268 1
89.063952 190.723720 39.013801 1
87.298067 172.131452 40.351680 1
85.111287 149.107735 42.008440 1
80.284901 127.001408 36.608851 1
76.267732 108.601548 32.114585 1
80.096366 100.384847 45.523697 1
83.532830 98.981661 52.486609 1
100.970943 191.293838 30.905832 1
103.433241 172.776483 32.182185 1
106.482393 149.845755 33.762733 1
107.569507 126.396143 33.406524 1
108.456101 107.271887 33.116017 1
118.314240 101.600557 44.632528 1
122.604063 101.344988 51.250183 1
96.303700 192.486700 36.239800 1
96.190093 200.626696 36.529043 1
95.478032 210.949024 36.282310 1
94.799337 220.842574 36.343319 1
94.329867 246.213557 38.757631 1
94.343194 253.901295 39.026507 1
91.143998 272.955823 35.694567 1
90.710611 231.214646 39.202156 1
80.847001 239.220798 45.195293 1
86.977415 239.563909 48.742465 1
104.833101 240.563270 59.074106 1
106.144631 248.280045 57.643027 1
108.776582 263.765905 54.771165 1
108.776582 263.765905 54.771165 1
97.086582 231.842429 33.844878 1
102.282485 240.113466 23.750349 1
105.605926 233.885409 23.080883 1
115.285912 215.745322 21.130972 1
118.727795 208.572316 21.265718 1
125.634893 194.177683 21.536117 1
125.634893 194.177683 21.536117 1
89.918338 190.892141 39.648821 1
88.057453 172.302203 40.886571 1
85.753029 149.281372 42.419337 1
80.504447 127.288564 36.950514 1
76.135871 108.983189 32.398622 1
80.334873 100.390621 45.456686 1
84.026923 98.856534 52.259311 1
101.499880 191.358399 31.076124 1
103.864043 172.822003 32.258142 1
106.791670 149.867694 33.721872 1
107.765268 126.412639 33.397046 1
108.559283 107.283944 33.132134 1
118.876211 101.645786 44.256389 1
123.428008 101.408123 50.697345 1
96.920900 192.577200 36.569500 1
96.820653 200.717346 36.859466 1
96.136376 211.041455 36.608682 1
95.542762 220.940652 36.622997 1
95.491444 246.340792 38.759899 1
95.509982 254.033090 38.804458 1
92.122188 273.050537 35.447182 1
91.693771 231.397970 39.504017 1
82.539548 240.270071 45.402576 1
89.129739 241.126856 47.875923 1
108.324590 243.622364 55.079893 1
111.250547 251.006134 54.594676 1
117.122294 265.823727 53.620952 1
117.122294 265.823727 53.620952 1
97.884482 231.880324 33.919218 1
102.743453 239.811905 23.393658 1
105.991272 233.546922 22.698096 1
115.451001 215.299286 20.672174 1
118.844804 208.103150 20.792344 1
125.655418 193.662098 21.033490 1
125.655418 193.662098 21.033490 1
90.630051 190.987823 40.152236 1
88.732322 172.407899 41.481044 1
86.382272 149.399468 43.126571 1
80.800495 127.524938 37.515157 1
76.154589 109.318010 32.844583 1
80.493518 100.399454 45.635593 1
84.317563 98.750978 52.337799 1
101.973237 191.444058 31.266032 1
104.194972 172.884270 32.353504 1
106.946225 149.900995 33.700155 1
107.807422 126.440967 33.420134 1
108.509769 107.308216 33.191762 1
119.109627 101.692371 44.058324 1
123.817237 101.463635 50.386622 1
97.473800 192.633500 36.843500 1
97.369448 200.774215 37.115462 1
96.698318 211.098361 36.832697 1
96.181931 221.001741 36.776917 1
96.533774 246.424647 38.590228 1
96.593804 254.116049 38.478332 1
93.114965 273.140785 35.258266 1
92.558759 231.545999 39.633794 1
84.167703 241.430561 45.036810 1
90.937824 242.600179 46.791686 1
110.656748 246.006857 51.903013 1
115.398374 252.396975 51.894070 1
124.913769 265.220529 51.876122 1
124.913769 265.220529 51.876122 1
98.591255 231.873791 33.867591 1
103.168281 239.495678 22.992636 1
106.311754 233.178605 22.288861 1
115.467558 214.779244 20.239018 1
118.749533 207.532497 20.412219 1
125.335733 192.989877 20.759787 1
125.335733 192.989877 20.759787 1
91.257200 191.045662 40.554235 1
89.329954 172.486814 42.114868 1
86.943352 149.504482 44.047476 1
81.178288 127.727074 38.246804 1
76.379826 109.600985 33.418704 1
80.692689 100.376861 46.000104 1
84.553267 98.618441 52.653243 1
102.421299 191.493133 31.443619 1
104.507391 172.914140 32.470116 1
107.090673 149.907084 33.741257 1
107.861655 126.443757 33.474992 1
108.490428 107.308317 33.257838 1
119.276011 101.679684 43.933352 1
124.088308 101.441660 50.182064 1
97.863400 192.664800 37.123500 1
97.780158 200.806394 37.375732 1
97.159386 211.133112 37.072601 1
96.766841 221.041885 36.978700 1
97.667879 246.464079 38.602363 1
97.621380 254.143158 38.151406 1
94.112225 273.187896 35.086195 1
93.432252 231.674201 39.860516 1
86.022984 242.708899 44.404212 1
92.933133 243.726338 45.627647 1
113.059909 246.689774 49.191075 1
119.588809 251.234693 49.007005 1
132.690869 260.355340 48.637616 1
132.690869 260.355340 48.637616 1
99.307103 231.844930 33.927176 1
103.588719 239.039001 22.647988 1
106.607517 232.659866 21.958316 1
115.400187 214.079746 19.949552 1
118.542509 206.774230 20.217801 1
124.848456 192.113675 20.756109 1
124.848456 192.113675 20.756109 1
91.726182 191.098756 40.973041 1
89.829292 172.563735 42.826547 1
87.480279 149.610909 45.121834 1
81.606277 127.923935 39.096012 1
76.717142 109.873118 34.080511 1
81.037247 100.333870 46.422161 1
84.948017 98.521030 53.031234 1
102.689935 191.500608 31.620218 1
104.721331 172.913861 32.615553 1
107.236880 149.897202 33.848107 1
107.943233 126.432190 33.552623 1
108.519298 107.295375 33.311640 1
119.513701 101.617786 43.745478 1
124.455193 101.354271 49.891492 1
98.051400 192.674100 37.495600 1
98.017397 200.816361 37.737511 1
97.481775 211.147602 37.426153 1
97.258940 221.061164 37.290821 1
98.869096 246.463256 38.660935 1
98.834701 254.104414 37.774762 1
95.219476 273.143112 34.796533 1
94.308648 231.797620 40.205405 1
88.072544 243.742406 44.172779 1
95.133373 244.138530 44.692325 1
115.699022 245.292302 46.205577 1
123.184388 247.967124 45.843174 1
138.205863 253.334899 45.115911 1
138.205863 253.334899 45.115911 1
99.955889 231.771517 34.052719 1
104.026010 238.433759 22.375578 1
106.863571 231.970954 21.695480 1
115.128366 213.147130 19.714598 1
118.053557 205.756277 20.082378 1
123.923770 190.924470 20.820423 1
123.923770 190.924470 20.820423 1
92.037355 191.144639 41.548859 1
90.273015 172.627963 43.693736 1
88.088146 149.697855 46.349841 1
82.029897 128.133389 40.072049 1
76.987407 110.184538 34.846824 1
81.479454 100.254213 46.812902 1
85.554199 98.524352 53.344702 1
102.686999 191.477650 31.837276 1
104.772478 172.896792 32.830722 1
107.355000 149.887426 34.060936 1
108.074426 126.423777 33.696775 1
108.661152 107.288073 33.399784 1
119.981581 101.573401 43.457980 1
125.121550 101.290741 49.438120 1
98.051600 192.709400 37.994900 1
98.103770 200.854431 38.103733 1
97.669053 211.185992 37.669880 1
97.570402 221.100408 37.466590 1
99.605644 246.476412 38.751997 1
99.950529 254.038483 37.384546 1
96.257098 273.068652 34.448056 1
94.860377 231.884990 40.436278 1
89.451390 244.043383 44.933311 1
96.525544 243.598225 45.134099 1
117.130008 242.301642 45.718926 1
124.893185 243.933328 45.096518 1
140.472165 247.207760 43.847482 1
140.472165 247.207760 43.847482 1
100.349286 231.763540 34.143053 1
104.467405 237.834200 22.164106 1
107.064085 231.268755 21.505077 1
114.627278 212.145977 19.585562 1
117.518423 204.750230 20.096372 1
123.320311 189.908602 21.121445 1
123.320311 189.908602 21.121445 1
92.153397 191.306755 42.258781 1
90.594403 172.792592 44.577400 1
88.663824 149.865596 47.448659 1
82.348054 128.366028 41.202148 1
77.091220 110.471195 36.002960 1
81.883159 100.189324 47.548406 1
86.205232 98.520739 53.935571 1
102.495374 191.374718 32.214901 1
104.734480 172.810878 33.191977 1
107.507245 149.822585 34.401920 1
108.284871 126.364607 33.843749 1
108.919063 107.233528 33.388533 1
120.624021 101.423295 42.939033 1
126.011736 101.092559 48.694413 1
98.100000 192.703000 38.456000 1
98.230630 200.847728 38.406678 1
97.889586 211.176260 37.837919 1
97.901664 221.090423 37.601456 1
100.300360 246.427276 39.024908 1
100.853122 253.882597 37.212057 1
97.420127 272.949965 34.201781 1
95.385157 231.889578 40.686250 1
90.223832 243.627614 46.420900 1
97.183006 242.274591 46.567086 1
117.452573 238.333725 46.992876 1
125.253205 239.317963 45.768897 1
140.907349 241.293111 43.312642 1
140.907349 241.293111 43.312642 1
100.771828 231.738062 34.305938 1
104.717924 237.607922 22.170039 1
107.077624 230.949180 21.557577 1
113.950582 211.554663 19.773698 1
116.755868 204.133041 20.379172 1
122.385459 189.239486 21.594218 1
122.385459 189.239486 21.594218 1
92.288780 191.439491 42.879819 1
90.890241 172.936827 45.385050 1
89.158362 150.024070 48.487401 1
82.618618 128.488913 42.604543 1
77.175363 110.564457 37.708036 1
82.265911 100.219348 49.067698 1
86.782523 98.509061 55.307530 1
102.396776 191.215138 32.602720 1
104.807766 172.672445 33.572302 1
107.793380 149.710339 34.772963 1
108.590225 126.257782 34.041093 1
109.240090 107.131125 33.444218 1
121.222448 101.202341 42.568335 1
126.814318 100.818841 48.122179 1
98.267500 192.725800 38.817800 1
98.432403 200.869499 38.722574 1
98.132738 211.197438 38.120708 1
98.209982 221.110972 37.870572 1
100.867382 246.423202 39.272475 1
101.578675 253.798855 37.206663 1
98.521206 272.912719 34.088357 1
95.856784 231.928248 41.020095 1
91.000558 243.417096 47.480003 1
97.713756 241.141085 47.666800 1
117.266883 234.511889 48.210874 1
125.055589 234.631483 46.586536 1
140.685798 234.871481 43.326848 1
140.685798 234.871481 43.326848 1
101.106489 231.736687 34.527680 1
104.840695 237.490011 22.269542 1
107.064518 230.780598 21.703385 1
113.541716 211.238497 20.054373 1
116.148976 203.749210 20.709725 1
121.381170 188.719866 22.024864 1
121.381170 188.719866 22.024864 1
92.552580 191.511177 43.378641 1
91.185878 173.036511 46.098851 1
89.493425 150.158426 49.467420 1
82.813667 128.486418 44.286287 1
77.253873 110.448056 39.973850 1
82.676319 100.350566 51.402526 1
87.328915 98.484663 57.496139 1
102.424020 191.188486 32.876680 1
104.874688 172.649405 33.815359 1
107.909437 149.691772 34.977753 1
108.732900 126.243647 34.140865 1
109.404474 107.120605 33.458344 1
121.596025 101.159236 42.279061 1
127.319824 100.757976 47.695552 1
98.403800 192.773000 39.163000 1
98.583796 200.916184 39.052271 1
98.296222 211.244417 38.449557 1
98.396333 221.157962 38.208149 1
101.163139 246.457412 39.628961 1
102.046062 253.767171 37.401484 1
99.337943 272.915873 34.175796 1
96.136488 231.974349 41.428301 1
91.524488 243.347900 48.260487 1
97.955653 240.367213 48.454821 1
116.687320 231.685549 49.020851 1
124.288031 230.231338 47.168505 1
139.540974 227.313057 43.451255 1
139.540974 227.313057 43.451255 1
101.267542 231.783107 34.841704 1
104.861379 237.384517 22.471760 1
106.961972 230.635832 21.901757 1
113.080244 210.979345 20.241543 1
115.497910 203.425773 20.885875 1
120.349632 188.267426 22.178900 1
120.349632 188.267426 22.178900 1
92.777382 191.577163 43.837430 1
91.324697 173.140855 46.765389 1
89.525767 150.310270 50.391223 1
82.799475 128.486995 45.959418 1
77.200950 110.322728 42.270671 1
82.879481 100.538230 53.846282 1
87.621370 98.590015 59.844557 1
102.439167 191.218186 33.143426 1
104.912469 172.679805 34.035420 1
107.975247 149.723040 35.140003 1
108.803825 126.277791 34.230731 1
109.479570 107.157094 33.489176 1
121.841798 101.174595 42.054333 1
127.671905 100.760908 47.355274 1
98.470000 192.716100 39.501500 1
98.648562 200.859303 39.389902 1
98.352248 211.188167 38.802419 1
98.444647 221.102469 38.590837 1
101.203583 246.396768 40.114900 1
102.250342 253.661303 37.811726 1
99.782401 272.824555 34.481440 1
96.202959 231.900879 41.883205 1
91.767358 243.227367 48.907668 1
97.905904 239.681579 49.074355 1
115.785278 229.353978 49.559860 1
122.837639 226.213473 47.631612 1
136.990168 219.911175 43.762043 1
136.990168 219.911175 43.762043 1
101.280024 231.746540 35.253941 1
104.778350 237.328370 22.847819 1
106.761708 230.547611 22.239757 1
112.538516 210.797703 20.468694 1
114.749371 203.176552 21.057671 1
119.186067 187.882587 22.239608 1
119.186067 187.882587 22.239608 1
92.898639 191.519462 44.241215 1
91.503520 173.110295 47.361614 1
89.775875 150.313320 51.225757 1
82.889573 128.388785 47.615649 1
77.157865 110.140237 44.610831 1
83.097571 100.701898 56.341753 1
87.963883 98.850716 62.270707 1
102.434734 191.162262 33.434921 1
104.918769 172.622473 34.265726 1
107.994838 149.663964 35.294535 1
108.804791 126.221327 34.304717 1
109.465346 107.102759 33.497474 1
121.914113 101.076120 41.904894 1
127.804976 100.638970 47.136326 1
98.504200 192.625800 39.874900 1
98.632545 200.770204 39.783718 1
98.274687 211.099264 39.235252 1
98.324005 221.014804 39.072990 1
101.022808 246.306489 40.741286 1
102.157726 253.546346 38.402436 1
99.989474 272.754519 35.122727 1
96.076277 231.785153 42.452013 1
91.719333 242.908039 49.841561 1
97.537372 238.859828 50.052647 1
114.483224 227.068852 50.667470 1
120.856904 222.660805 48.861356 1
133.647468 213.814830 45.236884 1
133.647468 213.814830 45.236884 1
101.104624 231.688387 35.784637 1
104.555734 237.293702 23.375879 1
106.460991 230.495714 22.712927 1
112.010319 210.695626 20.781988 1
114.014550 203.012529 21.301405 1
118.036597 187.594253 22.343751 1
118.036597 187.594253 22.343751 1
92.985707 191.382827 44.664279 1
91.689281 173.004108 47.999342 1
90.083853 150.244839 52.129315 1
83.050718 128.295779 48.980819 1
77.196796 110.026817 46.360216 1
83.273768 100.838832 58.218894 1
88.200628 99.065442 64.121563 1
102.420087 191.112147 33.766579 1
104.947506 172.575760 34.540497 1
108.077298 149.621464 35.498862 1
108.883227 126.182973 34.412285 1
109.540501 107.067788 33.526129 1
122.034052 100.986042 41.826757 1
127.963442 100.520486 47.012011 1
98.439200 192.472700 40.323900 1
98.495478 200.617930 40.233537 1
98.050715 210.944865 39.709177 1
98.033789 220.861294 39.605073 1
100.614153 246.149080 41.503939 1
101.878805 253.374978 39.188592 1
99.912713 272.607579 35.924653 1
95.747168 231.587489 43.096576 1
91.313400 242.452795 50.816279 1
96.833451 238.010800 51.098872 1
112.911372 225.072870 51.921968 1
118.922228 220.077375 50.428194 1
130.984685 210.052523 47.430518 1
130.984685 210.052523 47.430518 1
100.747228 231.579586 36.407265 1
104.223412 237.253678 24.036825 1
106.072737 230.448006 23.298605 1
111.459154 210.625535 21.148438 1
113.387472 202.917872 21.584601 1
117.257181 187.450298 22.459876 1
117.257181 187.450298 22.459876 1
92.964274 191.180654 45.150151 1
91.782450 172.809265 48.567174 1
90.318939 150.059073 52.798641 1
82.997816 128.236748 49.433146 1
76.904191 110.073273 46.631928 1
82.914541 100.778313 58.441090 1
87.838315 98.966635 64.334699 1
102.326898 190.994361 34.188982 1
104.909646 172.462943 34.896366 1
108.107955 149.514800 35.772339 1
108.937025 126.083247 34.560731 1
109.613171 106.973720 33.572607 1
122.140787 100.832699 41.777702 1
128.098159 100.333788 46.927660 1
98.260800 192.406300 40.887600 1
98.237405 200.551599 40.789350 1
97.695028 210.874480 40.277182 1
97.595747 220.790810 40.220370 1
99.998330 246.079548 42.328310 1
101.448737 253.303424 40.117942 1
99.597158 272.567110 36.972506 1
95.238065 231.470598 43.805612 1
90.617183 242.111963 51.724941 1
95.854631 237.351960 52.164988 1
111.109433 223.487785 53.446692 1
117.100140 218.285507 52.843010 1
129.122166 207.845685 51.631553 1
129.122166 207.845685 51.631553 1
100.227446 231.554785 37.108856 1
103.773512 237.330309 24.805372 1
105.572639 230.520536 23.985450 1
110.812849 210.686120 21.597312 1
112.695328 202.962065 21.931913 1
116.473046 187.461594 22.603375 1
116.473046 187.461594 22.603375 1
92.820262 191.065793 45.739454 1
91.714195 172.669009 49.043339 1
90.344498 149.887370 53.134703 1
82.864702 128.165589 49.480098 1
76.639008 110.085800 46.438243 1
82.737275 100.808359 58.216065 1
87.687662 99.005514 64.090057 1
102.135331 190.959831 34.736776 1
104.765453 172.434216 35.421222 1
108.022426 149.493258 36.268789 1
108.925362 126.080854 34.773119 1
109.661750 106.986942 33.553329 1
122.133960 100.709211 41.739350 1
128.075978 100.135378 46.899233 1
98.000900 192.410900 41.519900 1
97.921562 200.555784 41.416603 1
97.304123 210.874497 40.905439 1
97.124453 220.789780 40.865691 1
99.297364 246.091566 43.064356 1
100.923561 253.326587 41.018935 1
99.323559 272.654900 38.143515 1
94.661411 231.436459 44.478467 1
89.710547 241.814297 52.546700 1
94.491136 236.635233 53.324781 1
108.415267 221.550485 55.591054 1
113.937709 215.836440 56.002208 1
125.020028 204.369617 56.827305 1
125.020028 204.369617 56.827305 1
99.670988 231.586757 37.797965 1
103.293204 237.497798 25.581333 1
105.061601 230.689552 24.685393 1
110.212303 210.859586 22.075844 1
112.069495 203.125607 22.306355 1
115.796469 187.605224 22.768932 1
115.796469 187.605224 22.768932 1
92.565868 191.035972 46.368292 1
91.451919 172.595637 49.416872 1
90.072460 149.760066 53.192079 1
82.671503 128.052038 49.302782 1
76.511431 109.983696 46.065584 1
82.738069 100.775340 57.830448 1
87.710056 99.001916 63.695146 1
101.890160 190.987352 35.373025 1
104.560610 172.463994 35.954682 1
107.867523 149.525831 36.674962 1
108.840864 126.129723 34.981527 1
109.634670 107.049101 33.600450 1
122.111958 100.730501 41.747195 1
128.052566 100.128208 46.905459 1
97.647900 192.407000 42.156800 1
97.525604 200.551305 42.049876 1
96.851371 210.866204 41.533503 1
96.605024 220.780069 41.497753 1
98.563899 246.094849 43.747380 1
100.295239 253.370664 41.947724 1
99.104318 272.769294 39.361881 1
94.024154 231.403545 45.096554 1
88.603450 241.568803 53.133374 1
92.879950 236.058892 54.411879 1
105.335852 220.010508 58.135710 1
110.199175 213.853466 59.460712 1
119.958789 201.497644 62.119698 1
119.958789 201.497644 62.119698 1
99.101891 231.599600 38.468906 1
102.812153 237.707091 26.375955 1
104.561769 230.902398 25.418283 1
109.657769 211.082777 22.628930 1
111.493781 203.341788 22.780136 1
115.178250 187.807336 23.083566 1
115.178250 187.807336 23.083566 1
92.185941 191.004559 46.966901 1
90.868243 172.540360 49.780740 1
89.236473 149.675236 53.265255 1
82.213193 127.871032 49.216863 1
76.367473 109.722639 45.847245 1
82.601708 100.658279 57.719421 1
87.513680 98.941712 63.651225 1
101.588406 191.002269 36.038300 1
104.257068 172.476139 36.533462 1
107.561766 149.534544 37.146632 1
108.627633 126.156526 35.269085 1
109.496898 107.090658 33.737856 1
121.949312 100.767789 41.919275 1
127.853521 100.150755 47.117433 1
97.189300 192.390200 42.721100 1
97.022845 200.533916 42.630131 1
96.293524 210.845654 42.125635 1
95.981216 220.757699 42.102864 1
97.719150 246.083023 44.414494 1
99.557439 253.392068 42.874254 1
98.869407 272.855122 40.609771 1
93.267557 231.356940 45.675348 1
87.359615 241.291836 53.656641 1
90.931718 235.424238 55.415479 1
101.335968 218.334038 60.538343 1
105.366064 211.755556 62.487345 1
113.453576 198.553998 66.398562 1
113.453576 198.553998 66.398562 1
98.444379 231.599458 39.126360 1
102.345268 237.873562 27.179575 1
104.090396 231.073682 26.180428 1
109.173324 211.268079 23.270271 1
110.996588 203.523041 23.352712 1
114.655476 187.980461 23.518144 1
114.655476 187.980461 23.518144 1
91.675370 190.946751 47.459236 1
90.237133 172.452521 50.003965 1
88.456094 149.550210 53.155227 1
81.729875 127.668510 49.021409 1
76.131411 109.455615 45.580687 1
82.376226 100.580846 57.589752 1
87.233779 98.934430 63.585905 1
101.214016 191.020968 36.649546 1
103.910736 172.496745 37.056105 1
107.250181 149.557512 37.559555 1
108.383887 126.188223 35.614281 1
109.308478 107.129475 34.027818 1
121.717413 100.824495 42.288716 1
127.574725 100.207373 47.539652 1
96.646700 192.310400 43.232500 1
96.428087 200.452933 43.146135 1
95.641759 210.760492 42.641868 1
95.269413 220.670485 42.632254 1
96.818859 245.999255 45.038226 1
98.746122 253.341678 43.793934 1
98.613840 272.846252 41.802496 1
92.430598 231.244617 46.181810 1
85.980791 240.911783 54.071859 1
88.767797 234.763506 56.242902 1
96.885338 216.855790 62.566372 1
100.122682 209.973450 64.905114 1
106.619316 196.162116 69.598451 1
106.619316 196.162116 69.598451 1
97.722958 231.533934 39.727760 1
101.867284 238.018711 27.977049 1
103.635250 231.225832 26.970457 1
108.784699 211.440622 24.038618 1
110.621562 203.698445 24.075326 1
114.307741 188.161609 24.148982 1
114.307741 188.161609 24.148982 1
91.063057 190.825859 47.875340 1
89.548934 172.312139 50.227000 1
87.673921 149.385692 53.139176 1
81.244914 127.430796 48.921394 1
75.893830 109.156978 45.410787 1
82.112215 100.535328 57.616348 1
86.890056 98.980275 63.700295 1
100.782485 190.973883 37.228676 1
103.499974 172.452686 37.634804 1
106.865136 149.517200 38.137720 1
108.147397 126.176318 35.957802 1
109.193142 107.140736 34.179976 1
121.419411 100.760271 42.652572 1
127.157670 100.093387 48.027413 1
95.940200 192.295200 43.689300 1
95.679759 200.436510 43.603623 1
94.854687 210.740797 43.094422 1
94.441988 220.649193 43.101777 1
95.848029 245.972828 45.645915 1
97.853051 253.341690 44.722036 1
98.241069 272.862723 42.935859 1
91.477930 231.200442 46.616888 1
84.455094 240.564886 54.381804 1
86.436223 234.234139 56.887578 1
92.206534 215.794952 64.185999 1
94.748603 208.711238 66.769718 1
99.849974 194.495793 71.954671 1
99.849974 194.495793 71.954671 1
96.936391 231.531522 40.304746 1
101.397253 238.232701 28.793800 1
103.194423 231.444552 27.807214 1
108.428934 211.673119 24.933645 1
110.271183 203.932210 24.967732 1
113.968168 188.397918 25.036130 1
113.968168 188.397918 25.036130 1
90.252603 190.776565 48.192841 1
88.733595 172.238422 50.340069 1
86.852534 149.281732 52.999087 1
80.773850 127.231658 48.758438 1
75.714351 108.878619 45.228798 1
81.847973 100.494797 57.641174 1
86.523307 99.025597 63.825272 1
100.228984 190.986208 37.787624 1
102.980855 172.468750 38.127324 1
106.388596 149.537895 38.547980 1
107.814517 126.219200 36.224575 1
108.977423 107.201713 34.329729 1
121.050543 100.812443 43.012695 1
126.670608 100.127305 48.508758 1
95.068500 192.216500 44.044500 1
94.792350 200.357548 43.988066 1
93.957941 210.662087 43.499608 1
93.517754 220.569237 43.535698 1
94.764533 245.886401 46.223226 1
96.905970 253.255783 45.693848 1
97.617385 272.781955 44.070808 1
90.411799 231.097277 46.997477 1
82.777056 240.119146 54.588495 1
84.029559 233.708796 57.349071 1
87.677647 215.037754 65.389639 1
89.524333 207.841263 68.238670 1
93.230225 193.399498 73.956046 1
93.230225 193.399498 73.956046 1
96.065286 231.470193 40.861797 1
100.928194 238.373956 29.636952 1
102.761756 231.590617 28.684847 1
108.102265 211.833195 25.911710 1
109.933738 204.090039 25.988957 1
113.609101 188.551240 26.143965 1
113.609101 188.551240 26.143965 1
89.251810 190.665039 48.368385 1
87.837913 172.104809 50.393088 1
86.087015 149.120765 52.900377 1
80.392277 126.985233 48.572856 1
75.652348 108.561064 44.970910 1
81.660361 100.428145 57.609592 1
86.207476 99.050280 63.909243 1
99.535341 190.943851 38.268291 1
102.373358 172.438670 38.565588 1
105.887775 149.523018 38.933735 1
107.479782 126.227300 36.490771 1
108.778140 107.228553 34.498418 1
120.634375 100.803433 43.449642 1
126.105389 100.088396 49.090385 1
94.143800 192.133600 44.437800 1
93.835245 200.273465 44.378724 1
92.977876 210.575474 43.876844 1
92.505680 220.481103 43.924233 1
93.597962 245.790007 46.753079 1
95.893436 253.131810 46.702968 1
96.855295 272.658574 45.222415 1
89.253216 230.988846 47.312346 1
80.958970 239.618810 54.663277 1
81.604424 233.202156 57.611510 1
83.484394 214.512754 66.198655 1
84.628212 207.288893 69.333015 1
86.923603 192.792200 75.622983 1
86.923603 192.792200 75.622983 1
95.123690 231.397856 41.386319 1
100.486978 238.522205 30.533404 1
102.354588 231.740678 29.636153 1
107.794263 211.988532 27.022784 1
109.596060 204.239312 27.163660 1
113.211867 188.688344 27.446358 1
113.211867 188.688344 27.446358 1
88.189059 190.553455 48.558613 1
86.920787 171.967817 50.441757 1
85.350224 148.952309 52.773747 1
80.069484 126.724774 48.393143 1
75.674141 108.224027 44.747013 1
81.529171 100.354228 57.621864 1
85.934370 99.072163 64.041435 1
98.811205 190.885403 38.816925 1
101.747481 172.394801 39.062560 1
105.383576 149.497201 39.366732 1
107.172043 126.230290 36.788897 1
108.630622 107.255035 34.686552 1
120.252486 100.798829 43.918376 1
125.560621 100.054934 49.709022 1
93.138300 192.036500 44.753100 1
92.786538 200.174414 44.671165 1
91.896398 210.471847 44.133678 1
91.377074 220.375100 44.184328 1
92.251892 245.673896 47.174597 1
94.710757 252.948851 47.624930 1
95.930479 272.472393 46.300042 1
87.944669 230.854402 47.481802 1
79.055229 239.158963 54.504558 1
79.238717 232.756948 57.548023 1
79.773145 214.110186 66.412543 1
80.234576 206.904873 69.757279 1
81.160567 192.445404 76.469424 1
81.160567 192.445404 76.469424 1
94.057178 231.313480 41.809586 1
100.010926 238.650617 31.416017 1
101.935643 231.874292 30.604206 1
107.541649 212.137301 28.239695 1
109.321876 204.385344 28.473516 1
112.894402 188.828883 28.942737 1
112.894402 188.828883 28.942737 1
87.027404 190.426693 48.626390 1
85.845392 171.822818 50.381204 1
84.381649 148.784727 52.554277 1
79.576591 126.455188 48.144929 1
75.577175 107.869541 44.474874 1
81.130976 100.286848 57.651936 1
85.320479 99.108446 64.233713 1
98.040908 190.809168 39.331385 1
101.072887 172.333322 39.517488 1
104.827496 149.453995 39.747939 1
106.822928 126.220478 37.024899 1
108.450297 107.272458 34.804130 1
119.773483 100.772126 44.370114 1
124.882083 99.993005 50.333035 1
92.080800 191.969000 44.907300 1
91.715362 200.106351 44.829384 1
90.816873 210.402521 44.281695 1
90.245113 220.302825 44.343038 1
90.797314 245.592910 47.480354 1
93.443239 252.752147 48.438577 1
94.931600 272.269276 47.308004 1
86.581205 230.744088 47.509473 1
77.177882 238.759840 54.190207 1
77.049118 232.379411 57.281435 1
76.674069 213.795522 66.285070 1
76.539129 206.635265 69.753388 1
76.268335 192.266215 76.713536 1
76.268335 192.266215 76.713536 1
92.965723 231.269377 42.151344 1
99.625820 238.749111 32.302300 1
101.626314 231.982963 31.595610 1
107.453034 212.275613 29.537274 1
109.198875 204.520610 29.895988 1
112.702394 188.958034 30.615839 1
112.702394 188.958034 30.615839 1
85.813601 190.337311 48.512395 1
84.683009 171.729707 50.261543 1
83.282942 148.686998 52.427598 1
78.968375 126.254924 48.031485 1
75.377212 107.583933 44.372447 1
80.512594 100.239352 57.850647 1
84.439828 99.147097 64.606694 1
97.213016 190.764836 39.696998 1
100.335234 172.303570 39.830639 1
104.201589 149.442300 39.996123 1
106.452019 126.248500 37.136713 1
108.287352 107.332871 34.804729 1
119.295689 100.817014 44.721230 1
124.182919 100.012892 50.863675 1
91.014700 191.931600 45.015000 1
90.658873 200.069500 44.951152 1
89.783598 210.367731 44.404633 1
89.188956 220.266550 44.485098 1
89.486986 245.540641 47.781697 1
92.213882 252.593870 49.192296 1
93.985280 272.099456 48.294525 1
85.329495 230.677653 47.515609 1
75.404436 238.375428 53.804045 1
75.067193 231.991050 56.871312 1
74.084921 213.395658 65.805158 1
73.850201 206.217609 69.231122 1
73.379171 191.812852 76.106275 1
73.379171 191.812852 76.106275 1
91.977830 231.254221 42.494178 1
99.256270 238.897089 33.224990 1
101.380059 232.155127 32.661420 1
107.565890 212.518220 31.019944 1
109.329463 204.775571 31.527787 1
112.868567 189.237786 32.546906 1
112.868567 189.237786 32.546906 1
84.591346 190.292087 48.330030 1
83.525763 171.685644 50.131551 1
82.206199 148.644372 52.362463 1
78.294629 126.127568 48.022827 1
75.038894 107.386054 44.410798 1
79.710731 100.235202 58.159111 1
83.368581 99.211619 65.075236 1
96.374011 190.742200 40.035039 1
99.581771 172.295301 40.116431 1
103.554056 149.451821 40.217214 1
106.027151 126.291547 37.271284 1
108.044077 107.403259 34.868739 1
118.727703 100.863474 45.119019 1
123.389365 100.029579 51.430499 1
89.914300 191.831600 45.028600 1
89.594149 199.971122 44.986380 1
88.773098 210.274367 44.450304 1
88.174491 220.172700 44.556957 1
88.233123 245.425706 48.023695 1
90.980804 252.379782 49.830591 1
93.008753 271.869885 49.171028 1
84.133401 230.555592 47.444108 1
73.715534 237.964906 53.264509 1
73.260662 231.611528 56.380567 1
71.935780 213.106426 65.456524 1
71.539549 205.967098 68.947900 1
70.744402 191.640047 75.954321 1
70.744402 191.640047 75.954321 1
91.036972 231.179053 42.785829 1
98.850097 238.975285 34.097860 1
101.092059 232.258625 33.720731 1
107.622088 212.695415 32.622289 1
109.426465 204.974599 33.293070 1
113.047452 189.480630 34.639171 1
113.047452 189.480630 34.639171 1
83.334075 190.203945 48.026645 1
82.368772 171.598307 49.891884 1
81.173390 148.558033 52.201701 1
77.666756 125.947880 48.003634 1
74.748064 107.128668 44.509436 1
78.965868 100.183232 58.507576 1
82.358233 99.232324 65.567888 1
95.499693 190.642394 40.303553 1
98.794830 172.210831 40.366723 1
102.875318 149.386342 40.444942 1
105.547743 126.259991 37.407998 1
107.727231 107.399369 34.931228 1
118.042156 100.795991 45.513033 1
122.459443 99.912240 51.991291 1
88.875800 191.849500 44.966400 1
88.617449 199.991315 44.952274 1
87.881124 210.301809 44.432757 1
87.299062 220.200812 44.565568 1
87.142220 245.432130 48.183861 1
89.845905 252.296208 50.362923 1
92.148393 271.763858 50.015213 1
83.095777 230.562913 47.291327 1
72.216707 237.677533 52.614389 1
71.691117 231.329385 55.729980 1
70.160258 212.839517 64.804577 1
69.826178 205.695874 68.293627 1
69.155754 191.360163 75.295379 1
69.155754 191.360163 75.295379 1
90.242232 231.219864 43.020010 1
98.469961 239.207900 34.908123 1
100.830002 232.522770 34.761877 1
107.703951 213.051395 34.335915 1
109.590347 205.368350 35.189758 1
113.375930 189.950179 36.903224 1
113.375930 189.950179 36.903224 1
82.145680 190.256572 47.631915 1
81.143868 171.655834 49.526541 1
79.903274 148.621628 51.872749 1
77.051699 125.868319 47.961905 1
74.678233 106.929953 44.706774 1
78.329981 100.095797 58.917191 1
81.393371 99.192001 66.132394 1
94.675860 190.641819 40.512445 1
98.057217 172.226027 40.609660 1
102.244474 149.421068 40.730036 1
105.057796 126.329906 37.555691 1
107.352193 107.497983 34.966863 1
117.339552 100.929717 45.879582 1
121.514730 100.041804 52.515903 1
87.861100 191.798100 44.831200 1
87.680733 199.942026 44.837469 1
87.048128 210.260036 44.330684 1
86.499143 220.160514 44.491483 1
86.169883 245.366575 48.270655 1
88.786283 252.140551 50.808663 1
91.344457 271.579318 50.851351 1
82.167751 230.506827 47.072827 1
70.902051 237.338838 51.942590 1
70.341975 230.965396 54.999989 1
68.710672 212.401855 63.905093 1
68.576576 205.217425 67.323090 1
68.307476 190.799865 74.182254 1
68.307476 190.799865 74.182254 1
89.520935 231.187700 43.172231 1
98.126408 239.382464 35.682327 1
100.548420 232.718375 35.759250 1
107.602868 213.308284 35.983299 1
109.506072 205.650929 37.012590 1
113.325387 190.284311 39.078143 1
113.325387 190.284311 39.078143 1
80.998843 190.260678 47.172709 1
80.074498 171.672984 49.227916 1
78.929836 148.654929 51.772979 1
76.535840 125.814884 48.066179 1
74.543234 106.804325 44.980880 1
77.745239 99.945208 59.287402 1
80.540022 99.042996 66.611032 1
93.851558 190.550354 40.648564 1
97.368598 172.161120 40.874218 1
101.723876 149.389048 41.153645 1
104.626060 126.343060 37.740028 1
106.992928 107.547979 34.956063 1
116.640622 101.009950 46.187851 1
120.582363 100.123407 52.965608 1
86.977100 191.755500 44.647200 1
86.845689 199.900318 44.619323 1
86.285218 210.220682 44.076817 1
85.762799 220.122431 44.247522 1
85.310094 245.299365 48.203924 1
87.809297 251.996545 51.045676 1
90.513274 271.411365 51.451885 1
81.338384 230.458236 46.710484 1
69.734660 237.027202 51.127413 1
69.152615 230.608820 54.085069 1
67.457322 211.914385 62.699659 1
67.566611 204.677343 66.005712 1
67.785932 190.154200 72.640229 1
67.785932 190.154200 72.640229 1
88.862001 231.152661 43.152322 1
97.774948 239.539996 36.258923 1
100.217275 232.888983 36.543893 1
107.330893 213.516978 37.373907 1
109.184952 205.872420 38.573867 1
112.905644 190.531483 40.981916 1
112.905644 190.531483 40.981916 1
80.023635 190.266979 46.737781 1
79.138232 171.688151 48.888099 1
78.041794 148.681075 51.550943 1
76.021320 125.768574 48.076149 1
74.339609 106.697706 45.183956 1
77.182375 99.810180 59.552588 1
79.760217 98.907388 66.955294 1
93.110843 190.457446 40.693828 1
96.731409 172.090279 41.044687 1
101.214889 149.345534 41.479162 1
104.200996 126.331896 37.922671 1
106.636307 107.563197 35.022184 1
116.017004 101.040201 46.486473 1
119.783922 100.153988 53.362971 1
86.341400 191.735700 44.566200 1
86.252671 199.880904 44.503918 1
85.750095 210.202299 43.925480 1
85.242803 220.104819 44.097017 1
84.656064 245.259743 48.173983 1
87.084654 251.863662 51.282679 1
89.863238 271.259218 51.992331 1
80.735544 230.429531 46.454017 1
68.868379 236.792146 50.453329 1
68.276727 230.309817 53.266069 1
66.553454 211.429130 61.458567 1
66.907493 204.181583 64.724211 1
67.617974 189.637359 71.277637 1
67.617974 189.637359 71.277637 1
88.384447 231.139051 43.177066 1
97.610701 239.627255 36.841957 1
100.046798 232.983591 37.299449 1
107.142273 213.632991 38.631961 1
108.924597 206.009686 40.055074 1
112.501333 190.711399 42.910942 1
112.501333 190.711399 42.910942 1
79.324803 190.290383 46.467603 1
78.467484 171.713626 48.646998 1
77.405823 148.709115 51.345849 1
75.665991 125.735816 48.130300 1
74.217868 106.614345 45.453886 1
76.832581 99.701082 59.853432 1
79.261012 98.798013 67.306455 1
92.576212 190.391325 40.790398 1
96.268592 172.042427 41.308757 1
100.841002 149.320306 41.950652 1
103.874318 126.339589 38.225247 1
106.348130 107.597739 35.187003 1
115.526168 101.089259 46.822303 1
119.158466 100.203535 53.770912 1
85.793100 191.634300 44.406200 1
85.721359 199.779403 44.315371 1
85.252236 210.100464 43.703823 1
84.760286 220.003923 43.865577 1
84.119806 245.149324 47.992886 1
86.435910 251.683964 51.325742 1
89.305848 271.053199 52.329694 1
80.214236 230.332559 46.129027 1
68.099256 236.439664 49.767363 1
67.502219 229.877954 52.388365 1
65.763259 210.766058 60.022399 1
66.285947 203.524769 63.279277 1
67.334866 188.993105 69.815110 1
67.334866 188.993105 69.815110 1
87.949496 231.033413 43.059481 1
97.404094 239.588054 37.165784 1
99.826836 232.955846 37.818684 1
106.883411 213.638613 39.720346 1
108.613695 206.071121 41.468458 1
112.085997 190.884839 44.976527 1
112.085997 190.884839 44.976527 1
78.731953 190.208121 46.150654 1
78.004907 171.650824 48.533681 1
77.104570 148.670413 51.484701 1
75.444349 125.701785 48.194560 1
74.062489 106.584201 45.456060 1
76.467065 99.664723 59.889207 1
78.778845 98.761521 67.379218 1
92.110385 190.266055 40.778981 1
95.844354 171.933422 41.524942 1
100.468264 149.231441 42.448685 1
103.526228 126.291911 38.496493 1
106.020142 107.583651 35.273294 1
114.923534 101.068100 47.116186 1
118.396757 100.180882 54.145469 1
85.575400 191.707400 44.269800 1
85.492756 199.851974 44.146612 1
85.020263 210.170682 43.499012 1
84.507711 220.073262 43.650293 1
83.731568 245.206625 47.827342 1
85.994365 251.702159 51.271407 1
88.974840 271.032963 52.631008 1
79.894635 230.387819 45.841169 1
67.663405 236.425851 49.194699 1
67.125486 229.774508 51.593117 1
65.558715 210.401540 58.578847 1
66.149709 203.131690 61.759525 1
67.335703 188.542708 68.142443 1
67.335703 188.542708 68.142443 1
87.693316 231.110498 42.941883 1
97.323982 239.686544 37.373341 1
99.743053 233.075028 38.220747 1
106.788935 213.818065 40.688936 1
108.503890 206.315649 42.711163 1
111.945432 191.259961 46.769320 1
111.945432 191.259961 46.769320 1
78.479940 190.275990 45.864296 1
77.758665 171.728318 48.322813 1
76.865474 148.759826 51.367316 1
75.339771 125.761149 48.225286 1
74.069876 106.618555 45.610064 1
76.192724 99.694287 60.085039 1
78.351754 98.791077 67.620500 1
91.972928 190.336115 40.787255 1
95.575270 171.986449 41.734541 1
100.036182 149.263378 42.907592 1
103.227122 126.341712 38.956877 1
105.829485 107.648021 35.734884 1
114.354699 101.139529 47.856647 1
117.598022 100.252653 54.994964 1
85.524300 191.708400 44.073300 1
85.405196 199.851907 43.914521 1
84.902076 210.166280 43.222472 1
84.351723 220.067238 43.344270 1
83.408792 245.199077 47.496093 1
85.679270 251.642411 51.031933 1
88.753119 270.944983 52.572686 1
79.659444 230.370877 45.415026 1
67.355308 236.392260 48.522785 1
66.874262 229.684958 50.772860 1
65.473144 210.149005 57.326519 1
66.078922 202.788493 60.288379 1
67.294585 188.017575 66.232178 1
67.294585 188.017575 66.232178 1
87.527825 231.112041 42.715619 1
97.307882 239.646244 37.346742 1
99.663762 233.029518 38.321885 1
106.525590 213.757378 41.162126 1
108.206911 206.350813 43.535452 1
111.580957 191.487478 48.298189 1
111.580957 191.487478 48.298189 1
78.403440 190.248797 45.522372 1
77.582121 171.712786 48.036815 1
76.565042 148.758734 51.150572 1
75.138391 125.732945 48.164446 1
73.950940 106.567784 45.678989 1
75.704745 99.640781 60.201995 1
77.667767 98.737513 67.790869 1
92.001068 190.354298 40.733423 1
95.399786 171.975657 41.855343 1
99.608543 149.216703 43.244650 1
102.867609 126.306403 39.283636 1
105.525532 107.621981 36.053243 1
113.639020 101.122483 48.459078 1
116.632514 100.235856 55.705742 1
85.590000 191.721200 43.876400 1
85.478623 199.864594 43.706589 1
84.996277 210.178495 42.993054 1
84.438469 220.079258 43.095213 1
83.356919 245.210615 47.216041 1
85.613583 251.643937 50.778852 1
88.762161 270.923261 52.453923 1
79.680925 230.378275 45.035967 1
67.305922 236.383645 47.882331 1
66.863444 229.648626 50.056238 1
65.574662 210.031941 56.388044 1
66.152343 202.556140 59.051765 1
67.311622 187.553863 64.397264 1
67.311622 187.553863 64.397264 1
87.619074 231.127275 42.551546 1
97.487467 239.669768 37.360437 1
99.747446 233.030341 38.405734 1
106.329952 213.692082 41.450307 1
107.951160 206.384010 44.148545 1
111.204572 191.718327 49.563306 1
111.204572 191.718327 49.563306 1
78.431051 190.265668 45.128511 1
77.521644 171.746274 47.733450 1
76.395480 148.812800 50.959273 1
75.014664 125.761914 48.150490 1
73.865363 106.575865 45.812642 1
75.231044 99.647626 60.376684 1
76.989221 98.744344 68.015614 1
92.156495 190.361441 40.719013 1
95.453302 171.971004 41.946743 1
99.535858 149.197443 43.467079 1
102.924518 126.304034 39.517167 1
105.688129 107.633388 36.295827 1
113.382077 101.133055 48.965702 1
116.132446 100.246516 56.308098 1
85.787300 191.731700 43.701000 1
85.683677 199.874626 43.505780 1
85.222012 210.186700 42.753212 1
84.656891 220.087329 42.822995 1
83.433604 245.220943 46.890071 1
85.701612 251.652852 50.448228 1
88.888325 270.927035 52.110291 1
79.835815 230.383233 44.618013 1
67.409784 236.414891 47.171405 1
66.984475 229.671001 49.321100 1
65.745698 210.028476 55.582388 1
66.235492 202.502027 58.118010 1
67.218402 187.398109 63.206443 1
67.218402 187.398109 63.206443 1
87.841163 231.138024 42.361411 1
97.819461 239.642727 37.320522 1
99.978249 232.973559 38.390085 1
106.266022 213.548673 41.505337 1
107.821439 206.325546 44.458949 1
110.942822 191.830328 50.386192 1
110.942822 191.830328 50.386192 1
78.595953 190.281739 44.758846 1
77.521185 171.768013 47.341001 1
76.190248 148.841559 50.538611 1
74.844299 125.763929 47.940401 1
73.724019 106.555621 45.777819 1
74.678014 99.622006 60.372056 1
76.212354 98.718717 68.059074 1
92.438013 190.361298 40.729987 1
95.741322 171.968228 41.899400 1
99.831931 149.191405 43.347519 1
103.280409 126.297312 39.453740 1
106.092806 107.626108 36.278180 1
113.521884 101.122986 49.103743 1
116.122557 100.236859 56.500536 1
