62 35
99.518700 191.871100 33.409100 1
99.449231 200.011811 33.126095 1
99.326423 210.300098 32.006079 1
99.065492 220.188536 31.300809 1
97.962754 245.631638 32.381833 1
98.415906 253.161803 33.886842 1
98.660465 272.636287 31.629324 1
94.469390 230.711823 30.521858 1
82.658344 237.822120 27.829305 1
81.236064 231.249191 30.077801 1
77.093471 212.104591 36.626867 1
75.737399 204.741137 39.320810 1
73.016064 189.964314 44.726957 1
73.016064 189.964314 44.726957 1
102.808728 231.061172 30.806385 1
114.856087 237.992021 28.773787 1
116.501637 231.300720 30.447304 1
121.294545 211.811345 35.321660 1
121.993987 204.211261 37.572485 1
123.397614 188.959573 42.089392 1
123.397614 188.959573 42.089392 1
92.371798 190.381414 32.128662 1
90.073977 171.998012 34.839975 1
87.228472 149.232943 38.197528 1
85.687057 126.154195 35.720696 1
84.404084 106.944955 33.659143 1
80.142604 100.379584 47.826449 1
79.065374 99.597250 55.603855 1
106.775363 190.525107 32.726424 1
108.455436 171.966574 34.554712 1
110.535935 148.984854 36.818741 1
112.441848 125.765312 33.918159 1
113.996208 106.828689 31.552598 1
116.184452 100.041842 46.082814 1
116.161747 99.144059 53.922131 1
99.411200 191.828500 33.487600 1
99.340336 199.969732 33.220343 1
99.209034 210.259696 32.116822 1
98.932530 220.148351 31.420590 1
97.780503 245.588996 32.508002 1
98.259096 253.112115 34.040131 1
98.540093 272.583506 31.760285 1
94.310171 230.661787 30.664314 1
82.517259 237.820355 28.020624 1
81.108456 231.240557 30.257483 1
77.005115 212.075950 36.772655 1
75.682455 204.705526 39.464148 1
73.028167 189.914714 44.865376 1
73.028167 189.914714 44.865376 1
102.650019 231.029001 30.908528 1
114.725121 237.919409 28.903239 1
116.386246 231.231112 30.573371 1
121.224520 211.750485 35.437871 1
121.933705 204.149825 37.683698 1
123.356882 188.896982 42.190576 1
123.356882 188.896982 42.190576 1
92.261079 190.340656 32.223090 1
89.954122 171.955177 34.912473 1
87.097304 149.187535 38.242867 1
85.670538 126.102682 35.754270 1
84.482991 106.888359 33.682925 1
80.209574 100.306385 47.838928 1
79.123597 99.515915 55.614295 1
106.666153 190.484433 32.783296 1
108.338920 171.929112 34.650474 1
110.410371 148.951369 36.962662 1
112.335522 125.736772 34.035326 1
113.905572 106.804182 31.647946 1
116.132245 100.024487 46.175663 1
116.121614 99.126776 54.015014 1
99.306000 191.938900 33.617000 1
99.234670 200.080304 33.355172 1
99.100998 210.371297 32.261576 1
98.826327 220.261206 31.582645 1
97.693480 245.699884 32.734335 1
98.199727 253.222248 34.261274 1
98.495265 272.690540 31.956930 1
94.209260 230.779472 30.862042 1
82.432091 237.981083 28.265495 1
81.040020 231.394024 30.491429 1
76.985412 212.208265 36.974782 1
75.700583 204.847741 39.711314 1
73.122215 190.076796 45.202927 1
73.122215 190.076796 45.202927 1
102.549865 231.140632 31.088835 1
114.622771 238.035084 29.084232 1
116.295736 231.346004 30.739341 1
121.168494 211.863095 35.560083 1
121.886038 204.258196 37.788840 1
123.325991 188.996846 42.261461 1
123.325991 188.996846 42.261461 1
92.150534 190.452407 32.381468 1
89.794883 172.057483 34.961850 1
86.877765 149.278146 38.157263 1
85.684241 126.170037 35.763510 1
84.690829 106.936359 33.771107 1
80.332819 100.358841 47.903371 1
79.197602 99.572049 55.672075 1
106.557836 190.594716 32.881513 1
108.202051 172.034138 34.721607 1
110.238145 149.049886 37.000256 1
112.191989 125.825767 34.169034 1
113.785440 106.885412 31.860040 1
116.069343 100.118093 46.384642 1
116.076029 99.221063 54.224075 1
99.165500 191.882300 33.649600 1
99.072771 200.023688 33.394053 1
98.908744 210.315625 32.313554 1
98.613016 220.206407 31.656534 1
97.462352 245.640506 32.888861 1
98.020081 253.160712 34.408476 1
98.350798 272.629044 32.109251 1
93.979205 230.721645 31.002274 1
82.233762 237.999518 28.475593 1
80.874690 231.390029 30.654946 1
76.916197 212.138941 37.002623 1
75.695778 204.808271 39.846664 1
73.246668 190.097237 45.554022 1
73.246668 190.097237 45.554022 1
102.320960 231.091207 31.163816 1
114.420366 237.938876 29.158626 1
116.117996 231.250879 30.792868 1
121.062595 211.771126 35.552829 1
121.801998 204.164387 37.768120 1
123.285818 188.899343 42.213718 1
123.285818 188.899343 42.213718 1
92.003979 190.379635 32.469975 1
89.686317 171.980852 35.057236 1
86.816242 149.196737 38.261168 1
85.640963 126.093750 35.809639 1
84.662738 106.864336 33.769148 1
80.428876 100.238454 47.916550 1
79.351906 99.429509 55.691270 1
106.414425 190.555870 32.855519 1
107.992777 172.002394 34.820664 1
109.947311 149.026937 37.254169 1
111.924483 125.811362 34.369575 1
113.536958 106.877975 32.017053 1
115.851754 100.120252 46.541232 1
115.864171 99.223506 54.380691 1
99.092700 191.877000 33.772300 1
98.973567 200.018568 33.534014 1
98.771704 210.312392 32.478175 1
98.451836 220.204347 31.850807 1
97.296582 245.633611 33.175191 1
97.906475 253.146083 34.712915 1
98.317173 272.611493 32.401881 1
93.801123 230.717503 31.289609 1
82.093256 238.093288 28.874942 1
80.775656 231.456396 30.995696 1
76.937957 212.125493 37.172695 1
75.835438 204.833802 40.161407 1
73.622925 190.200989 46.159089 1
73.622925 190.200989 46.159089 1
102.143977 231.093784 31.342123 1
114.280231 237.862778 29.292966 1
116.007382 231.173619 30.891122 1
121.037966 211.690482 35.545977 1
121.817563 204.092972 37.779087 1
123.382042 188.846449 42.260444 1
123.382042 188.846449 42.260444 1
91.922729 190.355792 32.670325 1
89.627885 171.957573 35.281820 1
86.786066 149.174156 38.515763 1
85.641685 126.077164 35.994132 1
84.689177 106.852739 33.895292 1
80.594797 100.178264 48.060895 1
79.585241 99.346670 55.842269 1
106.336033 190.573247 32.894085 1
107.850386 172.035364 35.047697 1
109.725668 149.079214 37.714587 1
111.666187 125.867173 34.777153 1
113.248771 106.936667 32.381539 1
115.667540 100.191536 46.894625 1
115.722049 99.295351 54.733968 1
98.943300 191.872300 33.646800 1
98.824257 200.015987 33.497498 1
98.600723 210.319769 32.548563 1
98.258765 220.216388 32.013145 1
97.080855 245.632917 33.545688 1
97.808532 253.145984 35.028285 1
98.280948 272.613571 32.747584 1
93.577778 230.723730 31.619923 1
81.966261 238.302090 29.373123 1
80.741043 231.612686 31.381285 1
77.172420 212.128834 37.230343 1
76.216123 204.948217 40.522903 1
74.297046 190.538307 47.130341 1
74.297046 190.538307 47.130341 1
101.919322 231.116827 31.511891 1
114.082537 237.836113 29.459002 1
115.842869 231.147072 31.021039 1
120.970096 211.664279 35.570696 1
121.807356 204.085573 37.846422 1
123.487553 188.876787 42.413299 1
123.487553 188.876787 42.413299 1
91.749655 190.365889 32.688106 1
89.539500 171.948680 35.238070 1
86.802558 149.141747 38.395815 1
85.644301 126.046414 35.865340 1
84.680244 106.823370 33.759138 1
80.954165 100.120285 48.012624 1
80.140163 99.275794 55.815493 1
106.164515 190.574885 32.594340 1
107.673174 172.075905 35.063375 1
109.541405 149.167931 38.120865 1
111.342955 125.943103 35.196013 1
112.812203 107.002168 32.810660 1
115.526372 100.204226 47.246662 1
115.732299 99.287653 55.081131 1
99.017000 191.931300 33.684600 1
98.836638 200.074796 33.600677 1
98.529089 210.383612 32.733449 1
98.139160 220.282259 32.273629 1
96.972608 245.687454 33.991567 1
97.817965 253.188042 35.474921 1
98.376639 272.651061 33.174816 1
93.437617 230.785735 32.066318 1
81.911793 238.559114 30.057109 1
80.785843 231.804365 31.897649 1
77.506351 212.130184 37.258489 1
76.784803 205.098180 40.911844 1
75.336814 190.986504 48.243319 1
75.336814 190.986504 48.243319 1
101.773090 231.190269 31.744131 1
114.000083 237.773608 29.630540 1
115.810636 231.085130 31.136581 1
121.084141 211.603977 35.523138 1
121.967972 204.037281 37.821105 1
123.741626 188.852594 42.432618 1
123.741626 188.852594 42.432618 1
91.812826 190.379852 32.891010 1
89.628935 171.951202 35.380219 1
86.924517 149.130101 38.462728 1
85.718357 126.046005 35.853332 1
84.714429 106.832313 33.681442 1
81.274627 100.117787 48.001350 1
80.615513 99.267739 55.818223 1
106.219190 190.694334 32.445537 1
107.679275 172.223941 35.146866 1
109.487355 149.351368 38.492013 1
110.790622 126.068502 35.771231 1
111.853497 107.080235 33.552306 1
114.753749 100.043061 47.836689 1
115.107147 99.060594 55.657896 1
99.083200 191.911800 33.533400 1
98.869207 200.054896 33.516383 1
98.511645 210.369131 32.737230 1
98.105098 220.270845 32.366460 1
97.032790 245.663047 34.321522 1
97.947260 253.154330 35.810889 1
98.572271 272.601316 33.395145 1
93.417988 230.782807 32.378430 1
81.884764 238.635651 30.758378 1
80.870148 231.796902 32.334470 1
77.914931 211.878061 36.925063 1
77.543598 205.103698 41.082805 1
76.798413 191.509048 49.426473 1
76.798413 191.509048 49.426473 1
101.741518 231.177234 31.820915 1
113.973153 237.687769 29.517221 1
115.837691 231.003526 30.975436 1
121.268431 211.534707 35.222695 1
122.214114 203.986767 37.557433 1
124.111892 188.839722 42.242735 1
124.111892 188.839722 42.242735 1
91.867637 190.337093 32.906625 1
89.730232 171.896461 35.346972 1
87.083379 149.060522 38.368973 1
85.765462 125.991341 35.682856 1
84.668514 106.790064 33.447107 1
81.572638 100.043131 47.830130 1
81.103168 99.174476 55.658639 1
106.257194 190.713566 32.106884 1
107.607064 172.256845 34.954993 1
109.278659 149.401201 38.481904 1
109.794416 126.057203 36.035521 1
110.215039 107.019081 34.040382 1
113.266851 99.768658 48.185865 1
113.795628 98.716349 55.988074 1
99.291100 191.820800 33.495500 1
99.096382 199.964375 33.514686 1
98.747696 210.283541 32.799430 1
98.359722 220.189054 32.521993 1
97.409024 245.559655 34.794626 1
98.342208 253.049975 36.277213 1
99.014254 272.467488 33.646571 1
93.704801 230.712412 32.769272 1
82.163711 238.635412 31.613289 1
81.231428 231.717961 32.862976 1
78.516019 211.569889 36.502867 1
78.650136 205.252879 41.339614 1
78.919278 192.576038 51.045894 1
78.919278 192.576038 51.045894 1
102.013380 231.091466 32.013373 1
114.185815 237.629511 29.484981 1
116.097607 230.935963 30.835336 1
121.665983 211.440041 34.768436 1
122.690316 203.927496 37.182796 1
124.745927 188.851482 42.027882 1
124.745927 188.851482 42.027882 1
92.059588 190.265304 33.023737 1
89.911521 171.831212 35.503810 1
87.251465 149.003373 38.575008 1
85.813001 125.960413 35.730346 1
84.615718 106.780961 33.362636 1
81.826411 99.975077 47.780563 1
81.525171 99.073705 55.613653 1
106.428603 190.611512 31.904724 1
107.584212 172.150465 34.809678 1
109.015247 149.289465 38.406981 1
108.776336 125.914612 36.227037 1
108.581493 106.851325 34.449190 1
111.737232 99.653704 48.598834 1
112.424288 98.601590 56.388727 1
99.517400 191.706600 33.537900 1
99.399738 199.851652 33.557615 1
99.121054 210.174882 32.870882 1
98.789778 220.084315 32.670648 1
98.001091 245.429684 35.264163 1
98.856086 252.909793 36.842371 1
99.537265 272.272199 33.834888 1
94.187725 230.623086 33.145944 1
82.607605 238.533280 32.348052 1
81.673205 231.569917 33.307461 1
78.951629 211.288119 36.101879 1
79.656787 205.580891 41.601607 1
81.071882 194.127744 52.638343 1
81.071882 194.127744 52.638343 1
102.479081 230.976855 32.210100 1
114.545321 237.613940 29.442080 1
116.493205 230.906387 30.665390 1
122.166703 211.369677 34.228454 1
123.287610 203.891442 36.705608 1
125.537022 188.884280 41.676708 1
125.537022 188.884280 41.676708 1
92.262810 190.219101 33.229394 1
90.117464 171.783852 35.703206 1
87.460777 148.954578 38.766648 1
85.890439 125.944972 35.728338 1
84.583392 106.793281 33.199448 1
82.135919 99.996459 47.683576 1
82.029278 99.095965 55.521832 1
106.605686 190.429785 31.787802 1
107.612026 171.954290 34.656216 1
108.858214 149.075398 38.208271 1
108.460788 125.688507 36.186295 1
108.136668 106.615403 34.537279 1
111.490049 99.506465 48.686298 1
112.299023 98.518545 56.472888 1
99.702900 191.672000 33.661600 1
99.654981 199.817733 33.632579 1
99.443360 210.140757 32.919312 1
99.174596 220.052759 32.756011 1
98.583112 245.376794 35.598454 1
99.528912 252.806248 37.354146 1
99.893049 272.114629 33.968061 1
94.642714 230.611317 33.426376 1
83.107239 238.605667 32.851775 1
82.122816 231.623117 33.598038 1
79.255544 211.285435 35.771635 1
80.586356 206.403652 41.912795 1
83.257000 196.606990 54.236743 1
83.257000 196.606990 54.236743 1
102.914066 230.929058 32.316727 1
114.912373 237.604679 29.352993 1
116.885489 230.879707 30.431681 1
122.632481 211.292261 33.573513 1
123.827738 203.835887 36.081613 1
126.226354 188.872594 41.114813 1
126.226354 188.872594 41.114813 1
92.430974 190.245377 33.517588 1
90.355361 171.785859 35.866787 1
87.785026 148.926534 38.775915 1
86.075478 125.949399 35.571543 1
84.652562 106.824736 32.904433 1
82.536668 100.045527 47.448924 1
82.627968 99.145802 55.287462 1
106.740941 190.323327 31.768466 1
107.889245 171.849751 34.595625 1
109.311234 148.973236 38.096592 1
109.112004 125.595496 35.943779 1
108.949522 106.529855 34.188060 1
112.766773 99.501418 48.259540 1
113.793326 98.560873 56.026327 1
100.024400 191.700900 33.864900 1
100.030884 199.846805 33.848014 1
99.872737 210.171696 33.148036 1
99.669359 220.085314 32.988272 1
99.329091 245.416389 35.809073 1
100.323342 252.758165 37.878752 1
100.279280 272.023747 34.239089 1
95.230796 230.676768 33.756878 1
83.668527 238.640350 33.307155 1
82.516448 231.671318 33.929497 1
79.160852 211.373010 35.742156 1
81.187140 207.478925 42.378945 1
85.253448 199.664356 55.697513 1
85.253448 199.664356 55.697513 1
103.473868 230.934095 32.440404 1
115.398716 237.658197 29.295341 1
117.410138 230.922499 30.226227 1
123.268702 211.303810 32.937565 1
124.557545 203.859945 35.436458 1
127.143969 188.921754 40.451184 1
127.143969 188.921754 40.451184 1
92.741631 190.323455 33.893595 1
90.727341 171.838831 36.094054 1
88.232946 148.948416 38.818991 1
86.344154 126.005649 35.472179 1
84.772046 106.909590 32.686511 1
82.998766 100.139962 47.281185 1
83.303512 99.235800 55.113818 1
107.005700 190.307764 31.801523 1
108.224852 171.809692 34.432006 1
109.734573 148.902842 37.689422 1
109.442900 125.519931 35.604379 1
109.205026 106.450073 33.903929 1
113.442151 99.501323 47.894588 1
114.704979 98.586968 55.629615 1
100.541600 191.779200 34.088900 1
100.587065 199.924897 34.048335 1
100.460310 210.248637 33.325355 1
100.300602 220.162780 33.149460 1
100.159232 245.499635 35.935120 1
101.233118 252.751435 38.265775 1
100.853003 271.990544 34.507595 1
95.935636 230.776842 34.020814 1
84.357199 238.719962 33.628879 1
82.865204 231.814416 34.236642 1
78.519552 211.701018 36.006837 1
81.291307 208.923883 42.929381 1
86.853604 203.350786 56.821395 1
86.853604 203.350786 56.821395 1
104.140825 230.992099 32.479359 1
115.955730 237.809788 29.127626 1
118.049774 231.083380 29.935341 1
124.148985 211.491748 32.287924 1
125.521955 204.038980 34.714428 1
128.277202 189.082924 39.583884 1
128.277202 189.082924 39.583884 1
93.255550 190.437650 34.313898 1
91.292714 171.936334 36.418472 1
88.862038 149.025245 39.024669 1
86.723110 126.139323 35.447130 1
84.942806 107.090578 32.469421 1
83.545373 100.207661 47.051928 1
84.077471 99.260245 54.867284 1
107.459115 190.346082 31.845898 1
108.557627 171.822009 34.343179 1
109.917956 148.882961 37.435646 1
109.636730 125.483448 35.544427 1
109.407377 106.400050 34.002049 1
113.828209 99.502206 47.961021 1
115.212089 98.616645 55.678668 1
101.141000 191.691400 34.293100 1
101.220070 199.836697 34.230009 1
101.115097 210.159192 33.486070 1
100.980294 220.073450 33.296321 1
100.953522 245.413733 36.054109 1
102.341329 252.539948 38.596714 1
101.502169 271.745183 34.741004 1
96.657913 230.697843 34.250153 1
85.143043 238.732815 33.857770 1
83.144544 231.975635 34.650560 1
77.323626 212.294376 36.959677 1
80.876165 210.578035 43.869841 1
88.005323 207.133718 57.737010 1
88.005323 207.133718 57.737010 1
104.827894 230.893731 32.529519 1
116.483889 237.844617 28.905993 1
118.703271 231.149272 29.633109 1
125.167546 211.648118 31.750938 1
126.634613 204.149794 33.973451 1
129.578693 189.102316 38.433542 1
129.578693 189.102316 38.433542 1
93.857035 190.381858 34.700350 1
91.918501 171.896823 36.964474 1
89.517920 149.005897 39.768251 1
87.113319 126.225923 35.714868 1
85.111888 107.265362 32.341097 1
83.992104 100.171213 46.846131 1
84.704045 99.147942 54.637574 1
107.995212 190.222804 31.884801 1
109.023809 171.690961 34.354056 1
110.297560 148.742292 37.411819 1
110.013546 125.338457 35.575291 1
109.781919 106.251534 34.077517 1
114.371729 99.339764 47.974926 1
115.878521 98.457121 55.669855 1
101.741600 191.624100 34.384100 1
101.852423 199.769182 34.345844 1
101.764547 210.093639 33.627366 1
101.638775 220.008109 33.442527 1
101.644521 245.353192 36.155979 1
103.175474 252.385024 38.873202 1
102.231229 271.562253 34.904066 1
97.327347 230.632325 34.446579 1
85.860670 238.736638 34.069204 1
83.213062 232.261978 35.231508 1
75.501518 213.403601 38.616885 1
79.820230 212.728590 45.265930 1
88.486927 211.373992 58.609094 1
88.486927 211.373992 58.609094 1
105.468749 230.828659 32.595476 1
116.913093 238.014717 28.762131 1
119.296561 231.362334 29.351102 1
126.238760 211.986314 31.066559 1
127.926710 204.477452 33.087579 1
131.314055 189.408826 37.143318 1
131.314055 189.408826 37.143318 1
94.462461 190.342306 34.939111 1
92.561030 171.921949 37.706007 1
90.206394 149.111118 41.132389 1
87.525352 126.481381 36.458392 1
85.293829 107.645867 32.568062 1
84.327670 100.254693 46.935176 1
85.160316 99.126546 54.700130 1
108.538037 190.136182 31.828432 1
109.675552 171.636262 34.482385 1
111.084179 148.727124 37.768865 1
110.473757 125.343675 35.760211 1
109.975929 106.273378 34.122059 1
114.943940 99.380438 47.898239 1
116.671056 98.511948 55.548351 1
102.324900 191.575200 34.457800 1
102.445074 199.720238 34.460298 1
102.339531 210.047628 33.787807 1
102.190785 219.962149 33.623994 1
102.163961 245.308951 36.321215 1
103.900007 252.259174 39.123772 1
102.860094 271.411257 35.058305 1
97.863808 230.570899 34.720444 1
86.601043 238.956573 34.349553 1
83.291837 232.899933 35.976901 1
73.653299 215.259097 40.716789 1
78.576593 215.619678 46.957612 1
88.456554 216.343286 59.481564 1
88.456554 216.343286 59.481564 1
105.959718 230.796324 32.682557 1
117.213597 238.168828 28.644815 1
119.782920 231.572007 29.047953 1
127.266451 212.357817 30.222146 1
129.194116 204.868222 32.094789 1
133.062514 189.838262 35.852769 1
133.062514 189.838262 35.852769 1
95.062799 190.298666 35.212289 1
93.234937 171.997216 38.718927 1
90.971405 149.333632 43.061368 1
87.946936 126.911196 37.655239 1
85.429566 108.248228 33.155530 1
84.603450 100.342593 47.255010 1
85.570519 99.035023 54.976122 1
109.044155 190.093458 31.702269 1
110.326368 171.625045 34.505490 1
111.914180 148.754921 37.976816 1
110.948246 125.391127 35.880842 1
110.160482 106.336860 34.171478 1
115.626588 99.477573 47.774741 1
117.628313 98.626918 55.359653 1
103.024500 191.493700 34.626600 1
103.132480 199.638885 34.606535 1
102.983165 209.964819 33.920139 1
102.807800 219.878834 33.752076 1
102.822660 245.226399 36.442206 1
104.585368 252.146019 39.303239 1
103.464686 271.267648 35.117654 1
98.500148 230.477646 35.008985 1
87.324046 238.983502 34.780662 1
83.437638 233.425452 36.850904 1
72.117915 217.236829 42.880784 1
77.436908 218.244238 48.712606 1
88.110950 220.265884 60.415784 1
88.110950 220.265884 60.415784 1
106.512535 230.721612 32.665975 1
117.488568 238.350290 28.348924 1
120.198755 231.800257 28.533189 1
128.092570 212.722346 29.069885 1
130.181320 205.274879 30.937790 1
134.372979 190.329460 34.686263 1
134.372979 190.329460 34.686263 1
95.800108 190.208625 35.672374 1
94.073017 172.060538 39.943764 1
91.934276 149.586871 45.233236 1
88.217153 127.424927 39.219046 1
85.123263 108.978775 34.213228 1
84.463503 100.473092 47.968043 1
85.629772 98.948887 55.621613 1
109.630954 190.015261 31.609005 1
110.918208 171.574999 34.589632 1
112.512262 148.739737 38.280645 1
111.359164 125.388652 36.138167 1
110.418758 106.344749 34.390876 1
116.309349 99.512512 47.829565 1
118.546654 98.676425 55.349994 1
103.565300 191.429100 34.912700 1
103.690661 199.574025 34.936889 1
103.517726 209.902522 34.296103 1
103.304791 219.815811 34.128631 1
103.246021 245.176719 36.689284 1
105.184315 252.072750 39.493134 1
103.870697 271.169827 35.251933 1
98.973405 230.393587 35.477798 1
88.007093 239.170980 35.411926 1
83.769874 234.095089 37.973821 1
71.428364 219.310827 45.435710 1
76.914819 221.295568 50.846469 1
87.924921 225.278505 61.704669 1
87.924921 225.278505 61.704669 1
106.899946 230.675979 32.862887 1
117.561978 238.486862 28.107034 1
120.471847 232.020705 28.048075 1
128.947264 213.187095 27.876346 1
131.379100 205.814358 29.621521 1
136.259257 191.018905 33.123700 1
136.259257 191.018905 33.123700 1
96.388527 190.152107 36.254386 1
94.895181 172.161399 41.222789 1
93.045898 149.882622 47.375405 1
88.455184 127.952285 41.120413 1
84.634174 109.698907 35.914168 1
84.233234 100.607161 49.299095 1
85.679951 98.868463 56.858490 1
110.035368 189.955856 31.610479 1
111.368730 171.536459 34.697940 1
113.019880 148.727036 38.521250 1
111.763733 125.379942 36.393273 1
110.739286 106.339294 34.657808 1
117.085178 99.571781 47.920814 1
119.573717 98.770564 55.365721 1
103.968700 191.382800 35.362300 1
104.112574 199.527449 35.371869 1
103.918679 209.855056 34.722792 1
103.690326 219.767619 34.534033 1
103.697854 245.140641 36.972433 1
105.561957 252.086282 39.703181 1
104.000953 271.136122 35.335276 1
99.406646 230.341892 36.052368 1
88.356552 239.010745 36.283401 1
83.960625 234.392910 39.387176 1
71.156853 220.942802 48.427369 1
76.606095 224.129830 53.271472 1
87.541515 230.525492 62.992517 1
87.541515 230.525492 62.992517 1
107.188181 230.629685 33.033685 1
117.342647 238.741687 27.705534 1
120.435750 232.370448 27.356202 1
129.444860 213.813301 26.338720 1
132.294462 206.574098 28.009179 1
138.012983 192.046621 31.361419 1
138.012983 192.046621 31.361419 1
96.867455 190.122719 37.071513 1
95.670833 172.247071 42.513020 1
94.188997 150.110780 49.251506 1
88.645687 128.340749 43.211908 1
84.031798 110.220800 38.184943 1
84.094403 100.829582 51.367431 1
85.931065 98.973434 58.813363 1
110.257747 189.892452 31.734126 1
111.652680 171.480418 34.838248 1
113.380077 148.680111 38.682190 1
111.988588 125.343742 36.521019 1
110.853763 106.311841 34.758484 1
117.776387 99.433889 47.671575 1
120.597844 98.573135 54.990038 1
104.289100 191.400400 35.879600 1
104.470262 199.544262 35.851538 1
104.269480 209.869759 35.171720 1
104.025012 219.781128 34.944367 1
104.069345 245.169464 37.217367 1
105.762480 252.183264 39.884518 1
103.954704 271.176040 35.365876 1
99.792334 230.349376 36.637614 1
88.436101 238.589701 37.300930 1
84.121223 234.439941 41.101367 1
71.553520 222.353166 52.170684 1
76.798455 226.893870 56.068040 1
87.323876 236.006058 63.889174 1
87.323876 236.006058 63.889174 1
107.387754 230.645854 33.177954 1
116.934233 239.091129 27.274647 1
120.169225 232.810667 26.664220 1
129.591609 214.517921 24.886258 1
132.865818 207.423822 26.392923 1
139.436430 193.187536 29.416466 1
139.436430 193.187536 29.416466 1
97.290762 190.179716 37.993862 1
96.250557 172.351955 43.621437 1
94.962419 150.274965 50.590340 1
88.703582 128.492156 45.348638 1
83.494135 110.361570 40.985789 1
84.180975 101.018041 54.184409 1
86.444431 99.165357 61.512769 1
110.355067 189.868118 31.905553 1
111.826613 171.458724 34.989897 1
113.648882 148.661686 38.809348 1
112.229873 125.323796 36.682779 1
111.072604 106.290654 34.948463 1
118.624894 99.345019 47.466368 1
121.810354 98.447714 54.629406 1
104.552100 191.419400 36.455900 1
104.781196 199.562020 36.419048 1
104.582292 209.886776 35.727526 1
104.312890 219.796076 35.444884 1
104.316729 245.209508 37.418096 1
105.866780 252.262381 40.069152 1
103.637427 271.144372 35.282486 1
100.108421 230.359569 37.235292 1
88.347742 237.929959 38.532444 1
84.419230 234.329858 43.210912 1
72.976873 223.844047 56.837625 1
77.784122 229.673151 59.333345 1
87.431206 241.370873 64.341705 1
87.431206 241.370873 64.341705 1
107.510132 230.657893 33.378710 1
116.289939 239.490310 26.881758 1
119.643873 233.301224 26.028324 1
129.412692 215.274626 23.542569 1
133.066325 208.317820 24.795779 1
140.398358 194.357050 27.310692 1
140.398358 194.357050 27.310692 1
97.666785 190.240475 38.933697 1
96.616180 172.433255 44.624024 1
95.315165 150.381700 51.670635 1
88.622989 128.463705 47.676198 1
83.052859 110.220600 44.351490 1
84.403834 101.207084 57.727150 1
87.060396 99.452049 64.946780 1
110.392153 189.851828 32.169479 1
111.967083 171.443387 35.208118 1
113.917376 148.647530 38.970969 1
112.485082 125.314710 36.798167 1
111.316979 106.285704 35.026146 1
119.454581 99.328476 47.165063 1
122.977357 98.424903 54.167564 1
104.755400 191.440500 37.076500 1
104.990406 199.582890 37.027886 1
104.751882 209.905728 36.320439 1
104.426467 219.811534 35.980151 1
104.322523 245.246357 37.651996 1
105.619045 252.401371 40.161694 1
103.476386 271.315445 35.462913 1
100.228378 230.364668 37.845065 1
88.082334 237.090458 39.976813 1
84.866655 234.175957 45.584584 1
75.500525 225.687054 61.918022 1
79.530105 232.511223 62.632109 1
87.616577 246.205822 64.065124 1
87.616577 246.205822 64.065124 1
107.435166 230.670783 33.636021 1
115.344646 239.873749 26.561241 1
118.804688 233.774253 25.509459 1
128.882563 216.008594 22.445988 1
132.846553 209.175660 23.402287 1
140.801405 195.463473 25.321368 1
140.801405 195.463473 25.321368 1
97.987995 190.268560 39.863199 1
96.785717 172.483991 45.594197 1
95.296876 150.460488 52.691173 1
88.449153 128.368666 50.201320 1
82.749556 109.980879 48.128929 1
84.693444 101.461971 61.753407 1
87.654549 99.836455 68.884331 1
110.394225 189.866713 32.530760 1
112.065823 171.452163 35.479413 1
114.135823 148.648742 39.130831 1
112.711426 125.323416 36.873997 1
111.549764 106.300522 35.033443 1
120.165211 99.343469 46.838119 1
123.964587 98.440004 53.694496 1
104.778300 191.480300 37.782600 1
105.026886 199.621990 37.697842 1
104.756645 209.941267 36.950940 1
104.373696 219.842507 36.544156 1
104.133902 245.293980 37.922959 1
105.189793 252.539668 40.280690 1
103.038346 271.442484 35.540800 1
100.181065 230.383585 38.487873 1
87.810794 236.237855 41.651871 1
85.698225 234.115879 48.079644 1
79.545061 227.935319 66.801458 1
82.239518 235.322874 65.584638 1
87.646694 250.148063 63.142752 1
87.646694 250.148063 63.142752 1
107.172436 230.696350 33.930410 1
114.194837 240.165994 26.293743 1
117.739676 234.148800 25.065127 1
128.064532 216.622860 21.486602 1
132.286951 209.911943 22.158521 1
140.760412 196.444616 23.506915 1
140.760412 196.444616 23.506915 1
98.133212 190.331191 40.858191 1
96.791541 172.578026 46.655236 1
95.130084 150.593410 53.834001 1
88.202312 128.410281 52.807350 1
82.436088 109.946496 51.952834 1
85.000434 101.983740 65.809079 1
88.198778 100.367990 72.839048 1
110.215701 189.880542 33.006373 1
112.014517 171.453956 35.800941 1
114.242055 148.635629 39.261551 1
112.893223 125.312282 36.938807 1
111.793186 106.291001 35.044501 1
120.894919 99.333870 46.478383 1
124.977762 98.430346 53.169830 1
104.603900 191.546200 38.591300 1
104.853075 199.687249 38.459639 1
104.537756 210.001975 37.668843 1
104.092692 219.898020 37.203120 1
103.721991 245.360100 38.334994 1
104.560367 252.715290 40.425951 1
102.386241 271.606920 35.651937 1
99.916296 230.428140 39.238994 1
87.583975 235.617648 43.515657 1
86.948918 234.386977 50.470090 1
85.099221 230.802470 70.725879 1
85.963395 238.157575 67.815148 1
87.697598 252.917643 61.973955 1
87.697598 252.917643 61.973955 1
106.679082 230.743978 34.348950 1
112.846212 240.303146 26.109060 1
116.467800 234.358047 24.759287 1
127.016199 217.042091 20.827872 1
131.404348 210.417323 21.244182 1
140.210392 197.122880 22.079624 1
140.210392 197.122880 22.079624 1
98.102049 190.415644 41.965418 1
96.633700 172.655564 47.710346 1
94.815371 150.662386 54.824573 1
87.975883 128.428662 54.973451 1
82.283141 109.922764 55.097368 1
85.523640 102.452314 69.085521 1
88.952993 100.873538 76.014267 1
109.821809 189.921391 33.584272 1
111.776409 171.480639 36.173221 1
114.196860 148.644771 39.379204 1
113.006445 125.320351 36.981840 1
112.035605 106.298195 35.026679 1
121.638509 99.340978 46.042950 1
126.015891 98.437402 52.545526 1
104.203400 191.665000 39.527100 1
104.430230 199.804725 39.304548 1
104.048121 210.111598 38.443895 1
103.540556 220.002747 37.939685 1
103.110798 245.468026 38.974551 1
103.775047 252.956008 40.606326 1
101.497137 271.814360 35.749845 1
99.444799 230.522583 40.182079 1
87.476024 235.549403 45.547382 1
88.529960 235.237064 52.552641 1
91.599699 234.327328 72.956468 1
90.517176 241.130424 68.973662 1
88.344791 254.782734 60.981053 1
88.344791 254.782734 60.981053 1
105.889492 230.846798 34.880346 1
111.298040 240.254097 25.960855 1
115.021080 234.380114 24.576195 1
125.864975 217.271294 20.543168 1
130.339865 210.695635 20.772923 1
139.319978 197.499742 21.233988 1
139.319978 197.499742 21.233988 1
97.889362 190.558336 43.248004 1
96.394915 172.748244 48.829036 1
94.544268 150.693133 55.740302 1
87.869837 128.429282 56.695373 1
82.314478 109.898308 57.490313 1
86.346876 102.721849 71.426420 1
90.143257 101.285713 78.192920 1
109.154822 189.998910 34.269299 1
111.265686 171.535705 36.558133 1
113.879644 148.672033 39.392473 1
113.001057 125.335483 36.978650 1
112.284527 106.303435 35.010064 1
122.460543 99.346743 45.499584 1
127.177355 98.443192 51.760311 1
103.585400 191.694700 40.618500 1
103.720260 199.834058 40.320568 1
103.210475 210.131456 39.413891 1
102.642376 220.018479 38.893558 1
102.327018 245.487861 39.866788 1
102.801507 253.092677 40.922920 1
100.290448 271.880726 35.911379 1
98.737488 230.552990 41.392842 1
87.472002 236.089931 47.696658 1
90.324988 236.449651 54.178406 1
98.634721 237.497386 73.057433 1
96.395395 243.845559 68.814459 1
91.901562 256.584939 60.299750 1
91.901562 256.584939 60.299750 1
104.776602 230.847905 35.631794 1
109.397223 239.939637 25.972744 1
113.245020 234.141478 24.609730 1
124.452285 217.253508 20.639751 1
128.989146 210.717863 20.777439 1
138.093623 197.602271 21.053749 1
138.093623 197.602271 21.053749 1
97.510495 190.560732 44.710754 1
96.024156 172.668814 50.025896 1
94.183550 150.512373 56.607897 1
87.702638 128.197788 57.701663 1
82.308351 109.624587 58.612042 1
87.022076 102.371368 72.292265 1
91.142810 100.931469 78.865450 1
108.237061 190.030959 35.093021 1
110.636873 171.577501 37.165515 1
113.608647 148.725898 39.731954 1
112.970468 125.401362 37.133545 1
112.450003 106.379111 35.014421 1
123.276561 99.444431 44.846652 1
128.355202 98.541218 50.817667 1
102.799000 191.752800 41.822400 1
102.805836 199.894198 41.550942 1
102.134756 210.187912 40.709839 1
101.491864 220.072846 40.239239 1
101.289692 245.543607 41.206466 1
101.713337 253.216411 41.556322 1
98.872776 271.895588 36.318834 1
97.793477 230.616412 43.000697 1
87.542558 237.309699 49.887318 1
92.133934 238.033266 55.242475 1
105.506978 240.140756 70.840143 1
103.140815 246.709942 67.023891 1
98.392448 259.892846 59.365520 1
98.392448 259.892846 59.365520 1
103.405437 230.895584 36.822064 1
107.358352 239.427723 26.387312 1
111.300717 233.689199 25.042282 1
122.783423 216.974925 21.124684 1
127.380877 210.481265 21.236490 1
136.606950 197.449924 21.460859 1
136.606950 197.449924 21.460859 1
96.991822 190.521591 46.260611 1
95.484632 172.539805 51.257053 1
93.618203 150.272078 57.444392 1
87.101603 127.949130 58.043707 1
81.677612 109.368968 58.542538 1
86.858734 101.733169 71.840185 1
91.293231 100.317193 78.211274 1
107.138930 190.171808 36.025645 1
109.745965 171.713582 37.781125 1
112.974350 148.856076 39.954995 1
112.728167 125.531148 37.294135 1
112.527394 106.508579 35.124080 1
123.932229 99.608765 44.305539 1
129.321460 98.706000 49.997869 1
101.860900 191.831400 43.057700 1
101.719596 199.973280 42.843397 1
100.877516 210.261829 42.098400 1
100.167345 220.145147 41.695451 1
100.119975 245.616030 42.679304 1
100.506973 253.287770 42.268909 1
97.408067 271.864089 36.816489 1
96.685000 230.701065 44.681480 1
87.596107 238.729893 51.769281 1
93.445914 239.681701 55.662329 1
110.484318 242.453979 67.001392 1
108.951776 249.722973 64.150119 1
105.876306 264.310237 58.428248 1
105.876306 264.310237 58.428248 1
101.907635 230.962305 38.169693 1
105.371068 238.827230 27.058681 1
109.284165 233.072877 25.695931 1
120.681625 216.312498 21.726718 1
125.360947 209.878072 21.863914 1
134.751310 196.965602 22.139235 1
134.751310 196.965602 22.139235 1
96.313994 190.475526 47.783198 1
94.800249 172.386904 52.375695 1
92.925705 149.986877 58.062808 1
86.395456 127.659888 58.088938 1
80.960105 109.076363 58.110686 1
86.746144 101.391054 71.127393 1
91.455947 100.063981 77.317478 1
105.918222 190.359230 37.032108 1
108.631696 171.879445 38.343234 1
111.991888 148.995242 39.966843 1
112.239679 125.668569 37.321482 1
112.441764 106.644575 35.164067 1
124.355051 99.787904 43.710208 1
130.014229 98.886580 49.134481 1
100.885500 191.862400 44.281000 1
100.577114 200.001328 44.143686 1
99.554896 210.280281 43.498282 1
98.769945 220.159822 43.144417 1
98.835318 245.633208 44.060063 1
99.324992 253.246990 43.078066 1
95.720906 271.653674 37.366997 1
95.453765 230.733198 46.255231 1
87.312665 239.831106 53.201995 1
93.840810 241.036810 55.694302 1
112.854973 244.548595 62.953505 1
113.265103 252.333542 61.358792 1
114.088145 267.956209 58.158558 1
114.088145 267.956209 58.158558 1
100.379015 230.962853 39.514555 1
103.481639 238.191158 27.877016 1
107.239487 232.342653 26.478602 1
118.184762 215.308043 22.405511 1
123.061274 209.023118 22.595403 1
132.847355 196.410663 22.976473 1
132.847355 196.410663 22.976473 1
95.532673 190.357779 49.182046 1
94.080215 172.167838 53.376936 1
92.281566 149.642342 58.571673 1
85.744872 127.324877 57.987148 1
80.304157 108.749279 57.500628 1
86.634788 101.220671 70.354423 1
91.519814 99.962665 76.421916 1
104.760551 190.520573 38.106829 1
107.481376 172.011426 38.876919 1
110.850671 149.090863 39.830542 1
111.626440 125.772036 37.218362 1
112.259115 106.754441 35.088007 1
124.531313 99.938286 43.144685 1
130.377634 99.038228 48.366930 1
99.869700 191.795700 45.503000 1
99.449782 199.930565 45.441915 1
98.290271 210.199549 44.874575 1
97.405428 220.071097 44.533568 1
97.327781 245.550260 45.269963 1
97.898327 253.113980 43.989963 1
94.145415 271.474987 38.227949 1
94.116755 230.644603 47.673011 1
86.547310 240.546433 54.150992 1
93.323663 241.966054 55.683215 1
113.060768 246.100904 60.146037 1
116.201734 253.385057 59.519812 1
122.504961 268.002740 58.263119 1
122.504961 268.002740 58.263119 1
98.827717 230.858170 40.780350 1
101.610752 237.648073 28.802916 1
105.141249 231.651366 27.440161 1
115.424330 214.185098 23.470933 1
120.194458 207.820013 23.690653 1
129.767050 195.046694 24.131580 1
129.767050 195.046694 24.131580 1
94.637951 190.177967 50.497861 1
93.289776 171.888004 54.271502 1
91.620266 149.238645 58.944586 1
85.190855 126.910967 57.814659 1
79.839434 108.326869 56.874181 1
86.688665 101.028444 69.594162 1
91.720515 99.865407 75.559760 1
103.636358 190.557930 39.240643 1
106.479130 172.055536 39.646218 1
109.999435 149.143334 40.148449 1
111.177842 125.860542 37.370686 1
112.138887 106.872335 35.105292 1
124.664510 100.104567 42.804835 1
130.628408 99.206117 47.892676 1
98.846300 191.717100 46.665100 1
98.362311 199.848593 46.691183 1
97.120340 210.112305 46.209446 1
96.163781 219.977785 45.886972 1
95.934162 245.459810 46.478377 1
96.498381 252.965379 44.890333 1
92.759864 271.363094 39.237077 1
92.861229 230.548336 49.021794 1
85.752067 241.247098 54.705391 1
92.642694 242.634640 55.641336 1
112.712635 246.676053 58.367411 1
118.598322 252.018393 58.000245 1
130.409593 262.739288 57.263426 1
130.409593 262.739288 57.263426 1
97.451714 230.751553 42.048008 1
99.970663 237.090198 29.768617 1
103.260864 230.940554 28.488594 1
112.844047 213.028833 24.760337 1
117.504181 206.583727 25.006250 1
126.856039 193.649825 25.499741 1
126.856039 193.649825 25.499741 1
93.683667 190.007911 51.701249 1
92.465676 171.633992 55.091870 1
90.957377 148.880668 59.290642 1
84.750193 126.520057 57.674100 1
79.583739 107.908548 56.328596 1
86.874600 100.834480 68.929302 1
92.018238 99.765946 74.816725 1
102.552027 190.572172 40.348960 1
105.526427 172.086641 40.499007 1
109.209732 149.195321 40.684809 1
110.742019 125.961723 37.677316 1
111.991671 107.013636 35.224565 1
124.680855 100.311436 42.710685 1
130.700327 99.420947 47.734070 1
97.740800 191.653300 47.743300 1
97.220992 199.781969 47.846447 1
95.935646 210.044023 47.450859 1
94.953505 219.908306 47.171563 1
94.714618 245.390727 47.741871 1
95.260438 252.799036 45.743665 1
91.326306 271.170418 40.137718 1
91.698511 230.479474 50.353689 1
85.230226 241.957848 55.223512 1
92.250203 242.930363 55.460443 1
112.696896 245.762951 56.150539 1
120.097798 248.650465 55.697080 1
134.949772 254.445065 54.787089 1
134.949772 254.445065 54.787089 1
96.165270 230.679215 43.299915 1
98.475323 236.525996 30.738634 1
101.545394 230.242131 29.568291 1
110.487419 211.939471 26.159490 1
114.917331 205.335008 26.430876 1
123.807187 192.081311 26.975487 1
123.807187 192.081311 26.975487 1
92.647621 189.876864 52.826676 1
91.568585 171.438668 55.900645 1
90.232362 148.605745 59.707291 1
84.254046 126.213917 57.706033 1
79.278088 107.576424 56.040316 1
86.971664 100.646515 68.480658 1
92.229296 99.644589 74.278414 1
101.374285 190.580254 41.372801 1
104.512387 172.121209 41.352623 1
108.398410 149.262688 41.327629 1
110.263246 126.085621 38.081251 1
111.784107 107.183639 35.433678 1
124.659529 100.619055 42.721107 1
130.736490 99.772565 47.682500 1
96.523300 191.606900 48.808300 1
95.999018 199.735067 48.927181 1
94.712064 209.997955 48.559450 1
93.750837 219.864897 48.302160 1
93.639085 245.347791 48.890135 1
94.174652 252.640581 46.502214 1
90.085628 271.005111 40.985364 1
90.593123 230.449075 51.538595 1
84.766882 242.270057 56.399282 1
91.844206 242.415168 55.984046 1
112.457932 242.837823 54.774613 1
120.344630 243.697151 54.159580 1
136.171489 245.421632 52.925349 1
136.171489 245.421632 52.925349 1
94.954532 230.632480 44.418762 1
97.184773 236.021433 31.640179 1
100.035173 229.613859 30.591274 1
108.337374 210.950876 27.536178 1
112.415421 204.122956 27.792616 1
120.599158 190.420832 28.307231 1
120.599158 190.420832 28.307231 1
91.499597 189.821234 53.957155 1
90.586407 171.332974 56.773358 1
89.455559 148.438054 60.260800 1
83.690189 126.016686 57.984391 1
78.891473 107.354606 56.089658 1
86.983849 100.477941 68.304477 1
92.375712 99.510061 73.983521 1
100.072355 190.543391 42.388794 1
103.436442 172.125021 42.212712 1
107.602310 149.316869 41.994656 1
109.821339 126.211105 38.474347 1
111.631061 107.367273 35.603371 1
124.746837 100.976613 42.611422 1
130.915123 100.192674 47.469313 1
95.136600 191.489100 49.833100 1
94.649346 199.620289 49.882543 1
93.404352 209.886505 49.466413 1
92.482831 219.757726 49.228756 1
92.474624 245.234607 50.043970 1
93.096024 252.389972 47.289266 1
88.800030 270.726860 41.838145 1
89.358920 230.325668 52.549944 1
83.955468 241.861953 58.468036 1
90.981596 240.988211 58.078036 1
111.446205 238.443313 56.942108 1
119.314310 238.185071 55.783254 1
135.103857 237.666837 53.457694 1
135.103857 237.666837 53.457694 1
93.743027 230.554414 45.445379 1
96.099364 235.713238 32.594652 1
98.649912 229.157978 31.697283 1
106.078749 210.064841 29.083558 1
109.626264 202.948214 29.375909 1
116.745342 188.666718 29.962593 1
116.745342 188.666718 29.962593 1
90.137902 189.772155 55.029446 1
89.439303 171.238367 57.596809 1
88.574195 148.287068 60.776101 1
83.109686 125.814119 58.277113 1
78.561387 107.109106 56.197119 1
87.044973 100.278232 68.169789 1
92.567940 99.342202 73.726874 1
98.639888 190.352337 43.401021 1
102.326995 171.997598 43.095686 1
106.892871 149.268243 42.717572 1
109.516868 126.257065 38.871361 1
111.656860 107.490372 35.734597 1
124.982663 101.237160 42.464917 1
131.241008 100.502296 47.214076 1
93.796200 191.379800 50.732900 1
93.346648 199.513167 50.684494 1
92.163155 209.783520 50.197106 1
91.330732 219.663331 49.989479 1
91.632922 245.125451 51.140641 1
92.170556 252.216889 48.208705 1
87.854291 270.522706 42.669875 1
88.323225 230.224566 53.437045 1
83.078727 241.053185 60.685715 1
89.863914 238.999831 60.521507 1
109.626750 233.019142 60.043227 1
117.361162 232.157055 58.384195 1
132.882417 230.427037 55.054887 1
132.882417 230.427037 55.054887 1
92.739824 230.492378 46.354003 1
95.163002 235.683901 33.528900 1
97.459162 229.019408 32.758065 1
104.147059 209.608116 30.512890 1
107.198366 202.264031 30.778708 1
113.321666 187.526078 31.312146 1
113.321666 187.526078 31.312146 1
88.794123 189.748959 55.953674 1
88.300085 171.179056 58.297886 1
87.688292 148.183035 61.200839 1
82.592242 125.649136 58.481850 1
78.350624 106.893392 56.218742 1
87.136734 100.099711 67.992742 1
92.752881 99.192602 73.460516 1
97.288594 190.149186 44.312178 1
101.277128 171.859702 43.898923 1
106.216272 149.211153 43.387168 1
109.220689 126.300577 39.231213 1
111.670931 107.615929 35.841838 1
125.161634 101.488659 42.356006 1
131.486960 100.799187 47.022514 1
92.412800 191.274700 51.437200 1
92.056240 199.412342 51.349201 1
90.995727 209.695164 50.842009 1
90.299980 219.586105 50.663375 1
91.012363 245.030997 51.999816 1
91.503106 252.151729 49.131344 1
87.081410 270.390613 43.456536 1
87.483088 230.167378 54.209117 1
82.372562 240.626237 62.070526 1
88.770525 237.568893 62.043798 1
107.405512 228.663936 61.965950 1
114.853024 226.423193 60.283586 1
129.798533 221.926517 56.907456 1
129.798533 221.926517 56.907456 1
91.855543 230.418452 47.098128 1
94.268389 235.778474 34.340569 1
96.395409 229.048932 33.654241 1
102.590661 209.448173 31.655205 1
105.034914 201.879880 31.906779 1
109.939988 186.691991 32.411632 1
109.939988 186.691991 32.411632 1
87.425270 189.728342 56.697449 1
87.178656 171.133479 58.877108 1
86.873262 148.106547 61.576287 1
82.102236 125.522634 58.687783 1
78.131147 106.725263 56.283581 1
87.284206 99.897244 67.754263 1
93.029525 98.996863 73.087287 1
95.850424 189.971021 45.001358 1
100.135540 171.750242 44.526574 1
105.441952 149.186774 43.938624 1
108.842875 126.375926 39.546362 1
111.616485 107.772612 35.964267 1
125.288302 101.817628 42.256841 1
131.682785 101.195253 46.837741 1
91.008400 191.169700 52.098100 1
90.768191 199.311145 51.974532 1
89.849255 209.606328 51.442443 1
89.283794 219.505880 51.281750 1
90.318521 244.931083 52.773216 1
90.983270 252.066464 49.977106 1
86.451606 270.374549 44.620823 1
86.599108 230.100395 54.889964 1
81.680270 240.408022 63.067056 1
87.633429 236.555892 63.121697 1
104.972864 225.336011 63.280848 1
111.779804 221.548409 61.657163 1
125.439826 213.947528 58.398788 1
125.439826 213.947528 58.398788 1
90.979379 230.339012 47.783358 1
93.501778 235.808999 35.093846 1
95.429850 229.018211 34.423233 1
101.045638 209.239061 32.469969 1
103.240165 201.593559 32.686911 1
107.644095 186.250728 33.122265 1
107.644095 186.250728 33.122265 1
85.997972 189.717726 57.363485 1
86.041889 171.103658 59.387153 1
86.096274 148.052945 61.893160 1
81.697732 125.403536 58.927293 1
78.036673 106.551650 56.458698 1
87.513336 99.670162 67.630755 1
93.372522 98.768434 72.838187 1
94.428644 189.788975 45.669070 1
98.981702 171.635197 45.126473 1
104.619918 149.154698 44.454550 1
108.376023 126.432786 39.893914 1
111.439301 107.902003 36.174503 1
125.265433 102.125264 42.293673 1
131.711957 101.573378 46.810218 1
89.757800 191.115500 52.436900 1
89.608322 199.259280 52.324605 1
88.812689 209.566485 51.827772 1
88.372381 219.473368 51.747180 1
89.735301 244.860638 53.581584 1
90.498438 252.022002 50.878571 1
86.213524 270.476713 45.831306 1
85.790888 230.056372 55.462878 1
80.960729 240.196765 63.897863 1
86.498076 235.772836 64.118414 1
102.626395 222.887506 64.760802 1
108.789554 218.014369 63.501942 1
121.157649 208.235061 60.975690 1
121.157649 208.235061 60.975690 1
90.254737 230.326377 48.409602 1
92.962114 235.963009 35.831627 1
94.623153 229.106894 35.112858 1
99.461167 209.137471 33.019335 1
101.358721 201.411617 33.184226 1
105.166690 185.907538 33.515123 1
105.166690 185.907538 33.515123 1
84.700805 189.711184 57.670598 1
85.035667 171.102325 59.714835 1
85.450344 148.058061 62.246314 1
81.435305 125.341249 59.252131 1
78.093449 106.433260 56.759968 1
87.710722 99.511365 67.785952 1
93.605475 98.609114 72.952997 1
93.200258 189.706621 46.025859 1
97.907084 171.591985 45.487173 1
103.735716 149.159958 44.820091 1
107.774970 126.503281 40.177632 1
111.069170 108.025701 36.391489 1
124.949132 102.374670 42.506174 1
131.387944 101.866855 47.038860 1
88.667000 191.041700 52.601300 1
88.563535 199.186266 52.494316 1
87.846744 209.501071 52.036759 1
87.514731 219.412454 52.067584 1
89.228335 244.738055 54.394284 1
90.094860 251.942478 51.841009 1
86.035273 270.517820 47.056853 1
85.043234 229.962043 55.949383 1
80.121222 239.946586 64.516161 1
85.208232 235.034027 65.036831 1
100.024880 220.725493 66.553358 1
105.903995 215.367547 66.340919 1
117.702077 204.615332 65.914602 1
117.702077 204.615332 65.914602 1
89.598129 230.296216 48.957330 1
92.545019 236.206083 36.559900 1
93.939499 229.298092 35.774356 1
98.001122 209.177573 33.486339 1
99.589449 201.381544 33.612255 1
102.776869 185.736637 33.864939 1
102.776869 185.736637 33.864939 1
83.562225 189.661543 57.794886 1
84.076191 171.065864 59.920267 1
84.712660 148.037922 62.552230 1
81.136923 125.257753 59.483472 1
78.160714 106.297031 56.929239 1
87.768932 99.345321 67.944353 1
93.635633 98.442757 73.143172 1
92.150763 189.618549 46.215775 1
96.987536 171.537782 45.690480 1
102.977086 149.147697 45.039981 1
107.256645 126.536423 40.391467 1
110.746826 108.095871 36.600386 1
124.668012 102.580722 42.745350 1
131.092754 102.126382 47.303605 1
87.737600 190.998100 52.668400 1
87.662492 199.143153 52.575841 1
86.996455 209.463201 52.161871 1
86.736673 219.375945 52.291091 1
88.693511 244.643832 55.018870 1
89.686330 251.934883 52.776400 1
85.956750 270.667575 48.350545 1
84.352724 229.888627 56.324800 1
79.086127 239.583593 65.018336 1
83.559385 234.171325 66.007938 1
96.588392 218.407314 68.890296 1
101.507228 212.284636 70.168800 1
111.378242 199.997773 72.734477 1
111.378242 199.997773 72.734477 1
88.944233 230.284925 49.359993 1
92.094504 236.501026 37.163975 1
93.330058 229.570075 36.317028 1
96.928789 209.382683 33.850167 1
98.319079 201.548649 33.958419 1
101.109084 185.827475 34.175657 1
101.109084 185.827475 34.175657 1
82.598393 189.625919 57.830044 1
83.341770 171.055838 60.106041 1
84.262330 148.059596 62.924521 1
80.983310 125.257252 59.693362 1
78.254069 106.278072 57.003956 1
87.790714 99.320815 68.077612 1
93.618793 98.418288 73.319698 1
91.253133 189.574706 46.300365 1
96.194254 171.521815 45.787644 1
102.313021 149.166249 45.152718 1
106.797366 126.593491 40.510063 1
110.454558 108.184350 36.723761 1
124.411051 102.796229 42.901249 1
130.821956 102.392694 47.483702 1
86.892800 190.968600 52.742400 1
86.884479 199.114361 52.691404 1
86.297973 209.441090 52.326657 1
86.092626 219.354216 52.512291 1
88.111213 244.595145 55.437508 1
89.280361 251.973513 53.602687 1
86.064446 270.899638 49.618792 1
83.685479 229.851100 56.573273 1
77.889962 239.204962 65.303922 1
81.598094 233.372795 66.890612 1
92.398560 216.385769 71.512075 1
96.067624 209.696267 73.771557 1
103.430621 196.271917 78.305837 1
103.430621 196.271917 78.305837 1
88.396628 230.272017 49.690291 1
91.796939 236.766909 37.708586 1
92.945593 229.828813 36.800056 1
96.291212 209.620613 34.153826 1
97.551382 201.764486 34.253586 1
100.080264 185.998977 34.453782 1
100.080264 185.998977 34.453782 1
81.689175 189.611891 57.843236 1
82.679800 171.066192 60.221554 1
83.906540 148.100144 63.166743 1
80.840550 125.280895 59.846979 1
78.288622 106.287645 57.083824 1
87.761846 99.330610 68.211923 1
93.560133 98.428051 73.486936 1
90.462872 189.549239 46.403875 1
95.504301 171.525502 45.844093 1
101.747285 149.206040 45.150889 1
106.389716 126.658505 40.541169 1
110.175836 108.269935 36.781727 1
124.154800 103.013523 43.021565 1
130.546489 102.667891 47.635486 1
86.267500 190.975700 52.759800 1
86.285532 199.121578 52.738646 1
85.731305 209.451046 52.402064 1
85.533394 219.363605 52.622739 1
87.480856 244.592130 55.699260 1
88.833263 252.043793 54.351113 1
86.313137 271.171286 50.858307 1
83.028949 229.844006 56.667418 1
76.616116 238.897722 65.282102 1
79.482764 232.797053 67.483502 1
87.832287 215.027975 73.895397 1
90.452534 208.090193 76.779526 1
95.710790 194.167599 82.567335 1
95.710790 194.167599 82.567335 1
87.904882 230.292642 49.901950 1
91.583170 237.124741 38.192997 1
92.719013 230.191188 37.235023 1
96.027317 209.996220 34.444781 1
97.235363 202.131646 34.520980 1
99.659643 186.349184 34.673895 1
99.659643 186.349184 34.673895 1
80.968604 189.617111 57.761084 1
82.096401 171.089598 60.218729 1
83.493007 148.146070 63.262153 1
80.670613 125.295046 59.944916 1
78.321437 106.275349 57.183865 1
87.631771 99.318250 68.448560 1
93.352677 98.415675 73.807395 1
89.946748 189.567945 46.481404 1
95.001593 171.551022 45.830665 1
101.261191 149.239997 45.024824 1
105.973373 126.698270 40.457667 1
109.816378 108.314437 36.732938 1
123.766025 103.158507 43.120474 1
130.109571 102.857239 47.803430 1
85.728600 190.988600 52.717300 1
85.804073 199.134156 52.735166 1
85.314058 209.467664 52.423957 1
85.129132 219.380068 52.662160 1
86.941718 244.608219 55.823017 1
88.416962 252.107853 54.955299 1
86.772523 271.426651 52.041261 1
82.474817 229.854682 56.625440 1
75.460532 238.589667 65.099330 1
77.365959 232.308239 67.781682 1
82.915791 214.012677 75.594418 1
84.745844 206.953418 78.777887 1
88.418354 192.787045 85.166405 1
88.418354 192.787045 85.166405 1
87.581680 230.313705 50.033263 1
91.559981 237.494152 38.634961 1
92.760648 230.574651 37.654708 1
96.257766 210.420609 34.799571 1
97.497433 202.560791 34.856167 1
99.985171 186.787875 34.969741 1
99.985171 186.787875 34.969741 1
80.288280 189.645006 57.568544 1
81.548756 171.140707 60.134244 1
83.109665 148.225926 63.311477 1
80.542386 125.340528 60.024097 1
78.405551 106.292219 57.287898 1
87.477238 99.334907 68.745524 1
93.084384 98.432202 74.223257 1
89.564786 189.583259 46.532998 1
94.632470 171.573353 45.793871 1
100.907966 149.271018 44.878577 1
105.689976 126.739486 40.333745 1
109.589928 108.363968 36.627222 1
123.445952 103.255124 43.251965 1
129.705838 102.970989 48.047223 1
85.323600 190.971100 52.637800 1
85.429906 199.116236 52.677317 1
84.974503 209.451531 52.372944 1
84.778589 219.363545 52.618492 1
86.398724 244.594350 55.861591 1
87.959712 252.116937 55.477164 1
87.207531 271.565311 53.109315 1
81.944252 229.828281 56.481952 1
74.280795 238.175494 64.782701 1
75.237071 231.842317 67.825462 1
78.022360 213.396025 76.687941 1
79.176146 206.283513 80.063984 1
81.491537 192.010274 86.838955 1
81.491537 192.010274 86.838955 1
87.301370 230.305529 50.092815 1
91.591663 237.825702 39.031741 1
92.929193 230.930940 38.054360 1
96.824941 210.848955 35.207593 1
98.161754 203.005252 35.284831 1
100.844440 187.264674 35.439831 1
100.844440 187.264674 35.439831 1
79.741621 189.637764 57.328282 1
81.064359 171.156036 60.022124 1
82.702370 148.269206 63.358041 1
80.368195 125.352630 60.114365 1
78.425381 106.278371 57.414541 1
87.198525 99.321205 69.102427 1
92.662584 98.418537 74.722904 1
89.329651 189.564858 46.562363 1
94.382222 171.553152 45.765867 1
100.639003 149.248587 44.779530 1
105.468883 126.724998 40.245964 1
109.407876 108.355958 36.548629 1
123.127503 103.237899 43.444583 1
129.285156 102.942572 48.369775 1
85.062100 190.946100 52.388900 1
85.161369 199.091193 52.449799 1
84.699906 209.426591 52.158324 1
84.466159 219.337120 52.429376 1
85.858436 244.561289 55.826279 1
87.466088 252.082515 55.969085 1
87.480962 271.598578 54.088975 1
81.447415 229.774579 56.226365 1
73.061446 237.670048 64.266518 1
73.119228 231.414469 67.605138 1
73.287525 213.194193 77.329349 1
73.491741 206.152915 81.030080 1
73.901556 192.022627 88.456629 1
73.901556 192.022627 88.456629 1
87.032983 230.299413 50.039805 1
91.658438 238.136757 39.339890 1
93.166540 231.271615 38.403165 1
97.559104 211.275902 35.674812 1
98.997437 203.451739 35.849112 1
101.883854 187.750374 36.198891 1
101.883854 187.750374 36.198891 1
79.346189 189.598513 56.910986 1
80.679576 171.152496 59.834551 1
82.330776 148.309889 63.454945 1
80.243205 125.368961 60.215324 1
78.505649 106.274434 57.518875 1
86.881429 99.317334 69.494766 1
92.153503 98.414795 75.295729 1
89.245256 189.556229 46.430178 1
94.263323 171.533905 45.656047 1
100.477377 149.216192 44.697404 1
105.330861 126.689376 40.205270 1
109.289104 108.317703 36.541726 1
122.804419 103.123870 43.776174 1
128.830380 102.788737 48.859174 1
84.885500 190.959400 52.107400 1
84.990627 199.104320 52.180339 1
84.536333 209.440076 51.890302 1
84.268198 219.349282 52.177410 1
85.412951 244.567418 55.708878 1
87.069213 252.045841 56.418640 1
87.628489 271.587442 54.927065 1
81.057048 229.760065 55.888826 1
71.966368 237.239885 63.551646 1
71.310276 231.075193 66.993755 1
69.399314 213.119641 77.019392 1
68.809482 206.171661 80.852719 1
67.625818 192.228603 88.545357 1
67.625818 192.228603 88.545357 1
86.875848 230.331034 49.925345 1
91.883251 238.475464 39.634517 1
93.575692 231.642936 38.777663 1
98.505171 211.742215 36.281946 1
100.054807 203.942425 36.562336 1
103.164584 188.289972 37.125015 1
103.164584 188.289972 37.125015 1
79.028379 189.612682 56.445301 1
80.357593 171.194036 59.538413 1
82.003625 148.385323 63.368766 1
80.202514 125.409532 60.205175 1
78.703388 106.285987 57.572009 1
86.685483 99.327350 69.812940 1
91.766456 98.423948 75.781868 1
89.253354 189.571720 46.282188 1
94.224726 171.534384 45.558038 1
100.380956 149.198081 44.661289 1
105.251054 126.664160 40.223091 1
109.222846 108.286694 36.603533 1
122.504633 102.994960 44.190929 1
128.384494 102.608726 49.438736 1
84.670800 190.969200 51.713300 1
84.800189 199.113616 51.801850 1
84.368897 209.450341 51.511233 1
84.061540 219.358228 51.804491 1
84.891084 244.576048 55.425195 1
86.604112 251.968660 56.685599 1
87.541019 271.525030 55.645244 1
80.631662 229.739584 55.400863 1
70.918351 236.877183 62.612884 1
69.781445 230.748957 65.994346 1
66.470042 212.899616 75.843341 1
65.419935 205.970227 79.611305 1
63.312600 192.064476 87.172775 1
63.312600 192.064476 87.172775 1
86.684414 230.361816 49.680324 1
92.188865 238.734022 39.835825 1
94.061607 231.936826 39.078889 1
99.516242 212.139014 36.874197 1
101.167690 204.364401 37.254757 1
104.481781 188.762472 38.018455 1
104.481781 188.762472 38.018455 1
78.660294 189.636260 55.840525 1
79.945757 171.246275 59.117217 1
81.537609 148.473054 63.174906 1
80.034613 125.455615 60.161973 1
78.783618 106.297405 57.654204 1
86.338120 99.362000 70.176446 1
91.207354 98.471170 76.321159 1
89.236261 189.574762 46.043290 1
94.148921 171.519052 45.378798 1
100.232447 149.159996 44.555926 1
105.087905 126.610638 40.180542 1
109.047757 108.220581 36.612212 1
122.051201 102.791859 44.575648 1
127.765812 102.337068 49.997622 1
84.640200 190.978600 51.365700 1
84.781825 199.122882 51.447636 1
84.368512 209.459663 51.133805 1
84.033052 219.366867 51.419218 1
84.610653 244.581213 55.112349 1
86.324143 251.879855 56.835011 1
87.505352 271.440763 56.212618 1
80.413200 229.728851 54.882807 1
70.143156 236.568388 61.595029 1
68.704035 230.464438 64.904518 1
64.512388 212.685804 74.543882 1
63.029801 205.804856 78.254839 1
60.054576 191.996315 85.701908 1
60.054576 191.996315 85.701908 1
86.701714 230.384001 49.426351 1
92.749913 238.940030 40.071105 1
94.810926 232.184319 39.442937 1
100.813924 212.507340 37.613302 1
102.579966 204.763896 38.100011 1
106.124022 189.224517 39.076728 1
106.124022 189.224517 39.076728 1
78.484457 189.662700 55.278772 1
79.683225 171.300752 58.740348 1
81.167719 148.562251 63.026987 1
79.904477 125.512864 60.151359 1
78.853037 106.328062 57.757874 1
85.969379 99.461563 70.571373 1
90.615630 98.608011 76.891525 1
89.401398 189.567585 45.863253 1
94.231670 171.486960 45.276833 1
100.213170 149.097049 44.550642 1
105.028837 126.530738 40.218901 1
108.956239 108.126856 36.686165 1
121.642776 102.523258 45.030526 1
127.178298 101.983443 50.627670 1
84.705900 190.975300 50.960700 1
84.832979 199.119744 51.050045 1
84.408943 209.455833 50.727854 1
84.032220 219.361677 51.008993 1
84.373013 244.574125 54.744284 1
86.050746 251.783249 56.838924 1
87.390463 271.341740 56.552007 1
80.249615 229.704375 54.354286 1
69.528673 236.257226 60.633500 1
67.935682 230.116095 63.800657 1
63.295864 212.229167 73.025459 1
61.633118 205.308752 76.583526 1
58.296352 191.421009 83.723778 1
58.296352 191.421009 83.723778 1
86.721608 230.392226 49.120958 1
93.296118 239.084323 40.259230 1
95.557735 232.378866 39.807652 1
102.145024 212.848257 38.492361 1
104.061722 205.150074 39.109586 1
107.908112 189.701525 40.348220 1
107.908112 189.701525 40.348220 1
78.424787 189.649113 54.665527 1
79.505170 171.322988 58.348812 1
80.843062 148.628848 62.910005 1
79.738078 125.555835 60.161492 1
78.818361 106.351368 57.873809 1
85.456967 99.537476 70.968720 1
89.861744 98.712232 77.463134 1
89.650265 189.573191 45.619890 1
94.339831 171.452293 45.145066 1
100.147092 149.012513 44.557065 1
104.885036 126.423154 40.259884 1
108.749050 108.000474 36.755332 1
121.045874 102.168954 45.516517 1
126.368274 101.519026 51.305392 1
84.797900 190.976100 50.587500 1
84.934756 199.120666 50.645921 1
84.542817 209.456154 50.268529 1
84.177561 219.363462 50.510487 1
84.431814 244.579174 54.230604 1
86.028576 251.719811 56.604514 1
87.513974 271.269853 56.570332 1
80.286934 229.720350 53.683560 1
69.160044 235.918589 59.606493 1
67.536113 229.713234 62.629474 1
62.806179 211.639245 71.434341 1
61.158141 204.661313 74.885305 1
57.850890 190.658147 81.810624 1
57.850890 190.658147 81.810624 1
86.974463 230.384407 48.725382 1
93.949977 239.180725 40.282992 1
96.400920 232.530654 40.056200 1
103.539646 213.161367 39.395631 1
105.626654 205.523346 40.184146 1
109.814819 190.195529 41.766520 1
109.814819 190.195529 41.766520 1
78.379512 189.675521 54.058766 1
79.339434 171.373751 57.893405 1
80.528153 148.709772 62.642025 1
79.565850 125.608850 60.080649 1
78.764892 106.381155 57.948726 1
84.947998 99.635364 71.299396 1
89.119792 98.846793 77.950322 1
89.937697 189.543106 45.442996 1
94.494055 171.385921 45.067972 1
100.136358 148.901203 44.603558 1
104.816294 126.296535 40.323349 1
108.633000 107.861371 36.832639 1
120.524229 101.784845 45.978752 1
125.629585 101.015918 51.945788 1
84.971300 190.996300 50.290800 1
85.112548 199.140981 50.308691 1
84.742093 209.474958 49.872758 1
84.376501 219.383022 50.080877 1
84.515151 244.597753 53.813728 1
86.111542 251.696060 56.311598 1
87.733682 271.234242 56.511215 1
80.379172 229.743172 53.107284 1
68.988415 235.795102 58.668919 1
67.453254 229.484043 61.514232 1
62.981875 211.102175 69.801618 1
61.547739 204.112734 73.324071 1
58.669742 190.086471 80.392854 1
58.669742 190.086471 80.392854 1
87.249656 230.401516 48.405096 1
94.608805 239.199643 40.296898 1
97.224650 232.608798 40.307886 1
104.843678 213.412016 40.339885 1
107.083039 205.839934 41.322516 1
111.576941 190.644442 43.294437 1
111.576941 190.644442 43.294437 1
78.435646 189.718985 53.545120 1
79.224951 171.435547 57.504104 1
80.202386 148.794268 62.406709 1
79.330597 125.669713 60.033064 1
78.604977 106.422346 58.057397 1
84.341415 99.737382 71.636109 1
88.284725 98.981485 78.428711 1
90.284825 189.531527 45.335219 1
94.732113 171.344575 45.133109 1
100.239351 148.822997 44.882821 1
104.778118 126.211868 40.486293 1
108.479695 107.771435 36.900719 1
119.978409 101.508047 46.415258 1
124.867308 100.650350 52.549134 1
85.363300 191.037600 49.821100 1
85.494857 199.182463 49.822382 1
85.134516 209.515269 49.351604 1
84.771194 219.423928 49.533733 1
84.842857 244.640655 53.254967 1
86.456589 251.706481 55.832517 1
88.205016 271.232065 56.158579 1
80.699008 229.794946 52.419870 1
69.127874 235.797860 57.652540 1
67.752026 229.374980 60.323803 1
63.744670 210.667416 68.104240 1
62.596374 203.609380 71.594551 1
60.291996 189.445465 78.598831 1
60.291996 189.445465 78.598831 1
87.723363 230.434879 47.948126 1
95.418271 239.201513 40.122432 1
98.134384 232.655299 40.350064 1
106.045458 213.588512 41.013067 1
108.352470 206.063136 42.180595 1
112.982133 190.961370 44.523564 1
112.982133 190.961370 44.523564 1
78.723325 189.760893 52.857158 1
79.118570 171.489790 56.930395 1
79.608022 148.863787 61.974485 1
79.049520 125.707329 59.828384 1
78.584659 106.433407 58.042110 1
83.677408 99.876307 71.936182 1
87.287015 99.188995 78.918936 1
90.842081 189.566377 45.050842 1
95.159866 171.347145 45.077912 1
100.506737 148.785593 45.111426 1
104.801615 126.157506 40.559864 1
108.304289 107.703242 36.847852 1
119.428152 101.399803 46.772731 1
124.088811 100.526861 53.079683 1
85.777900 191.122800 49.396800 1
85.924473 199.267393 49.382220 1
85.599805 209.599593 48.873690 1
85.253960 219.509528 49.016068 1
85.275007 244.737697 52.659570 1
86.924867 251.771396 55.301318 1
88.805474 271.283998 55.666564 1
81.119875 229.900206 51.738869 1
69.397307 235.841856 56.697211 1
68.225383 229.316596 59.213076 1
64.811987 210.310837 66.540893 1
64.009946 203.144805 69.905626 1
62.400425 188.764163 76.657899 1
62.400425 188.764163 76.657899 1
88.284789 230.507683 47.491219 1
96.290504 239.176161 39.870656 1
99.034702 232.650325 40.276660 1
107.027578 213.642890 41.459202 1
109.396957 206.191611 42.936091 1
114.151776 191.238543 45.899880 1
114.151776 191.238543 45.899880 1
79.040907 189.865570 52.219777 1
79.169987 171.606585 56.363869 1
79.329834 148.995589 61.495702 1
78.840985 125.813414 59.628337 1
78.434100 106.518088 58.074065 1
83.050678 100.046205 72.172960 1
86.413845 99.404477 79.281955 1
91.405255 189.629792 44.809785 1
95.635486 171.391832 45.067421 1
100.873935 148.807088 45.386453 1
104.990887 126.171558 40.709222 1
108.348454 107.711224 36.894721 1
119.077748 101.375453 47.225119 1
123.512881 100.499914 53.692302 1
86.269300 191.155300 49.018300 1
86.428430 199.299545 48.972972 1
86.135611 209.630409 48.419929 1
85.803367 219.541142 48.536909 1
85.768912 244.768320 52.187162 1
87.511474 251.803715 54.764076 1
89.537173 271.300582 55.188858 1
81.613655 229.938877 51.145341 1
69.830974 236.006770 55.798948 1
68.897263 229.386715 58.162219 1
66.177697 210.104850 65.045585 1
65.765738 202.820564 68.221459 1
64.939027 188.202612 74.594734 1
64.939027 188.202612 74.594734 1
88.896470 230.533973 47.101331 1
97.203822 239.075927 39.662924 1
99.942284 232.559026 40.222236 1
107.918454 213.577617 41.851308 1
110.423199 206.248002 43.673314 1
115.449670 191.539086 47.329676 1
115.449670 191.539086 47.329676 1
79.449794 189.919586 51.645893 1
79.321314 171.663854 55.804311 1
79.162211 149.056886 60.953883 1
78.641021 125.851034 59.418941 1
78.207217 106.536001 58.141355 1
82.415731 100.122250 72.393692 1
85.568499 99.511578 79.601164 1
92.027776 189.634647 44.606445 1
96.158430 171.377848 45.066249 1
101.273569 148.769775 45.635634 1
105.218176 126.131459 40.825258 1
108.435186 107.668852 36.902171 1
118.799966 101.302237 47.579925 1
123.029675 100.423259 54.182832 1
86.867100 191.197200 48.620600 1
87.048769 199.340915 48.565867 1
86.796948 209.671276 47.983973 1
86.481751 219.582919 48.065687 1
86.384017 244.821801 51.632944 1
88.264948 251.825706 54.198330 1
90.439440 271.306009 54.646805 1
82.236008 229.995524 50.519625 1
70.408620 236.149253 54.941332 1
69.714222 229.460711 57.191489 1
67.691685 209.979367 63.745394 1
67.642360 202.594870 66.709088 1
67.543373 187.775817 72.656564 1
67.543373 187.775817 72.656564 1
89.632824 230.566237 46.684400 1
98.243224 238.925152 39.383953 1
100.914854 232.388817 40.032575 1
108.696367 213.350801 41.921774 1
111.265918 206.151624 44.132197 1
116.422441 191.704469 48.568027 1
116.422441 191.704469 48.568027 1
79.974877 189.983687 51.062227 1
79.607422 171.729382 55.212652 1
79.152385 149.124181 60.352326 1
78.515243 125.899792 59.185678 1
77.984927 106.569330 58.214637 1
81.850893 100.206797 72.586462 1
84.826138 99.623638 79.871266 1
92.740404 189.653944 44.370946 1
96.769342 171.379717 45.007141 1
101.758522 148.750064 45.794956 1
105.476284 126.101016 40.856144 1
108.508292 107.629657 36.828311 1
118.526012 101.224284 47.809812 1
122.571696 100.342254 54.526648 1
87.589200 191.238100 48.215000 1
87.773023 199.381550 48.134200 1
87.540828 209.709869 47.509485 1
87.237331 219.622126 47.551325 1
87.105936 244.871529 51.042233 1
89.151084 251.832385 53.599116 1
91.387443 271.306586 54.006423 1
82.953950 230.051242 49.865775 1
71.129522 236.372443 54.052933 1
70.668457 229.628943 56.196440 1
69.325537 209.987528 62.439713 1
69.577406 202.520694 65.178266 1
70.082850 187.536411 70.673935 1
70.082850 187.536411 70.673935 1
90.447787 230.594356 46.219546 1
99.336551 238.765279 39.040906 1
101.906233 232.195853 39.762969 1
109.390809 213.061457 41.866078 1
111.941956 205.968586 44.415499 1
117.061544 191.734764 49.531623 1
117.061544 191.734764 49.531623 1
80.640182 190.033863 50.494882 1
80.032514 171.779287 54.615791 1
79.280010 149.173751 59.718914 1
78.468975 125.939098 58.923679 1
77.793923 106.600093 58.261778 1
81.330252 100.279493 72.736628 1
84.141731 99.716272 80.087742 1
93.562722 189.678844 44.113457 1
97.457566 171.380709 44.883442 1
102.280694 148.721449 45.836935 1
105.770257 126.051969 40.825885 1
108.616159 107.563947 36.739139 1
118.298774 101.116478 47.993205 1
122.174679 100.231951 54.809097 1
88.364600 191.287000 47.783500 1
88.572064 199.429658 47.682617 1
88.381906 209.756393 47.018729 1
88.102599 219.669448 47.015827 1
87.957149 244.934393 50.391847 1
90.136664 251.858598 52.937211 1
92.526602 271.312394 53.436959 1
83.796544 230.118032 49.196538 1
71.999138 236.622860 53.173394 1
71.722404 229.841589 55.227606 1
70.916378 210.090163 61.210794 1
71.433413 202.563596 63.740654 1
72.470984 187.459442 68.817521 1
72.470984 187.459442 68.817521 1
91.364229 230.628654 45.701261 1
100.514392 238.607646 38.636052 1
102.995901 232.012611 39.429539 1
110.223659 212.803623 41.740679 1
112.857045 205.861177 44.601524 1
118.141668 191.929224 50.342608 1
118.141668 191.929224 50.342608 1
81.361850 190.107872 49.906717 1
80.573299 171.856605 54.011606 1
79.596798 149.255166 59.094893 1
78.570922 126.020033 58.630757 1
77.717051 106.680628 58.244441 1
80.942784 100.413916 72.814954 1
83.618503 99.869523 80.217973 1
94.426543 189.699652 43.824955 1
98.223115 171.384078 44.667691 1
102.924549 148.703222 45.711275 1
106.127341 125.997138 40.674519 1
108.739366 107.479265 36.566809 1
118.144529 100.981729 48.025510 1
121.895456 100.094402 54.910611 1
89.346100 191.339500 47.319000 1
89.550611 199.481844 47.190532 1
89.371481 209.805948 46.484022 1
89.101376 219.719155 46.438741 1
88.943017 244.996747 49.718123 1
91.225089 251.893445 52.248240 1
93.850159 271.313504 52.866350 1
84.776277 230.183869 48.501212 1
73.046113 236.922370 52.283121 1
72.880226 230.113791 54.257388 1
72.397056 210.282824 60.007725 1
73.187539 202.734620 62.398637 1
74.773860 187.587042 67.196666 1
74.773860 187.587042 67.196666 1
92.407959 230.667236 45.143930 1
101.826751 238.432172 38.194175 1
104.181755 231.798850 39.051497 1
111.041049 212.478349 41.548568 1
113.457762 205.483086 44.471324 1
118.307572 191.445140 50.336650 1
118.307572 191.445140 50.336650 1
82.304670 190.163902 49.312270 1
81.297687 171.923431 53.417377 1
80.050690 149.335361 58.500933 1
78.777713 126.108166 58.373777 1
77.718170 106.775368 58.267941 1
80.605873 100.563921 72.932728 1
83.137432 100.036602 80.387502 1
95.483696 189.740919 43.483462 1
99.152728 171.402782 44.397454 1
103.696224 148.693987 45.529275 1
106.577871 125.950468 40.467509 1
108.927989 107.402064 36.339402 1
118.077193 100.863136 47.980337 1
121.712132 99.973946 54.927133 1
90.391300 191.372000 46.822900 1
90.600399 199.513986 46.679913 1
90.439347 209.836240 45.942697 1
90.183131 219.749564 45.858687 1
90.023604 245.041201 49.027871 1
92.416892 251.906627 51.540217 1
95.314246 271.280287 52.363857 1
85.846776 230.231497 47.806914 1
74.211969 237.263755 51.340411 1
74.084834 230.443480 53.276819 1
73.714536 210.578445 58.916886 1
74.766923 203.042690 61.245316 1
76.878828 187.920095 65.917960 1
76.878828 187.920095 65.917960 1
93.532422 230.685475 44.570822 1
103.229674 238.217070 37.748408 1
105.457012 231.548595 38.671665 1
111.944458 212.125703 41.360782 1
114.160725 205.090431 44.345715 1
118.608284 190.972196 50.335813 1
118.608284 190.972196 50.335813 1
83.317513 190.202699 48.702040 1
82.091261 171.977399 52.814880 1
80.572734 149.408117 57.908012 1
79.043784 126.197166 58.138972 1
77.771187 106.877890 58.331209 1
80.347682 100.725357 73.078578 1
82.751078 100.215638 80.576871 1
96.590991 189.763309 43.092908 1
100.139972 171.409557 44.155421 1
104.534805 148.681423 45.471163 1
107.014319 125.925432 40.254855 1
109.036477 107.366856 36.000712 1
117.993079 100.811596 47.781406 1
121.529850 99.921834 54.778619 1
91.533000 191.403100 46.291800 1
91.745093 199.544644 46.129398 1
91.601631 209.864738 45.359043 1
91.359150 219.778023 45.237920 1
91.202402 245.081690 48.309717 1
93.700302 251.912521 50.814517 1
96.973070 271.213961 51.889293 1
87.015487 230.275069 47.085922 1
75.506496 237.640882 50.340904 1
75.361619 230.818952 52.270225 1
74.939643 210.949098 57.889647 1
76.178031 203.445031 60.228897 1
78.663200 188.386029 64.923253 1
78.663200 188.386029 64.923253 1
94.746506 230.702913 43.956091 1
104.739106 237.987924 37.293993 1
106.858162 231.294368 38.287926 1
113.030223 211.798422 41.182896 1
114.979530 204.651472 44.087722 1
118.891359 190.309124 49.917065 1
118.891359 190.309124 49.917065 1
84.429709 190.239370 48.059817 1
83.012015 172.025582 52.162103 1
81.256416 149.470554 57.242164 1
79.475432 126.285577 57.893469 1
77.993057 106.987919 58.435572 1
80.295662 100.908910 73.258546 1
82.588222 100.424523 80.793136 1
97.791931 189.783699 42.666856 1
101.205305 171.409311 43.813657 1
105.432212 148.655623 45.233776 1
107.485996 125.871512 39.955589 1
109.160953 107.290003 35.650980 1
117.897236 100.693628 47.573315 1
121.343279 99.802183 54.615441 1
92.829100 191.422000 45.713700 1
93.003984 199.563924 45.527727 1
92.836616 209.881276 44.726110 1
92.592099 219.794127 44.576817 1
92.460452 245.104908 47.590642 1
95.066854 251.892618 50.102104 1
98.749204 271.106001 51.405164 1
88.251903 230.306143 46.346202 1
76.880780 237.993919 49.329926 1
76.678184 231.177308 51.272800 1
76.088095 211.322945 56.931700 1
77.398785 203.871948 59.397758 1
80.029050 188.919444 64.346590 1
80.029050 188.919444 64.346590 1
96.023220 230.707592 43.314201 1
106.317735 237.745820 36.849430 1
108.347589 231.038238 37.931115 1
114.259833 211.501443 41.081676 1
115.908384 204.191711 43.758768 1
119.216660 189.522697 49.131098 1
119.216660 189.522697 49.131098 1
85.709849 190.229370 47.396200 1
84.056172 172.037178 51.505965 1
82.008341 149.508893 56.595289 1
79.907844 126.366608 57.673155 1
78.159528 107.104484 58.570300 1
80.136813 101.087579 73.465403 1
82.300701 100.618651 81.038924 1
99.140804 189.821571 42.172807 1
102.340519 171.415607 43.424503 1
106.302843 148.622818 44.974516 1
107.923264 125.806903 39.682893 1
109.244792 107.199456 35.367327 1
117.703826 100.559188 47.463958 1
121.030197 99.666152 54.563194 1
94.157500 191.389000 45.012600 1
94.314235 199.531061 44.816723 1
94.151789 209.847130 43.997758 1
93.941771 219.760577 43.836078 1
93.953533 245.073068 46.838368 1
96.562363 251.840907 49.400429 1
100.686781 270.948982 50.911184 1
89.655150 230.304137 45.547434 1
78.341291 238.175300 48.258220 1
78.029992 231.377825 50.253069 1
77.123287 211.579201 56.063355 1
78.368912 204.179362 58.710526 1
80.868605 189.329521 64.022811 1
80.868605 189.329521 64.022811 1
97.466166 230.648678 42.611984 1
107.938881 237.588451 36.329566 1
109.892876 230.880023 37.538243 1
115.584174 211.340763 41.058684 1
116.886836 203.852775 43.414490 1
119.500991 188.826039 48.142070 1
119.500991 188.826039 48.142070 1
87.014935 190.180269 46.580920 1
85.133024 172.018937 50.728826 1
82.802561 149.528869 55.865381 1
80.366357 126.445621 57.404150 1
78.338621 107.232635 58.684921 1
79.936429 101.290313 73.655316 1
81.953311 100.838266 81.270324 1
100.530127 189.799729 41.577379 1
103.497373 171.366387 42.988686 1
107.171823 148.539696 44.736353 1
108.355306 125.701184 39.426477 1
109.320491 107.075310 35.096024 1
117.419572 100.384229 47.409075 1
120.588732 99.489703 54.579686 1
