60 35
103.517300 168.349500 19.669240 1
103.209594 174.295186 20.024239 1
102.237124 183.097489 20.077635 1
101.597967 191.558945 20.120423 1
102.080659 213.340350 21.149588 1
104.007369 219.549968 20.123043 1
99.250922 235.559290 21.714848 1
99.007986 200.623997 22.967793 1
95.008147 208.548386 31.071280 1
98.929223 204.108885 29.755595 1
110.349934 191.178186 25.923468 1
115.766223 189.682968 22.078107 1
126.635522 186.682396 14.361315 1
126.635522 186.682396 14.361315 1
103.053859 200.812521 17.080290 1
108.506555 202.605262 6.520207 1
112.736227 198.274251 6.929188 1
125.055758 185.659540 8.120410 1
129.928533 180.904411 8.179422 1
139.707114 171.361912 8.297842 1
139.707114 171.361912 8.297842 1
99.942731 166.920167 23.494125 1
101.150126 150.944480 23.424399 1
102.645304 131.160988 23.338055 1
100.933432 111.474580 20.945591 1
99.508591 95.089021 18.954274 1
108.431971 89.178663 27.743608 1
113.739734 88.447519 31.851944 1
105.958083 167.747003 14.859889 1
109.020296 152.055965 15.909955 1
112.812343 132.625187 17.210288 1
114.322798 112.604640 17.891564 1
115.554642 96.276966 18.447176 1
127.158025 92.265923 24.856890 1
132.595199 92.485361 28.853748 1
103.545200 168.346200 19.605970 1
103.212833 174.290361 19.964259 1
102.204280 183.088582 20.020874 1
101.524556 191.546823 20.073103 1
101.880926 213.328219 21.152711 1
103.770999 219.569852 20.261077 1
99.051714 235.592965 21.824484 1
98.864767 200.591363 22.921350 1
94.684810 208.355405 31.088894 1
98.713089 204.009023 29.786216 1
110.446041 191.349546 25.991976 1
116.045454 189.552241 22.560513 1
127.282241 185.945449 15.674321 1
127.282241 185.945449 15.674321 1
102.951669 200.814845 17.063483 1
108.438332 202.642900 6.527074 1
112.601260 198.246476 6.922717 1
124.726391 185.441243 8.075092 1
129.526005 180.612122 8.119534 1
139.157768 170.921140 8.208714 1
139.157768 170.921140 8.208714 1
99.948459 166.899955 23.403615 1
101.195520 150.927164 23.408442 1
102.739819 131.147258 23.414418 1
101.000981 111.465218 21.005523 1
99.553696 95.083294 19.000530 1
108.396534 89.206273 27.893012 1
113.664618 88.491841 32.055010 1
106.022853 167.757362 14.813811 1
109.070147 152.067075 15.917144 1
112.843721 132.637227 17.283438 1
114.301870 112.612334 17.950800 1
115.491057 96.281116 18.495063 1
127.010034 92.196001 25.009387 1
132.407200 92.377538 29.061982 1
103.590900 168.361800 19.490560 1
103.239498 174.304024 19.862547 1
102.202465 183.098840 19.932264 1
101.485531 191.553928 19.996258 1
101.710988 213.334945 21.117967 1
103.542732 219.611399 20.358898 1
98.847266 235.638545 21.952395 1
98.747224 200.578520 22.833352 1
94.294948 207.966259 31.203521 1
98.451224 203.724939 29.957879 1
110.556985 191.371473 26.329767 1
116.361455 189.252719 23.470101 1
128.009745 185.000849 17.731382 1
128.009745 185.000849 17.731382 1
102.892042 200.835120 17.017687 1
108.402695 202.775572 6.513949 1
112.453203 198.273877 6.892320 1
124.250895 185.162023 7.994390 1
128.928952 180.214930 8.021117 1
138.316780 170.287202 8.074750 1
138.316780 170.287202 8.074750 1
99.960195 166.895322 23.247914 1
101.230633 150.924711 23.351863 1
102.803879 131.147504 23.480589 1
101.066495 111.464478 21.078714 1
99.620419 95.081734 19.079563 1
108.342884 89.242335 28.114576 1
113.553035 88.546375 32.351946 1
106.117804 167.793205 14.721730 1
109.131306 152.100728 15.885104 1
112.863034 132.668169 17.325749 1
114.284128 112.641655 18.023698 1
115.443094 96.309115 18.592907 1
126.863468 92.209999 25.270012 1
132.203491 92.385424 29.397875 1
103.640500 168.369300 19.285280 1
103.256460 174.309108 19.663534 1
102.175861 183.098624 19.739716 1
101.415662 191.549803 19.818848 1
101.514895 213.327631 21.018076 1
103.298341 219.635909 20.426214 1
98.622793 235.663176 22.076062 1
98.597818 200.550159 22.655051 1
93.849472 207.390133 31.322757 1
98.106272 203.198428 30.262424 1
110.504826 190.989473 27.174049 1
116.484124 188.572879 24.990763 1
128.483259 183.723311 20.609391 1
128.483259 183.723311 20.609391 1
102.808301 200.848503 16.888757 1
108.328357 203.069965 6.445805 1
112.201855 198.418247 6.861223 1
123.483979 184.869430 8.071195 1
127.976572 179.753748 8.142461 1
136.992212 169.487700 8.285473 1
136.992212 169.487700 8.285473 1
99.973363 166.878827 22.997541 1
101.253066 150.910342 23.232292 1
102.837787 131.135770 23.522996 1
101.119086 111.449547 21.133910 1
99.688561 95.064142 19.145404 1
108.255299 89.271082 28.357509 1
113.390112 88.598083 32.689496 1
106.225397 167.821309 14.545206 1
109.180270 152.123279 15.781751 1
112.839396 132.683844 17.313006 1
114.214319 112.655372 18.046378 1
115.335631 96.321236 18.644475 1
126.635678 92.208930 25.515379 1
131.905844 92.378898 29.732289 1
103.684600 168.381000 19.013790 1
103.268453 174.318169 19.399438 1
102.148306 183.102622 19.487520 1
101.353219 191.550263 19.596118 1
101.358765 213.320253 20.933746 1
102.995176 219.686340 20.586672 1
98.413374 235.750418 22.138611 1
98.468363 200.522362 22.454391 1
93.439764 206.846116 31.352959 1
97.709214 202.592548 30.650110 1
110.144614 190.203407 28.602961 1
116.242062 187.554579 27.132075 1
128.478296 182.238965 24.180333 1
128.478296 182.238965 24.180333 1
102.747697 200.872266 16.741933 1
108.293914 203.483112 6.403455 1
111.905074 198.632299 6.897595 1
122.423101 184.503589 8.336858 1
126.641679 179.161853 8.504524 1
135.107434 168.442162 8.840988 1
135.107434 168.442162 8.840988 1
99.978273 166.865862 22.676818 1
101.269890 150.901633 23.077300 1
102.869364 131.132331 23.573236 1
101.171202 111.442948 21.195531 1
99.757773 95.054913 19.216498 1
108.145259 89.308278 28.620629 1
113.193778 88.658146 33.056296 1
106.331036 167.854909 14.305299 1
109.226751 152.152368 15.621919 1
112.812618 132.707345 17.252333 1
114.145511 112.677666 18.029036 1
115.232546 96.342544 18.662472 1
126.400691 92.220741 25.740232 1
131.594042 92.387236 30.051526 1
103.734500 168.340800 18.698250 1
103.273733 174.273524 19.101187 1
102.101244 183.050749 19.222404 1
101.272508 191.494193 19.389844 1
101.224712 213.248515 20.961139 1
102.630556 219.677801 20.846049 1
98.145533 235.783477 22.241681 1
98.342944 200.430015 22.315495 1
92.925347 206.176850 31.375556 1
97.064995 201.744831 31.186976 1
109.122327 188.835926 30.637713 1
115.349148 186.173555 29.932624 1
127.845006 180.830767 28.517668 1
127.845006 180.830767 28.517668 1
102.678046 200.848760 16.649910 1
108.304968 203.934771 6.487457 1
111.595979 198.874609 7.103125 1
121.181520 184.136138 8.896353 1
125.067384 178.554136 9.212553 1
132.865455 167.352287 9.847092 1
132.865455 167.352287 9.847092 1
100.000202 166.786856 22.316338 1
101.344210 150.833824 22.932521 1
103.008561 131.078388 23.695571 1
101.270803 111.393380 21.310265 1
99.824417 95.008986 19.324905 1
108.028098 89.298415 28.911376 1
112.991221 88.664570 33.444696 1
106.433967 167.850270 14.016099 1
109.272650 152.146000 15.432516 1
112.787893 132.698837 17.186514 1
114.078188 112.668806 18.023742 1
115.130482 96.333399 18.706540 1
126.156257 92.207776 26.001946 1
131.267100 92.374244 30.410737 1
103.761500 168.329200 18.269430 1
103.252067 174.254266 18.723250 1
102.024014 183.022583 18.917166 1
101.162933 191.460872 19.162928 1
101.075419 213.196651 20.971247 1
102.215899 219.676446 21.163397 1
97.866224 235.837681 22.325663 1
98.192815 200.361414 22.154493 1
92.365430 205.575269 31.282388 1
96.213674 200.902369 31.694785 1
107.422247 187.291863 32.895953 1
113.792717 184.890892 33.001389 1
126.576847 180.072676 33.212974 1
126.576847 180.072676 33.212974 1
102.587870 200.846160 16.540597 1
108.373497 204.458784 6.644303 1
111.299658 199.199648 7.415090 1
119.822522 183.881640 9.660127 1
123.331819 178.069058 10.167473 1
130.374203 166.404487 11.185599 1
130.374203 166.404487 11.185599 1
100.000456 166.713433 21.832312 1
101.456313 150.786190 22.774993 1
103.259174 131.062688 23.942362 1
101.424766 111.396325 21.476979 1
99.897936 95.027449 19.424968 1
107.865379 89.327051 29.214592 1
112.721333 88.695541 33.862846 1
106.514481 167.903110 13.612196 1
109.288858 152.198705 15.149389 1
112.724470 132.751375 17.052947 1
113.973117 112.722002 17.965646 1
114.991445 96.387131 18.709993 1
125.835233 92.266446 26.275946 1
130.839473 92.437518 30.805206 1
103.764200 168.322100 17.808520 1
103.225434 174.242790 18.285007 1
101.966208 183.005773 18.516455 1
101.086476 191.440217 18.821128 1
100.967959 213.155898 20.855071 1
101.807607 219.661564 21.399738 1
97.616605 235.882267 22.283094 1
98.076615 200.308160 21.869247 1
91.750465 204.992203 30.952238 1
95.223965 200.125834 31.985821 1
105.341044 185.951822 34.996284 1
111.788120 184.024430 36.035049 1
124.725982 180.156581 38.119622 1
124.725982 180.156581 38.119622 1
102.539136 200.852797 16.314375 1
108.508456 205.083087 6.778494 1
111.038165 199.650129 7.726427 1
118.406304 183.825837 10.487422 1
121.508411 177.809036 11.217982 1
127.733654 165.734643 12.684048 1
127.733654 165.734643 12.684048 1
99.965286 166.673883 21.315929 1
101.441195 150.762350 22.469208 1
103.268887 131.058303 23.897370 1
101.467147 111.383807 21.473128 1
99.967508 95.008161 19.455362 1
107.746947 89.387089 29.440115 1
112.509580 88.795319 34.189060 1
106.577017 167.929963 13.184174 1
109.298868 152.226644 14.823010 1
112.669434 132.780660 16.852438 1
113.889371 112.752590 17.830245 1
114.884285 96.418782 18.627691 1
125.567419 92.308113 26.424131 1
130.477169 92.485883 31.055397 1
103.777100 168.315400 17.343800 1
103.202774 174.229277 17.861580 1
101.901687 182.984419 18.150958 1
100.986716 191.412357 18.524178 1
100.774271 213.104636 20.787283 1
101.351490 219.605151 21.644883 1
97.334646 235.881701 22.273325 1
97.904334 200.239021 21.619274 1
91.105667 204.449703 30.591979 1
94.178662 199.471718 32.201762 1
103.129211 184.972604 36.890490 1
109.496868 183.611444 38.880179 1
122.275351 180.879897 42.873045 1
122.275351 180.879897 42.873045 1
102.451244 200.855105 16.140828 1
108.659922 205.574414 6.995249 1
110.893921 200.027806 8.024540 1
117.400761 183.872496 11.022501 1
120.199488 177.723407 11.867780 1
125.815914 165.383539 13.564065 1
125.815914 165.383539 13.564065 1
99.931569 166.619914 20.777093 1
101.396940 150.729677 22.204792 1
103.211581 131.052003 23.972784 1
101.475524 111.370152 21.560342 1
100.030553 94.988386 19.552396 1
107.532720 89.446206 29.790226 1
112.157823 88.894754 34.677932 1
106.663877 167.975551 12.761082 1
109.320877 152.270590 14.488225 1
112.611137 132.822572 16.627007 1
113.777389 112.794151 17.661467 1
114.728520 96.460055 18.505116 1
125.207899 92.345273 26.571255 1
130.000860 92.522627 31.323302 1
103.752900 168.320500 16.949220 1
103.150709 174.228385 17.502526 1
101.818011 182.976934 17.842951 1
100.874992 191.398644 18.281254 1
100.579702 213.064914 20.772700 1
100.865771 219.539150 21.925001 1
97.060456 235.875979 22.214183 1
97.724769 200.185413 21.421236 1
90.486817 203.968790 30.239358 1
93.155427 198.963909 32.394522 1
100.928146 184.386460 38.671751 1
107.042321 183.650441 41.575854 1
119.312121 182.173414 47.403749 1
119.312121 182.173414 47.403749 1
102.356731 200.869333 16.022672 1
108.795320 206.041195 7.290113 1
110.747812 200.413794 8.445611 1
116.434721 184.023160 11.811171 1
118.946385 177.776580 12.826281 1
123.986739 165.241069 14.863377 1
123.986739 165.241069 14.863377 1
99.859047 166.586560 20.308037 1
101.270228 150.718806 22.013377 1
103.017764 131.068972 24.125184 1
101.404726 111.373444 21.739125 1
100.062148 94.980293 19.753138 1
107.272687 89.521165 30.242060 1
111.749964 89.013525 35.270145 1
106.713153 168.024846 12.410522 1
109.307084 152.321121 14.241648 1
112.519241 132.874634 16.509194 1
113.648571 112.843857 17.539012 1
114.569589 96.507841 18.378874 1
124.826662 92.341400 26.700212 1
129.494780 92.491426 31.575870 1
103.743100 168.287400 16.537300 1
103.104953 174.186520 17.141480 1
101.731355 182.925716 17.552306 1
100.752937 191.338803 18.071205 1
100.356085 212.971471 20.826552 1
100.323145 219.410397 22.192020 1
96.788418 235.809753 22.040747 1
97.521472 200.078446 21.259772 1
89.904769 203.497726 29.905900 1
92.176181 198.529843 32.547087 1
98.791998 184.060153 40.239929 1
104.537897 184.039385 43.892722 1
116.068647 183.997709 51.223071 1
116.068647 183.997709 51.223071 1
102.253828 200.840341 15.959618 1
108.884516 206.386460 7.608827 1
110.649257 200.723309 8.885330 1
115.789311 184.228550 12.603330 1
118.113007 177.937983 13.781412 1
122.776150 165.314200 16.145556 1
122.776150 165.314200 16.145556 1
99.793728 166.501727 19.802896 1
101.162406 150.669585 21.841340 1
102.857310 131.063852 24.365647 1
101.358681 111.362681 21.951732 1
100.111330 94.964834 19.942560 1
106.970882 89.587285 30.705456 1
111.269914 89.123398 35.890867 1
106.790230 168.052330 12.052880 1
109.292644 152.347982 14.002200 1
112.391473 132.900723 16.416111 1
113.438079 112.860673 17.348281 1
114.291633 96.517094 18.108507 1
124.234051 92.163241 26.711049 1
128.738713 92.214151 31.740094 1
103.743200 168.281600 16.179250 1
103.096033 174.172761 16.848042 1
101.712777 182.906064 17.343118 1
100.713294 191.311388 17.941591 1
100.210952 212.912133 20.921061 1
99.810549 219.292364 22.488761 1
96.534947 235.734782 21.877718 1
97.400904 200.008719 21.162645 1
89.382643 203.004113 29.600433 1
91.182685 198.101664 32.689266 1
96.425570 183.822563 41.685943 1
101.648073 184.775899 45.949190 1
112.128486 186.689036 54.504588 1
112.128486 186.689036 54.504588 1
102.229743 200.838551 15.960625 1
109.028965 206.801921 8.044188 1
110.731183 201.144030 9.424683 1
115.689133 184.664591 13.445576 1
117.961230 178.384024 14.768727 1
122.520827 165.780310 17.423993 1
122.520827 165.780310 17.423993 1
99.736257 166.455950 19.351267 1
101.081556 150.659987 21.667081 1
102.747506 131.099058 24.534869 1
101.326857 111.393198 22.112084 1
100.144410 94.991449 20.095529 1
106.701755 89.672009 31.073516 1
110.849996 89.238440 36.382891 1
106.869050 168.102819 11.746713 1
109.248471 152.390126 13.780938 1
112.194994 132.932531 16.299991 1
113.123503 112.877815 17.017035 1
113.880743 96.522275 17.601816 1
123.469571 91.792315 26.404842 1
127.808072 91.643265 31.576019 1
103.885800 168.082600 15.866610 1
103.247833 173.968685 16.586944 1
101.878701 182.700748 17.139802 1
100.873690 191.102406 17.779095 1
100.284829 212.688096 20.850407 1
99.446188 218.962479 22.654339 1
96.413539 235.429320 21.604477 1
97.486740 199.780421 20.974609 1
89.044746 202.310565 29.147263 1
90.379395 197.526824 32.632887 1
94.266752 183.593476 42.785278 1
98.810674 185.511482 47.479177 1
107.929325 189.360499 56.898797 1
107.929325 189.360499 56.898797 1
102.417398 200.640665 15.874029 1
109.319414 207.142573 8.488331 1
110.980770 201.471385 9.864038 1
115.819702 184.953216 13.870985 1
118.061131 178.666803 15.218453 1
122.559185 166.051356 17.922519 1
122.559185 166.051356 17.922519 1
99.814855 166.238382 18.945011 1
101.269103 150.516831 21.665901 1
103.069972 131.048049 25.035315 1
101.467152 111.387770 22.368213 1
100.133079 95.023959 20.148306 1
106.405121 89.689041 31.284354 1
110.422784 89.244475 36.692320 1
107.091630 167.939386 11.490262 1
109.366937 152.204902 13.474567 1
112.184532 132.720325 15.931802 1
112.767008 112.649374 16.552757 1
113.242043 96.280594 17.059173 1
122.535156 91.094209 25.922066 1
126.779004 90.714316 31.159557 1
104.157100 168.169300 15.826070 1
103.512012 174.057895 16.519033 1
102.139628 182.792587 17.019841 1
101.119950 191.195880 17.612720 1
100.435471 212.790126 20.603009 1
99.119600 218.867559 22.761398 1
96.427842 235.364873 21.329923 1
97.648143 199.879882 20.699038 1
88.790224 201.840807 28.582769 1
89.663987 197.195286 32.386808 1
92.208952 183.664526 43.466631 1
95.959564 186.661561 48.294607 1
103.486214 192.675951 57.983292 1
103.486214 192.675951 57.983292 1
102.699636 200.729983 15.716362 1
109.588164 207.957683 9.025344 1
111.238424 202.265340 10.324929 1
116.045039 185.685555 14.110158 1
118.288021 179.389493 15.409119 1
122.789192 166.754683 18.015843 1
122.789192 166.754683 18.015843 1
100.012716 166.337994 18.812821 1
101.301055 150.616565 21.616765 1
102.896470 131.147934 25.089030 1
101.410070 111.474701 22.450176 1
100.172896 95.100107 20.253781 1
106.119768 89.741670 31.555696 1
109.981720 89.284464 37.074903 1
107.463593 168.011760 11.525771 1
109.787198 152.287904 13.538153 1
112.664603 132.816488 16.030155 1
112.706296 112.728980 16.271394 1
112.740297 96.346696 16.468136 1
121.816099 90.704601 25.277676 1
126.011882 90.090888 30.531688 1
104.602200 168.209100 15.992100 1
103.929619 174.102347 16.615928 1
102.522308 182.836988 17.009138 1
101.458911 191.240895 17.509269 1
100.611481 212.854411 20.312755 1
98.834203 218.724909 22.701036 1
96.541038 235.247474 20.911544 1
97.883428 199.931929 20.454183 1
88.587062 201.363538 27.936780 1
88.925990 196.813164 31.936063 1
89.913168 183.559533 43.584562 1
92.812262 187.717089 48.130842 1
98.630103 196.060388 57.254220 1
98.630103 196.060388 57.254220 1
103.032589 200.767350 15.569970 1
109.737685 208.676405 9.491344 1
111.421111 202.969773 10.681079 1
116.324325 186.348366 14.146352 1
118.612689 180.050522 15.354332 1
123.204930 167.412135 17.778476 1
123.204930 167.412135 17.778476 1
100.403840 166.395683 18.913671 1
101.561664 150.661735 21.704291 1
102.995455 131.177600 25.160056 1
101.472569 111.509068 22.507004 1
100.205027 95.138387 20.298792 1
105.907935 89.750645 31.711965 1
109.660994 89.274473 37.304205 1
107.993533 168.019155 11.759717 1
110.414784 152.313651 13.800093 1
113.413107 132.864959 16.326761 1
112.901526 112.783865 16.090374 1
112.484307 96.406813 15.897589 1
121.430140 90.384793 24.587742 1
125.616875 89.573293 29.822108 1
105.270400 168.240100 16.369030 1
104.521221 174.135374 16.875349 1
103.007807 182.858485 17.089810 1
101.841689 191.257058 17.422590 1
100.713224 212.906398 19.821428 1
98.528066 218.563304 22.380696 1
96.725806 235.111016 20.287584 1
98.130954 199.957772 20.164618 1
88.407744 200.850967 27.173365 1
88.161230 196.403726 31.293599 1
87.443222 183.450485 43.294382 1
89.463866 188.551472 47.326205 1
93.518854 198.788030 55.417183 1
93.518854 198.788030 55.417183 1
103.330881 200.764554 15.329622 1
109.742250 209.259636 9.744901 1
111.506489 203.558552 10.840412 1
116.645085 186.953306 14.031245 1
119.027896 180.675997 15.160972 1
123.809672 168.078823 17.428079 1
123.809672 168.078823 17.428079 1
101.059334 166.430735 19.274785 1
101.980081 150.639617 21.819986 1
103.120288 131.084685 24.971836 1
101.566577 111.418651 22.318139 1
100.273379 95.050050 20.109390 1
105.769613 89.487732 31.540202 1
109.443620 88.915763 37.175792 1
108.713640 168.012741 12.180630 1
110.975666 152.259400 14.025612 1
113.776815 132.751471 16.310316 1
113.185467 112.674602 15.939450 1
112.703194 96.300995 15.636992 1
121.596351 90.146252 24.288138 1
125.768359 89.261906 29.522463 1
106.089200 168.208300 16.761350 1
105.267390 174.103386 17.141452 1
103.640956 182.808730 17.169382 1
102.361964 191.196173 17.316257 1
100.937331 212.877736 19.214156 1
98.320727 218.357840 21.753290 1
96.959313 234.905070 19.346680 1
98.540584 199.905637 19.872227 1
88.497482 200.226356 26.467258 1
87.681549 195.766751 30.499778 1
85.305024 182.777498 42.245084 1
86.595301 188.478533 45.736795 1
89.184603 199.919256 52.743888 1
89.184603 199.919256 52.743888 1
103.706676 200.672052 14.994583 1
109.515378 209.743740 9.663109 1
111.405547 204.074743 10.714192 1
116.910934 187.562955 13.775623 1
119.435161 181.335940 14.876182 1
124.500729 168.839693 17.084755 1
124.500729 168.839693 17.084755 1
101.919309 166.410698 19.733036 1
102.771308 150.591104 22.120467 1
103.826381 131.000912 25.076941 1
101.964227 111.382466 22.273725 1
100.414304 95.053474 19.940528 1
105.934161 89.309391 31.269610 1
109.651739 88.633319 36.864956 1
109.509790 167.931526 12.557394 1
111.515933 152.122296 14.210304 1
114.000211 132.545158 16.257159 1
113.502298 112.465027 15.928001 1
113.096225 96.088760 15.659557 1
122.041434 89.906647 24.237210 1
126.242667 89.004717 29.445092 1
106.969900 168.266900 17.455590 1
106.065066 174.158807 17.652035 1
104.314280 182.836818 17.415469 1
102.937231 191.209142 17.294957 1
101.339663 212.931171 18.445164 1
98.351548 218.236823 20.944481 1
97.243347 234.750915 18.203553 1
99.083786 199.969997 19.616395 1
88.916322 199.724271 26.021352 1
87.553688 195.117386 29.727412 1
83.584813 181.699159 40.521855 1
84.269230 187.690145 43.683869 1
85.642702 199.712733 50.029332 1
85.642702 199.712733 50.029332 1
104.141605 200.607157 14.608420 1
109.161293 210.175027 9.343463 1
111.205902 204.559353 10.391709 1
117.161116 188.202874 13.444874 1
119.856219 182.049829 14.556234 1
125.264697 169.702023 16.786485 1
125.264697 169.702023 16.786485 1
102.895630 166.511749 20.581298 1
103.645898 150.634282 22.588385 1
104.574993 130.972422 25.073860 1
102.394200 111.396643 22.202963 1
100.579064 95.103163 19.813432 1
106.353566 89.118582 30.888238 1
110.231801 88.307378 36.355101 1
110.300034 167.895404 13.186810 1
112.204369 152.067685 14.782198 1
114.562575 132.467650 16.757822 1
113.856277 112.397385 16.254285 1
113.280258 96.029165 15.843627 1
122.450200 89.757900 24.113742 1
126.803569 88.808094 29.186406 1
107.720100 168.297600 18.049480 1
106.775936 174.184963 18.188738 1
104.935552 182.840216 17.830029 1
103.458154 191.188537 17.470269 1
101.604000 212.919926 17.645278 1
98.536088 218.238485 20.017240 1
97.358970 234.686051 16.927255 1
99.567843 200.003432 19.508356 1
89.550101 199.278984 26.109962 1
87.742153 194.333852 29.125262 1
82.476237 179.930431 37.907767 1
82.613871 185.960186 41.067164 1
82.890073 198.060574 47.407375 1
82.890073 198.060574 47.407375 1
104.439824 200.461057 14.300507 1
108.871555 210.111980 8.671952 1
111.141599 204.594788 9.777636 1
117.753428 188.525154 12.998099 1
120.694140 182.495143 14.159930 1
126.595501 170.394241 16.491466 1
126.595501 170.394241 16.491466 1
103.798934 166.564029 21.376562 1
104.528498 150.641739 22.999421 1
105.431952 130.924371 25.009088 1
102.872336 111.406761 22.056073 1
100.741894 95.161698 19.598193 1
106.990952 88.892502 30.249854 1
111.137742 87.923931 35.489258 1
110.866157 167.880232 13.647388 1
112.715871 152.031911 15.095745 1
115.006437 132.406364 16.889295 1
114.296806 112.337294 16.344544 1
113.718069 95.970047 15.900275 1
123.265079 89.709137 23.740366 1
127.842788 88.761945 28.612047 1
108.314300 168.295300 18.624190 1
107.370314 174.182778 18.759745 1
105.486124 182.826303 18.349389 1
103.947137 191.151615 17.777292 1
101.941554 212.853224 16.917299 1
98.910006 218.348272 18.902121 1
97.382712 234.650158 15.245357 1
100.098790 200.042015 19.549780 1
90.346240 199.228930 26.527446 1
88.837706 194.164972 29.510013 1
84.443881 179.415453 38.197174 1
84.862255 185.829131 40.444031 1
85.701840 198.699970 44.952974 1
85.701840 198.699970 44.952974 1
104.698104 200.250485 14.084419 1
108.482513 209.705346 7.701237 1
111.035564 204.336879 8.916364 1
118.471689 188.700426 12.455598 1
121.716731 182.846037 13.702395 1
128.228815 171.097569 16.204437 1
128.228815 171.097569 16.204437 1
104.611482 166.593078 22.207745 1
105.321574 150.629408 23.366312 1
106.200917 130.860799 24.801024 1
103.245944 111.406633 21.798923 1
100.786434 95.214376 19.300188 1
107.732679 88.664382 29.333068 1
112.249080 87.543504 34.225011 1
111.180212 167.834375 14.038955 1
113.081220 151.977315 15.314993 1
115.435307 132.340947 16.895154 1
114.769509 112.269591 16.380045 1
114.226519 95.900482 15.959950 1
124.317218 89.710100 23.148023 1
129.217551 88.798372 27.702291 1
108.685300 168.185900 19.216500 1
107.756696 174.076960 19.287153 1
105.821534 182.703375 18.768302 1
104.158234 190.986997 17.979869 1
101.701979 212.584496 16.180805 1
99.282749 218.546709 17.568139 1
97.255288 234.635358 13.266884 1
100.266130 199.895565 19.554554 1
91.211387 199.299690 27.436035 1
91.710386 194.960139 31.647251 1
93.163792 182.320561 43.913034 1
93.861260 189.069543 43.344306 1
95.260925 202.613261 42.202992 1
95.260925 202.613261 42.202992 1
104.506174 199.898612 13.802220 1
108.187297 208.431559 6.179930 1
111.130956 203.301877 7.535020 1
119.704788 188.360920 11.481918 1
123.358835 182.772110 12.813010 1
130.691704 171.556599 15.484212 1
130.691704 171.556599 15.484212 1
105.235450 166.570360 23.081581 1
105.900641 150.571081 23.597184 1
106.724380 130.758375 24.235680 1
103.412857 111.349653 21.312605 1
100.656581 95.195220 18.879645 1
108.468350 88.415184 28.089357 1
113.422617 87.172056 32.504697 1
111.230188 167.618743 14.457071 1
113.399688 151.796445 15.736376 1
116.086258 132.203124 17.320583 1
115.298483 112.140848 16.647968 1
114.656015 95.779142 16.099420 1
125.331973 89.656783 22.451745 1
130.585464 88.776768 26.600514 1
108.815700 168.100200 19.552640 1
107.970199 174.003813 19.618672 1
106.086412 182.640614 19.083783 1
104.399434 190.906448 18.169069 1
101.758356 212.411398 15.662366 1
99.935960 218.722238 16.083717 1
97.284413 234.568348 11.254004 1
100.586365 199.868271 19.630890 1
92.725256 199.949668 28.722508 1
96.360879 197.020927 32.598041 1
106.950165 188.490539 43.886101 1
107.271180 195.121413 42.373775 1
107.915385 208.428115 39.338870 1
107.915385 208.428115 39.338870 1
104.446933 199.641925 13.621556 1
107.471215 207.145608 4.732820 1
110.835171 202.316176 6.207753 1
120.633176 188.249739 10.503710 1
124.718694 182.985169 11.900676 1
132.917429 172.420337 14.704073 1
132.917429 172.420337 14.704073 1
105.626198 166.574153 23.669501 1
106.231470 150.564219 23.699600 1
106.981009 130.738317 23.736874 1
103.442972 111.353153 20.924982 1
100.498163 95.218328 18.584563 1
109.109206 88.271185 26.915143 1
114.450522 86.943415 30.825734 1
111.011500 167.446495 14.633147 1
113.520018 151.682224 16.005575 1
116.626406 132.160760 17.705099 1
115.790698 112.104904 16.910001 1
115.109138 95.748436 16.261562 1
126.253329 89.693611 21.825512 1
131.791574 88.843152 25.592531 1
108.509800 167.975900 19.719050 1
107.871999 173.905094 19.817807 1
106.157208 182.580381 19.340335 1
104.424175 190.834637 18.407359 1
101.183577 212.214690 15.558915 1
100.558205 218.687953 14.543466 1
97.308773 234.336989 9.443966 1
100.543857 199.760622 19.910897 1
94.779577 201.298440 30.344945 1
99.922273 199.792530 33.190988 1
114.901129 195.406347 41.480503 1
117.222508 201.720603 40.431676 1
121.881003 214.391923 38.326909 1
121.881003 214.391923 38.326909 1
103.978202 199.447295 13.651950 1
106.874412 204.413811 3.097005 1
110.771450 200.013328 4.601629 1
122.122137 187.196273 8.984070 1
126.726824 182.362494 10.322018 1
135.967414 172.662162 13.006981 1
135.967414 172.662162 13.006981 1
105.550549 166.566742 24.044254 1
106.171688 150.560777 23.714821 1
106.940874 130.739791 23.306866 1
103.255290 111.366509 20.604743 1
100.187672 95.241574 18.355688 1
109.534539 88.199165 25.761899 1
115.215196 86.837083 29.147193 1
110.350634 167.239266 14.667418 1
113.344353 151.566692 16.115371 1
117.051582 132.158781 17.908421 1
116.193657 112.105151 17.081483 1
115.493979 95.750498 16.407077 1
127.047365 89.786790 21.178333 1
132.840292 88.980946 24.551534 1
108.052700 167.839900 19.886350 1
107.653449 173.788662 20.043560 1
106.225335 182.521673 19.691275 1
104.684699 190.825555 18.867520 1
101.780925 212.274090 16.174902 1
101.056653 218.191527 13.384788 1
97.117348 233.621783 8.107941 1
101.132746 199.846247 20.599986 1
96.969105 203.807809 31.156088 1
102.700077 205.483277 32.234894 1
119.392370 210.363321 35.377074 1
125.300077 213.689557 36.004627 1
137.155541 220.364581 37.263986 1
137.155541 220.364581 37.263986 1
104.129339 199.439108 14.125267 1
105.858639 201.940357 2.497093 1
110.154861 197.871134 3.838339 1
122.668232 186.018922 7.744922 1
127.636590 181.495197 8.844926 1
137.606985 172.417076 11.052388 1
137.606985 172.417076 11.052388 1
105.309415 166.521606 24.379319 1
105.949920 150.526129 23.731451 1
106.743090 130.718131 22.929164 1
103.044980 111.324050 20.398824 1
99.966937 95.181802 18.292749 1
109.970815 88.186282 24.834657 1
115.929369 86.865748 27.722072 1
109.552745 167.061419 14.729402 1
112.982490 151.471330 16.098499 1
117.229666 132.165561 17.793900 1
116.446700 112.104836 17.071252 1
115.808154 95.744396 16.481900 1
127.691474 89.866187 20.487496 1
133.700788 89.105637 23.470042 1
107.509300 167.715700 20.127360 1
107.254145 173.673086 20.255153 1
106.021986 182.435926 19.903706 1
104.672374 190.772808 19.078151 1
102.313528 212.274386 16.278197 1
101.507735 217.765414 12.739176 1
96.663279 232.970734 7.563701 1
101.531699 199.926985 20.902400 1
98.710578 205.814751 30.993815 1
104.483882 207.615503 31.485037 1
121.299475 212.860457 32.915794 1
127.654998 215.141125 33.790180 1
140.409131 219.717924 35.544878 1
140.409131 219.717924 35.544878 1
104.108930 199.345085 14.262626 1
105.037778 200.435269 2.329064 1
109.497316 196.489872 3.495854 1
122.486370 184.998319 6.894310 1
127.587785 180.577120 7.781567 1
137.825198 171.704743 9.562093 1
137.825198 171.704743 9.562093 1
105.012990 166.494821 24.788709 1
105.710929 150.515018 23.869997 1
106.575222 130.726429 22.732310 1
102.606929 111.386338 20.198037 1
99.304004 95.289028 18.088688 1
109.800963 88.220884 23.716000 1
115.973140 86.883916 26.103904 1
108.677752 166.863977 14.896722 1
112.500324 151.353431 16.121215 1
117.233952 132.146164 17.637546 1
116.594839 112.076316 17.037014 1
116.073611 95.708435 16.547254 1
128.256685 89.938972 19.724899 1
134.466382 89.236364 22.280654 1
106.982600 167.562600 20.245160 1
106.942886 173.525456 20.366238 1
106.027407 182.329242 20.075850 1
105.009772 190.722083 19.346985 1
103.620874 212.338044 16.789069 1
102.160648 217.264339 12.675103 1
96.585671 232.339415 7.867010 1
102.490671 200.016558 21.410369 1
100.759271 208.482829 29.764151 1
106.724477 209.556889 30.042995 1
124.099014 212.685247 30.855169 1
130.705194 214.236807 31.411690 1
143.962341 217.350449 32.528503 1
143.962341 217.350449 32.528503 1
104.585354 199.346554 14.611052 1
104.126522 199.459314 2.601142 1
108.662287 195.548266 3.573552 1
121.873362 184.156761 6.405845 1
127.014206 179.741756 7.067752 1
137.330744 170.881810 8.396052 1
137.330744 170.881810 8.396052 1
104.757118 166.436870 25.064936 1
105.561157 150.471382 23.996303 1
106.556838 130.700521 22.672960 1
102.367067 111.394154 20.240048 1
98.879799 95.324915 18.215065 1
109.809548 88.233083 22.911652 1
116.158300 86.906535 24.787545 1
107.774705 166.662304 14.952493 1
112.022531 151.259858 16.139546 1
117.282765 132.186454 17.609514 1
116.850156 112.108127 17.118030 1
116.497342 95.733332 16.717201 1
128.920700 90.121836 19.163162 1
135.282770 89.503130 21.337361 1
106.473400 167.377200 20.495730 1
106.681028 173.335949 20.644326 1
106.094229 182.170486 20.455340 1
105.347164 190.599967 19.828967 1
104.574494 212.264764 17.428690 1
103.136458 216.645185 12.730891 1
96.607976 231.402237 8.141295 1
103.337145 199.970809 22.095644 1
103.331003 209.446480 29.489750 1
109.381596 209.750380 29.153582 1
127.004836 210.635534 28.174443 1
133.773869 211.351373 28.011851 1
147.357825 212.787907 27.685562 1
147.357825 212.787907 27.685562 1
104.889361 199.257392 15.156698 1
103.710824 198.231575 3.239487 1
108.242288 194.259623 3.949748 1
121.440838 182.690727 6.018496 1
126.527469 178.179639 6.385842 1
136.735213 169.126878 7.123021 1
136.735213 169.126878 7.123021 1
104.562610 166.306224 25.460826 1
105.321912 150.354840 24.171618 1
106.262194 130.601444 22.575128 1
101.777274 111.344924 20.277096 1
98.044347 95.317172 18.364377 1
109.295251 88.121359 22.031642 1
115.791961 86.855151 23.363871 1
106.840266 166.483848 15.155541 1
111.396818 151.157277 16.166731 1
117.039359 132.177832 17.418922 1
116.870561 112.094372 16.978390 1
116.732898 95.715390 16.619116 1
129.371334 90.299094 18.275940 1
135.867582 89.782051 20.041528 1
106.619100 167.436200 20.747630 1
106.822629 173.393515 20.949774 1
106.261317 182.231532 20.890936 1
105.614230 190.678712 20.408211 1
105.310379 212.390059 18.347422 1
104.074655 216.639424 13.474923 1
96.944454 231.150779 8.998669 1
103.965749 200.063617 22.897542 1
104.922312 208.780090 31.117594 1
110.878718 208.890746 29.966933 1
128.227625 209.213047 26.615464 1
134.938644 209.691643 25.570557 1
148.406180 210.652082 23.473656 1
148.406180 210.652082 23.473656 1
105.168410 199.414672 15.883286 1
103.575925 198.338994 4.018713 1
107.953383 194.172742 4.562074 1
120.703369 182.037918 6.144700 1
125.596268 177.306585 6.325525 1
135.415233 167.811838 6.688398 1
135.415233 167.811838 6.688398 1
104.963058 166.307667 25.790865 1
105.408030 150.351769 24.413706 1
105.959060 130.592783 22.708301 1
101.356486 111.348107 20.547793 1
97.525630 95.330215 18.749540 1
108.861974 88.018705 21.886507 1
115.429610 86.866879 22.947071 1
106.718009 166.600754 15.386424 1
111.322324 151.275719 16.181427 1
117.024012 132.298175 17.165907 1
116.999317 112.212689 16.790996 1
116.979176 95.832055 16.485239 1
129.753830 90.603191 17.615996 1
136.327369 90.187082 19.099676 1
106.458000 167.329800 20.792270 1
106.776284 173.280874 21.027433 1
106.375290 182.127704 21.070794 1
105.871154 190.591398 20.726811 1
105.917499 212.338821 19.062715 1
104.841776 216.657549 14.213306 1
97.665473 231.242148 10.060452 1
104.508833 199.958758 23.444779 1
105.912966 208.702871 31.570668 1
111.754510 208.352642 29.967936 1
128.768863 207.332552 25.299745 1
135.396535 207.292393 23.740575 1
148.696813 207.211806 20.611663 1
148.696813 207.211806 20.611663 1
105.420805 199.416060 16.377878 1
103.548198 198.533748 4.538281 1
107.712080 194.140643 4.959889 1
119.839995 181.345078 6.187893 1
124.479964 176.362371 6.232541 1
133.791354 166.363174 6.322136 1
133.791354 166.363174 6.322136 1
104.980771 166.192367 25.888771 1
105.168885 150.248735 24.323370 1
105.401836 130.504940 22.384855 1
100.968494 111.215539 20.269789 1
97.278495 95.160420 18.509358 1
108.810077 87.946610 21.116075 1
115.432877 86.891636 21.897682 1
106.331804 166.533570 15.425672 1
111.061092 151.239211 16.061975 1
116.917538 132.299655 16.849931 1
116.988119 112.212953 16.554390 1
117.045680 95.831327 16.313362 1
129.906668 90.741539 17.020797 1
136.532333 90.401871 18.274218 1
106.332700 167.353000 20.704460 1
106.752722 173.296025 20.979984 1
106.499342 182.147521 21.106138 1
106.132373 190.621636 20.858549 1
106.523651 212.384081 19.456882 1
105.554775 216.820600 14.692018 1
98.865859 231.748753 10.968484 1
104.979922 199.976399 23.713539 1
106.642013 208.661426 31.854112 1
112.364313 207.819967 30.020461 1
129.031350 205.369097 24.679686 1
135.564373 204.769856 22.857819 1
148.674708 203.567313 19.201733 1
148.674708 203.567313 19.201733 1
105.757026 199.505895 16.625376 1
103.671691 198.852726 4.806497 1
107.610982 194.249496 5.134075 1
119.084738 180.841911 6.088205 1
123.462895 175.627819 6.027713 1
132.248886 165.164284 5.906317 1
132.248886 165.164284 5.906317 1
104.923446 166.199179 25.816503 1
105.021355 150.270192 24.100970 1
105.142600 130.544532 21.976540 1
100.759579 111.227670 20.012617 1
97.111464 95.149694 18.377987 1
108.751507 88.012244 20.696960 1
115.386698 86.919555 21.301626 1
106.102611 166.601782 15.334822 1
110.842086 151.306602 15.867091 1
116.711147 132.366029 16.526216 1
116.897569 112.279207 16.296569 1
117.049605 95.897483 16.109281 1
129.953382 90.896510 16.651704 1
136.598361 90.605847 17.811722 1
106.280900 167.451100 20.364070 1
106.761562 173.384319 20.735237 1
106.600753 182.234952 20.998896 1
106.324285 190.715435 20.891344 1
106.950200 212.494351 19.886942 1
106.180578 217.060212 15.208700 1
100.098914 232.294489 11.689296 1
105.239678 200.028781 23.903968 1
106.995050 208.351539 32.395819 1
112.621664 207.147749 30.470423 1
129.010002 203.641535 24.862426 1
135.463510 202.617273 22.948847 1
148.414279 200.561806 19.108714 1
148.414279 200.561806 19.108714 1
106.079875 199.677755 16.816079 1
104.026738 199.302872 4.979472 1
107.663134 194.449535 5.171268 1
118.254669 180.313478 5.729912 1
122.283826 174.829026 5.516966 1
130.369452 163.822937 5.089631 1
130.369452 163.822937 5.089631 1
104.800456 166.235301 25.441510 1
104.976115 150.294321 23.847909 1
105.193642 130.553810 21.874473 1
100.823993 111.227977 19.969898 1
97.187009 95.142536 18.384665 1
108.779440 88.021163 20.975613 1
115.398062 86.908166 21.710750 1
106.104703 166.784005 14.981299 1
110.658282 151.432721 15.521155 1
116.297142 132.422672 16.189677 1
116.608526 112.336513 16.058730 1
116.862472 95.955329 15.951936 1
129.772640 91.003666 16.739355 1
136.397498 90.742096 18.015563 1
106.291300 167.550400 19.967840 1
106.794886 173.475994 20.421296 1
106.678186 182.323107 20.800841 1
106.458129 190.805887 20.825699 1
107.260391 212.594582 20.250449 1
106.708788 217.325290 15.707159 1
101.185906 232.807151 12.350700 1
105.378170 200.068400 23.992752 1
107.019858 208.009076 32.864713 1
112.592221 206.464106 31.027082 1
128.822543 201.964152 25.674715 1
135.232157 200.536197 23.875697 1
148.094839 197.670610 20.265464 1
148.094839 197.670610 20.265464 1
106.362033 199.845397 16.918178 1
104.464313 199.954435 5.050240 1
107.594793 194.757904 4.944362 1
116.712770 179.622245 4.635985 1
120.158665 173.775265 4.090731 1
127.073812 162.041663 2.996524 1
127.073812 162.041663 2.996524 1
104.692283 166.282083 24.996239 1
104.931782 150.328483 23.543462 1
105.228366 130.572344 21.744415 1
100.900916 111.232385 19.887480 1
97.299055 95.135186 18.341900 1
108.815045 88.048053 21.336220 1
115.402480 86.899250 22.269653 1
106.230948 166.948820 14.574813 1
110.548401 151.531816 15.178192 1
115.894858 132.440386 15.925377 1
116.313404 112.355754 15.908129 1
116.654746 95.975816 15.894062 1
129.553141 91.067428 17.056189 1
136.141512 90.832094 18.513535 1
106.390000 167.625200 19.687320 1
106.868383 173.549425 20.183898 1
106.734043 182.393548 20.622680 1
106.529063 190.876017 20.733565 1
107.446057 212.666464 20.494146 1
107.154501 217.623447 16.173420 1
102.115876 233.310314 13.012644 1
105.415283 200.097260 24.007532 1
106.706608 207.600886 33.307492 1
112.243029 205.717489 31.690118 1
128.368669 200.231819 26.979282 1
134.745294 198.399638 25.449436 1
147.541776 194.722858 22.379372 1
147.541776 194.722858 22.379372 1
106.569990 199.971195 16.956428 1
104.972614 200.543527 5.057604 1
107.584282 195.079034 4.692168 1
115.191145 179.162893 3.627790 1
118.045322 173.038153 2.791186 1
123.773022 160.747150 1.112303 1
123.773022 160.747150 1.112303 1
104.668058 166.327170 24.667312 1
104.877826 150.363390 23.326044 1
105.137593 130.594645 21.665085 1
100.917229 111.226569 19.855336 1
97.404498 95.105966 18.349030 1
108.830652 88.055747 21.747388 1
115.379075 86.864798 22.881031 1
106.466571 167.051661 14.291444 1
110.595777 151.584924 14.938093 1
115.709122 132.431906 15.738859 1
116.149389 112.347815 15.796958 1
116.508446 95.968319 15.844341 1
129.386865 91.097211 17.337681 1
135.938314 90.883876 18.955977 1
106.664400 167.737600 19.496010 1
107.066828 173.664272 20.029394 1
106.842869 182.504329 20.511390 1
106.589942 190.984534 20.680909 1
107.474094 212.777653 20.677359 1
107.589805 217.960588 16.621604 1
102.918969 233.820132 13.773058 1
105.377446 200.171549 24.015473 1
106.209471 207.165404 33.754820 1
111.707330 204.943680 32.469312 1
127.720651 198.472583 28.725081 1
134.050301 196.232816 27.594755 1
146.752515 191.738099 25.326440 1
146.752515 191.738099 25.326440 1
106.710201 200.116335 16.994929 1
105.502144 201.062504 5.074085 1
107.715230 195.433692 4.590582 1
114.161164 179.038952 3.182319 1
116.570687 172.744831 2.214379 1
121.406065 160.113917 0.271935 1
121.406065 160.113917 0.271935 1
104.829227 166.399419 24.424671 1
105.048127 150.421462 23.266119 1
105.319203 130.635160 21.831426 1
101.123453 111.265820 19.978492 1
97.631210 95.144165 18.436241 1
108.893566 88.066798 22.293914 1
115.390809 86.858787 23.676627 1
106.885415 167.188855 14.101539 1
110.790354 151.664668 14.764515 1
115.625980 132.440509 15.585500 1
116.065591 112.356790 15.722981 1
116.424114 95.977597 15.835103 1
129.263710 91.112011 17.646804 1
135.775298 90.904298 19.419358 1
106.849100 167.784700 19.164970 1
107.190741 173.709466 19.758532 1
106.894012 182.543240 20.311225 1
106.598948 191.020607 20.543150 1
107.439216 212.814755 20.718743 1
107.987557 218.179185 16.944148 1
103.677414 234.211329 14.525666 1
105.300758 200.180297 23.920349 1
105.575857 206.695044 34.017059 1
110.988644 204.097465 33.139930 1
126.754181 196.531635 30.585161 1
132.975676 193.841752 29.940018 1
145.460844 188.443753 28.645358 1
145.460844 188.443753 28.645358 1
106.775446 200.179777 16.928024 1
105.909690 201.485619 5.011379 1
107.760017 195.736155 4.432589 1
113.149362 178.989997 2.746789 1
115.155884 172.573025 1.672075 1
119.182527 159.695576 -0.484639 1
119.182527 159.695576 -0.484639 1
104.926036 166.387297 24.043430 1
105.120369 150.398673 23.037749 1
105.361023 130.599161 21.792363 1
101.276010 111.201540 19.988475 1
97.875937 95.056347 18.487047 1
109.038523 88.057132 22.755429 1
115.488155 86.846264 24.343317 1
107.183697 167.286190 13.771472 1
110.890531 151.715464 14.478820 1
115.480835 132.433674 15.354752 1
115.923650 112.350806 15.578930 1
116.284785 95.972307 15.761757 1
129.067760 91.087559 17.893938 1
135.534777 90.872714 19.821998 1
106.952300 167.819400 18.923140 1
107.267958 173.742849 19.543620 1
106.939713 182.574199 20.116863 1
106.621631 191.050404 20.360504 1
107.414270 212.845967 20.577172 1
108.344072 218.406751 17.180334 1
104.541245 234.622668 15.170712 1
105.239528 200.203504 23.722237 1
104.986818 206.254200 34.104259 1
110.232701 203.238632 33.654693 1
125.512103 194.455349 32.345264 1
131.526910 191.267711 32.204812 1
143.597303 184.870826 31.922955 1
143.597303 184.870826 31.922955 1
106.849849 200.214153 16.759905 1
106.292988 202.021375 4.890406 1
107.858146 196.191547 4.275245 1
112.416894 179.211315 2.483508 1
114.115633 172.713136 1.366981 1
117.524622 159.672724 -0.873646 1
117.524622 159.672724 -0.873646 1
104.939005 166.400376 23.758768 1
105.120358 150.404051 22.881307 1
105.344936 130.595001 21.794702 1
101.376901 111.169515 20.029992 1
98.074191 95.001129 18.561172 1
109.148767 88.078580 23.170240 1
115.552517 86.858415 24.927661 1
107.391986 167.340553 13.535407 1
110.987400 151.746272 14.296895 1
115.439729 132.435312 15.239872 1
115.855953 112.352742 15.531470 1
116.195401 95.974485 15.769282 1
128.919371 91.060304 18.169871 1
135.345594 90.832528 20.228426 1
107.048700 167.848200 18.663690 1
107.321345 173.768504 19.332680 1
106.944464 182.594332 19.958630 1
106.597509 191.067949 20.248507 1
107.352783 212.862939 20.608720 1
108.609888 218.549314 17.541118 1
105.376477 234.918720 15.796515 1
105.127266 200.199483 23.631429 1
104.341865 205.887363 34.190423 1
109.327203 202.429070 34.149620 1
123.847730 192.356287 34.030780 1
129.546682 188.646009 34.369089 1
140.983222 181.200299 35.048001 1
140.983222 181.200299 35.048001 1
106.892300 200.252763 16.706898 1
106.676431 202.238099 4.854767 1
108.030101 196.359913 4.199367 1
111.972860 179.238833 2.290428 1
113.441508 172.692710 1.128526 1
116.388756 159.556084 -1.203158 1
116.388756 159.556084 -1.203158 1
104.934671 166.385188 23.442891 1
105.164936 150.381303 22.730222 1
105.450086 130.562893 21.847688 1
101.472860 111.139113 20.084883 1
98.162501 94.972147 18.617648 1
109.096670 88.104365 23.626535 1
115.434951 86.848715 25.584821 1
107.611195 167.409882 13.283935 1
111.023414 151.779446 14.141083 1
115.248886 132.423714 15.202517 1
115.685664 112.341844 15.511770 1
116.041876 95.964159 15.763979 1
128.672420 91.008059 18.542084 1
135.032391 90.757777 20.794636 1
107.049100 167.965000 18.501960 1
107.295450 173.885483 19.179512 1
106.889057 182.709738 19.809164 1
106.525358 191.181798 20.123036 1
107.256961 212.974532 20.636144 1
108.805453 218.758596 17.902626 1
106.285184 235.286064 16.507235 1
104.967727 200.291410 23.525893 1
103.737426 205.698037 34.189660 1
108.348386 201.770027 34.542971 1
121.778482 190.329121 35.572044 1
127.029960 186.069218 36.368202 1
137.568520 177.520531 37.965914 1
137.568520 177.520531 37.965914 1
106.899305 200.388542 16.646439 1
107.024574 202.692027 4.850702 1
108.238452 196.782866 4.200047 1
111.774045 179.571564 2.304927 1
113.101187 172.994542 1.147284 1
115.764464 159.795907 -1.175853 1
115.764464 159.795907 -1.175853 1
104.821694 166.496567 23.227703 1
105.010143 150.488399 22.604580 1
105.243509 130.664684 21.832934 1
101.445957 111.200792 20.116970 1
98.285145 95.000439 18.688724 1
109.087147 88.189817 24.050030 1
115.368365 86.947710 26.192182 1
107.743253 167.529761 13.137353 1
111.077301 151.874106 13.825119 1
115.205973 132.487143 14.676801 1
115.681990 112.413002 15.285237 1
116.070202 96.041621 15.781444 1
128.678696 91.101519 18.685356 1
135.028378 90.871342 20.968869 1
107.027100 168.017900 18.392210 1
107.238232 173.936928 19.093930 1
106.795699 182.757675 19.747898 1
106.417117 191.227592 20.099719 1
107.149880 213.015504 20.786560 1
109.009190 218.832290 18.330279 1
107.225746 235.482396 17.305899 1
104.782992 200.313914 23.528871 1
103.212411 205.545868 34.234995 1
107.351943 201.152413 34.848889 1
119.408936 188.355829 36.636947 1
124.108809 183.553570 37.736113 1
133.540419 173.916495 39.941895 1
133.540419 173.916495 39.941895 1
106.881346 200.458639 16.699282 1
107.421067 202.969214 4.957609 1
108.575303 197.044027 4.345286 1
111.937178 179.786049 2.561812 1
113.216142 173.192237 1.446211 1
115.782734 159.959910 -0.792557 1
115.782734 159.959910 -0.792557 1
104.688304 166.527763 23.056951 1
104.934461 150.514236 22.619195 1
105.239290 130.683886 22.077099 1
101.501399 111.213755 20.301943 1
98.390245 95.008208 18.824428 1
109.019814 88.251668 24.584015 1
115.227125 87.036569 26.945831 1
107.854808 167.601756 13.045060 1
111.004060 151.910368 13.787369 1
114.903892 132.479158 14.706594 1
115.437705 112.406306 15.309569 1
115.873053 96.035975 15.801323 1
128.386822 91.074829 19.057708 1
134.666634 90.831426 21.525620 1
107.070400 168.093500 18.278790 1
107.237045 174.011246 19.002942 1
106.754758 182.828019 19.681913 1
106.376317 191.295924 20.079349 1
107.195274 213.073079 20.977461 1
109.262921 218.905686 18.734496 1
108.040423 235.620613 17.977687 1
104.701544 200.359835 23.547973 1
102.797974 205.609712 34.191111 1
106.398309 200.796063 35.016590 1
116.884812 186.775605 37.420920 1
120.958834 181.488096 38.763774 1
129.134500 170.877232 41.458587 1
129.134500 170.877232 41.458587 1
106.967696 200.554002 16.773450 1
107.913045 203.233375 5.094903 1
109.068268 197.302838 4.538820 1
112.433020 180.029277 2.919154 1
113.733564 173.429361 1.866362 1
116.343465 160.184785 -0.246361 1
116.343465 160.184785 -0.246361 1
104.620869 166.578870 22.878352 1
104.900297 150.562169 22.609104 1
105.246327 130.727890 22.275680 1
101.601350 111.246290 20.434364 1
98.567531 95.031198 18.901783 1
109.004698 88.325625 25.059074 1
115.127873 87.136503 27.643270 1
108.035216 167.697264 12.953153 1
110.959109 151.961763 13.683448 1
114.579870 132.475926 14.587796 1
115.219321 112.407384 15.230169 1
115.740821 96.040568 15.754052 1
128.161633 91.071392 19.337646 1
134.372766 90.822596 21.973134 1
107.038600 168.139000 18.333080 1
107.151677 174.056926 19.066054 1
106.619239 182.870262 19.752138 1
106.235041 191.336177 20.184882 1
107.133345 213.100738 21.288821 1
109.345735 218.956244 19.253204 1
108.570445 235.705149 18.679475 1
104.510231 200.379183 23.683420 1
102.149948 205.563371 34.267107 1
105.190622 200.407886 35.262254 1
114.047027 185.391778 38.160767 1
117.464477 179.707420 39.699525 1
124.322545 168.300166 42.787473 1
124.322545 168.300166 42.787473 1
106.959944 200.618360 16.974544 1
108.326303 203.497571 5.385567 1
109.528009 197.569777 4.903695 1
113.028148 180.304205 3.500180 1
114.404614 173.706809 2.531486 1
117.166875 160.467288 0.587528 1
117.166875 160.467288 0.587528 1
104.472589 166.606286 22.862612 1
104.778687 150.588701 22.693656 1
105.157744 130.753326 22.484430 1
101.606912 111.260492 20.579166 1
98.651452 95.036049 18.993359 1
108.893307 88.371644 25.512679 1
114.930198 87.203565 28.301387 1
108.151243 167.753137 13.035588 1
110.951063 151.993783 13.737161 1
114.418181 132.478406 14.605942 1
115.029177 112.408273 15.225922 1
115.527471 96.040160 15.731543 1
127.852266 91.047682 19.602721 1
133.997691 90.785372 22.386751 1
107.030500 168.181000 18.429420 1
107.110437 174.097705 19.176480 1
106.546265 182.908284 19.872529 1
106.151933 191.372518 20.328432 1
107.063060 213.129573 21.562189 1
109.383809 219.020594 19.763481 1
109.019154 235.787701 19.330803 1
104.363257 200.401178 23.831950 1
101.524157 205.486565 34.345727 1
104.091958 200.084950 35.367487 1
111.571055 184.351954 38.343516 1
114.432269 178.376583 39.914201 1
120.174099 166.385331 43.066221 1
120.174099 166.385331 43.066221 1
106.966678 200.669228 17.182313 1
108.737464 203.737677 5.697101 1
110.045309 197.824956 5.317216 1
113.854592 180.603286 4.210753 1
115.375152 174.021450 3.358702 1
118.426577 160.813154 1.648821 1
118.426577 160.813154 1.648821 1
104.366585 166.632026 22.896468 1
104.682063 150.614075 22.791712 1
105.072734 130.778245 22.661986 1
101.600791 111.275796 20.710297 1
98.710993 95.043350 19.085850 1
108.790551 88.416418 25.890093 1
114.754193 87.267668 28.839787 1
108.264202 167.808998 13.157810 1
110.992550 152.037524 13.868571 1
114.371161 132.507139 14.748731 1
114.930163 112.433197 15.289354 1
115.386054 96.061977 15.730258 1
127.619044 91.056289 19.866495 1
133.698519 90.784159 22.790841 1
107.016500 168.217400 18.639270 1
107.057745 174.134050 19.389893 1
106.449505 182.941684 20.086105 1
106.026440 191.403454 20.561574 1
106.885541 213.154697 21.928003 1
109.320046 219.057195 20.328298 1
109.294907 235.830848 20.012096 1
104.153143 200.411698 24.073410 1
100.878050 205.436420 34.489124 1
103.069015 199.866573 35.484874 1
109.450521 183.643577 38.385143 1
111.866989 177.467715 39.927246 1
116.716309 165.074122 43.021906 1
116.716309 165.074122 43.021906 1
106.896856 200.717403 17.482060 1
109.048661 203.897302 6.092629 1
110.520446 198.016859 5.829408 1
114.807229 180.889206 5.062747 1
116.534790 174.342526 4.344981 1
120.001621 161.204783 2.904581 1
120.001621 161.204783 2.904581 1
104.264924 166.656239 23.048566 1
104.550073 150.637581 22.967691 1
104.903188 130.800876 22.867540 1
101.575577 111.275836 20.890469 1
98.805909 95.024587 19.244895 1
108.740194 88.441994 26.301161 1
114.635096 87.317428 29.394836 1
108.362610 167.852417 13.394743 1
111.015447 152.067266 14.087517 1
114.300549 132.519946 14.945401 1
114.812272 112.441845 15.364855 1
115.229604 96.067234 15.706938 1
127.374109 91.031049 20.061163 1
133.392636 90.738463 23.107078 1
106.991600 168.253600 18.950510 1
106.988174 174.171503 19.692331 1
106.327067 182.976976 20.367368 1
105.864336 191.436735 20.841649 1
106.634311 213.185963 22.290791 1
109.184007 219.088104 20.880425 1
109.419530 235.861771 20.669086 1
103.883837 200.429930 24.333176 1
100.209054 205.407201 34.637734 1
101.994845 199.681004 35.552425 1
107.196220 183.002615 38.216600 1
109.136587 176.639439 39.666988 1
113.030479 163.869946 42.577596 1
113.030479 163.869946 42.577596 1
106.784693 200.761820 17.810737 1
109.290081 204.058850 6.527396 1
110.948833 198.223631 6.409923 1
115.780184 181.227697 6.067772 1
117.741104 174.730653 5.518343 1
121.676236 161.692516 4.415758 1
121.676236 161.692516 4.415758 1
104.142026 166.686621 23.295023 1
104.396576 150.667505 23.203503 1
104.711799 130.830233 23.090171 1
101.549131 111.281704 21.074833 1
98.916752 95.010906 19.397409 1
108.689711 88.461693 26.705522 1
114.508306 87.356226 29.947010 1
108.464850 167.886815 13.740396 1
111.040259 152.086818 14.385249 1
114.229479 132.521113 15.183792 1
114.696390 112.439398 15.456988 1
115.077176 96.061839 15.679792 1
127.131288 90.996635 20.246356 1
133.086438 90.683514 23.412428 1
106.965300 168.314400 19.361540 1
106.888397 174.235188 20.075854 1
106.138914 183.037056 20.703926 1
105.614463 191.494358 21.157353 1
106.267906 213.244262 22.652832 1
108.895301 219.155279 21.435448 1
109.424307 235.923071 21.303771 1
103.513818 200.475552 24.609328 1
99.421664 205.391491 34.785230 1
100.855071 199.549188 35.577622 1
105.030077 182.532624 37.885578 1
106.553896 176.027406 39.196598 1
109.611868 162.972866 41.827525 1
109.611868 162.972866 41.827525 1
106.576468 200.826824 18.162305 1
109.428795 204.238389 6.995989 1
111.282691 198.461273 7.051190 1
116.682426 181.634574 7.211979 1
118.886298 175.201877 6.862664 1
123.308980 162.292871 6.161662 1
123.308980 162.292871 6.161662 1
104.020894 166.739796 23.639551 1
104.235648 150.720362 23.509688 1
104.501589 130.882696 23.348873 1
101.489537 111.318437 21.256903 1
98.982520 95.034546 19.515695 1
108.571143 88.498396 27.075356 1
114.303388 87.402013 30.470155 1
108.573723 167.938708 14.192196 1
111.064825 152.122161 14.757615 1
114.149646 132.535961 15.457791 1
114.578229 112.451891 15.577747 1
114.927757 96.072412 15.675576 1
126.901976 91.000352 20.440417 1
132.795970 90.678033 23.718042 1
106.941000 168.374000 19.817980 1
106.780604 174.296319 20.505221 1
105.928074 183.092147 21.084610 1
105.324007 191.545610 21.509653 1
105.802662 213.299061 23.019621 1
108.526354 219.206521 22.015242 1
109.387812 235.960948 21.959679 1
103.075082 200.513553 24.902147 1
98.552731 205.315818 34.949423 1
99.726052 199.401560 35.627587 1
103.143520 182.175415 37.602841 1
104.353440 175.579585 38.781732 1
106.781487 162.343208 41.147508 1
106.781487 162.343208 41.147508 1
106.309578 200.883949 18.540688 1
109.532676 204.393729 7.506457 1
111.562083 198.681118 7.756693 1
117.473023 182.042297 8.485549 1
119.898074 175.681260 8.363074 1
124.764615 162.916060 8.117289 1
124.764615 162.916060 8.117289 1
103.898641 166.783892 24.021061 1
104.115452 150.764580 23.879979 1
104.383939 130.927066 23.705271 1
101.484649 111.359271 21.490647 1
99.071487 95.072437 19.647351 1
108.432210 88.510939 27.466241 1
114.061404 87.403087 31.025760 1
108.693290 167.995874 14.695794 1
111.094619 152.162096 15.157914 1
114.068272 132.554559 15.730171 1
114.448553 112.469179 15.701717 1
114.758690 96.088631 15.678511 1
126.645992 91.010669 20.650209 1
132.474829 90.680184 24.041567 1
106.928200 168.441800 20.316010 1
106.679007 174.363579 20.981085 1
105.712947 183.150548 21.514925 1
105.018453 191.598480 21.910814 1
105.292482 213.355440 23.421230 1
108.097775 219.257538 22.633239 1
109.350457 235.987346 22.651940 1
102.614281 200.550163 25.239178 1
97.667243 205.175703 35.168547 1
98.659723 199.216991 35.737568 1
101.550467 181.861371 37.394926 1
102.535498 175.206760 38.445896 1
104.512241 161.852424 40.554964 1
104.512241 161.852424 40.554964 1
106.009632 200.943072 18.963469 1
109.607107 204.539612 8.073829 1
111.793636 198.897948 8.527449 1
118.162213 182.465774 9.848687 1
120.786805 176.184298 9.963717 1
126.053781 163.578757 10.194553 1
126.053781 163.578757 10.194553 1
103.798037 166.826365 24.444295 1
104.019954 150.807297 24.284665 1
104.294764 130.970085 24.086988 1
101.494574 111.400136 21.766412 1
99.163896 95.111509 19.834929 1
108.299840 88.532866 27.901366 1
113.825849 87.417334 31.616760 1
108.816117 168.071073 15.241701 1
111.129564 152.221746 15.609493 1
113.994388 132.594954 16.064940 1
114.337731 112.509681 15.886565 1
114.617741 96.129220 15.741091 1
126.408741 91.040840 20.926855 1
132.167183 90.699687 24.435392 1
106.880900 168.455200 20.749030 1
106.537055 174.375213 21.387072 1
105.450281 183.150942 21.871434 1
104.658379 191.591742 22.235267 1
104.709497 213.350855 23.738641 1
107.579590 219.247332 23.173411 1
109.291043 235.935881 23.312293 1
102.096392 200.523916 25.497654 1
96.772361 204.939707 35.327031 1
97.635023 198.951963 35.793693 1
100.147652 181.511779 37.152915 1
100.966903 174.816788 38.082744 1
102.610961 161.381416 39.948706 1
102.610961 161.381416 39.948706 1
105.642477 200.943267 19.307602 1
109.596299 204.655577 8.581596 1
111.898312 199.083994 9.269516 1
118.603255 182.855937 11.273189 1
121.382023 176.652274 11.662640 1
126.958397 164.202887 12.444180 1
126.958397 164.202887 12.444180 1
103.670459 166.811349 24.803793 1
103.927508 150.792604 24.665971 1
104.245825 130.955792 24.495299 1
101.520141 111.393507 22.026157 1
99.251475 95.111258 19.971017 1
108.155983 88.529350 28.289650 1
113.571455 87.414529 32.164593 1
108.899381 168.093587 15.724564 1
111.133038 152.230997 16.002927 1
113.899055 132.587781 16.347632 1
114.209436 112.503854 16.019877 1
114.462565 96.124490 15.752577 1
126.149940 91.011455 21.144567 1
131.836430 90.652193 24.766810 1
106.786200 168.457600 21.108540 1
106.362255 174.374607 21.725938 1
105.174581 183.139025 22.177044 1
104.305765 191.572817 22.527624 1
104.196189 213.329029 24.069382 1
107.126039 219.211054 23.691079 1
109.289431 235.845337 23.967543 1
101.632849 200.483000 25.761020 1
95.954391 204.709443 35.474591 1
96.741914 198.705757 35.862677 1
99.035692 181.219144 36.993036 1
99.752912 174.499995 37.828086 1
101.192215 161.016146 39.503848 1
101.192215 161.016146 39.503848 1
105.281968 200.935606 19.633509 1
109.519377 204.676669 9.026436 1
111.910454 199.180172 9.967882 1
118.874807 183.170817 12.709985 1
121.774376 177.048566 13.394972 1
127.593169 164.762556 14.769587 1
127.593169 164.762556 14.769587 1
103.526428 166.785415 25.112034 1
103.810187 150.766942 24.996807 1
104.161581 130.930467 24.854115 1
101.486346 111.375576 22.273734 1
99.259671 95.099481 20.126008 1
107.995959 88.524225 28.626286 1
113.329104 87.414853 32.615296 1
108.894297 168.108257 16.120137 1
111.082690 152.238618 16.352438 1
113.792655 132.586673 16.640104 1
114.105079 112.505301 16.183147 1
114.359874 96.128022 15.810477 1
125.963235 90.989484 21.357447 1
131.591270 90.611631 25.068016 1
106.620200 168.469100 21.301870 1
106.113584 174.381166 21.904120 1
104.820591 183.131962 22.329348 1
103.869141 191.557179 22.671494 1
103.580018 213.308551 24.257672 1
106.567194 219.171612 24.094421 1
109.165129 235.737963 24.607055 1
101.078985 200.441074 25.878068 1
95.110933 204.509322 35.484986 1
95.868278 198.498163 35.812763 1
98.074155 180.989781 36.767460 1
98.744097 174.257052 37.529178 1
100.088523 160.745951 39.057779 1
100.088523 160.745951 39.057779 1
104.828268 200.933093 19.814396 1
109.339089 204.805580 9.368464 1
111.781232 199.375730 10.537954 1
118.894323 183.560492 13.944269 1
121.872615 177.512515 14.898428 1
127.849389 165.375558 16.813210 1
127.849389 165.375558 16.813210 1
103.312263 166.761644 25.250595 1
103.629332 150.743511 25.186235 1
104.021976 130.907457 25.106535 1
101.411079 111.359827 22.407942 1
99.237954 95.089776 20.161825 1
107.783622 88.520554 28.858278 1
113.022926 87.416489 32.971195 1
108.818388 168.140046 16.351115 1
110.971800 152.265035 16.538966 1
113.638446 132.606436 16.771586 1
113.955735 112.527955 16.204293 1
114.214497 96.153033 15.741640 1
125.728163 90.994063 21.454077 1
131.294062 90.600988 25.255674 1
106.452000 168.451200 21.524600 1
105.892890 174.356849 22.143142 1
104.525805 183.095364 22.588697 1
103.501526 191.510949 22.956630 1
103.010909 213.251318 24.641090 1
106.092058 219.067716 24.678453 1
109.150876 235.545067 25.450838 1
100.601195 200.355688 26.173672 1
94.359302 204.254776 35.676148 1
95.137331 198.245369 35.987187 1
97.403454 180.742092 36.893136 1
98.084215 174.007713 37.630274 1
99.450353 160.493299 39.109551 1
99.450353 160.493299 39.109551 1
104.412632 200.908101 20.154112 1
109.221704 204.736078 9.825482 1
111.688808 199.367061 11.204650 1
118.874603 183.729012 15.221682 1
121.896467 177.746781 16.421647 1
127.960680 165.741760 18.829709 1
127.960680 165.741760 18.829709 1
103.117964 166.703295 25.433477 1
103.534542 150.687402 25.487178 1
104.050410 130.854121 25.553679 1
101.441476 111.326810 22.709982 1
99.269985 95.073672 20.343090 1
107.674914 88.507343 29.177789 1
112.843470 87.406998 33.380243 1
108.702481 168.157705 16.595150 1
110.852822 152.282317 16.786319 1
113.515668 132.623252 17.023048 1
113.868252 112.547514 16.384051 1
114.155800 96.174829 15.862919 1
125.591993 91.008789 21.722692 1
131.102475 90.608285 25.603421 1
106.309800 168.469000 21.730200 1
105.666323 174.369562 22.314317 1
104.196879 183.093727 22.712781 1
103.098449 191.500359 23.071353 1
102.460874 213.229233 24.852171 1
105.564086 219.028729 25.099709 1
109.031560 235.408934 26.158736 1
100.087129 200.314007 26.271706 1
93.555970 204.066287 35.637896 1
94.402665 198.067553 35.974549 1
96.868786 180.595359 36.955102 1
97.615134 173.870482 37.715139 1
99.112891 160.375136 39.240368 1
99.112891 160.375136 39.240368 1
104.018023 200.915958 20.334278 1
109.082392 204.860690 10.172958 1
111.504828 199.520908 11.732952 1
118.560518 183.968009 16.276667 1
121.550223 178.017060 17.693190 1
127.549900 166.074815 20.535835 1
127.549900 166.074815 20.535835 1
102.912212 166.694455 25.571771 1
103.350005 150.679509 25.694683 1
103.892145 130.847401 25.846892 1
101.374413 111.322508 22.906041 1
99.278832 95.071383 20.458286 1
107.444474 88.508498 29.517108 1
112.496240 87.411222 33.860033 1
108.671062 168.185654 16.852246 1
110.776883 152.303769 16.992632 1
113.384596 132.636659 17.166475 1
113.728542 112.563765 16.439471 1
114.009044 96.193399 15.846566 1
125.336076 91.007707 21.897876 1
130.773794 90.593746 25.878547 1
106.209500 168.481800 21.977600 1
105.502955 174.378013 22.531995 1
103.959886 183.091541 22.881926 1
102.808251 191.492131 23.214220 1
102.058631 213.216237 25.009511 1
105.129527 219.016101 25.515993 1
108.895858 235.311568 26.830735 1
99.697924 200.291177 26.359589 1
92.884435 203.777050 35.627072 1
93.823342 197.795617 36.021980 1
96.558042 180.373815 37.172208 1
97.394108 173.666290 37.989988 1
99.071908 160.205765 39.631094 1
99.071908 160.205765 39.631094 1
103.755772 200.914575 20.510439 1
109.040028 205.114944 10.565857 1
111.358393 199.781730 12.297058 1
118.110961 184.247961 17.339440 1
121.004773 178.303332 18.966065 1
126.812014 166.373770 22.230338 1
126.812014 166.373770 22.230338 1
102.740959 166.687363 25.745823 1
103.182837 150.673157 25.933413 1
103.730037 130.841965 26.165714 1
101.322138 111.317115 23.134001 1
99.317974 95.066025 20.610618 1
107.238488 88.516961 29.894294 1
112.167902 87.428724 34.377816 1
108.682935 168.207145 17.155052 1
110.734702 152.317828 17.246401 1
113.275479 132.641516 17.359518 1
113.638441 112.575056 16.480107 1
113.934452 96.209939 15.762906 1
125.134100 90.992635 22.020624 1
130.484923 90.555714 26.114969 1
106.096500 168.470700 22.232500 1
105.311010 174.361427 22.736705 1
103.684226 183.062510 23.008411 1
102.493204 191.459517 23.288297 1
101.726238 213.186728 25.038097 1
104.711691 219.001691 25.811812 1
108.702936 235.219859 27.392015 1
99.320176 200.266007 26.349066 1
92.242445 203.451168 35.526302 1
93.279037 197.492481 36.010628 1
96.298262 180.136932 37.421299 1
97.229834 173.453855 38.330874 1
99.099293 160.042394 40.156192 1
99.099293 160.042394 40.156192 1
103.514137 200.877421 20.595443 1
108.975730 205.371044 10.877443 1
111.176394 200.021495 12.708958 1
117.586140 184.440146 18.043517 1
120.365286 178.477730 19.799823 1
125.942418 166.512474 23.324338 1
125.942418 166.512474 23.324338 1
102.556450 166.657218 25.924331 1
103.030825 150.644532 26.156972 1
103.618267 130.815223 26.445064 1
101.292582 111.291885 23.340316 1
99.356847 95.042053 20.756144 1
107.040312 88.527211 30.260492 1
111.849739 87.458253 34.876994 1
108.690758 168.198501 17.473717 1
110.699527 152.303476 17.512331 1
113.187057 132.620094 17.560145 1
113.537909 112.558429 16.573022 1
113.824044 96.197222 15.767977 1
124.889737 90.930831 22.219875 1
130.156940 90.464372 26.418072 1
105.933500 168.437400 22.391300 1
105.107912 174.324404 22.874493 1
103.434261 183.017662 23.109512 1
102.205913 191.410083 23.364536 1
101.347532 213.135217 25.097592 1
104.284086 218.945991 26.065534 1
108.429249 235.097918 27.906437 1
98.959807 200.207632 26.373958 1
91.692579 203.212645 35.463428 1
92.814631 197.277098 36.033800 1
96.082770 179.988947 37.695092 1
97.101219 173.331553 38.695360 1
99.145024 159.971632 40.702679 1
99.145024 159.971632 40.702679 1
103.240449 200.830522 20.685775 1
108.888613 205.454726 11.137154 1
110.991063 200.079855 13.009456 1
117.114746 184.424753 18.462811 1
119.793803 178.433525 20.275683 1
125.170078 166.410449 23.913714 1
125.170078 166.410449 23.913714 1
102.345848 166.609544 26.029704 1
102.865783 150.599506 26.335635 1
103.509645 130.773475 26.714485 1
101.233475 111.257968 23.524964 1
99.338954 95.014654 20.870234 1
106.858173 88.522242 30.520174 1
111.582790 87.466672 35.226460 1
108.603692 168.172936 17.674265 1
110.588830 152.274905 17.690960 1
113.047097 132.587800 17.711632 1
113.411362 112.530584 16.642372 1
113.708436 96.173005 15.770342 1
124.674877 90.878539 22.367100 1
129.877705 90.393900 26.642797 1
105.800100 168.508800 22.503100 1
104.946828 174.393097 22.970920 1
103.239906 183.080643 23.176004 1
101.982331 191.469521 23.403661 1
101.042781 213.195221 25.086803 1
103.928708 219.001640 26.219179 1
108.186600 235.093939 28.308276 1
98.673940 200.263400 26.355427 1
91.254240 203.123448 35.368160 1
92.449595 197.211017 36.023394 1
95.931240 179.990196 37.931859 1
97.024614 173.358903 39.022345 1
99.218777 160.051361 41.210713 1
99.218777 160.051361 41.210713 1
103.025647 200.888059 20.721622 1
108.826071 205.627481 11.321935 1
110.839807 200.218692 13.194075 1
116.705100 184.464798 18.646958 1
119.291786 178.435521 20.467824 1
124.482693 166.336091 24.121896 1
124.482693 166.336091 24.121896 1
102.173258 166.670573 26.097154 1
102.558480 150.657129 26.423451 1
103.035521 130.826881 26.827522 1
101.044638 111.277454 23.654936 1
99.387569 95.005908 21.014301 1
106.713239 88.543347 30.831699 1
111.330529 87.508578 35.647842 1
108.530947 168.250506 17.820575 1
110.515133 152.352368 17.794160 1
112.972221 132.665133 17.761447 1
113.345249 112.608315 16.687739 1
113.649469 96.251062 15.812080 1
124.564607 90.980427 22.512199 1
129.729346 90.508036 26.835183 1
105.647000 168.585100 22.595000 1
104.766865 174.468088 23.028245 1
103.030307 183.150861 23.179567 1
101.754063 191.538024 23.362067 1
100.781022 213.268724 24.959450 1
103.600565 219.079704 26.227535 1
107.947308 235.118189 28.535971 1
98.408065 200.339603 26.247753 1
90.852817 203.062650 35.190036 1
92.110295 197.172870 35.927794 1
95.772881 180.018023 38.076623 1
96.929137 173.412454 39.254844 1
99.249489 160.156535 41.619275 1
99.249489 160.156535 41.619275 1
102.819169 200.947973 20.658535 1
108.711788 205.828602 11.389356 1
110.656525 200.385924 13.236056 1
116.320846 184.533324 18.614840 1
118.835537 178.467127 20.413797 1
123.881967 166.293604 24.023901 1
123.881967 166.293604 24.023901 1
101.988085 166.748569 26.157271 1
102.333951 150.734663 26.504330 1
102.762254 130.903843 26.934109 1
100.929052 111.340939 23.749584 1
99.403225 95.058176 21.099011 1
106.600701 88.620177 31.026747 1
111.146139 87.601661 35.914175 1
108.429606 168.317149 17.943593 1
110.410856 152.418723 17.887361 1
112.864309 132.731130 17.817724 1
113.258498 112.676023 16.719906 1
113.579976 96.320164 15.824584 1
124.458673 91.064444 22.595314 1
129.595234 90.598656 26.952452 1
105.524800 168.583100 22.659600 1
104.616862 174.464818 23.050651 1
102.848510 183.142038 23.139426 1
101.549324 191.526591 23.273532 1
100.528095 213.261054 24.787455 1
103.312065 219.073621 26.124966 1
107.754262 235.061020 28.600040 1
98.164540 200.332627 26.099776 1
90.528182 202.975103 34.997220 1
91.827844 197.103365 35.802580 1
95.613297 180.001064 38.148310 1
96.812552 173.416554 39.399185 1
99.219194 160.202896 41.909416 1
99.219194 160.202896 41.909416 1
102.622902 200.928901 20.546868 1
108.603365 205.810296 11.334528 1
110.517565 200.341078 13.134119 1
116.092943 184.411173 18.375693 1
118.573572 178.315668 20.122109 1
123.551648 166.083333 23.626776 1
123.551648 166.083333 23.626776 1
101.841187 166.752125 26.199206 1
102.197308 150.738864 26.565139 1
102.638310 130.908843 27.018292 1
100.877947 111.343110 23.810140 1
99.412745 95.057992 21.139903 1
106.524779 88.631215 31.136249 1
111.023677 87.620277 36.068111 1
108.350591 168.299747 18.035219 1
110.331769 152.401397 17.958678 1
112.785133 132.713898 17.863891 1
113.195361 112.661120 16.729979 1
113.529921 96.307162 15.805220 1
124.377922 91.046128 22.620924 1
129.492874 90.575731 27.002918 1
105.392100 168.575300 22.711900 1
104.483773 174.457873 23.088941 1
102.710671 183.134360 23.150379 1
101.396069 191.517005 23.248739 1
100.302412 213.255398 24.651575 1
103.074431 219.055431 26.066102 1
107.594278 235.005459 28.639745 1
97.972832 200.326377 26.017694 1
90.277005 202.899837 34.884075 1
91.605854 197.042631 35.745663 1
95.476320 179.982657 38.255163 1
96.704639 173.415259 39.566338 1
99.169607 160.235939 42.197578 1
99.169607 160.235939 42.197578 1
102.452271 200.909078 20.480329 1
108.482860 205.766584 11.288060 1
110.402346 200.274460 13.010612 1
115.993123 184.277839 18.027798 1
118.476617 178.158464 19.684352 1
123.460442 165.878226 23.008687 1
123.460442 165.878226 23.008687 1
101.695773 166.751430 26.241907 1
102.095929 150.740322 26.653671 1
102.591462 130.912967 27.163578 1
100.856610 111.349356 23.928696 1
99.412642 95.066005 21.236211 1
106.501393 88.648424 31.254978 1
110.985432 87.643563 36.201592 1
108.234068 168.282987 18.098002 1
110.229099 152.386400 18.015413 1
112.699616 132.701084 17.913137 1
113.137510 112.648517 16.785867 1
113.494631 96.294730 15.866526 1
124.343355 91.057957 22.699741 1
129.453581 90.599834 27.088543 1
105.259800 168.550700 22.788100 1
104.344874 174.434904 23.121167 1
102.563887 183.109992 23.115486 1
101.237559 191.491278 23.154055 1
100.095058 213.235308 24.424349 1
102.868669 219.019715 25.898484 1
107.440962 234.940373 28.559840 1
97.778250 200.310097 25.847068 1
90.043277 202.821668 34.697118 1
91.387890 196.975352 35.606869 1
95.304268 179.947098 38.256652 1
96.546983 173.392903 39.619317 1
99.040838 160.240079 42.353888 1
99.040838 160.240079 42.353888 1
102.297710 200.869295 20.339882 1
108.351090 205.715660 11.156718 1
110.288106 200.204630 12.797317 1
115.929938 184.152945 17.575803 1
118.429328 178.014834 19.136352 1
123.445052 165.696997 22.268023 1
123.445052 165.696997 22.268023 1
101.538333 166.746585 26.301807 1
101.992568 150.737649 26.741018 1
102.555070 130.912984 27.284916 1
100.882641 111.349755 24.015042 1
99.490630 95.066721 21.293431 1
106.541181 88.654866 31.342772 1
111.001040 87.655231 36.312252 1
108.136414 168.231241 18.197531 1
110.138250 152.335735 18.079188 1
112.617196 132.651758 17.932638 1
113.080123 112.599715 16.806049 1
113.457660 96.246356 15.887263 1
124.312274 91.040300 22.734580 1
129.419761 90.597722 27.128164 1
