61 35
98.918100 191.838900 -2.843359 1
98.796676 199.816815 -2.845783 1
98.595229 210.042383 -3.409944 1
98.467999 219.854472 -3.220089 1
98.424339 244.717853 1.048767 1
100.781974 251.935576 1.602023 1
103.353881 271.164049 1.177848 1
94.255232 230.391303 -2.229544 1
81.950907 236.837871 -1.676919 1
80.122053 230.075490 -1.257060 1
74.795258 210.379097 -0.034164 1
80.289944 208.298571 5.209673 1
91.316574 204.123408 15.732904 1
91.316574 204.123408 15.732904 1
102.502895 230.496916 -2.760321 1
114.817824 236.848743 -3.881428 1
116.669144 230.169443 -2.781271 1
122.061381 210.715036 0.423093 1
117.464226 208.994359 6.581293 1
108.238745 205.541337 18.939450 1
108.238745 205.541337 18.939450 1
91.817908 190.375642 -3.233734 1
91.834058 171.934544 -1.412695 1
91.854057 149.098026 0.842387 1
92.267969 126.152277 -0.991021 1
92.612484 107.053742 -2.517031 1
91.460035 100.218727 11.924450 1
91.825665 99.352795 19.676863 1
105.883513 190.589346 -4.464434 1
108.086687 172.252565 -2.946956 1
110.814960 149.545450 -1.067809 1
112.571185 126.543180 -3.842651 1
114.003465 107.783791 -6.105662 1
118.424519 100.866775 7.649742 1
119.552908 99.829161 15.307042 1
98.839800 191.720200 -3.261059 1
98.672273 199.695905 -3.112927 1
98.392637 209.928248 -3.489845 1
98.200558 219.734733 -3.135902 1
98.064239 244.530870 1.505836 1
99.854044 251.922676 1.849145 1
102.670610 271.120244 1.627407 1
93.930110 230.220675 -1.886227 1
81.592385 236.572782 -1.054777 1
79.664468 229.828675 -0.829071 1
74.049137 210.185508 -0.171669 1
79.224476 207.937379 5.321943 1
89.610248 203.425876 16.346417 1
89.610248 203.425876 16.346417 1
102.161464 230.402047 -2.613375 1
114.377569 236.927831 -3.813777 1
116.308347 230.279682 -2.662696 1
121.932014 210.916005 0.689991 1
117.314160 209.184038 6.829510 1
108.047137 205.708361 19.150180 1
108.047137 205.708361 19.150180 1
91.740453 190.219981 -3.495264 1
91.757147 171.805800 -1.419640 1
91.777820 149.002615 1.150709 1
92.222317 126.073016 -0.868209 1
92.592290 106.987925 -2.548625 1
91.746158 100.079377 11.879056 1
92.266637 99.177315 19.618488 1
105.768016 190.544130 -5.083948 1
108.121215 172.278521 -3.028654 1
111.035271 149.659541 -0.483510 1
112.662260 126.714676 -3.765974 1
113.989143 108.002103 -6.442973 1
118.713862 100.688594 7.002903 1
120.023211 99.433702 14.598626 1
98.846700 191.566100 -3.333139 1
98.641998 199.539374 -3.116631 1
98.284126 209.772347 -3.398229 1
98.035964 219.573662 -2.948825 1
97.889986 244.323093 1.935545 1
98.805092 251.867751 2.383617 1
101.884414 271.026163 2.340837 1
93.734501 230.008733 -1.412568 1
81.292644 236.066779 -0.085797 1
79.046928 229.420549 -0.273314 1
72.505961 210.062461 -0.819485 1
77.351487 207.626218 4.890470 1
87.075397 202.737210 16.349096 1
87.075397 202.737210 16.349096 1
101.924487 230.270722 -2.495312 1
113.937355 237.121178 -3.917382 1
116.014037 230.535044 -2.667977 1
122.062670 211.351996 0.971092 1
117.352151 209.607058 7.036090 1
107.899172 206.105349 19.207209 1
107.899172 206.105349 19.207209 1
91.752182 190.026468 -3.273241 1
91.787222 171.618025 -1.147557 1
91.830614 148.821945 1.484781 1
92.206471 125.908547 -0.723168 1
92.519312 106.836940 -2.560922 1
92.194492 99.950975 11.898675 1
92.990146 99.062306 19.616228 1
105.696333 190.443882 -5.461377 1
108.602327 172.365348 -2.612506 1
112.200930 149.978029 0.915353 1
113.362904 127.201142 -3.528933 1
114.310546 108.625562 -7.153451 1
119.853327 100.832130 5.697307 1
121.648090 99.310961 13.143716 1
98.822400 191.541800 -3.266189 1
98.625162 199.514118 -3.010975 1
98.235348 209.747098 -3.246048 1
97.970482 219.546971 -2.775251 1
97.911895 244.300542 2.089935 1
97.963469 251.860424 2.987472 1
101.131624 271.003966 3.115596 1
93.685162 229.956679 -1.035309 1
81.135675 235.646411 0.807885 1
78.322787 229.244140 0.216807 1
70.129854 210.596618 -1.504792 1
74.571263 207.769737 4.351881 1
83.484197 202.096804 16.104939 1
83.484197 202.096804 16.104939 1
101.809269 230.268648 -2.524741 1
113.551245 237.503975 -4.267176 1
115.805178 230.983643 -2.980382 1
122.370080 211.992253 0.767587 1
117.655427 210.233212 6.825294 1
108.194153 206.703204 18.981784 1
108.194153 206.703204 18.981784 1
91.741618 189.996931 -2.839404 1
91.784739 171.560599 -0.971147 1
91.838139 148.729985 1.342408 1
92.150288 125.828862 -0.998799 1
92.410103 106.767472 -2.947468 1
92.768751 99.951580 11.544493 1
93.919520 99.103060 19.221678 1
105.551449 190.431926 -5.755028 1
109.306790 172.551678 -2.658516 1
113.957169 150.409904 1.176007 1
114.288008 127.696999 -3.713055 1
114.557821 109.173598 -7.700309 1
121.228833 101.216253 4.497241 1
123.723328 99.617318 11.722547 1
98.780000 191.567700 -3.017749 1
98.606685 199.539492 -2.730734 1
98.203796 209.772531 -2.939757 1
97.941398 219.573731 -2.495973 1
98.030351 244.369652 2.148071 1
97.624119 251.835563 3.581666 1
100.488947 271.024486 3.908501 1
93.707831 229.980364 -0.616531 1
81.056401 235.252656 1.708181 1
77.599671 229.230565 0.690237 1
67.531454 211.690369 -2.274671 1
71.402214 208.317356 3.696759 1
79.169981 201.548455 15.680111 1
79.169981 201.548455 15.680111 1
101.737276 230.313466 -2.548859 1
113.168936 237.895910 -4.803574 1
115.572494 231.416259 -3.583816 1
122.573198 212.543356 -0.031099 1
118.135830 210.776870 6.230473 1
109.231005 207.231921 18.796075 1
109.231005 207.231921 18.796075 1
91.732954 190.028750 -2.194940 1
91.771869 171.549425 -0.815237 1
91.820060 148.665569 0.893318 1
92.050547 125.766298 -1.475304 1
92.242391 106.706449 -3.446791 1
93.394306 100.022485 11.065262 1
94.954451 99.246578 18.677576 1
105.356115 190.457838 -5.886399 1
109.933104 172.718955 -3.097589 1
115.600960 150.752239 0.355895 1
115.757079 127.947255 -4.093464 1
115.884400 109.348761 -7.722119 1
123.739393 101.682347 3.945234 1
126.906274 100.241005 10.936482 1
98.874400 191.533500 -2.633829 1
98.724053 199.505688 -2.344866 1
98.310443 209.738156 -2.560762 1
98.064735 219.542155 -2.172744 1
98.376522 244.389795 2.175854 1
97.302113 251.670206 4.125550 1
100.319071 270.832156 4.622004 1
93.928073 229.963619 -0.164134 1
81.243969 234.934757 2.603775 1
77.221433 229.387592 1.087545 1
65.505227 213.230690 -3.328692 1
68.602636 209.402107 2.816713 1
74.818456 201.718979 15.149192 1
74.818456 201.718979 15.149192 1
101.828261 230.285968 -2.572447 1
112.827946 238.359233 -5.235027 1
115.450036 231.939557 -4.156520 1
123.087246 213.241339 -1.015216 1
119.072530 211.287465 5.471881 1
111.015874 207.366471 18.490061 1
111.015874 207.366471 18.490061 1
91.886620 190.000862 -1.397631 1
91.932941 171.489872 -0.542256 1
91.990302 148.566805 0.516997 1
92.092176 125.673257 -1.915127 1
92.176972 106.618173 -3.939469 1
94.201123 100.032114 10.521810 1
96.211305 99.309164 18.033130 1
105.270130 190.415808 -5.882159 1
110.558761 172.816454 -3.497339 1
117.107870 151.022521 -0.544132 1
117.941255 128.147397 -4.534447 1
118.620917 109.491700 -7.788731 1
127.619447 102.458924 3.443743 1
131.336773 101.327480 10.217625 1
99.110200 191.504900 -2.269859 1
98.985880 199.477111 -1.969381 1
98.560443 209.709041 -2.187799 1
98.307259 219.515321 -1.868288 1
98.711090 244.424350 2.105367 1
97.366778 251.471160 4.653964 1
100.345337 270.641290 5.057869 1
94.225553 229.943922 0.214344 1
81.582752 234.770836 3.395621 1
77.141869 229.735984 1.351215 1
64.207168 215.071261 -4.603409 1
66.412386 211.062659 1.806436 1
70.837775 203.018271 14.669588 1
70.837775 203.018271 14.669588 1
101.981644 230.270879 -2.623434 1
112.649410 238.636619 -5.701295 1
115.482074 232.272961 -4.846515 1
123.732612 213.737904 -2.356849 1
120.384799 211.539824 4.423901 1
113.666470 207.128759 18.031381 1
113.666470 207.128759 18.031381 1
92.196177 189.980511 -0.664005 1
92.260148 171.457261 -0.138974 1
92.339366 148.519010 0.511198 1
92.227477 125.642344 -2.074482 1
92.134350 106.601310 -4.226633 1
94.956095 99.987019 10.087376 1
97.386031 99.246983 17.471899 1
105.322385 190.380846 -5.854758 1
111.087856 172.876016 -3.922272 1
118.227453 151.199135 -1.529205 1
120.120234 128.338020 -5.227207 1
121.663881 109.693747 -8.243097 1
131.567046 103.346795 2.630976 1
135.663896 102.531462 9.229097 1
99.430500 191.488000 -1.996479 1
99.363118 199.460321 -1.681128 1
98.961865 209.693210 -1.900381 1
98.712419 219.501627 -1.651284 1
99.165939 244.469063 1.931205 1
97.677451 251.216101 5.128379 1
100.639107 270.392799 5.236416 1
94.676825 229.939774 0.472973 1
82.109166 234.714654 4.010557 1
77.364704 230.164688 1.553187 1
63.545786 216.912266 -5.604251 1
64.826684 213.070424 1.149825 1
67.397167 205.360689 14.703774 1
67.397167 205.360689 14.703774 1
102.284597 230.262848 -2.741724 1
112.636951 238.909080 -6.107950 1
115.626701 232.588756 -5.503240 1
124.334773 214.179915 -3.741938 1
121.861077 211.572378 3.265170 1
116.896912 206.339622 17.326900 1
116.896912 206.339622 17.326900 1
92.585798 189.998674 -0.089074 1
92.617932 171.468452 0.053762 1
92.657725 148.521568 0.230643 1
92.534352 125.630161 -2.220551 1
92.431666 106.576857 -4.260766 1
95.954648 99.896432 9.865892 1
98.743728 99.123004 17.118909 1
105.472307 190.335598 -5.853262 1
111.534573 172.882019 -4.433474 1
119.041702 151.268607 -2.675301 1
121.944360 128.473194 -6.115093 1
124.311608 109.882505 -8.920401 1
134.922258 104.160633 1.628355 1
139.303851 103.628291 8.070590 1
100.091100 191.570200 -1.809779 1
100.016964 199.542351 -1.491668 1
99.577943 209.773298 -1.728507 1
99.310806 219.583102 -1.568198 1
99.845674 244.608652 1.570037 1
98.265145 251.056202 5.297110 1
101.145899 270.245476 5.254664 1
95.341133 230.046318 0.556935 1
82.871617 234.870608 4.364487 1
77.913126 230.688649 1.685798 1
63.470818 218.508102 -6.116262 1
63.847138 215.214556 1.027191 1
64.602330 208.605128 15.362535 1
64.602330 208.605128 15.362535 1
102.798044 230.332591 -2.996848 1
112.802359 239.292094 -6.588646 1
115.889641 233.000182 -6.226279 1
124.881787 214.674094 -5.170835 1
123.416721 211.532411 1.900332 1
120.476654 205.227741 16.090613 1
120.476654 205.227741 16.090613 1
93.340715 190.063332 0.396551 1
93.146221 171.533759 0.484057 1
92.905369 148.587679 0.592420 1
92.723501 125.717595 -2.046951 1
92.572127 106.682039 -4.243793 1
96.448817 99.808175 9.696193 1
99.425425 98.933220 16.862621 1
105.960555 190.433070 -5.928355 1
111.936266 172.913656 -5.059297 1
119.336211 151.218717 -3.983112 1
123.128129 128.500530 -7.048049 1
126.220608 109.972823 -9.547645 1
137.272135 104.791827 0.826505 1
141.811708 104.507724 7.174395 1
100.811500 191.501000 -1.449559 1
100.783376 199.476176 -1.209420 1
100.364029 209.705082 -1.548130 1
100.118661 219.516755 -1.534452 1
100.798577 244.600678 1.063094 1
99.121634 250.789430 5.167636 1
101.864167 269.998987 5.151818 1
96.253081 230.024421 0.563078 1
83.885382 234.891476 4.638839 1
78.707892 230.992671 1.947427 1
63.627719 219.636849 -5.891693 1
63.220442 217.297468 1.616929 1
62.403127 212.602844 16.685089 1
62.403127 212.602844 16.685089 1
103.532357 230.231979 -3.346640 1
113.169974 239.512957 -7.120213 1
116.340237 233.253912 -6.963490 1
125.574081 215.023555 -6.507015 1
125.131314 211.273726 0.403899 1
124.242779 203.748639 14.272587 1
124.242779 203.748639 14.272587 1
94.174846 190.045045 1.108030 1
93.859330 171.517017 1.051451 1
93.468610 148.572851 0.981386 1
92.990612 125.737767 -1.911805 1
92.592759 106.731343 -4.319909 1
97.088724 99.655160 9.329849 1
100.403767 98.668637 16.331326 1
106.462362 190.297759 -5.845717 1
112.410570 172.754412 -5.351684 1
119.776456 151.029836 -4.739907 1
124.008980 128.349921 -7.495922 1
127.460794 109.853424 -9.743578 1
139.073395 105.053087 0.191522 1
143.899333 104.956510 6.330344 1
101.843800 191.373100 -1.218479 1
101.857713 199.349205 -1.010073 1
101.443170 209.576518 -1.399083 1
101.182644 219.387328 -1.496260 1
101.854690 244.517383 0.611214 1
100.252591 250.568402 4.944632 1
102.825135 269.801045 4.817123 1
97.366990 229.914676 0.593988 1
85.192315 235.071620 4.888549 1
79.843722 231.335763 2.302681 1
64.265189 220.454550 -5.229027 1
63.207066 219.361620 2.497801 1
61.083645 217.168347 18.003850 1
61.083645 217.168347 18.003850 1
104.449268 230.082358 -3.663951 1
113.780645 239.526392 -7.786533 1
117.068380 233.326743 -7.863591 1
126.644376 215.269389 -8.088033 1
127.263487 210.874319 -1.582801 1
128.505906 202.054378 11.471776 1
128.505906 202.054378 11.471776 1
95.330358 189.953951 1.656818 1
94.905191 171.428029 1.658751 1
94.378686 148.486470 1.661145 1
93.421461 125.719088 -1.620641 1
92.624730 106.769014 -4.352187 1
97.623099 99.470605 9.002643 1
101.227386 98.357809 15.840349 1
107.275170 190.129850 -5.872595 1
113.086988 172.536614 -5.564245 1
120.283977 150.750259 -5.182408 1
124.376903 128.014815 -7.679610 1
127.714868 109.473034 -9.716192 1
139.732970 104.720264 -0.251608 1
144.829297 104.668384 5.665225 1
103.027100 191.343100 -1.024607 1
103.057781 199.319757 -0.840540 1
102.620010 209.544509 -1.269380 1
102.313314 219.352573 -1.462066 1
102.878995 244.518129 0.207538 1
101.452925 250.534581 4.649236 1
103.825404 269.788570 4.220242 1
98.510553 229.885242 0.624866 1
86.584894 235.411206 5.152828 1
81.024365 231.780489 2.883643 1
64.828537 221.205511 -3.725677 1
63.354519 221.666984 3.996518 1
60.396488 222.593058 19.493272 1
60.396488 222.593058 19.493272 1
105.396322 230.033629 -3.944707 1
114.443506 239.530178 -8.551665 1
117.847841 233.403636 -8.907702 1
127.763451 215.559213 -9.944714 1
129.374890 210.605078 -4.038971 1
132.608692 200.663214 7.812560 1
132.608692 200.663214 7.812560 1
96.635604 189.939841 2.119576 1
96.070126 171.417674 2.129616 1
95.369867 148.480764 2.142050 1
93.920612 125.779777 -1.408294 1
92.714348 106.884966 -4.363370 1
98.090670 99.343028 8.706300 1
101.927689 98.085501 15.390560 1
108.261731 190.080039 -5.893853 1
113.820563 172.404097 -5.659955 1
120.704272 150.515323 -5.370314 1
124.451908 127.699630 -7.669844 1
127.508274 109.092402 -9.545217 1
139.762504 104.263634 -0.428266 1
145.050237 104.199579 5.318031 1
104.358100 191.356100 -0.896646 1
104.384796 199.333316 -0.737929 1
103.906921 209.554617 -1.204563 1
103.550190 219.358917 -1.483423 1
104.020824 244.549413 -0.206652 1
102.774550 250.628765 4.203375 1
104.919442 269.898063 3.414444 1
99.765441 229.899343 0.597076 1
88.119363 235.873878 5.280435 1
82.360346 232.237497 3.588916 1
65.586393 221.646020 -1.337873 1
63.958035 223.934123 6.019506 1
60.690277 228.525844 20.784153 1
60.690277 228.525844 20.784153 1
106.465109 230.019441 -4.242020 1
115.235674 239.476970 -9.427809 1
118.668036 233.389603 -10.070954 1
128.665281 215.659286 -11.944207 1
131.309674 210.320456 -6.794249 1
136.616391 199.606595 3.540589 1
136.616391 199.606595 3.540589 1
98.090218 189.954541 2.487956 1
97.392583 171.436912 2.523478 1
96.528667 148.505622 2.567467 1
94.545722 125.877906 -1.186796 1
92.895250 107.044081 -4.311600 1
98.570162 99.243263 8.476854 1
102.623930 97.907124 15.016359 1
109.409208 190.084623 -5.953907 1
114.678789 172.320489 -5.706279 1
121.204307 150.322504 -5.399635 1
124.669163 127.443416 -7.504528 1
127.494908 108.784487 -9.221164 1
139.893333 103.876376 -0.344708 1
145.311665 103.794212 5.278376 1
105.716400 191.362800 -0.828701 1
105.736693 199.340353 -0.686855 1
105.214015 209.558066 -1.183079 1
104.797560 219.357223 -1.546957 1
105.132995 244.567325 -0.680337 1
104.131335 250.769294 3.619930 1
105.860590 270.061624 2.460401 1
101.020428 229.903437 0.517999 1
89.655433 236.216745 5.441319 1
83.771937 232.482866 4.608604 1
66.635423 221.607416 2.183202 1
65.158329 225.835944 8.660526 1
62.194125 234.321673 21.659097 1
62.194125 234.321673 21.659097 1
107.522972 229.992287 -4.583556 1
116.106369 239.241370 -10.417920 1
119.488835 233.177442 -11.436982 1
129.340747 215.515394 -14.405147 1
132.863380 209.993824 -10.032354 1
139.932530 198.913243 -1.257117 1
139.932530 198.913243 -1.257117 1
99.580197 189.958961 2.788271 1
98.757231 171.446555 2.852429 1
97.738112 148.521734 2.931878 1
95.252326 125.970171 -0.978108 1
93.183322 107.199732 -4.232526 1
99.116458 99.087655 8.241209 1
103.394364 97.908585 14.667152 1
110.578885 190.088433 -6.066875 1
115.733392 172.292568 -5.702847 1
122.116408 150.255289 -5.252061 1
125.225546 127.328109 -7.388907 1
127.761187 108.629957 -9.131603 1
140.322373 103.610690 -0.551072 1
145.880110 103.486571 4.933479 1
106.986400 191.318900 -0.782114 1
107.061827 199.296223 -0.646077 1
106.558839 209.513603 -1.168812 1
106.123307 219.307124 -1.644815 1
106.382635 244.531268 -1.348055 1
105.542070 250.833753 2.839090 1
106.818946 270.130267 1.244423 1
102.398975 229.882834 0.364439 1
91.198325 236.216021 5.627160 1
85.254265 232.537875 6.251800 1
67.941348 221.824752 8.071150 1
66.571177 227.861850 12.938805 1
63.821544 239.976982 22.707123 1
63.821544 239.976982 22.707123 1
108.653355 229.882106 -5.039222 1
116.968629 238.886862 -11.598997 1
120.204816 232.806750 -12.944402 1
129.630667 215.097561 -16.863086 1
133.896873 209.561807 -13.233637 1
142.458212 198.452761 -5.950128 1
142.458212 198.452761 -5.950128 1
101.002619 189.954172 3.095788 1
100.102942 171.445408 3.178197 1
98.988827 148.525097 3.280248 1
95.963943 126.073280 -0.819279 1
93.446228 107.385863 -4.231458 1
99.792585 99.026387 7.869983 1
104.350980 97.923055 14.113949 1
111.611589 190.012783 -6.223430 1
116.903795 172.260940 -5.714648 1
123.457329 150.278174 -5.084607 1
126.162472 127.308692 -7.314757 1
128.368637 108.576042 -9.133547 1
141.219604 103.477009 -1.043153 1
146.994529 103.326129 4.211523 1
108.248600 191.172500 -0.716773 1
108.469763 199.147311 -0.592828 1
108.081804 209.367128 -1.163720 1
107.687406 219.152521 -1.811684 1
107.958444 244.372345 -2.359186 1
107.114821 250.788812 1.650466 1
108.011494 270.057246 -0.459567 1
104.086834 229.794870 0.067060 1
93.039821 235.970149 5.819405 1
87.222808 232.705249 7.999676 1
70.279936 223.195766 14.350025 1
69.142908 230.474362 17.133404 1
66.861141 245.080908 22.719037 1
66.861141 245.080908 22.719037 1
110.008856 229.606118 -5.695827 1
117.761922 238.441811 -13.117455 1
120.790999 232.308678 -14.685943 1
129.613615 214.445059 -19.254390 1
134.474200 209.008183 -16.282341 1
144.228330 198.097565 -10.318090 1
144.228330 198.097565 -10.318090 1
102.449781 189.912710 3.465674 1
101.512475 171.405685 3.510653 1
100.351763 148.487527 3.566353 1
96.687068 126.173977 -0.759803 1
93.636819 107.601644 -4.360613 1
100.606185 99.040732 7.247172 1
105.528665 97.919569 13.204991 1
112.563783 189.785367 -6.387866 1
117.966540 172.068622 -5.820910 1
124.656974 150.129321 -5.118830 1
127.021374 127.127009 -7.397362 1
128.949647 108.367584 -9.255608 1
142.155526 103.206846 -1.800845 1
148.189207 103.036655 3.153939 1
109.491500 191.066300 -0.565362 1
109.823684 199.037804 -0.483717 1
109.512586 209.254870 -1.143919 1
109.133645 219.023656 -2.013721 1
109.371505 244.202046 -3.564469 1
108.583757 250.886457 -0.006637 1
109.173900 270.143828 -2.316219 1
105.648545 229.739490 -0.346882 1
94.913197 235.769190 6.107192 1
89.692092 233.268831 10.074438 1
74.484883 225.986178 21.629606 1
73.448171 233.792767 21.649518 1
71.367718 249.458878 21.689479 1
71.367718 249.458878 21.689479 1
111.224120 229.311940 -6.433506 1
118.278364 237.675482 -15.009570 1
121.070590 231.469581 -16.724517 1
129.203346 213.394014 -21.719545 1
134.542934 208.175236 -19.215322 1
145.258319 197.702293 -14.189894 1
145.258319 197.702293 -14.189894 1
103.909348 189.896744 3.926626 1
102.893778 171.393972 3.845409 1
101.636148 148.481080 3.744834 1
97.381406 126.291000 -0.675304 1
93.840039 107.821435 -4.354339 1
101.414732 99.025369 6.684465 1
106.699859 97.913556 12.324920 1
113.477670 189.604341 -6.454281 1
118.903774 171.896518 -5.834077 1
125.623118 149.968264 -5.066059 1
127.588795 126.931843 -7.378607 1
129.191891 108.144601 -9.264596 1
142.698138 102.930207 -2.409428 1
148.959835 102.746298 2.253349 1
110.637900 191.067700 -0.305633 1
111.004037 199.037732 -0.385748 1
110.699666 209.240113 -1.245912 1
110.328236 218.982657 -2.374711 1
110.658025 244.086299 -4.846791 1
110.033493 251.118440 -1.997406 1
110.305746 270.352666 -4.546764 1
107.010958 229.781700 -0.915355 1
96.845703 236.167705 6.095108 1
92.833573 234.642288 11.647288 1
81.147676 230.199296 27.818799 1
79.737431 237.491473 25.200907 1
76.907377 252.125273 19.947373 1
76.907377 252.125273 19.947373 1
112.252377 229.087221 -7.268469 1
118.412011 236.674052 -17.155782 1
121.009690 230.382505 -18.864370 1
128.575801 212.057481 -23.840876 1
134.306312 207.095119 -21.706819 1
145.806191 197.136748 -17.424234 1
145.806191 197.136748 -17.424234 1
105.329597 190.003766 4.531330 1
104.093752 171.519765 4.078606 1
102.563343 148.630119 3.517976 1
97.721070 126.538543 -0.789551 1
93.690681 108.150967 -4.374856 1
101.878589 98.975895 5.890531 1
107.572975 97.879563 11.120775 1
114.259876 189.483685 -6.394838 1
119.756979 171.797734 -5.775761 1
126.564243 149.896565 -5.009138 1
128.214907 126.839111 -7.358090 1
129.561095 108.034715 -9.273767 1
143.428743 102.811543 -3.190283 1
149.953847 102.633604 1.096383 1
111.773500 191.010200 -0.220499 1
112.171746 198.978035 -0.350472 1
111.849486 209.175730 -1.258362 1
111.422721 218.902183 -2.500654 1
111.598178 243.942911 -5.557438 1
111.273032 251.318638 -3.699217 1
111.480071 270.488376 -6.700399 1
108.245096 229.742023 -1.033012 1
98.989021 237.240101 6.133852 1
97.236431 236.589994 12.898212 1
92.131765 234.696465 32.600371 1
91.334811 241.203324 28.236470 1
89.735501 254.261166 19.479077 1
89.735501 254.261166 19.479077 1
112.977028 228.888192 -7.755856 1
118.176068 235.462660 -18.846681 1
120.663852 229.094600 -20.430831 1
127.909876 210.546725 -25.044892 1
133.933505 205.868220 -23.083904 1
146.021608 196.479486 -19.148630 1
146.021608 196.479486 -19.148630 1
106.807800 189.986365 4.975637 1
105.278943 171.529637 4.341347 1
103.385685 148.673763 3.555874 1
97.927110 126.715177 -0.694369 1
93.383752 108.438293 -4.231994 1
102.109480 98.962378 5.290120 1
108.160171 97.901873 10.111727 1
114.957423 189.391173 -6.540912 1
120.536113 171.732579 -5.872667 1
127.444410 149.865288 -5.045157 1
128.819444 126.787051 -7.367373 1
129.940845 107.965705 -9.261245 1
144.105528 102.740472 -3.907682 1
150.855029 102.571727 0.016590 1
112.879500 190.967300 -0.275891 1
113.184413 198.937900 -0.471979 1
112.726544 209.127693 -1.409832 1
112.191608 218.848363 -2.655517 1
112.205263 243.884564 -5.754098 1
112.265746 251.488696 -5.388611 1
112.577878 270.622748 -8.600997 1
109.122059 229.693929 -1.010837 1
101.139025 238.738222 5.897995 1
102.884244 238.667875 12.695057 1
107.967443 238.462978 32.492461 1
107.570807 244.701986 27.703365 1
106.774848 257.222308 18.092698 1
106.774848 257.222308 18.092698 1
113.429915 228.825191 -8.011159 1
117.641888 234.153340 -20.140881 1
120.057261 227.737694 -21.642962 1
127.092374 209.051216 -26.017987 1
133.348181 204.750495 -23.923549 1
145.902215 196.119892 -19.720471 1
145.902215 196.119892 -19.720471 1
108.208322 189.923968 5.182845 1
106.271308 171.506134 4.533289 1
103.872607 148.698426 3.728913 1
97.822529 126.880531 -0.444351 1
92.786842 108.720749 -3.917905 1
101.682957 98.987918 5.177867 1
107.908268 97.889584 9.762906 1
115.740238 189.342334 -6.747514 1
121.257056 171.664287 -6.079959 1
128.088736 149.772907 -5.253303 1
129.188649 126.664398 -7.415585 1
130.085676 107.818365 -9.179026 1
144.420956 102.519506 -4.380712 1
151.329163 102.327962 -0.744213 1
113.766900 191.004000 -0.466982 1
113.924396 198.978087 -0.692856 1
113.284109 209.159076 -1.619460 1
112.611327 218.879052 -2.802144 1
112.398034 243.942208 -5.666660 1
112.929792 251.448720 -6.819730 1
113.504600 270.568668 -10.079481 1
109.561451 229.694880 -0.939479 1
103.204293 240.117866 5.709427 1
107.945203 240.302281 10.880553 1
121.753774 240.839416 25.942192 1
122.044973 247.435284 21.649440 1
122.629347 260.671744 13.034827 1
122.629347 260.671744 13.034827 1
113.598705 228.909827 -8.108935 1
116.951731 232.967728 -20.975586 1
119.348314 226.512448 -22.330772 1
126.328699 207.710528 -26.277944 1
132.742972 203.719867 -24.053150 1
145.615012 195.711484 -19.588474 1
145.615012 195.711484 -19.588474 1
109.267392 189.895445 5.121557 1
107.136000 171.495619 4.579225 1
104.496594 148.710211 3.907629 1
97.827703 127.056433 -0.176475 1
92.276956 109.033251 -3.575818 1
101.103858 99.114567 5.385626 1
107.374585 97.897221 9.877782 1
116.476487 189.409397 -7.010805 1
121.913025 171.707430 -6.318943 1
128.645290 149.786428 -5.462187 1
129.535076 126.663420 -7.565334 1
130.260735 107.805562 -9.280547 1
144.649570 102.451814 -4.708811 1
151.618990 102.239544 -1.192241 1
114.560300 191.114800 -0.756553 1
114.522283 199.089846 -0.999606 1
113.698210 209.259781 -1.902066 1
112.975085 218.988779 -2.975845 1
112.974415 244.101031 -5.381574 1
113.479825 251.268490 -7.897951 1
114.207442 270.392998 -11.099915 1
110.093903 229.801081 -0.843636 1
105.343840 241.219259 5.506337 1
111.521860 241.180600 8.835203 1
129.516220 241.068002 18.530999 1
131.696244 248.139604 15.836946 1
136.071076 262.330761 10.430574 1
136.071076 262.330761 10.430574 1
113.945320 229.103775 -8.123553 1
116.368446 232.101709 -21.480233 1
118.818241 225.605595 -22.504826 1
125.953614 206.684742 -25.489102 1
132.493702 202.789136 -23.471804 1
145.618225 194.971508 -19.423530 1
145.618225 194.971508 -19.423530 1
110.097509 189.908564 4.841190 1
107.809678 171.523306 4.468831 1
104.976545 148.755937 4.007720 1
98.052248 127.172243 -0.021968 1
92.288918 109.207395 -3.376018 1
100.843308 99.263225 5.818429 1
107.004495 97.908183 10.421368 1
117.298448 189.572834 -7.301102 1
122.182992 171.705746 -6.750956 1
128.231703 149.580269 -6.069693 1
129.303698 126.431669 -7.767221 1
130.177957 107.552940 -9.151633 1
144.498646 102.126000 -4.453960 1
151.448360 101.891020 -0.900032 1
115.269300 191.270700 -0.966709 1
115.028929 199.242837 -1.188374 1
114.024521 209.400394 -2.046456 1
113.273699 219.135360 -3.044465 1
113.594482 244.266091 -5.225330 1
113.901696 251.119738 -8.525815 1
114.470365 270.242897 -11.767759 1
110.618925 229.969751 -0.737621 1
107.044613 241.882886 5.472174 1
113.834617 241.399324 7.178867 1
133.611465 239.990882 12.149850 1
137.938067 246.533622 11.449095 1
146.620609 259.663467 10.042835 1
146.620609 259.663467 10.042835 1
114.258725 229.282076 -8.126518 1
115.814547 231.605076 -21.744268 1
118.339338 225.105698 -22.540699 1
125.693148 206.175339 -24.860419 1
132.267556 202.346658 -22.826618 1
145.460952 194.663335 -18.745224 1
145.460952 194.663335 -18.745224 1
110.824454 189.935855 4.616101 1
108.260824 171.586543 4.268090 1
105.086155 148.863689 3.837130 1
98.282374 127.235166 -0.157326 1
92.619353 109.233005 -3.482052 1
100.895835 99.320251 5.996297 1
106.917052 97.889574 10.758811 1
118.062420 189.816973 -7.508222 1
122.584521 171.853466 -7.000984 1
128.184405 149.608590 -6.372853 1
129.258376 126.450459 -7.933620 1
130.134247 107.563956 -9.206496 1
144.368960 102.116335 -4.277166 1
151.265337 101.876731 -0.621112 1
115.729300 191.295200 -1.085929 1
115.358176 199.261281 -1.342245 1
114.229530 209.403754 -2.224002 1
113.439621 219.137391 -3.204653 1
113.870430 244.278056 -5.247720 1
114.108376 251.007663 -8.799597 1
114.324343 270.128356 -12.098272 1
110.837416 229.970761 -0.833997 1
107.605516 242.151422 5.035107 1
114.452519 241.697847 6.506026 1
134.395385 240.376747 10.790286 1
140.715185 244.976413 9.830501 1
153.397639 254.206935 7.904423 1
153.397639 254.206935 7.904423 1
114.462460 229.307411 -8.232365 1
115.599880 231.696515 -21.880021 1
117.943885 225.103996 -22.423264 1
124.771131 205.902349 -24.005538 1
131.385619 202.164701 -21.932733 1
144.659448 194.664062 -17.773066 1
144.659448 194.664062 -17.773066 1
111.290904 189.910744 4.489926 1
108.613435 171.577682 4.142729 1
105.297795 148.874950 3.712778 1
98.507948 127.242292 -0.282990 1
92.856525 109.236688 -3.608808 1
100.999930 99.366262 6.027665 1
106.945365 97.891838 10.871351 1
118.564953 189.860197 -7.613262 1
122.893427 171.846048 -7.227223 1
128.253535 149.538460 -6.749178 1
129.260326 126.365165 -8.117834 1
130.081407 107.466296 -9.234035 1
144.307578 102.002423 -4.298035 1
151.212664 101.765142 -0.658305 1
115.779500 191.185900 -1.285961 1
115.477734 199.156220 -1.497685 1
114.453774 209.316132 -2.303161 1
113.807429 219.069144 -3.192148 1
114.727895 244.217301 -4.962947 1
114.472529 250.699912 -8.946737 1
114.458617 269.820280 -12.254328 1
111.434312 229.925247 -0.688800 1
108.712099 242.700148 4.070558 1
115.701013 242.546406 4.688803 1
136.057216 242.098609 6.489530 1
143.743826 243.577220 5.624825 1
159.169169 246.544468 3.889551 1
159.169169 246.544468 3.889551 1
115.005555 229.271679 -8.114156 1
115.612912 231.532330 -21.817463 1
117.755835 224.869721 -22.335448 1
123.997398 205.463927 -23.844152 1
130.613201 201.754488 -21.725381 1
143.889668 194.310455 -17.473471 1
143.889668 194.310455 -17.473471 1
111.398445 189.813055 4.337907 1
108.932275 171.448157 4.140252 1
105.878296 148.706001 3.895486 1
98.699728 127.205699 -0.135059 1
92.724760 109.310260 -3.489822 1
101.027034 99.421225 5.990746 1
107.061049 97.929134 10.718087 1
118.520495 189.758802 -7.855327 1
122.965027 171.772759 -7.477645 1
128.468855 149.499975 -7.009949 1
129.401295 126.315648 -8.237136 1
130.161741 107.407781 -9.237964 1
144.455715 101.967340 -4.474997 1
151.414659 101.750903 -0.937992 1
115.693400 191.002300 -1.434049 1
115.548998 198.979120 -1.540713 1
114.733139 209.169217 -2.186771 1
114.342235 218.946342 -2.951187 1
116.098356 244.060992 -4.558407 1
115.298123 250.028143 -9.218106 1
114.916786 269.116073 -12.687157 1
112.483615 229.856044 -0.253536 1
111.109146 243.118433 3.680919 1
117.814278 241.066930 3.392267 1
137.343926 235.091636 2.551526 1
145.122981 235.838505 1.578652 1
160.733839 237.337305 -0.373692 1
160.733839 237.337305 -0.373692 1
115.686273 229.146594 -7.840136 1
115.582746 230.819824 -21.640484 1
117.632289 224.137002 -22.265016 1
123.601874 204.672334 -24.084055 1
130.188345 200.882219 -22.017315 1
143.405948 193.276287 -17.869822 1
143.405948 193.276287 -17.869822 1
111.557906 189.649887 4.377569 1
109.346610 171.252084 4.230721 1
106.608255 148.469180 4.048873 1
99.282481 126.939767 0.463135 1
93.184988 109.020098 -2.521400 1
102.288634 99.332083 6.415487 1
108.643811 97.878423 10.714559 1
118.087257 189.600663 -8.143080 1
122.812826 171.688658 -7.670495 1
128.664673 149.507559 -7.085277 1
129.636279 126.327262 -8.357398 1
130.428667 107.422683 -9.394871 1
144.891399 102.046604 -5.090329 1
151.960205 101.861315 -1.776448 1
115.461500 190.795100 -1.541479 1
115.413781 198.773389 -1.622141 1
114.713179 208.977307 -2.179196 1
114.457791 218.767218 -2.828618 1
116.650737 243.866651 -4.102271 1
116.033069 249.565195 -9.112774 1
115.023648 268.610647 -12.687771 1
112.869957 229.666821 0.074971 1
111.900659 242.020647 6.376040 1
118.184755 238.914986 6.035769 1
136.488076 229.869307 5.044680 1
144.019416 229.893478 2.743307 1
159.133165 229.941983 -1.875046 1
159.133165 229.941983 -1.875046 1
115.879361 229.014660 -7.595427 1
115.208255 230.822445 -21.362837 1
117.098107 224.098341 -22.045240 1
122.602566 204.513436 -24.032838 1
129.126346 200.546150 -22.104385 1
142.218141 192.584677 -18.234403 1
142.218141 192.584677 -18.234403 1
111.594715 189.477637 4.460063 1
109.856578 171.028534 4.457970 1
107.704156 148.182102 4.455379 1
100.609551 126.506268 1.314533 1
94.704468 108.464729 -1.299704 1
104.754834 99.252938 7.110706 1
111.401353 97.890448 10.977337 1
117.510368 189.383390 -8.361703 1
122.441201 171.527993 -7.845992 1
128.547232 149.416994 -7.207371 1
129.637072 126.234798 -8.341619 1
130.525884 107.328670 -9.266649 1
145.171361 102.057432 -5.481679 1
152.362489 101.931786 -2.439307 1
115.294900 190.558000 -1.685719 1
115.288154 198.536771 -1.718218 1
114.642863 208.750725 -2.142284 1
114.488096 218.552559 -2.621268 1
117.093459 243.632125 -3.421386 1
116.594754 249.310161 -8.468291 1
115.473564 268.184730 -12.829756 1
113.224758 229.408191 0.590058 1
112.935786 241.404832 7.608401 1
118.478524 237.153544 6.933580 1
134.622533 224.771061 4.968067 1
141.852030 223.825558 1.991765 1
156.360048 221.928137 -3.981020 1
156.360048 221.928137 -3.981020 1
115.902074 228.881153 -7.211932 1
114.597324 231.319857 -20.835822 1
116.407641 224.589380 -21.656926 1
121.680443 204.985910 -24.048508 1
127.902603 200.494168 -22.280187 1
140.389116 191.480226 -18.731555 1
140.389116 191.480226 -18.731555 1
111.767056 189.225356 4.517878 1
110.525916 170.736433 4.617133 1
108.988953 147.840691 4.740046 1
101.743749 126.200130 1.701421 1
95.713317 108.187949 -0.827734 1
106.459896 99.144253 6.874510 1
113.364921 97.921784 10.311023 1
116.945823 189.176226 -8.619073 1
122.114756 171.391222 -8.010774 1
128.515636 149.367392 -7.257497 1
129.694203 126.186850 -8.335419 1
130.655376 107.282071 -9.214514 1
145.456750 102.103564 -5.942765 1
152.754326 102.028614 -3.163573 1
115.532200 190.550300 -1.791209 1
115.431511 198.528383 -1.747252 1
114.703269 208.741925 -2.019868 1
114.577744 218.550129 -2.355595 1
117.571777 243.592785 -2.915853 1
117.190577 249.307838 -7.931121 1
116.588085 268.070954 -12.841446 1
113.710189 229.368808 1.102284 1
114.210918 241.183972 8.410581 1
119.127428 236.260067 7.497414 1
133.447459 221.918496 4.837684 1
139.833540 218.792432 1.451877 1
152.649003 212.519105 -5.342695 1
152.649003 212.519105 -5.342695 1
115.884581 228.930711 -6.859935 1
114.011974 231.825687 -20.327395 1
115.818013 225.121716 -21.350026 1
121.078359 205.595450 -24.328584 1
126.909859 200.509538 -22.863969 1
138.612401 190.303228 -19.924806 1
138.612401 190.303228 -19.924806 1
112.401223 189.120520 4.600892 1
111.166377 170.631014 4.663276 1
109.637206 147.734552 4.740529 1
101.460323 126.474104 1.398066 1
94.654423 108.778304 -1.383982 1
105.379488 99.119470 5.564535 1
112.455054 98.062867 8.695568 1
116.777014 189.249715 -8.824356 1
122.023560 171.488338 -8.190704 1
128.520551 149.493767 -7.406033 1
129.780517 126.314423 -8.415478 1
130.808074 107.410621 -9.238726 1
145.738231 102.312955 -6.462727 1
153.129063 102.283798 -3.941040 1
115.721800 190.462400 -1.924349 1
115.461674 198.436091 -1.804035 1
114.571623 208.639644 -1.932097 1
114.393046 218.451100 -2.113121 1
117.537550 243.480467 -2.348968 1
117.402177 249.277784 -7.281801 1
117.579860 268.082011 -12.067016 1
113.791660 229.204837 1.594826 1
114.720175 240.622088 9.471645 1
119.045957 235.192607 8.442504 1
131.645409 219.378474 5.444987 1
137.043041 214.629373 2.231016 1
147.874903 205.098968 -4.218718 1
147.874903 205.098968 -4.218718 1
115.533529 228.909918 -6.479563 1
113.107885 232.228390 -19.759775 1
114.866458 225.553305 -21.025256 1
119.988549 206.111173 -24.711151 1
125.353351 200.437621 -23.687582 1
136.119333 189.052046 -21.633502 1
136.119333 189.052046 -21.633502 1
112.893597 188.916187 4.580782 1
111.563018 170.433221 4.571753 1
109.915296 147.544857 4.560573 1
101.714201 126.225011 1.688930 1
94.888148 108.479773 -0.701240 1
106.032964 99.057506 5.902995 1
113.221150 97.942060 8.743626 1
116.694036 189.245317 -9.015167 1
121.815393 171.446708 -8.402411 1
128.157357 149.406030 -7.643615 1
129.554738 126.231167 -8.571793 1
130.694364 107.331020 -9.328765 1
145.706446 102.323771 -6.845461 1
153.148723 102.344451 -4.479824 1
115.532100 190.277600 -2.194859 1
115.292413 198.249963 -1.980700 1
114.419654 208.455785 -1.956731 1
114.258905 218.269110 -2.002936 1
117.466982 243.291520 -2.007443 1
117.526794 249.310742 -6.668498 1
118.451016 268.127367 -11.317073 1
113.850926 228.968320 1.884718 1
114.953839 239.813600 10.511625 1
118.824243 234.051429 9.478115 1
130.097343 217.268289 6.467870 1
134.496323 211.330683 3.745409 1
143.324110 199.415208 -1.717974 1
143.324110 199.415208 -1.717974 1
115.242071 228.788497 -6.260785 1
112.329581 232.350340 -19.379120 1
113.948112 225.693064 -20.899586 1
118.662314 206.302805 -25.328161 1
123.712549 200.282494 -24.809534 1
133.847264 188.201051 -23.768764 1
133.847264 188.201051 -23.768764 1
112.958234 188.667052 4.399653 1
111.406278 170.201628 4.299228 1
109.484415 147.334986 4.174866 1
101.168229 126.046642 1.402215 1
94.246382 108.327624 -0.905560 1
105.680544 98.969305 5.281828 1
112.970916 97.923096 7.877854 1
116.223079 189.134045 -9.330759 1
121.429745 171.361074 -8.693286 1
127.877352 149.352145 -7.903882 1
129.377600 126.181612 -8.778031 1
130.601118 107.284996 -9.490940 1
145.689288 102.373031 -7.295107 1
153.177778 102.445084 -5.081182 1
115.290400 190.259500 -2.475689 1
115.101039 198.232274 -2.228902 1
114.281512 208.442039 -2.128086 1
114.165295 218.256039 -2.093172 1
117.482009 243.263911 -1.957214 1
117.654495 249.511136 -6.304913 1
119.092589 268.400562 -10.506138 1
113.970406 228.912426 1.926383 1
115.192173 239.102855 11.303082 1
118.558487 233.017069 10.363977 1
128.363352 215.291353 7.628699 1
131.861709 208.551642 5.541649 1
138.882142 195.026517 1.353397 1
138.882142 195.026517 1.353397 1
115.013903 228.818604 -6.272345 1
111.725823 232.551853 -19.253540 1
113.156933 225.901761 -20.979511 1
117.325243 206.532424 -26.006647 1
121.832700 200.077527 -26.194061 1
130.878179 187.123964 -26.570159 1
130.878179 187.123964 -26.570159 1
112.929649 188.640963 4.196150 1
111.253177 170.186937 4.026092 1
109.177119 147.334410 3.815501 1
100.817088 126.040679 1.221855 1
93.858748 108.317176 -0.936929 1
105.526032 98.951968 4.787518 1
112.914162 97.962232 7.115474 1
115.736388 189.135727 -9.634213 1
120.981078 171.376978 -8.917035 1
127.475770 149.385662 -8.028929 1
129.258834 126.232503 -8.829166 1
130.713001 107.350056 -9.481795 1
145.870894 102.560945 -7.505772 1
153.391790 102.697002 -5.407735 1
114.806800 190.173900 -2.724159 1
114.721147 198.147641 -2.452117 1
114.012873 208.364996 -2.293695 1
113.970767 218.179158 -2.194883 1
117.398737 243.170822 -1.914718 1
117.748737 249.633015 -5.924408 1
119.488563 268.615478 -9.553172 1
113.912500 228.800310 1.921078 1
115.047449 238.464246 11.849838 1
117.967321 232.115693 11.200987 1
126.471861 213.624633 9.311114 1
129.458089 206.527909 7.656748 1
135.450792 192.286337 4.336796 1
135.450792 192.286337 4.336796 1
114.771553 228.774634 -6.299518 1
111.392858 232.795115 -19.171200 1
112.539466 226.129249 -21.042643 1
115.879123 206.713968 -26.493488 1
119.736417 199.901043 -27.343970 1
127.477159 186.228994 -29.050701 1
127.477159 186.228994 -29.050701 1
112.579284 188.564927 3.995634 1
110.886521 170.112518 3.812044 1
108.790291 147.261993 3.584696 1
100.595173 125.889878 1.112275 1
93.774096 108.101134 -0.945609 1
105.715928 98.891509 4.456002 1
113.169815 97.959008 6.589879 1
115.075374 189.065614 -9.893944 1
120.374980 171.326907 -9.089775 1
126.937679 149.360408 -8.093946 1
128.994997 126.227651 -8.822973 1
130.672830 107.361843 -9.417528 1
145.884467 102.699969 -7.553396 1
153.420948 102.902082 -5.517530 1
114.353600 190.039000 -2.891349 1
114.353074 198.013372 -2.624370 1
113.739294 208.236648 -2.454108 1
113.762244 218.050596 -2.330751 1
117.293540 243.026782 -1.966298 1
117.894932 249.731308 -5.522660 1
120.106255 268.765243 -8.580143 1
113.780920 228.653099 1.833379 1
114.731504 237.906219 12.164700 1
117.279603 231.370659 11.953910 1
124.701302 212.334915 11.339952 1
127.376060 205.022931 10.157347 1
132.743710 190.349382 7.784118 1
132.743710 190.349382 7.784118 1
114.572027 228.661302 -6.394070 1
111.383151 233.050519 -19.193519 1
112.197957 226.360123 -21.149402 1
114.571191 206.873396 -26.846188 1
117.671078 199.759009 -28.185658 1
123.891871 185.481993 -30.873681 1
123.891871 185.481993 -30.873681 1
112.195471 188.457232 3.857483 1
110.581509 169.997859 3.664580 1
108.582861 147.138710 3.425700 1
100.409483 125.760083 0.937666 1
93.606499 107.965919 -1.133213 1
105.714596 98.846272 4.046358 1
113.209066 97.977948 6.061888 1
114.519493 188.923442 -10.063116 1
119.693685 171.145270 -9.315717 1
126.101077 149.129901 -8.390187 1
128.607213 126.034418 -8.844520 1
130.651079 107.199009 -9.215049 1
145.915017 102.660018 -7.479622 1
153.472787 102.934163 -5.533059 1
113.914800 190.010100 -2.984339 1
113.945160 197.984735 -2.727114 1
113.365922 208.210063 -2.559042 1
113.414248 218.023805 -2.426976 1
116.991931 242.992712 -2.018807 1
117.903958 249.927287 -5.025456 1
120.988852 268.932614 -7.435806 1
113.467669 228.616701 1.761232 1
114.113348 237.440078 12.484626 1
116.263824 230.767635 12.808263 1
122.527388 211.333198 13.750902 1
124.896641 203.835729 13.312057 1
129.651212 188.789952 12.431390 1
129.651212 188.789952 12.431390 1
114.227920 228.642310 -6.469090 1
111.351693 233.370685 -19.221730 1
111.891849 226.671422 -21.241356 1
113.465128 207.158869 -27.123804 1
115.829423 199.811632 -28.687841 1
120.574044 185.067339 -31.826520 1
120.574044 185.067339 -31.826520 1
111.785915 188.444466 3.777530 1
110.131512 169.988153 3.643362 1
108.082783 147.132793 3.477214 1
100.178369 125.657566 0.952342 1
93.599254 107.782999 -1.149198 1
105.814872 98.807817 4.030256 1
113.312775 97.953591 6.039028 1
114.039314 188.885302 -10.155501 1
119.147004 171.086646 -9.438834 1
125.472044 149.045911 -8.551361 1
128.238415 125.978258 -8.896361 1
130.494514 107.165544 -9.177726 1
145.791856 102.715702 -7.506743 1
153.358267 103.038042 -5.601570 1
113.612000 190.067400 -3.096279 1
113.662223 198.042415 -2.854423 1
113.097775 208.268908 -2.708376 1
113.138410 218.082892 -2.592649 1
116.640344 243.062854 -2.204417 1
117.970359 250.168929 -4.590798 1
122.309317 268.998716 -6.363185 1
113.142799 228.681707 1.580898 1
113.346316 237.113167 12.632101 1
115.112855 230.371457 13.456396 1
120.258150 210.735269 15.857270 1
122.289605 203.138741 16.286154 1
126.366289 187.894174 17.146829 1
126.366289 187.894174 17.146829 1
113.937640 228.698142 -6.646179 1
111.449688 233.690057 -19.380028 1
111.797950 226.989304 -21.436581 1
112.812311 207.472412 -27.426582 1
114.573796 199.968433 -29.040727 1
118.108711 184.909593 -32.279961 1
118.108711 184.909593 -32.279961 1
111.446856 188.520620 3.658413 1
109.727103 170.069993 3.572743 1
107.597448 147.221674 3.466653 1
100.043876 125.626025 0.895346 1
93.756779 107.651226 -1.244844 1
106.019633 98.818395 4.066035 1
113.499010 97.960262 6.141113 1
113.767635 188.928243 -10.264566 1
118.939928 171.149580 -9.515712 1
125.344969 149.133602 -8.588381 1
128.131676 126.069263 -8.987123 1
130.404358 107.259253 -9.312316 1
145.715214 102.877298 -7.586591 1
153.271984 103.230861 -5.648971 1
113.286200 190.133800 -3.108349 1
113.326206 198.109414 -2.885031 1
112.742132 208.335193 -2.769280 1
112.748204 218.149487 -2.674953 1
116.119736 243.147445 -2.290673 1
117.954148 250.301470 -4.138618 1
123.400631 268.888927 -5.309554 1
112.638238 228.757148 1.474608 1
112.380642 236.957310 12.697398 1
113.825571 230.205779 13.954295 1
118.034133 210.540988 17.615186 1
119.726024 202.933756 18.748991 1
123.121277 187.667708 21.024287 1
123.121277 187.667708 21.024287 1
113.554405 228.759858 -6.739859 1
111.498928 233.888703 -19.496427 1
111.692062 227.171893 -21.520767 1
112.254590 207.608234 -27.416945 1
113.530980 199.980665 -28.903220 1
116.092415 184.673807 -31.885848 1
116.092415 184.673807 -31.885848 1
111.047977 188.601008 3.625680 1
109.317651 170.151259 3.568337 1
107.174904 147.304029 3.497326 1
99.865194 125.628855 0.890581 1
93.781072 107.587865 -1.279106 1
106.016343 98.817601 4.196527 1
113.468737 97.956980 6.365531 1
113.522150 188.977726 -10.271732 1
118.781614 171.226497 -9.480422 1
125.294602 149.244492 -8.500517 1
128.095515 126.183616 -8.989747 1
130.379785 107.376430 -9.388736 1
145.698842 103.077277 -7.532471 1
153.234327 103.467218 -5.520368 1
113.010400 190.169200 -3.121229 1
112.996375 198.145018 -2.902119 1
112.358554 208.367803 -2.807467 1
112.337424 218.182258 -2.734320 1
115.696652 243.182079 -2.363790 1
117.990562 250.292146 -3.828363 1
124.032400 268.719702 -4.499321 1
112.135317 228.804337 1.374693 1
111.443463 236.892593 12.660148 1
112.617233 230.130846 14.127059 1
116.036004 210.436301 18.399647 1
117.657088 202.922856 20.113771 1
120.910246 187.845018 23.553642 1
120.910246 187.845018 23.553642 1
113.231130 228.778514 -6.817704 1
111.584667 233.987291 -19.601203 1
111.645251 227.238135 -21.523700 1
111.821710 207.580260 -27.123248 1
112.905515 199.892579 -28.443442 1
115.080474 184.465087 -31.092782 1
115.080474 184.465087 -31.092782 1
110.672103 188.625665 3.576241 1
109.037182 170.167135 3.591385 1
107.012580 147.309029 3.610139 1
99.826691 125.594316 0.988242 1
93.845628 107.520416 -1.194056 1
106.009596 98.812548 4.534195 1
113.417626 97.947680 6.848610 1
113.370734 189.011042 -10.279097 1
118.563002 171.238996 -9.511629 1
124.992778 149.231213 -8.561248 1
127.887423 126.180961 -9.003236 1
130.248134 107.382438 -9.363698 1
145.556260 103.118540 -7.343199 1
153.068964 103.526060 -5.250988 1
112.773300 190.205300 -3.086569 1
112.697057 198.181166 -2.882537 1
111.992656 208.399825 -2.819891 1
111.926345 218.214219 -2.768916 1
115.212024 243.223617 -2.385414 1
117.912587 250.242855 -3.567494 1
124.408045 268.523066 -3.981848 1
111.597304 228.846722 1.304779 1
110.523299 236.822851 12.640030 1
111.559745 230.064104 14.219871 1
114.578539 210.378294 18.821380 1
116.202305 202.979724 20.976035 1
119.460846 188.132416 25.299955 1
119.460846 188.132416 25.299955 1
112.892238 228.801774 -6.858429 1
111.732508 233.955016 -19.717635 1
111.735403 227.167330 -21.500358 1
111.743835 207.397235 -26.692792 1
112.741966 199.679827 -27.902479 1
114.744996 184.192682 -30.330056 1
114.744996 184.192682 -30.330056 1
110.320036 188.656185 3.568352 1
108.778813 170.189734 3.641435 1
106.870240 147.321819 3.731938 1
99.828778 125.560817 1.101976 1
93.967926 107.448389 -1.087035 1
106.069154 98.853967 4.937759 1
113.423877 97.939652 7.398551 1
113.277389 189.037540 -10.234189 1
118.327232 171.222585 -9.512576 1
124.580639 149.161666 -8.618978 1
127.584341 126.124789 -9.029493 1
130.033994 107.337175 -9.364287 1
145.324983 103.102552 -7.160749 1
152.810673 103.523337 -4.976365 1
112.569900 190.257600 -3.035429 1
112.425994 198.232967 -2.849169 1
111.651701 208.446722 -2.821207 1
111.542679 218.260818 -2.790281 1
114.774123 243.276755 -2.373880 1
117.763373 250.200780 -3.414228 1
124.638494 268.343034 -3.760814 1
111.090666 228.900883 1.251759 1
109.689316 236.875539 12.552251 1
110.681165 230.117634 14.164001 1
113.570065 210.434277 18.858451 1
115.181152 203.116731 21.282478 1
118.414250 188.432020 26.146968 1
118.414250 188.432020 26.146968 1
112.595008 228.841839 -6.875375 1
111.879104 233.930665 -19.792471 1
111.906952 227.103919 -21.418982 1
111.988061 207.220052 -26.156429 1
113.046807 199.476942 -27.126628 1
115.171480 183.938217 -29.073606 1
115.171480 183.938217 -29.073606 1
109.997636 188.701349 3.572731 1
108.571333 170.226030 3.709820 1
106.805072 147.347135 3.879585 1
99.889583 125.549087 1.222287 1
94.133584 107.405824 -0.989476 1
106.148824 98.912611 5.343082 1
113.443878 97.952682 7.959215 1
113.224877 189.080517 -10.169272 1
118.196277 171.241687 -9.494296 1
124.352544 149.151203 -8.658450 1
127.460675 126.127723 -9.042328 1
129.995494 107.351035 -9.355398 1
145.266248 103.139519 -6.974395 1
152.724510 103.570146 -4.699965 1
112.254200 190.303100 -2.954979 1
112.094831 198.278600 -2.787970 1
111.306647 208.491327 -2.795236 1
111.188550 218.305364 -2.788022 1
114.399857 243.323708 -2.360577 1
117.595539 250.167137 -3.317211 1
124.602159 268.255577 -3.811628 1
110.640817 228.955189 1.216303 1
108.978418 237.016715 12.419350 1
109.891649 230.248304 14.033475 1
112.551565 210.534346 18.734840 1
114.335574 203.283174 21.236002 1
117.915689 188.731662 26.255285 1
117.915689 188.731662 26.255285 1
112.329051 228.876723 -6.874466 1
111.918720 233.907112 -19.827723 1
112.088197 227.045074 -21.288715 1
112.581822 207.058417 -25.544064 1
113.866594 199.317136 -26.207328 1
116.444851 183.782082 -27.538353 1
116.444851 183.782082 -27.538353 1
109.576648 188.756565 3.613520 1
108.291168 170.271228 3.787851 1
106.699295 147.379926 4.003733 1
99.923637 125.542108 1.312959 1
94.284024 107.365743 -0.926668 1
106.232887 98.926935 5.601207 1
113.487064 97.951783 8.323231 1
113.027583 189.112156 -10.074654 1
117.976855 171.265178 -9.454712 1
124.105722 149.164604 -8.687017 1
127.287515 126.151649 -9.097594 1
129.882409 107.383545 -9.432438 1
145.149500 103.229565 -6.929969 1
152.586280 103.685937 -4.591131 1
112.100300 190.360000 -2.864799 1
111.856539 198.333646 -2.711716 1
110.982560 208.539324 -2.748974 1
110.816282 218.352657 -2.761791 1
113.984217 243.376384 -2.325835 1
117.291344 250.171180 -3.249798 1
124.376048 268.225186 -3.873216 1
110.173834 229.010490 1.206996 1
108.289923 237.175636 12.299394 1
109.228153 230.394234 13.843119 1
111.960882 210.642438 18.339435 1
113.949409 203.457534 20.877329 1
117.939947 189.039006 25.970323 1
117.939947 189.039006 25.970323 1
112.024055 228.916590 -6.848109 1
111.878946 233.826934 -19.853012 1
112.267253 226.943196 -21.162265 1
113.398251 206.893331 -24.975651 1
115.056658 199.200017 -25.259542 1
118.384718 183.761223 -25.829247 1
118.384718 183.761223 -25.829247 1
109.321196 188.794036 3.656748 1
108.093656 170.305280 3.879489 1
106.573533 147.409746 4.155321 1
99.914891 125.544236 1.398134 1
94.372673 107.344823 -0.896770 1
106.190182 98.947674 5.917651 1
113.379736 97.945834 8.796896 1
113.013484 189.168484 -9.967800 1
117.934969 171.311883 -9.406499 1
124.029424 149.199393 -8.711421 1
127.215587 126.187110 -9.125755 1
129.814045 107.419554 -9.463663 1
145.068185 103.311885 -6.810320 1
152.479656 103.790167 -4.396715 1
111.871800 190.343700 -2.719889 1
111.599873 198.316834 -2.589229 1
110.691126 208.519288 -2.661389 1
110.489288 218.331901 -2.696243 1
113.554833 243.368320 -2.257020 1
116.967504 250.106791 -3.209243 1
124.028924 268.164632 -3.970536 1
109.746724 228.993950 1.243642 1
107.684349 237.233386 12.249020 1
108.694233 230.443549 13.708138 1
111.635664 210.667185 17.958025 1
113.880359 203.538319 20.439677 1
118.384970 189.232246 25.419807 1
118.384970 189.232246 25.419807 1
111.717906 228.893400 -6.782638 1
111.790311 233.670888 -19.837538 1
112.495537 226.785833 -20.999199 1
114.549606 206.732135 -24.382703 1
116.706010 199.158105 -24.338122 1
121.033442 183.958689 -24.248656 1
121.033442 183.958689 -24.248656 1
109.023350 188.784259 3.773239 1
107.909586 170.288346 3.999692 1
106.530359 147.383948 4.280119 1
99.931810 125.505642 1.480301 1
94.439611 107.295577 -0.850085 1
106.216138 98.934289 6.078424 1
113.379252 97.929559 9.021846 1
112.870266 189.138039 -9.809013 1
117.715518 171.257531 -9.355977 1
123.715572 149.115436 -8.794967 1
127.018984 126.118810 -9.157083 1
129.713064 107.364023 -9.452406 1
144.972356 103.300615 -6.760811 1
152.377336 103.801921 -4.332003 1
111.763100 190.398700 -2.565389 1
111.447594 198.370387 -2.444771 1
110.482137 208.567443 -2.539780 1
110.221748 218.378551 -2.600478 1
113.122692 243.435490 -2.216987 1
116.604040 250.137352 -3.178922 1
123.660821 268.191190 -4.067507 1
109.371028 229.048961 1.294651 1
107.155491 237.336857 12.233673 1
108.268723 230.546082 13.610941 1
111.511170 210.766987 17.622431 1
114.036277 203.694968 19.994850 1
119.103612 189.502976 24.755774 1
119.103612 189.502976 24.755774 1
111.424424 228.933752 -6.710793 1
111.677990 233.592359 -19.806331 1
112.762756 226.733064 -20.818323 1
115.922288 206.754392 -23.765894 1
118.531753 199.331072 -23.444961 1
123.768377 184.434095 -22.800920 1
123.768377 184.434095 -22.800920 1
108.869491 188.830132 3.905535 1
107.781056 170.332570 4.120172 1
106.433194 147.426131 4.385968 1
99.923259 125.525843 1.550782 1
94.504816 107.297484 -0.809044 1
106.225097 98.944960 6.224613 1
113.361828 97.940363 9.231483 1
112.826479 189.191771 -9.644851 1
117.662774 171.307008 -9.271050 1
123.651736 149.159642 -8.808161 1
126.973327 126.165910 -9.187383 1
129.682232 107.413483 -9.496657 1
144.955288 103.422166 -6.775423 1
152.353376 103.958863 -4.333212 1
111.688700 190.417800 -2.375119 1
111.330594 198.387877 -2.267821 1
110.309835 208.579329 -2.383791 1
109.988938 218.388493 -2.465357 1
112.712870 243.465868 -2.121570 1
116.217737 250.152447 -3.104232 1
123.291775 268.192568 -4.124447 1
109.034179 229.062123 1.396694 1
106.748653 237.501895 12.204407 1
107.998523 230.710837 13.457457 1
111.638947 210.930917 17.107139 1
114.447259 203.917657 19.331002 1
120.082925 189.843582 23.793807 1
120.082925 189.843582 23.793807 1
111.149984 228.941826 -6.592407 1
111.521228 233.492971 -19.722879 1
112.984676 226.685102 -20.595822 1
117.247174 206.856220 -23.138392 1
120.404581 199.672875 -22.468816 1
126.740805 185.257478 -21.125124 1
126.740805 185.257478 -21.125124 1
108.764096 188.843078 4.080358 1
107.695499 170.344035 4.264848 1
106.372204 147.435760 4.493311 1
99.909198 125.526651 1.619184 1
94.529815 107.290949 -0.773053 1
106.217580 98.947260 6.324903 1
113.337803 97.948309 9.372514 1
112.801412 189.206585 -9.446262 1
117.615589 171.314314 -9.155406 1
123.577161 149.157651 -8.795231 1
126.909381 126.165753 -9.191964 1
129.626955 107.414821 -9.515518 1
144.914899 103.480884 -6.794336 1
152.311278 104.045896 -4.353333 1
111.696900 190.423700 -2.198669 1
111.291468 198.391602 -2.098471 1
110.204392 208.575944 -2.234625 1
109.809947 218.382123 -2.346835 1
112.318242 243.483136 -2.101115 1
115.836708 250.164468 -3.070781 1
122.946783 268.184701 -4.187405 1
108.746467 229.063957 1.463786 1
106.365426 237.556194 12.209603 1
107.716085 230.773278 13.400635 1
111.650073 211.017075 16.869685 1
114.779206 204.081683 18.901149 1
121.058690 190.163870 22.977852 1
121.058690 190.163870 22.977852 1
110.899835 228.926881 -6.515002 1
111.362554 233.412080 -19.665246 1
113.187444 226.676960 -20.412722 1
118.502695 207.059969 -22.589852 1
122.220879 200.194199 -21.563063 1
129.682461 186.416104 -19.502524 1
129.682461 186.416104 -19.502524 1
108.754410 188.836162 4.245531 1
107.695396 170.336297 4.400592 1
106.383968 147.427006 4.592611 1
99.929554 125.522026 1.668147 1
94.557322 107.289760 -0.765987 1
106.211320 98.943130 6.383843 1
113.317376 97.950509 9.466388 1
112.846530 189.214270 -9.264210 1
117.650992 171.318265 -9.053479 1
123.600534 149.156979 -8.792526 1
126.906891 126.161851 -9.217437 1
129.603372 107.408285 -9.563972 1
144.894744 103.486600 -6.844359 1
152.292754 104.060374 -4.410354 1
111.727000 190.420600 -1.989939 1
111.268094 198.385681 -1.896254 1
110.113980 208.562426 -2.047795 1
109.651784 218.365351 -2.183321 1
111.976355 243.484665 -2.012502 1
115.488879 250.168536 -2.986200 1
122.650455 268.164636 -4.161377 1
108.497434 229.051662 1.588101 1
106.044250 237.606895 12.267517 1
107.485342 230.834830 13.413452 1
111.682728 211.110229 16.751149 1
115.107365 204.258922 18.581296 1
121.979858 190.509849 22.254001 1
121.979858 190.509849 22.254001 1
110.679190 228.903964 -6.382781 1
111.202391 233.345021 -19.545733 1
113.358337 226.696424 -20.177261 1
119.637835 207.331440 -22.016676 1
123.855537 200.818842 -20.669442 1
132.319541 187.749485 -17.965839 1
132.319541 187.749485 -17.965839 1
108.773955 188.817509 4.445577 1
107.704131 170.317982 4.561862 1
106.379314 147.409109 4.705865 1
99.921612 125.512899 1.723547 1
94.546644 107.287934 -0.758740 1
106.164300 98.929030 6.435755 1
113.257336 97.945835 9.551135 1
112.907940 189.214431 -9.050872 1
117.701918 171.314869 -8.917828 1
123.638479 149.149178 -8.753076 1
126.921191 126.151215 -9.206879 1
129.598389 107.395336 -9.576976 1
144.893904 103.482269 -6.868276 1
152.294829 104.062532 -4.444693 1
111.789000 190.436200 -1.820519 1
111.293150 198.399021 -1.723048 1
110.086042 208.569543 -1.879497 1
109.560420 218.369014 -2.032489 1
111.688897 243.506091 -1.934129 1
115.199932 250.190230 -2.911355 1
122.374178 268.179672 -4.110928 1
108.313353 229.057632 1.702703 1
105.700225 237.535991 12.405461 1
107.243237 230.783794 13.535830 1
111.737480 211.117064 16.828191 1
115.405362 204.343472 18.466201 1
122.765997 190.750356 21.753327 1
122.765997 190.750356 21.753327 1
110.516370 228.902258 -6.262183 1
111.085642 233.323759 -19.429807 1
113.529119 226.767595 -19.974711 1
120.646091 207.671839 -21.561824 1
125.272769 201.523385 -19.886012 1
134.557498 189.184784 -16.523024 1
134.557498 189.184784 -16.523024 1
108.825057 188.815331 4.605527 1
107.746350 170.316133 4.686914 1
106.410534 147.407667 4.787700 1
99.937880 125.523358 1.750948 1
94.550467 107.308297 -0.776647 1
106.133835 98.933441 6.454488 1
113.215702 97.958433 9.597726 1
112.995583 189.240090 -8.878827 1
117.772085 171.335519 -8.803727 1
123.687002 149.163626 -8.710731 1
126.957379 126.164551 -9.196188 1
129.624516 107.407767 -9.592101 1
144.921028 103.504762 -6.874524 1
152.320412 104.090278 -4.447502 1
111.828200 190.415700 -1.659919 1
111.302667 198.376627 -1.563280 1
110.053993 208.542036 -1.725663 1
109.476460 218.338353 -1.892818 1
111.439342 243.489052 -1.845613 1
114.950037 250.174117 -2.817712 1
122.095829 268.173143 -4.043076 1
108.146975 229.027056 1.813596 1
105.439895 237.480912 12.512385 1
107.074660 230.750569 13.644115 1
111.836144 211.147492 16.940438 1
115.677887 204.435422 18.426076 1
123.387422 190.965769 21.407423 1
123.387422 190.965769 21.407423 1
110.376968 228.867951 -6.143706 1
110.981841 233.275437 -19.314440 1
113.647340 226.800852 -19.789448 1
121.410984 207.942702 -21.172977 1
126.370887 202.143038 -19.228433 1
136.324326 190.504385 -15.326160 1
136.324326 190.504385 -15.326160 1
108.854352 188.783501 4.758678 1
107.767170 170.284677 4.804250 1
106.420861 147.376674 4.860684 1
99.928735 125.505539 1.771041 1
94.525115 107.301444 -0.800579 1
106.087248 98.918144 6.454717 1
113.161390 97.952975 9.618319 1
113.056690 189.224477 -8.715274 1
117.835234 171.320321 -8.683790 1
123.752680 149.148942 -8.644805 1
126.994618 126.146653 -9.167316 1
129.638562 107.387247 -9.593448 1
144.928184 103.459780 -6.872342 1
152.328446 104.034243 -4.445356 1
111.884200 190.414900 -1.546249 1
111.338314 198.374296 -1.437130 1
110.057490 208.535834 -1.591182 1
109.438540 218.329612 -1.758908 1
111.266456 243.490507 -1.729458 1
114.744105 250.191690 -2.709326 1
121.772545 268.234494 -3.969122 1
108.041103 229.014420 1.933714 1
105.263337 237.468362 12.614300 1
106.989291 230.759477 13.738009 1
112.016378 211.218897 17.010972 1
115.977792 204.549340 18.368245 1
123.927482 191.165000 21.091993 1
123.927482 191.165000 21.091993 1
110.294859 228.859992 -6.016983 1
110.918263 233.282908 -19.181679 1
113.738804 226.870804 -19.606238 1
121.954029 208.194641 -20.842829 1
127.166571 202.705097 -18.672045 1
137.626999 191.688786 -14.315756 1
137.626999 191.688786 -14.315756 1
108.897036 188.763956 4.861361 1
107.795951 170.265910 4.882580 1
106.432424 147.358871 4.908855 1
99.931282 125.495778 1.781486 1
94.520158 107.298376 -0.821533 1
106.056116 98.915828 6.476174 1
113.118503 97.952337 9.666441 1
113.134876 189.239156 -8.600303 1
117.895676 171.330247 -8.594415 1
123.791149 149.152982 -8.587126 1
127.016423 126.149030 -9.138742 1
129.646777 107.388268 -9.588611 1
144.927408 103.447369 -6.836599 1
152.321992 104.013421 -4.390404 1
111.942500 190.407900 -1.438639 1
111.384437 198.366233 -1.314625 1
110.082968 208.525353 -1.454527 1
109.432279 218.317236 -1.612466 1
111.146386 243.486106 -1.561827 1
114.592280 250.204436 -2.536464 1
121.460432 268.304468 -3.857869 1
107.974857 228.993311 2.082224 1
105.146428 237.448749 12.748320 1
106.976369 230.763851 13.850244 1
112.306332 211.293138 17.059753 1
116.314457 204.640128 18.359900 1
124.357884 191.288994 20.969008 1
124.357884 191.288994 20.969008 1
110.254529 228.854038 -5.861361 1
110.905544 233.287778 -19.021079 1
113.806561 226.910091 -19.421072 1
122.256183 208.334174 -20.586111 1
127.635412 203.078637 -18.249187 1
138.430344 192.531925 -13.559492 1
138.430344 192.531925 -13.559492 1
108.934826 188.738956 4.954698 1
107.820061 170.241717 4.954220 1
106.439592 147.335678 4.953627 1
99.929523 125.478889 1.800866 1
94.510969 107.286734 -0.823287 1
106.016366 98.908290 6.527188 1
113.064728 97.940135 9.746923 1
113.220205 189.248978 -8.490632 1
117.957685 171.333889 -8.500019 1
123.824282 149.148969 -8.511646 1
127.031335 126.143143 -9.090634 1
129.646829 107.380852 -9.562826 1
144.913823 103.421480 -6.762070 1
152.299281 103.975644 -4.285772 1
112.029000 190.415900 -1.363899 1
111.464327 198.373617 -1.230584 1
110.150098 208.531215 -1.361342 1
109.476167 218.321709 -1.507488 1
111.100125 243.496421 -1.410529 1
114.510402 250.238244 -2.347481 1
121.190198 268.405340 -3.713414 1
107.964665 228.986739 2.197358 1
105.073983 237.399673 12.880361 1
106.977002 230.733968 13.974744 1
112.519814 211.319156 17.162290 1
116.543759 204.666440 18.414179 1
124.618934 191.315897 20.926445 1
124.618934 191.315897 20.926445 1
110.279130 228.867996 -5.736493 1
110.967039 233.340033 -18.881367 1
113.882578 226.968698 -19.276972 1
122.374497 208.411281 -20.429229 1
127.807734 203.244874 -18.019629 1
138.711050 192.877030 -13.184090 1
138.711050 192.877030 -13.184090 1
108.994435 188.735213 5.013636 1
107.867858 170.238699 4.995430 1
106.472762 147.333556 4.972886 1
99.950293 125.484182 1.794466 1
94.521419 107.298199 -0.851045 1
105.993292 98.924970 6.557539 1
113.026138 97.950112 9.809023 1
113.338673 189.268394 -8.411893 1
118.060532 171.349183 -8.425681 1
123.907783 149.159160 -8.442757 1
127.083473 126.149814 -9.053887 1
129.673390 107.384654 -9.552291 1
144.918918 103.387126 -6.689497 1
152.294099 103.920592 -4.178268 1
112.101700 190.412200 -1.272596 1
111.543691 198.370050 -1.120476 1
110.231422 208.528158 -1.229482 1
109.544791 218.318083 -1.352864 1
111.096927 243.496964 -1.186772 1
114.473440 250.259847 -2.093754 1
120.966302 268.493242 -3.477547 1
107.991682 228.969280 2.374501 1
105.041596 237.317201 13.092208 1
106.995001 230.665161 14.180943 1
112.684571 211.290149 17.352036 1
116.688492 204.621749 18.584531 1
124.723482 191.239730 21.057878 1
124.723482 191.239730 21.057878 1
110.330716 228.877382 -5.552498 1
111.049033 233.372845 -18.687751 1
113.920776 226.982251 -19.092942 1
122.285134 208.368739 -20.273120 1
127.682087 203.193713 -17.801281 1
138.512589 192.808569 -12.840842 1
138.512589 192.808569 -12.840842 1
109.044070 188.717675 5.090243 1
107.902515 170.222080 5.070947 1
106.488872 147.318076 5.047051 1
99.947773 125.479040 1.836036 1
94.503391 107.301661 -0.836604 1
105.944214 98.940536 6.633410 1
112.960806 97.959981 9.918128 1
113.434191 189.281842 -8.319084 1
118.139408 171.358250 -8.323868 1
123.966052 149.162801 -8.329794 1
127.092327 126.147143 -8.957743 1
129.641944 107.376833 -9.469864 1
144.859580 103.318193 -6.545323 1
152.224976 103.819719 -3.999038 1
112.185000 190.402800 -1.200105 1
111.631351 198.360782 -1.039256 1
110.320106 208.519130 -1.137807 1
109.623311 218.308528 -1.244968 1
111.118449 243.490338 -1.013164 1
114.433412 250.296085 -1.821172 1
120.870183 268.549030 -3.209264 1
108.030390 228.947439 2.500637 1
105.006417 237.210824 13.263169 1
107.006807 230.572296 14.349058 1
112.833224 211.236639 17.511866 1
116.778625 204.534322 18.749105 1
124.696178 191.084242 21.231973 1
124.696178 191.084242 21.231973 1
110.403691 228.879406 -5.416411 1
111.173600 233.455916 -18.520717 1
113.967602 227.030859 -18.924421 1
122.105530 208.316970 -20.100266 1
127.383394 203.009394 -17.652456 1
137.974911 192.358253 -12.740237 1
137.974911 192.358253 -12.740237 1
109.098635 188.701318 5.146985 1
107.908719 170.208806 5.106425 1
106.435188 147.308620 5.056199 1
99.906181 125.470516 1.814383 1
94.471864 107.293912 -0.883893 1
105.870550 98.931241 6.648547 1
112.869319 97.949300 9.970661 1
113.547437 189.281457 -8.242306 1
118.247296 171.356496 -8.205631 1
124.067304 149.159352 -8.160218 1
127.150787 126.140201 -8.866830 1
129.665505 107.367044 -9.443106 1
144.850711 103.264825 -6.412718 1
152.196605 103.740990 -3.805947 1
112.264100 190.370500 -1.134467 1
111.726213 198.329196 -0.956351 1
110.427910 208.489383 -1.034464 1
109.726758 218.278717 -1.115968 1
111.165256 243.462850 -0.795171 1
114.431520 250.296051 -1.569089 1
120.810742 268.573191 -2.903434 1
108.094899 228.901692 2.658000 1
104.995501 237.095368 13.452325 1
107.032084 230.466382 14.529203 1
112.963922 211.158523 17.665762 1
116.824354 204.410911 18.924643 1
124.571394 190.869931 21.450941 1
124.571394 190.869931 21.450941 1
110.500951 228.864984 -5.249364 1
111.320614 233.485832 -18.335080 1
114.010786 227.017693 -18.755714 1
121.846291 208.178320 -19.980872 1
126.907968 202.637636 -17.593774 1
137.065643 191.518698 -12.803391 1
137.065643 191.518698 -12.803391 1
109.142861 188.659595 5.193006 1
107.945143 170.167583 5.154110 1
106.461950 147.268016 5.105943 1
99.896193 125.449605 1.806263 1
94.431288 107.289394 -0.940177 1
105.782806 98.927265 6.663757 1
112.761069 97.942574 10.027929 1
113.659002 189.263942 -8.172650 1
118.338009 171.333490 -8.167164 1
124.132196 149.129546 -8.160372 1
127.178162 126.104307 -8.830381 1
129.662282 107.326184 -9.376804 1
144.821474 103.154294 -6.311482 1
152.163620 103.596966 -3.688300 1
112.382100 190.383100 -1.088416 1
111.846723 198.341589 -0.894218 1
110.548184 208.501879 -0.952508 1
109.837938 218.290730 -1.009542 1
111.228119 243.476362 -0.604414 1
114.439742 250.337575 -1.358918 1
120.860348 268.603890 -2.642032 1
108.170941 228.898821 2.790844 1
105.000342 237.044608 13.600723 1
107.058685 230.420879 14.668533 1
113.053898 211.128328 17.778678 1
116.816436 204.330568 19.063887 1
124.367023 190.688954 21.643017 1
124.367023 190.688954 21.643017 1
110.609157 228.891276 -5.106743 1
111.482810 233.516109 -18.187557 1
114.053705 226.999020 -18.598453 1
121.541799 208.017075 -19.795247 1
126.303896 202.147674 -17.583788 1
135.860382 190.369072 -13.145875 1
135.860382 190.369072 -13.145875 1
109.233378 188.658921 5.221813 1
107.987195 170.170123 5.177756 1
106.443986 147.274537 5.123198 1
99.886556 125.456604 1.803859 1
94.428581 107.296790 -0.958943 1
105.739303 98.953348 6.725879 1
112.695551 97.958053 10.132259 1
113.806359 189.292187 -8.123161 1
118.461845 171.355616 -8.110715 1
124.226905 149.144097 -8.095306 1
127.232536 126.114234 -8.788186 1
129.683761 107.332341 -9.353262 1
144.815494 103.116065 -6.213893 1
152.144233 103.534813 -3.549613 1
112.508600 190.391600 -1.011454 1
111.967345 198.349495 -0.809386 1
110.659681 208.508662 -0.858841 1
109.934684 218.296506 -0.901397 1
111.268950 243.484096 -0.434749 1
114.433549 250.370604 -1.156820 1
120.913606 268.618643 -2.400490 1
108.229143 228.892523 2.915531 1
104.981740 236.995843 13.734525 1
107.047115 230.371891 14.787270 1
113.062813 211.078693 17.853541 1
116.732888 204.236771 19.171356 1
124.097922 190.506531 21.815921 1
124.097922 190.506531 21.815921 1
110.700023 228.907762 -4.971887 1
111.623240 233.530825 -18.049922 1
114.075562 226.967677 -18.452390 1
121.218299 207.851577 -19.624638 1
125.607948 201.610235 -17.676661 1
134.417012 189.085229 -13.767496 1
134.417012 189.085229 -13.767496 1
109.332406 188.657279 5.282206 1
108.019689 170.173135 5.220765 1
106.394088 147.283313 5.144679 1
99.860977 125.459006 1.819292 1
94.423243 107.293887 -0.948543 1
105.689835 98.960967 6.812146 1
112.624841 97.952584 10.257765 1
113.965400 189.310697 -8.041078 1
118.586163 171.365147 -8.046178 1
124.308224 149.142507 -8.052496 1
127.276230 126.107772 -8.745612 1
129.696770 107.321905 -9.310881 1
144.812401 103.085802 -6.121038 1
152.132025 103.493960 -3.430191 1
112.623400 190.412100 -0.957799 1
112.080401 198.369416 -0.738345 1
110.766887 208.527903 -0.768551 1
110.026233 218.314645 -0.789555 1
111.292536 243.504363 -0.253531 1
114.424236 250.405653 -0.977895 1
120.937365 268.646047 -2.159421 1
108.277443 228.896403 3.047308 1
104.976423 237.004223 13.846686 1
107.033426 230.374775 14.881065 1
113.024737 211.065568 17.893840 1
116.608739 204.183045 19.236894 1
123.801043 190.371328 21.932109 1
123.801043 190.371328 21.932109 1
110.780244 228.938210 -4.829942 1
111.761761 233.510074 -17.921723 1
114.089513 226.901719 -18.324219 1
120.869419 207.653949 -19.496544 1
124.820194 201.040608 -17.861587 1
132.748533 187.769082 -14.580584 1
132.748533 187.769082 -14.580584 1
109.416864 188.661682 5.315988 1
108.027255 170.183233 5.235556 1
106.306434 147.300462 5.135952 1
99.806936 125.466386 1.808830 1
94.397181 107.293135 -0.960451 1
105.615976 98.981045 6.891284 1
112.525708 97.957252 10.382827 1
114.114407 189.349009 -7.982966 1
118.719711 171.399488 -7.995331 1
124.422628 149.171932 -8.010644 1
127.316271 126.128626 -8.732688 1
129.676165 107.335769 -9.321548 1
144.776462 103.095827 -6.064879 1
152.082456 103.499754 -3.336613 1
112.715600 190.425500 -0.910133 1
112.184350 198.382909 -0.666624 1
110.882191 208.542902 -0.672410 1
110.142719 218.329755 -0.674336 1
111.383698 243.519665 -0.090235 1
114.456241 250.449500 -0.795159 1
120.929694 268.706932 -1.930663 1
108.364253 228.903626 3.170622 1
104.971499 236.979752 13.965317 1
107.019435 230.347406 14.999109 1
112.984338 211.029757 18.010174 1
116.486786 204.106917 19.361145 1
123.515431 190.214292 22.072247 1
123.515431 190.214292 22.072247 1
110.908574 228.960626 -4.693221 1
111.916304 233.544148 -17.778933 1
114.095364 226.887343 -18.214169 1
120.442181 207.498455 -19.481860 1
123.928847 200.564116 -18.149155 1
130.925822 186.648420 -15.474710 1
130.925822 186.648420 -15.474710 1
109.479442 188.659494 5.344045 1
108.025509 170.186037 5.254559 1
106.225031 147.309448 5.143744 1
99.820051 125.435905 1.893440 1
94.488965 107.229806 -0.811902 1
105.690197 98.974732 7.124603 1
112.579903 97.919738 10.646302 1
114.234980 189.383260 -7.932345 1
118.785267 171.419745 -7.968171 1
124.420054 149.174859 -8.012539 1
127.301551 126.130582 -8.751953 1
129.651539 107.336933 -9.354980 1
144.750525 103.133588 -6.045225 1
152.042665 103.550871 -3.282127 1
112.806900 190.483200 -0.878456 1
112.277884 198.440016 -0.611789 1
110.976435 208.600083 -0.593130 1
110.232656 218.386597 -0.577170 1
111.446413 243.576848 0.048005 1
114.451732 250.535228 -0.665475 1
120.862822 268.818645 -1.734770 1
108.424378 228.953436 3.273212 1
104.958179 237.044181 14.033573 1
106.982041 230.402935 15.057592 1
112.876827 211.059364 18.040193 1
116.318732 204.109623 19.408536 1
123.225881 190.163013 22.154499 1
123.225881 190.163013 22.154499 1
111.008841 229.023745 -4.577421 1
112.040104 233.601018 -17.663487 1
114.036909 226.892465 -18.172276 1
119.852886 207.352853 -19.654199 1
122.931332 200.180632 -18.605199 1
129.109097 185.787555 -16.500085 1
129.109097 185.787555 -16.500085 1
109.537796 188.698333 5.353193 1
108.001510 170.231572 5.257630 1
106.099051 147.363276 5.139289 1
99.779311 125.457798 1.937563 1
94.519174 107.225118 -0.727347 1
105.675336 99.017452 7.321022 1
112.535216 97.933439 10.891790 1
114.361977 189.463114 -7.896105 1
118.827743 171.478545 -7.976539 1
124.357864 149.207587 -8.076146 1
127.228655 126.162229 -8.823486 1
129.569912 107.367699 -9.432977 1
144.655725 103.174402 -6.051190 1
151.932550 103.594173 -3.248380 1
112.986800 190.451000 -0.803898 1
112.476618 198.408276 -0.515194 1
111.191650 208.570371 -0.473014 1
110.446488 218.356729 -0.437588 1
111.610659 243.548114 0.234428 1
114.584066 250.520630 -0.474743 1
120.914844 268.832031 -1.543701 1
108.608759 228.913360 3.426825 1
105.098642 237.007707 14.170226 1
107.093851 230.356231 15.184022 1
112.905178 210.982862 18.136848 1
116.306369 204.015973 19.519722 1
123.131814 190.034953 22.294848 1
123.131814 190.034953 22.294848 1
111.212027 229.002311 -4.417404 1
112.264546 233.564999 -17.506870 1
114.082711 226.814048 -18.114907 1
119.378375 207.150944 -19.885902 1
122.152195 199.828449 -19.046274 1
127.718644 185.133807 -17.361323 1
127.718644 185.133807 -17.361323 1
109.697413 188.655910 5.414126 1
108.117725 170.192831 5.315008 1
106.161520 147.329092 5.192266 1
99.827875 125.427403 1.992101 1
94.556165 107.197876 -0.671508 1
105.708878 99.042407 7.434494 1
112.555466 97.944993 11.026615 1
114.557301 189.447679 -7.820529 1
118.986487 171.454327 -7.946457 1
124.471310 149.172492 -8.102402 1
127.293090 126.119240 -8.790563 1
129.594376 107.318270 -9.351791 1
144.656369 103.065030 -5.938834 1
151.934012 103.462475 -3.134891 1
