64 35
128.565400 187.845700 28.275180 1
128.748262 195.655489 28.430199 1
129.037747 205.787581 28.370934 1
129.377590 215.415348 29.605213 1
130.398646 238.953591 37.859369 1
134.186513 245.385510 38.879768 1
134.163192 264.377870 36.048952 1
125.733980 225.797684 32.053817 1
118.535244 237.265709 34.486440 1
120.746870 231.250349 37.161160 1
127.188550 213.729722 44.951682 1
134.224688 211.613236 42.354382 1
148.344690 207.365906 37.142168 1
148.344690 207.365906 37.142168 1
133.905648 225.444438 32.050311 1
146.981303 229.692030 32.540478 1
147.725897 222.787664 32.613174 1
149.894637 202.677677 32.824911 1
151.213678 196.306915 37.115160 1
153.860708 183.522178 45.724759 1
153.860708 183.522178 45.724759 1
121.647929 186.703583 27.096895 1
120.320411 168.525249 29.112029 1
118.676488 146.014222 31.607457 1
117.306733 123.329103 30.005855 1
116.166639 104.447506 28.672788 1
113.839952 97.701518 42.827789 1
113.661212 96.817507 50.502823 1
135.468426 186.373497 27.423684 1
135.365047 168.319243 30.634884 1
135.237033 145.962091 34.611413 1
133.140925 123.244119 31.748452 1
131.431450 104.716544 29.413570 1
131.845364 98.748832 44.093522 1
131.161244 98.327683 51.779541 1
128.645600 187.786200 28.402040 1
128.842187 195.595972 28.540201 1
129.151425 205.727453 28.476437 1
129.534010 215.349863 29.739644 1
130.746209 238.825567 38.144668 1
134.682178 245.173164 39.132035 1
134.545901 264.233133 36.803343 1
125.960065 225.727845 32.306523 1
119.201472 237.402210 35.005718 1
121.474421 231.369722 37.588886 1
128.094715 213.799205 45.112747 1
134.974382 211.620407 42.170684 1
148.780381 207.248031 36.266603 1
148.780381 207.248031 36.266603 1
134.129674 225.345015 32.197541 1
147.249236 229.476682 32.445470 1
147.969503 222.571626 32.622641 1
150.067385 202.459629 33.138678 1
151.539256 196.211323 37.557387 1
154.492982 183.672330 46.424777 1
154.492982 183.672330 46.424777 1
121.713292 186.652621 27.305547 1
120.337117 168.493822 29.459397 1
118.632938 146.006987 32.126604 1
117.349688 123.337704 30.252344 1
116.281595 104.469288 28.692333 1
113.995642 97.728159 42.856284 1
113.845864 96.844086 50.531931 1
135.536112 186.301693 27.473992 1
135.453189 168.268850 30.803897 1
135.350504 145.938211 34.927421 1
133.207990 123.232544 32.001885 1
131.460668 104.715004 29.615971 1
132.063185 98.750172 44.290564 1
131.474418 98.329378 51.984493 1
128.735000 187.709900 28.465050 1
128.952632 195.519784 28.557892 1
129.286025 205.650253 28.462766 1
129.712828 215.267850 29.748265 1
131.115494 238.667701 38.333253 1
135.113546 244.974306 39.333778 1
134.998373 264.082063 37.435315 1
126.207447 225.634352 32.452409 1
119.830945 237.463277 35.397201 1
122.144937 231.409588 37.892849 1
128.884770 213.777320 45.161797 1
135.603885 211.477581 41.952839 1
149.087689 206.862502 35.513156 1
149.087689 206.862502 35.513156 1
134.373503 225.227988 32.225804 1
147.509344 229.315018 32.195420 1
148.274634 222.418643 32.485787 1
150.503656 202.331930 33.331526 1
152.137480 196.125881 37.752871 1
155.416211 183.671688 46.625551 1
155.416211 183.671688 46.625551 1
121.786158 186.587962 27.465531 1
120.401056 168.452213 29.800271 1
118.685824 145.993921 32.691481 1
117.354096 123.364774 30.410215 1
116.245654 104.529765 28.511440 1
113.969225 97.827776 42.695484 1
113.872419 96.945150 50.372148 1
135.609091 186.202893 27.455104 1
135.583857 168.183054 30.855596 1
135.552611 145.868519 35.066530 1
133.333713 123.172234 32.125174 1
131.524095 104.662345 29.726358 1
132.375496 98.696394 44.388160 1
131.916595 98.274759 52.090880 1
128.819200 187.676000 28.462140 1
129.052055 195.485557 28.544969 1
129.402548 205.615481 28.453341 1
129.862374 215.226900 29.773205 1
131.412366 238.558939 38.515974 1
135.522891 244.775833 39.617131 1
135.316634 263.911513 38.033780 1
126.408346 225.577638 32.600989 1
120.339106 237.508485 35.774988 1
122.689679 231.439907 38.199268 1
129.536062 213.764272 45.260347 1
136.146294 211.425838 41.858982 1
149.411594 206.733107 35.033184 1
149.411594 206.733107 35.033184 1
134.570137 225.161243 32.265240 1
147.688217 229.298279 32.028648 1
148.553829 222.417325 32.393549 1
151.075055 202.375527 33.456376 1
152.867351 196.166885 37.812195 1
156.464102 183.707490 46.553380 1
156.464102 183.707490 46.553380 1
121.854768 186.565677 27.563221 1
120.373705 168.475574 30.176563 1
118.539641 146.073809 33.412778 1
117.294834 123.489025 30.686245 1
116.258737 104.690941 28.416859 1
113.871767 98.010995 42.593128 1
113.762725 97.123773 50.269097 1
135.675426 186.155797 27.355190 1
135.718740 168.157165 30.866021 1
135.772379 145.868890 35.213592 1
133.457266 123.183835 32.259790 1
131.569181 104.683105 29.850823 1
132.691818 98.704142 44.489047 1
132.372964 98.274785 52.198408 1
128.786300 187.579600 28.482310 1
129.044967 195.388476 28.551740 1
129.418269 205.517606 28.462515 1
129.901334 215.122391 29.821781 1
131.529621 238.378962 38.749439 1
135.755921 244.520048 39.837649 1
135.450565 263.677378 38.562011 1
126.471694 225.446671 32.773267 1
120.728289 237.491275 36.119286 1
123.114044 231.425448 38.515925 1
130.062900 213.757825 45.496494 1
136.533953 211.432578 41.828876 1
149.519952 206.766311 34.468765 1
149.519952 206.766311 34.468765 1
134.629869 225.037198 32.352002 1
147.747236 229.161340 31.926352 1
148.778896 222.305880 32.336624 1
151.783757 202.338339 33.531600 1
153.730926 196.130071 37.820965 1
157.638473 183.671424 46.428790 1
157.638473 183.671424 46.428790 1
121.808018 186.490355 27.669096 1
120.177377 168.473607 30.671216 1
118.158083 146.162680 34.388872 1
117.064346 123.627792 31.220508 1
116.153992 104.871237 28.583372 1
113.727926 97.964577 42.643889 1
113.593317 97.003419 50.310546 1
135.623780 186.036041 27.294674 1
135.783103 168.069559 30.963290 1
135.980399 145.821098 35.506251 1
133.598980 123.152319 32.481072 1
131.656820 104.664862 30.013894 1
133.073622 98.681780 44.624894 1
132.904029 98.248287 52.338751 1
128.682800 187.479600 28.438660 1
128.961056 195.287445 28.540599 1
129.356830 205.416017 28.495755 1
129.889391 215.011499 29.901438 1
131.741026 238.204814 38.949316 1
135.938668 244.358593 40.076062 1
135.490762 263.527700 39.042390 1
126.542611 225.327090 32.975862 1
120.885714 237.366639 36.483545 1
123.319168 231.305111 38.842816 1
130.406956 213.650014 45.714543 1
136.767134 211.382789 41.823458 1
149.530632 206.832961 34.014897 1
149.530632 206.832961 34.014897 1
134.691262 224.895074 32.415683 1
147.776043 229.096039 31.786840 1
149.003508 222.275743 32.241662 1
152.578681 202.410621 33.566399 1
154.603166 196.138187 37.724612 1
158.665870 183.550772 46.069245 1
158.665870 183.550772 46.069245 1
121.687577 186.410014 27.755265 1
119.880212 168.495901 31.232749 1
117.642073 146.312071 35.539069 1
116.571137 123.857938 31.834883 1
115.679759 105.168599 28.751763 1
113.256276 97.963089 42.661949 1
113.127944 96.901207 50.315412 1
135.492425 185.926439 27.111673 1
135.757997 168.006605 30.995949 1
136.086865 145.815909 35.805970 1
133.657055 123.156463 32.749505 1
131.675429 104.676619 30.256813 1
133.418488 98.701760 44.835863 1
133.415852 98.270755 52.551723 1
128.480600 187.411600 28.430590 1
128.770372 195.218880 28.543216 1
129.174242 205.347205 28.520516 1
129.739555 214.935590 29.961401 1
131.769726 238.068419 39.125086 1
135.961223 244.228468 40.240389 1
135.363359 263.401409 39.365944 1
126.453680 225.229069 33.172593 1
120.919678 237.273038 36.856708 1
123.398978 231.199385 39.135696 1
130.620296 213.508970 45.773589 1
136.932437 211.417292 41.709787 1
149.599533 207.219747 33.554621 1
149.599533 207.219747 33.554621 1
134.589315 224.803902 32.443474 1
147.639766 229.070533 31.585190 1
149.098587 222.300293 32.100610 1
153.347619 202.580966 33.601848 1
155.513606 196.265487 37.621294 1
159.860272 183.591693 45.687450 1
159.860272 183.591693 45.687450 1
121.470835 186.351555 27.897966 1
119.522352 168.543627 31.816645 1
117.109460 146.491291 36.669316 1
115.909894 124.167921 32.277944 1
114.911454 105.587420 28.622855 1
112.486509 98.050407 42.355989 1
112.378206 96.872447 49.992759 1
135.257729 185.853495 26.951732 1
135.682874 167.983417 31.045402 1
136.209346 145.854335 36.114720 1
133.742981 123.201423 33.039160 1
131.731542 104.726908 30.530894 1
133.853851 98.780717 45.071339 1
134.042318 98.361546 52.785549 1
128.101900 187.268200 28.478400 1
128.406872 195.074769 28.599822 1
128.821544 205.202681 28.593014 1
129.425308 214.786095 30.051262 1
131.658268 237.883150 39.257914 1
135.862674 244.041051 40.335863 1
135.048096 263.210137 39.557143 1
126.211559 225.066842 33.374290 1
120.726823 237.085397 37.211875 1
123.231164 230.990983 39.406496 1
130.525419 213.240098 45.798660 1
136.815924 211.278929 41.637399 1
149.439601 207.343289 33.286654 1
149.439601 207.343289 33.286654 1
134.329095 224.644884 32.464063 1
147.315363 229.035882 31.310359 1
149.011992 222.327874 31.905380 1
153.953674 202.789807 33.638465 1
156.226682 196.434388 37.533948 1
160.788117 183.680440 45.351338 1
160.788117 183.680440 45.351338 1
121.078857 186.219981 28.128682 1
119.080386 168.503163 32.417668 1
116.605590 146.563653 37.728908 1
114.907232 124.386547 32.794587 1
113.493630 105.927787 28.687584 1
111.211631 98.058691 42.257982 1
111.253705 96.754681 49.874894 1
134.835185 185.702961 26.817952 1
135.438977 167.850615 30.966174 1
136.186672 145.743492 36.103047 1
133.759688 123.071271 33.140515 1
131.780366 104.581008 30.724429 1
134.320307 98.662058 45.208925 1
134.725873 98.255715 52.915460 1
127.655400 187.329600 28.582790 1
127.972938 195.135607 28.708050 1
128.393672 205.263271 28.705503 1
129.041607 214.844334 30.160242 1
131.532478 237.928756 39.332346 1
135.703895 244.110652 40.401076 1
134.700644 263.272276 39.659829 1
125.921480 225.117759 33.593315 1
120.415988 237.061621 37.629250 1
122.876250 230.910385 39.712366 1
130.042117 212.993996 45.779754 1
136.370968 211.136046 41.629284 1
149.071596 207.407542 33.300195 1
149.071596 207.407542 33.300195 1
134.008638 224.702770 32.441530 1
146.919902 229.196376 30.904709 1
148.862404 222.566108 31.609126 1
154.520230 203.254472 33.660845 1
156.816544 196.815545 37.402487 1
161.424749 183.894018 44.911151 1
161.424749 183.894018 44.911151 1
120.623422 186.289395 28.466828 1
118.682608 168.598530 32.887401 1
116.279213 146.691159 38.361589 1
113.887115 124.629171 33.203825 1
111.896089 106.266228 28.910841 1
109.949198 98.317701 42.487161 1
110.258498 96.971315 50.090524 1
134.327493 185.760368 26.694703 1
135.121482 167.934590 30.924333 1
136.104705 145.860365 36.162015 1
133.797671 123.160172 33.320315 1
131.916175 104.647096 31.002774 1
134.897805 98.732123 45.404471 1
135.538992 98.327964 53.095102 1
126.974200 187.324200 28.773590 1
127.308342 195.129581 28.894597 1
127.739794 205.256790 28.885178 1
128.442758 214.837301 30.317834 1
131.248791 237.926339 39.386737 1
135.387344 244.137535 40.412490 1
134.272853 263.295780 39.746654 1
125.442697 225.111520 33.854005 1
119.815642 236.930445 38.085353 1
122.239951 230.738242 40.087682 1
129.301100 212.702532 45.919764 1
135.671570 210.833506 41.838518 1
148.455721 207.082775 33.648343 1
148.455721 207.082775 33.648343 1
133.484478 224.697886 32.418870 1
146.306271 229.274285 30.440672 1
148.479791 222.731779 31.278161 1
154.810489 203.675759 33.717472 1
157.101414 197.147697 37.304781 1
161.698806 184.047294 44.503731 1
161.698806 184.047294 44.503731 1
119.941219 186.294772 28.920713 1
118.134374 168.557865 33.211674 1
115.896880 146.593476 38.525359 1
112.792458 124.576794 33.557035 1
110.208542 106.251560 29.421730 1
108.808626 98.517934 43.188254 1
109.477394 97.230308 50.778665 1
133.568252 185.746848 26.634751 1
134.639805 167.960236 30.966815 1
135.966744 145.934513 36.331343 1
133.825592 123.199759 33.640078 1
132.079381 104.658498 31.445223 1
135.592125 98.735823 45.723474 1
136.517978 98.327669 53.384837 1
126.216600 187.284300 28.917820 1
126.535436 195.089928 29.061992 1
126.939805 205.218257 29.068232 1
127.678658 214.799589 30.477140 1
130.807707 237.912750 39.377327 1
134.928077 244.146188 40.339384 1
133.706310 263.298723 39.697922 1
124.805022 225.073200 34.118509 1
119.163926 236.801033 38.578444 1
121.506250 230.544699 40.476278 1
128.328606 212.322197 46.004002 1
134.793110 210.224561 42.190495 1
147.765966 206.015060 34.537616 1
147.765966 206.015060 34.537616 1
132.779882 224.676476 32.345044 1
145.517381 229.245873 29.868805 1
147.897747 222.799078 30.870134 1
154.830916 204.021833 33.786654 1
157.094436 197.382896 37.182787 1
161.636831 184.059992 43.998088 1
161.636831 184.059992 43.998088 1
119.198973 186.234606 29.359683 1
117.548713 168.428970 33.423042 1
115.505124 146.379472 38.454877 1
111.762787 124.377232 33.877508 1
108.647913 106.064018 30.067608 1
107.944361 98.674587 44.074293 1
109.024119 97.489756 51.634046 1
132.717498 185.735377 26.492256 1
134.094826 167.984633 30.884594 1
135.800416 146.003326 36.323763 1
133.860838 123.231198 33.800932 1
132.279020 104.659457 31.743444 1
136.342186 98.757809 45.883710 1
137.563407 98.360748 53.504159 1
125.359800 187.274100 29.048000 1
125.635627 195.080751 29.222323 1
125.976832 205.211373 29.248281 1
126.721532 214.797660 30.619912 1
130.125062 237.967365 39.268801 1
134.231684 244.212946 40.210668 1
132.948782 263.361862 39.580626 1
123.959876 225.069598 34.351534 1
118.171451 236.618047 39.082549 1
120.384543 230.285889 40.881429 1
126.830491 211.842538 46.120934 1
133.430569 209.323317 42.830767 1
146.675495 204.267784 36.228117 1
146.675495 204.267784 36.228117 1
131.844329 224.712798 32.204666 1
144.471444 229.267562 29.193832 1
146.989915 222.884834 30.265307 1
154.325332 204.294193 33.386135 1
156.612073 197.608143 36.672512 1
161.201067 184.190694 43.267558 1
161.201067 184.190694 43.267558 1
118.376521 186.175938 29.804341 1
116.887130 168.300772 33.616828 1
115.042751 146.165172 38.337998 1
110.751268 124.184059 34.158305 1
107.179319 105.888431 30.679404 1
107.225481 98.814766 44.865560 1
108.722010 97.724062 52.368248 1
131.752498 185.781168 26.318759 1
133.428570 168.055165 30.707175 1
135.504105 146.104497 36.141487 1
133.817954 123.287294 33.854876 1
132.442817 104.678791 31.990036 1
137.043944 98.820750 45.982851 1
138.554176 98.446725 53.552500 1
124.416000 187.239600 29.226480 1
124.628444 195.047726 29.422203 1
124.877321 205.181010 29.457007 1
125.597759 214.776340 30.777412 1
129.195501 238.026308 39.127126 1
133.280121 244.289699 40.046124 1
131.984866 263.438587 39.440986 1
122.922330 225.045149 34.579789 1
116.809880 236.306778 39.586656 1
118.852229 229.899216 41.319261 1
124.800865 211.236238 46.365731 1
131.513961 208.146170 43.892164 1
144.985688 201.945071 38.928254 1
144.985688 201.945071 38.928254 1
130.698735 224.746002 32.062058 1
143.170059 229.349968 28.523043 1
145.753771 222.973543 29.469410 1
153.279214 204.401262 32.225843 1
155.583394 197.720943 35.511693 1
160.207384 184.314994 42.105681 1
160.207384 184.314994 42.105681 1
117.485614 186.073477 30.300771 1
116.142421 168.133466 33.854189 1
114.479087 145.917567 38.254542 1
109.900075 123.955717 34.283931 1
106.088808 105.676121 30.979056 1
106.849686 98.852095 45.266800 1
108.705117 97.841580 52.700225 1
130.688584 185.817107 26.197387 1
132.705799 168.116073 30.542823 1
135.203782 146.196324 35.923911 1
133.799404 123.336649 33.884444 1
132.654067 104.693509 32.221161 1
137.807117 98.884965 46.041175 1
139.614474 98.537057 53.546686 1
123.390100 187.166800 29.349600 1
123.501219 194.976057 29.580750 1
123.608102 205.111735 29.637293 1
124.250742 214.719514 30.906331 1
127.888984 238.079898 38.923698 1
131.960596 244.346698 39.876550 1
130.683429 263.495509 39.231823 1
121.603366 224.977420 34.757462 1
115.099494 235.889852 40.036998 1
116.957643 229.413825 41.721730 1
122.369770 210.551434 46.628759 1
129.059689 206.794163 45.264715 1
142.484904 199.254133 42.527377 1
142.484904 199.254133 42.527377 1
129.259880 224.769884 31.887674 1
141.534447 229.511329 27.874102 1
144.165020 223.116934 28.523535 1
151.826955 204.492311 30.415105 1
154.259846 197.964664 33.908467 1
159.142130 184.865092 40.918887 1
159.142130 184.865092 40.918887 1
116.534916 185.895608 30.740541 1
115.245800 167.913474 34.095531 1
113.649430 145.645411 38.250162 1
109.197957 123.669917 34.210608 1
105.492844 105.378964 30.848350 1
106.811757 98.751429 45.187881 1
108.895037 97.817468 52.570782 1
129.533097 185.850329 26.021735 1
131.906167 168.178752 30.306883 1
134.844816 146.295481 35.613315 1
133.762010 123.396347 33.837471 1
132.878930 104.721025 32.389185 1
138.548621 98.983692 46.035558 1
140.633482 98.673267 53.470426 1
122.323600 187.080100 29.528600 1
122.297969 194.890167 29.757638 1
122.219862 205.026156 29.805024 1
122.742264 214.647436 31.026049 1
126.312931 238.102625 38.793092 1
130.308469 244.410707 39.794356 1
129.109280 263.561447 39.063005 1
120.084701 224.873065 34.955212 1
113.139527 235.366103 40.515405 1
114.734190 228.804321 42.137144 1
119.378876 209.692157 46.860695 1
125.869152 205.378383 46.880397 1
138.893725 196.721572 46.919936 1
138.893725 196.721572 46.919936 1
127.609103 224.789187 31.749390 1
139.644607 229.716218 27.263183 1
142.331082 223.317104 27.516499 1
150.155840 204.678739 28.254318 1
152.766059 198.364131 32.002011 1
158.004202 185.692085 39.522818 1
158.004202 185.692085 39.522818 1
115.555500 185.681556 31.196261 1
114.456786 167.655758 34.380339 1
113.096200 145.333624 38.323324 1
108.898651 123.334222 34.144463 1
105.404889 105.023371 30.666255 1
107.389545 98.487578 44.971164 1
109.720619 97.609128 52.286490 1
128.349982 185.877289 25.953665 1
131.058941 168.222664 30.107496 1
134.413531 146.360384 35.251315 1
133.701773 123.426066 33.765740 1
133.121299 104.722051 32.554182 1
139.231327 99.025521 46.026488 1
141.554149 98.736524 53.391354 1
121.173200 187.134100 29.747700 1
121.009905 194.944361 29.900767 1
120.750168 205.077383 29.869090 1
121.152349 214.712256 31.026811 1
124.633467 238.233549 38.632934 1
128.500582 244.600007 39.760932 1
127.307845 263.749514 38.987931 1
118.480111 224.898846 35.046386 1
110.965612 234.825131 40.899267 1
112.094526 228.136964 42.390556 1
115.382647 208.656684 46.734152 1
121.565774 204.100302 48.053634 1
133.973967 194.956629 50.701548 1
133.973967 194.956629 50.701548 1
125.877004 224.932945 31.555577 1
137.640131 230.162251 26.703952 1
140.382862 223.786294 26.470357 1
148.371474 205.215375 25.789977 1
151.225150 199.222516 29.873468 1
156.951858 187.196151 38.068148 1
156.951858 187.196151 38.068148 1
114.494579 185.629493 31.665087 1
113.915111 167.557267 34.720205 1
113.197532 145.177638 38.503491 1
108.838502 123.230689 34.215569 1
105.210333 104.963496 30.646585 1
107.952663 98.413266 44.819094 1
110.656121 97.534217 52.005063 1
127.092745 186.004392 25.975838 1
130.070814 168.300474 29.714949 1
133.758653 146.377153 34.345207 1
133.529035 123.403337 33.424618 1
133.341769 104.667109 32.673832 1
139.917478 98.931442 45.908185 1
142.497820 98.621783 53.185974 1
120.041900 187.068900 29.967500 1
119.775775 194.877621 30.025113 1
119.375869 205.005316 29.896728 1
119.694403 214.651540 30.983810 1
123.186883 238.225140 38.420910 1
126.747434 244.712270 39.834547 1
125.564720 263.863712 39.094791 1
117.065141 224.802169 35.120976 1
108.770144 233.857639 41.321504 1
109.254178 227.035987 42.530113 1
110.663993 207.166912 46.050362 1
116.533063 202.675601 48.523186 1
128.311010 193.662511 53.485608 1
128.311010 193.662511 53.485608 1
124.293081 224.938418 31.294848 1
135.736989 230.581749 26.152393 1
138.583082 224.287025 25.440934 1
146.872748 205.952709 23.368703 1
150.134513 200.475035 27.850744 1
156.680169 189.482533 36.845228 1
156.680169 189.482533 36.845228 1
113.459818 185.500824 32.149594 1
113.159896 167.416109 35.170855 1
112.788489 145.021014 38.912215 1
108.622427 123.092831 34.345524 1
105.154871 104.841257 30.544512 1
108.522060 98.218325 44.547536 1
111.475221 97.337356 51.634306 1
125.833962 185.967953 25.994576 1
129.240478 168.292975 29.497343 1
133.458875 146.405492 33.834929 1
133.646848 123.417363 33.379923 1
133.800146 104.669462 33.008843 1
141.035446 98.811624 45.839357 1
143.986628 98.436693 52.971694 1
118.907500 186.673300 30.189800 1
118.560303 194.479017 30.167361 1
118.038799 204.599605 29.947517 1
118.280221 214.258927 30.933452 1
121.754264 237.935197 38.045961 1
124.991525 244.478968 39.905516 1
123.798301 263.633966 39.284201 1
115.687507 224.403530 35.108295 1
106.728137 232.589936 41.586527 1
106.443818 225.693821 42.356416 1
105.615692 205.607865 44.598827 1
111.225794 201.339968 47.922158 1
122.484050 192.775225 54.591363 1
122.484050 192.775225 54.591363 1
122.741386 224.610781 30.972986 1
133.831608 230.743482 25.620229 1
136.863248 224.597479 24.495164 1
145.693347 206.696334 21.218243 1
149.509802 201.956706 26.086848 1
157.168600 192.445301 35.857080 1
157.168600 192.445301 35.857080 1
112.446522 185.064916 32.682401 1
112.350942 166.995461 35.806593 1
112.232581 144.619264 39.675417 1
108.260084 122.744002 34.700668 1
104.953640 104.536476 30.560016 1
109.079971 97.799015 44.302865 1
112.301513 96.915204 51.271374 1
124.528103 185.583021 25.975028 1
128.627651 168.147502 29.908852 1
133.704250 146.556549 34.780229 1
133.990511 123.576595 34.047955 1
134.223968 104.835361 33.450751 1
142.405300 98.755976 45.591294 1
145.828826 98.232964 52.499709 1
117.739100 186.411700 30.466200 1
117.394571 194.217270 30.398014 1
116.844968 204.334510 30.104772 1
117.053267 214.006812 30.962692 1
120.485394 237.831078 37.584425 1
123.390385 244.360674 39.968570 1
122.004016 263.508519 39.566326 1
114.483145 224.186849 35.064615 1
104.980368 231.568049 41.733209 1
103.849796 224.724669 42.079509 1
100.556832 204.792312 43.088152 1
105.731474 200.694804 47.231366 1
116.115855 192.471993 55.545899 1
116.115855 192.471993 55.545899 1
121.390866 224.407554 30.690185 1
132.102744 231.094614 25.231804 1
135.398917 225.151762 23.800816 1
144.999508 207.842326 19.632852 1
149.468930 204.127558 24.824911 1
158.438092 196.672826 35.244247 1
158.438092 196.672826 35.244247 1
111.369282 184.826204 33.196733 1
111.670355 166.739380 36.205230 1
112.043186 144.341674 39.930784 1
107.850529 122.598508 34.572395 1
104.360837 104.500931 30.112427 1
109.132373 97.764080 43.645098 1
112.678671 96.881036 50.454178 1
123.207271 185.286414 26.064265 1
128.220588 168.205334 30.466757 1
134.428737 147.053294 35.918499 1
134.662892 124.081656 34.946147 1
134.853854 105.347204 34.153147 1
143.981911 98.918875 45.406639 1
147.949308 98.193417 51.998584 1
116.775700 186.242600 30.816400 1
116.477575 194.048939 30.666518 1
115.948739 204.163423 30.261381 1
116.133990 213.847476 30.980871 1
119.436974 237.807958 37.162137 1
122.105367 244.275952 39.955609 1
120.489566 263.409956 39.902089 1
113.536924 224.061244 34.980700 1
103.638732 230.801120 41.752326 1
101.792566 224.106322 41.715950 1
96.415331 204.606733 41.609994 1
100.770726 200.901148 46.904510 1
109.511055 193.464842 57.529454 1
109.511055 193.464842 57.529454 1
120.347100 224.289648 30.456290 1
130.707464 231.448424 24.918256 1
134.388978 225.788994 23.291212 1
145.111934 209.305066 18.552205 1
150.159361 206.686844 23.881474 1
160.288454 201.432641 34.576159 1
160.288454 201.432641 34.576159 1
110.455466 184.728505 33.698473 1
111.047373 166.603672 36.421524 1
111.780357 144.158899 39.793597 1
107.774901 122.427897 34.245999 1
104.441023 104.340444 29.628545 1
109.821977 97.555555 42.906215 1
113.622728 96.671460 49.576465 1
122.142574 185.033041 26.313309 1
128.237441 168.437327 31.182951 1
135.784909 147.886329 37.213181 1
135.793214 124.935219 35.819293 1
135.799984 106.217509 34.682511 1
145.643079 99.417430 45.082431 1
150.075148 98.489848 51.344749 1
116.110500 186.132500 31.171000 1
115.793129 193.937227 30.981852 1
115.220259 204.046004 30.501175 1
115.339789 213.739756 31.092564 1
118.430133 237.842945 36.811701 1
121.011666 244.243822 39.832166 1
119.235492 263.360935 40.156188 1
112.662350 223.996838 34.925061 1
102.525802 230.431512 41.640746 1
100.199482 223.907042 41.141255 1
93.423726 204.903558 39.686405 1
97.037195 201.767726 45.838000 1
104.288642 195.474792 58.182916 1
104.288642 195.474792 58.182916 1
119.436574 224.214686 30.346482 1
129.482426 231.766907 24.751854 1
133.739592 226.548110 23.057549 1
146.139220 211.347593 18.122636 1
151.603075 209.758368 23.447424 1
162.567847 206.569139 34.133117 1
162.567847 206.569139 34.133117 1
109.820935 184.619879 34.120161 1
110.620813 166.482717 36.704428 1
111.611337 144.022675 39.904640 1
107.921954 122.301973 34.103301 1
104.851154 104.223094 29.274648 1
110.479145 97.408700 42.434271 1
114.369865 96.524273 49.052401 1
121.437842 184.910611 26.624506 1
128.326942 168.680719 31.665287 1
136.857933 148.582731 37.907443 1
136.768822 125.642317 36.349920 1
136.696146 106.933329 35.079686 1
146.974734 100.033551 44.980677 1
151.677587 99.048661 51.033233 1
115.656100 186.112500 31.477800 1
115.361590 193.918533 31.306382 1
114.791013 204.026191 30.800126 1
114.871311 213.727163 31.266542 1
117.771918 237.982038 36.415330 1
120.228802 244.329963 39.644310 1
118.347540 263.433744 40.124099 1
112.124934 224.041986 34.889562 1
101.783831 230.275761 41.481731 1
99.149644 223.910003 40.605284 1
91.477182 205.368794 38.052492 1
94.240976 202.957544 44.928541 1
99.787307 198.118688 58.727278 1
99.787307 198.118688 58.727278 1
118.858894 224.221491 30.250326 1
128.580285 232.177617 24.642325 1
133.630882 227.683309 23.054046 1
148.341494 214.592971 18.427949 1
154.044675 213.750593 23.671693 1
165.489721 212.060125 34.194748 1
165.489721 212.060125 34.194748 1
109.385044 184.613563 34.473002 1
110.347053 166.475411 36.994287 1
111.538351 144.014143 40.116505 1
108.193295 122.296334 34.099585 1
105.409090 104.219862 29.091498 1
111.126473 97.406077 42.212847 1
115.062946 96.521541 48.803851 1
120.943987 184.883089 26.887484 1
128.304753 168.812585 31.769758 1
137.419822 148.911972 37.815628 1
137.821269 125.955502 36.576368 1
138.148667 107.233420 35.565692 1
148.827558 100.737660 45.315168 1
153.698232 99.960995 51.264420 1
115.422500 186.172900 31.794700 1
115.189574 193.981852 31.667099 1
114.669370 204.091789 31.152161 1
114.748466 213.798445 31.479916 1
117.532258 238.201857 35.946064 1
119.730940 244.499902 39.447374 1
117.842666 263.606080 39.782274 1
111.963719 224.190529 34.843578 1
101.377349 230.089092 41.354397 1
98.456491 223.867278 40.360625 1
89.949057 205.745324 37.466108 1
91.797858 204.682480 44.961774 1
95.507998 202.549580 60.003950 1
95.507998 202.549580 60.003950 1
118.660236 224.285985 30.147996 1
127.946180 232.825121 24.660788 1
133.852739 229.480141 23.193260 1
151.056466 219.737391 18.918865 1
156.845230 219.189258 24.107552 1
168.462024 218.089274 34.520122 1
168.462024 218.089274 34.520122 1
109.158456 184.707893 34.821199 1
110.107261 166.551576 37.213441 1
111.282209 144.067814 40.175860 1
108.151617 122.326293 34.129238 1
105.545918 104.230085 29.096430 1
111.331551 97.416404 42.187882 1
115.302396 96.531815 48.758229 1
120.671565 184.926197 27.164663 1
128.199638 168.786887 31.538376 1
137.521888 148.801069 36.954480 1
139.046078 125.859867 36.681510 1
140.289125 107.150236 36.458890 1
151.363556 101.633385 46.368846 1
156.320019 101.366308 52.291887 1
115.386200 186.176600 32.243400 1
115.268843 193.987659 32.088971 1
114.853127 204.097398 31.483200 1
114.951179 213.808552 31.612551 1
117.556736 238.359330 35.312934 1
119.476652 244.618845 39.040018 1
117.647200 263.731942 39.297682 1
112.080369 224.285472 34.622044 1
101.161025 229.710545 40.993193 1
97.929446 223.615545 40.194545 1
88.516994 205.862956 37.868354 1
89.711555 206.402433 45.550457 1
92.108778 207.485047 60.966771 1
92.108778 207.485047 60.966771 1
118.809217 224.272223 29.971949 1
127.471008 233.573375 24.707256 1
133.977894 231.388866 23.649751 1
152.930164 225.026157 20.569613 1
159.068836 224.601130 25.351744 1
171.387818 223.748195 34.948443 1
171.387818 223.748195 34.948443 1
109.115273 184.815635 35.304027 1
110.005766 166.617004 37.375684 1
111.108503 144.080843 39.941107 1
108.048476 122.324797 33.910626 1
105.501511 104.216500 28.891252 1
111.472019 97.402744 41.899390 1
115.535540 96.518055 48.412814 1
120.594448 184.835665 27.593643 1
128.107685 168.513997 31.258751 1
137.411564 148.302362 35.797368 1
140.425053 125.524030 36.670838 1
142.882693 106.947229 37.383192 1
154.290246 102.694004 47.535222 1
159.243763 103.058477 53.455535 1
115.589600 186.136600 32.762500 1
115.605152 193.948480 32.605789 1
115.299262 204.058107 31.936108 1
115.400415 213.769900 31.875388 1
117.751458 238.454260 34.769781 1
119.360315 244.682260 38.691812 1
117.672185 263.809000 38.896357 1
112.424113 224.308153 34.549581 1
101.241779 229.284417 40.830285 1
97.646178 223.358136 40.405062 1
87.173459 206.096965 39.166526 1
88.142865 208.045559 46.649571 1
90.088249 211.955964 61.666417 1
90.088249 211.955964 61.666417 1
119.143324 224.214963 29.886484 1
127.106486 234.241643 24.855699 1
133.936435 233.030262 24.517583 1
153.829673 229.501936 23.532773 1
160.590578 229.216635 27.398193 1
174.158248 228.644098 35.155253 1
174.158248 228.644098 35.155253 1
109.334541 184.884899 35.901238 1
110.159798 166.644344 37.597116 1
111.181750 144.056266 39.697196 1
108.027267 122.311799 33.673627 1
105.401682 104.213140 28.660006 1
111.687832 97.399406 41.518593 1
115.909068 96.514681 47.930924 1
120.715893 184.704724 28.049217 1
128.076743 168.166436 30.978633 1
137.191915 147.686551 34.606220 1
141.665619 125.209106 36.462799 1
145.314133 106.877691 37.976927 1
156.923947 103.858229 48.339405 1
161.799900 104.813067 54.258328 1
116.153200 186.040100 33.318900 1
116.323956 193.850381 33.175309 1
116.160395 203.958892 32.441927 1
116.297822 213.666240 32.156666 1
118.485126 238.461500 34.062783 1
119.582341 244.650337 38.216474 1
118.101088 263.793804 38.455911 1
113.253065 224.282481 34.412618 1
101.780442 228.561653 40.683397 1
97.773806 222.891750 40.853828 1
86.103888 206.377319 41.350225 1
87.026048 209.912940 48.233663 1
88.876619 217.008164 62.047230 1
88.876619 217.008164 62.047230 1
119.968353 224.048621 29.748805 1
127.046624 234.820367 24.940206 1
133.947430 234.229619 25.449967 1
154.047051 232.508976 26.934722 1
161.257698 232.575019 29.890213 1
175.727901 232.707554 35.821241 1
175.727901 232.707554 35.821241 1
109.901287 184.908043 36.508919 1
110.581733 166.628198 37.796997 1
111.424359 143.991465 39.392081 1
108.122597 122.268704 33.369126 1
105.374429 104.188110 28.356016 1
111.928180 97.374627 41.080429 1
116.282677 96.489948 47.403028 1
121.209422 184.514664 28.559504 1
128.363229 167.800468 30.954759 1
137.222014 147.102750 33.920878 1
142.838533 124.925452 36.227083 1
147.419066 106.838820 38.107902 1
159.059017 104.775823 48.669222 1
163.800870 106.169866 54.609908 1
117.065300 185.893100 33.943800 1
117.415703 193.697672 33.816747 1
117.424216 203.803593 33.031320 1
117.620357 213.502097 32.548216 1
119.690123 238.359729 33.566401 1
120.177949 244.545188 37.839675 1
118.847621 263.699443 38.101442 1
114.528384 224.177055 34.432210 1
102.868642 227.794389 40.774161 1
98.413344 222.570455 41.818576 1
85.436634 207.354968 44.860580 1
86.586092 212.387192 50.699089 1
88.892802 222.485774 62.415709 1
88.892802 222.485774 62.415709 1
121.234836 223.809845 29.764276 1
127.488568 235.137160 25.091182 1
134.358190 234.752880 26.034900 1
154.366978 233.633607 28.783618 1
161.797778 234.099378 31.085574 1
176.709778 235.034080 35.705099 1
176.709778 235.034080 35.705099 1
110.809142 184.898159 37.170992 1
111.268858 166.592478 38.153663 1
111.838144 143.923754 39.370546 1
108.343295 122.248859 33.284418 1
105.434413 104.208107 28.218726 1
112.171931 97.394397 40.846675 1
116.617526 96.509617 47.105542 1
122.054754 184.262668 29.148882 1
129.264882 167.556002 31.424825 1
138.193411 146.867609 34.243195 1
144.149659 124.756357 36.319754 1
149.007257 106.723590 38.013285 1
160.570384 104.774804 48.680160 1
165.280688 106.240777 54.628625 1
118.385100 185.673100 34.584100 1
118.827116 193.472396 34.423257 1
118.919526 203.569972 33.541770 1
119.123881 213.257076 32.870121 1
121.020455 238.147630 33.163074 1
121.066680 244.346379 37.444677 1
119.725019 263.501541 37.503688 1
115.947905 223.961675 34.415815 1
104.160911 227.296818 40.676697 1
99.468440 222.680358 42.890062 1
85.800924 209.234231 49.336807 1
87.483990 215.616364 53.480283 1
90.861534 228.423919 61.795340 1
90.861534 228.423919 61.795340 1
122.688151 223.502359 29.805061 1
128.313051 235.113098 25.029466 1
135.182599 234.619339 25.921363 1
155.191175 233.181192 28.519146 1
162.707115 233.838797 30.471301 1
177.789976 235.158468 34.388854 1
177.789976 235.158468 34.388854 1
112.104294 184.765895 37.789196 1
112.206858 166.448038 38.638007 1
112.333869 143.764233 39.689125 1
108.689243 122.164671 33.425610 1
105.655697 104.186621 28.212274 1
112.244935 97.372914 40.918227 1
116.617013 96.488079 47.228660 1
123.375217 183.962737 29.817803 1
130.635093 167.269036 32.029850 1
139.625227 146.596701 34.769094 1
145.269767 124.371116 36.459954 1
149.873152 106.245105 37.838929 1
161.202012 103.641275 48.616819 1
165.956609 104.852349 54.587361 1
120.177800 185.457600 35.129600 1
120.654712 193.254972 34.975275 1
120.753506 203.348621 34.050562 1
120.898227 213.025513 33.232232 1
122.495166 237.936050 32.861546 1
122.335120 244.217025 37.018767 1
120.856263 263.361409 36.847585 1
117.612978 223.728062 34.546397 1
105.851879 227.152673 40.807679 1
101.231710 223.335453 44.316645 1
87.774785 212.217229 54.537022 1
89.925251 219.465126 56.428108 1
94.240766 234.010082 60.223110 1
94.240766 234.010082 60.223110 1
124.296214 223.229843 29.857359 1
129.481339 234.857239 24.644566 1
136.345109 234.071963 25.353065 1
156.336856 231.784731 27.416671 1
163.893668 232.217256 29.271457 1
179.058550 233.085239 32.993610 1
179.058550 233.085239 32.993610 1
113.910839 184.575425 38.368605 1
113.560239 166.258649 39.173404 1
113.126076 143.576184 40.170022 1
109.215303 122.083026 33.704268 1
105.960233 104.193539 28.322600 1
112.371510 97.381193 41.119997 1
116.656320 96.496419 47.490017 1
125.133396 183.729990 30.333600 1
132.209181 166.958808 32.556053 1
140.971349 146.190524 35.308186 1
145.983103 123.792931 36.696205 1
150.070422 105.526639 37.828199 1
161.047896 101.939947 48.687140 1
165.855165 102.733709 54.685505 1
122.278400 185.441000 35.750700 1
122.667140 193.243534 35.610680 1
122.621140 203.335436 34.663042 1
122.596223 213.002304 33.722891 1
123.721180 237.922343 32.748914 1
123.773372 244.396324 36.601653 1
122.097263 263.521709 36.235507 1
119.153143 223.671873 34.893340 1
107.531637 227.593028 41.123926 1
103.411265 224.662690 45.884769 1
91.410074 216.127639 59.751425 1
93.698349 223.563322 59.296292 1
98.290417 238.485123 58.382940 1
98.290417 238.485123 58.382940 1
125.706040 223.185689 30.022601 1
130.771181 234.469281 23.999317 1
137.572465 233.109695 24.351482 1
157.382214 229.149697 25.377214 1
164.889404 229.117841 27.468579 1
179.954703 229.053912 31.665495 1
179.954703 229.053912 31.665495 1
116.085555 184.481082 39.107993 1
115.314494 166.165771 39.587332 1
114.359656 143.485120 40.180918 1
109.870458 122.126820 33.644398 1
106.133945 104.349580 28.203830 1
112.518263 97.536131 41.014112 1
116.830963 96.639706 47.363647 1
127.158420 183.781289 30.854277 1
134.273956 167.143390 33.825477 1
143.085349 146.540154 37.504805 1
147.080761 123.907427 38.206797 1
150.339205 105.449372 38.779304 1
161.196405 101.653796 49.688049 1
165.962106 102.343254 55.732304 1
124.733300 185.479000 36.308800 1
124.971765 193.288609 36.250374 1
124.683878 203.383415 35.379396 1
124.403452 213.042790 34.404363 1
124.897208 237.962168 32.988974 1
125.516705 244.722377 36.256166 1
123.641894 263.822361 35.624155 1
120.796969 223.652362 35.626951 1
109.574340 228.632859 41.831973 1
106.518243 226.663294 47.748986 1
97.616908 220.926636 64.983163 1
99.557600 227.981035 62.299530 1
103.452145 242.137684 56.914063 1
103.452145 242.137684 56.914063 1
127.045085 223.229714 30.365452 1
132.355544 233.689054 23.178221 1
138.956592 231.532461 23.105814 1
158.183122 225.251066 22.894916 1
165.516036 224.614773 25.455428 1
180.231603 223.337870 30.593818 1
180.231603 223.337870 30.593818 1
118.729329 184.362057 39.948712 1
117.504665 166.066463 40.164047 1
115.988111 143.410230 40.430705 1
110.720908 122.299826 33.673234 1
106.336835 104.728918 28.048762 1
112.867043 97.687540 40.660712 1
117.316396 96.703125 46.902006 1
129.399507 183.970505 31.161457 1
136.403715 167.341218 34.430474 1
145.077246 146.748647 38.478599 1
148.348012 123.998210 39.123699 1
151.015474 105.444158 39.649808 1
162.095876 101.595584 50.312785 1
166.991191 102.258113 56.255614 1
127.283200 185.621000 36.742900 1
127.391778 193.433550 36.793223 1
126.876576 203.529197 36.045492 1
126.353819 213.179040 35.075905 1
126.267514 238.078678 33.280612 1
127.630491 245.076270 35.716744 1
125.499896 264.136038 34.763025 1
122.664159 223.741963 36.445398 1
112.119820 230.073347 42.608640 1
110.935863 229.147012 49.388766 1
107.487413 226.448915 69.136888 1
108.696384 232.764425 64.733999 1
111.122525 245.438286 55.898358 1
111.122525 245.438286 55.898358 1
128.464901 223.347274 30.692436 1
134.283700 232.315916 22.034488 1
140.464144 229.166341 21.699443 1
158.465603 219.992736 20.723576 1
165.583449 218.945108 23.718815 1
179.867422 216.842746 29.729608 1
179.867422 216.842746 29.729608 1
121.558724 184.347665 40.762002 1
119.887066 166.086425 40.674883 1
117.816980 143.472733 40.566999 1
111.304822 122.712812 33.808786 1
105.884531 105.433623 28.183696 1
112.719752 97.705837 40.218935 1
117.475954 96.471185 46.183308 1
131.613031 184.269082 31.268498 1
138.350828 167.488747 34.318255 1
146.694456 146.709128 38.094863 1
149.445589 123.894998 38.896840 1
151.689266 105.289001 39.550889 1
163.232275 101.480651 49.726415 1
168.381793 102.163491 55.447995 1
129.761000 185.809500 37.062500 1
129.765502 193.620740 37.248992 1
129.060347 203.716313 36.675606 1
128.339671 213.360217 35.776396 1
127.808027 238.239815 33.790072 1
129.908677 245.355432 35.099275 1
127.525635 264.371916 33.908389 1
124.669791 223.895858 37.387822 1
115.213952 231.738151 43.579802 1
116.387960 231.784569 50.424472 1
119.807431 231.919759 70.360590 1
120.050632 237.613407 65.044958 1
120.538682 249.039324 54.377639 1
120.538682 249.039324 54.377639 1
129.928637 223.509035 31.135154 1
136.237075 230.332482 20.991228 1
141.856880 226.272550 20.585370 1
158.225392 214.447398 19.403248 1
165.143724 212.993203 22.682686 1
179.027315 210.074950 29.263807 1
179.027315 210.074950 29.263807 1
124.368048 184.380176 41.469007 1
122.381768 166.159356 40.893408 1
119.922070 143.595717 40.180619 1
112.190693 123.217396 33.546933 1
105.755605 106.255825 28.025491 1
113.158862 97.901027 39.280492 1
118.323379 96.458332 44.845198 1
133.691584 184.618556 31.259367 1
140.397771 167.821910 34.288940 1
148.702254 147.022093 38.040554 1
150.562625 124.117047 38.811479 1
152.079844 105.436903 39.440205 1
164.145140 101.686090 49.013393 1
169.582689 102.397915 54.458266 1
132.088900 186.145100 37.140900 1
132.021728 193.950828 37.482020 1
131.195594 204.048058 37.150264 1
130.388333 213.702426 36.461531 1
129.803132 238.606900 34.834501 1
132.303386 245.699167 34.379282 1
129.537090 264.633306 32.776231 1
126.921336 224.230011 38.514413 1
119.008700 233.759309 44.500874 1
122.500938 234.747734 50.421791 1
132.672599 237.626659 67.667340 1
130.887305 242.491298 61.846625 1
127.304610 252.253575 50.165713 1
127.304610 252.253575 50.165713 1
131.616607 223.903313 31.824970 1
137.874615 228.519440 20.476677 1
142.796779 223.635658 20.088174 1
157.133313 209.410919 18.956603 1
163.857694 207.460687 22.378885 1
177.352067 203.546995 29.246662 1
177.352067 203.546995 29.246662 1
127.051741 184.565486 41.902836 1
124.619501 166.401695 41.242673 1
121.607551 143.908678 40.425164 1
112.525878 123.957932 34.216546 1
104.966891 107.352248 29.048902 1
112.453365 98.064285 39.487884 1
117.923789 96.440119 44.699036 1
135.593369 185.113631 31.041805 1
141.894405 168.131871 33.904557 1
149.697177 147.102821 37.449591 1
151.027535 124.170255 38.461525 1
152.112502 105.467668 39.286805 1
164.578438 101.866156 48.392596 1
170.225394 102.653327 53.609158 1
134.187400 186.293400 37.016400 1
134.093209 194.087423 37.559166 1
133.257437 204.189308 37.563877 1
132.556125 213.871289 37.247249 1
132.623225 238.826381 36.567993 1
134.855141 245.556683 34.022345 1
131.458626 264.326225 31.810611 1
129.604500 224.406740 39.959557 1
123.707801 235.487543 45.589815 1
129.173156 236.599283 49.727918 1
145.091813 239.837383 61.780757 1
142.427879 244.818193 56.411612 1
137.081943 254.813599 45.636907 1
137.081943 254.813599 45.636907 1
133.717020 224.203317 32.892255 1
139.371602 227.232761 20.722489 1
143.492859 221.644748 20.583525 1
155.496631 205.368830 20.178771 1
162.122556 202.858804 23.423707 1
175.419349 197.821728 29.935589 1
175.419349 197.821728 29.935589 1
129.476241 184.555822 42.049292 1
126.658076 166.442560 41.556749 1
123.168218 144.012116 40.946811 1
113.337723 124.368458 34.901642 1
105.155467 108.018374 29.870042 1
112.574710 98.115187 39.778000 1
118.207057 96.459359 44.803383 1
137.299655 185.442019 30.681322 1
143.270836 168.346030 33.571088 1
150.665137 147.175528 37.149574 1
151.457183 124.223082 38.269541 1
152.103131 105.504281 39.182927 1
164.820313 101.981644 47.966446 1
170.601735 102.808871 53.027189 1
135.704700 186.369600 36.900300 1
135.686654 194.149197 37.626801 1
135.005194 204.257423 37.952363 1
134.619034 213.962129 38.001513 1
135.999691 238.887051 38.255561 1
137.376637 245.031927 34.119952 1
133.230596 263.559059 31.242535 1
132.483469 224.512670 41.346642 1
128.703318 236.634150 46.641472 1
135.311777 237.252948 48.684833 1
154.559893 239.055279 54.636427 1
152.678248 245.263497 50.317845 1
148.902196 257.722045 41.651389 1
148.902196 257.722045 41.651389 1
135.982861 224.394172 33.954676 1
140.618975 226.523643 21.178650 1
144.037557 220.479606 21.292136 1
153.994681 202.875451 21.622683 1
160.449150 199.641805 24.558001 1
173.401868 193.152581 30.448545 1
173.401868 193.152581 30.448545 1
131.308193 184.533992 42.177180 1
128.280847 166.452773 41.753381 1
124.531952 144.062008 41.228572 1
114.148149 124.633180 35.418817 1
105.505356 108.461906 30.583159 1
113.056268 98.026533 39.822890 1
118.938539 96.451370 44.580759 1
138.410068 185.653569 30.364822 1
144.190790 168.473056 33.138233 1
151.349241 147.197885 36.572634 1
151.786548 124.252843 37.997504 1
152.143191 105.540081 39.159553 1
165.237792 102.192697 47.442809 1
171.213781 103.108101 52.256318 1
136.769700 186.315700 37.053100 1
136.947856 194.082406 37.887851 1
136.567777 204.196684 38.438770 1
136.610858 213.903334 38.773355 1
139.503779 238.678118 39.804660 1
139.863599 244.292987 34.794419 1
135.142318 262.575456 31.303768 1
135.332856 224.422284 42.618203 1
133.322127 237.133431 47.480173 1
140.263868 237.133579 47.685622 1
160.482714 237.134000 48.284025 1
160.869398 244.406995 45.511529 1
161.645390 259.002319 39.947734 1
161.645390 259.002319 39.947734 1
138.339150 224.387888 35.011498 1
141.842957 226.285980 21.844280 1
144.743744 219.977757 21.991692 1
153.192714 201.604124 22.421053 1
159.266997 197.468986 25.016518 1
171.456766 189.170663 30.225051 1
171.456766 189.170663 30.225051 1
132.641774 184.485357 42.544390 1
129.572987 166.413731 42.021154 1
125.772775 144.034845 41.373209 1
114.964444 124.772122 35.788994 1
105.968302 108.739102 31.141061 1
113.852506 97.859869 39.553405 1
120.064813 96.487657 43.940185 1
139.087675 185.646456 30.365552 1
144.937593 168.469035 33.010026 1
152.181731 147.197693 36.284759 1
152.408481 124.268510 37.986992 1
152.593403 105.568682 39.375243 1
166.098620 102.258869 46.987088 1
172.310413 103.193441 51.488251 1
137.717200 186.246900 37.318400 1
137.997886 194.005724 38.197107 1
137.831727 204.118267 38.871998 1
138.269488 213.807621 39.379581 1
142.682356 238.332685 40.886329 1
142.232455 243.649032 35.567232 1
136.801831 261.663126 31.729979 1
137.791088 224.275443 43.534130 1
136.974048 237.306695 47.867023 1
143.835640 236.834912 46.904767 1
163.821045 235.460764 44.102058 1
166.523024 242.517497 42.195608 1
171.945311 256.678827 38.369777 1
171.945311 256.678827 38.369777 1
140.457986 224.270630 35.801823 1
142.902045 226.445341 22.439478 1
145.405166 219.972523 22.698291 1
152.695876 201.119483 23.452122 1
158.343740 196.112163 25.391478 1
169.677777 186.063560 29.283345 1
169.677777 186.063560 29.283345 1
133.804878 184.412847 42.964122 1
130.602233 166.368118 42.327156 1
126.636258 144.022541 41.538373 1
115.554813 124.862950 36.137665 1
106.331348 108.915771 31.642472 1
114.389797 97.717443 39.449185 1
120.821189 96.495421 43.555694 1
139.749650 185.605310 30.535945 1
145.604811 168.431257 33.190670 1
152.855442 147.164085 36.478097 1
152.802146 124.237171 38.224584 1
152.758678 105.539194 39.648927 1
166.485902 102.149229 46.815333 1
172.842617 103.044005 51.117869 1
138.530800 186.315700 37.626600 1
139.001110 194.063762 38.519131 1
139.111981 204.173441 39.246254 1
139.899644 213.838019 39.801555 1
145.435001 238.133636 41.319881 1
144.514988 243.371202 35.983195 1
138.324314 261.139293 32.149885 1
140.072854 224.269208 44.070599 1
139.883423 237.399216 48.172071 1
146.571993 236.672728 46.450091 1
166.053444 234.556716 41.434574 1
171.487464 239.771122 39.431050 1
182.392364 250.235303 35.410413 1
182.392364 250.235303 35.410413 1
142.364934 224.237667 36.219082 1
144.044054 226.596467 22.770228 1
146.222463 220.003966 22.923319 1
152.567402 200.802331 23.369220 1
157.647080 195.055848 24.750346 1
167.840894 183.523903 27.521964 1
167.840894 183.523903 27.521964 1
134.802006 184.537473 43.412634 1
131.458281 166.523687 42.639353 1
127.317601 144.216429 41.681765 1
116.106525 125.071881 36.499680 1
106.775165 109.137221 32.186454 1
114.934859 97.553646 39.294626 1
121.591532 96.513560 43.079660 1
140.288022 185.660949 30.768928 1
146.086206 168.461785 33.385869 1
153.266280 147.163516 36.626506 1
153.137463 124.238620 38.395394 1
153.032404 105.542288 39.838006 1
166.963145 102.146479 46.597359 1
173.443857 103.038378 50.711378 1
139.281300 186.421800 38.151800 1
139.956682 194.161045 38.987387 1
140.328135 204.267852 39.666426 1
141.372595 213.910570 40.176263 1
147.587194 238.051067 41.531864 1
146.453457 243.283753 36.231639 1
139.869271 260.943320 32.555776 1
141.936964 224.332640 44.433773 1
142.135238 237.487416 48.454668 1
148.597544 236.355861 46.176918 1
167.419970 233.060032 39.542640 1
174.767283 234.969146 37.780539 1
189.511745 238.800321 34.244388 1
189.511745 238.800321 34.244388 1
144.013951 224.242173 36.523091 1
145.271431 226.734627 23.052328 1
147.076562 220.028799 22.994544 1
152.334274 200.497081 22.826238 1
156.854542 194.218514 23.764049 1
165.925739 181.618793 25.646033 1
165.925739 181.618793 25.646033 1
135.688945 184.758150 44.057005 1
132.117308 166.798312 43.075928 1
127.694394 144.557858 41.861017 1
116.513242 125.317743 36.976777 1
107.206789 109.303540 32.911459 1
115.408657 97.358467 39.340340 1
122.269067 96.482483 42.788091 1
140.815108 185.693754 31.248064 1
146.556463 168.464007 33.787994 1
153.666164 147.127868 36.933267 1
153.505865 124.197572 38.628050 1
153.375131 105.496837 40.010227 1
167.485947 102.063589 46.365036 1
174.083273 102.936804 50.293529 1
140.051700 186.606100 38.560200 1
140.878778 194.336839 39.336009 1
141.441048 204.438207 39.962759 1
142.669404 214.061144 40.435086 1
149.358798 238.078981 41.707091 1
148.125188 243.288014 36.405872 1
141.403195 260.945451 32.977532 1
143.489522 224.469266 44.685126 1
144.188601 237.624887 48.646941 1
150.323433 235.659117 46.052801 1
168.192037 229.933513 38.496989 1
175.797897 229.812918 36.803158 1
191.061208 229.570908 33.404007 1
191.061208 229.570908 33.404007 1
145.456110 224.341958 36.746784 1
146.544617 226.914396 23.276344 1
147.918101 220.110567 23.049581 1
151.918575 200.293408 22.389102 1
155.990702 193.672589 22.950586 1
164.162577 180.386044 24.077362 1
164.162577 180.386044 24.077362 1
136.569447 185.035877 44.556241 1
132.748538 167.133191 43.474867 1
128.016940 144.963510 42.135754 1
116.856919 125.635050 37.561857 1
107.568054 109.547314 33.754848 1
115.720214 97.329571 39.717647 1
122.712028 96.527996 42.910070 1
141.412109 185.815272 31.627086 1
147.059192 168.548598 34.127287 1
154.052152 147.166731 37.223362 1
153.860982 124.231908 38.852410 1
153.705072 105.527480 40.180975 1
167.932158 102.037644 46.238777 1
174.611225 102.882443 50.033070 1
140.868300 186.801000 38.929600 1
141.707339 194.536587 39.641625 1
142.305617 204.639411 40.208733 1
143.612636 214.253123 40.657171 1
150.613762 238.180959 41.947673 1
149.458699 243.384306 36.623224 1
142.620705 261.036935 33.406032 1
144.573320 224.644701 44.918231 1
145.734689 237.546641 49.549235 1
151.477862 234.741748 46.832896 1
168.205704 226.572073 38.921159 1
175.539151 224.716865 37.047266 1
190.255788 220.993865 33.286771 1
190.255788 220.993865 33.286771 1
146.526717 224.501450 36.976904 1
147.609090 227.282489 23.547484 1
148.666191 220.430851 23.138148 1
151.745154 200.474439 21.945898 1
155.020103 193.403007 21.898201 1
161.592217 179.212179 21.802483 1
161.592217 179.212179 21.802483 1
137.424742 185.279192 44.960371 1
133.262132 167.455885 43.830198 1
128.107389 145.384503 42.430655 1
117.065976 125.930926 38.106133 1
107.875832 109.739051 34.506687 1
115.848619 97.349674 40.356807 1
122.862278 96.522072 43.494200 1
142.181732 185.956746 31.993728 1
147.676215 168.626766 34.393938 1
154.480206 147.166504 37.366192 1
154.191506 124.237730 39.064549 1
153.956055 105.538235 40.449639 1
168.260707 102.077018 46.338850 1
174.983676 102.936196 50.051500 1
141.579400 186.789500 39.125700 1
142.411755 194.528541 39.807382 1
143.025524 204.631671 40.352059 1
144.391349 214.236270 40.820087 1
151.648453 238.078154 42.276624 1
150.624523 243.259949 36.904537 1
143.638687 260.870465 33.775385 1
145.430250 224.598252 45.134532 1
146.887247 237.086987 50.716979 1
152.204317 233.482583 48.077472 1
167.691069 222.984215 40.389518 1
174.731382 220.457461 38.202690 1
188.859763 215.386813 33.814202 1
188.859763 215.386813 33.814202 1
147.453012 224.466652 37.210388 1
148.593886 227.515873 23.844173 1
149.254158 220.630589 23.222184 1
151.177299 200.576179 21.410547 1
153.695447 193.227060 20.792402 1
158.748823 178.478975 19.551918 1
158.748823 178.478975 19.551918 1
138.104318 185.293460 45.144824 1
133.777830 167.507129 44.048081 1
128.420150 145.481537 42.689937 1
117.313548 126.041089 38.474685 1
108.069145 109.860143 34.966187 1
115.885491 97.418827 40.916338 1
122.863797 96.509062 44.109319 1
142.930091 185.914590 32.200791 1
148.369750 168.582161 34.705906 1
155.105850 147.118868 37.808067 1
154.527218 124.180272 39.285375 1
154.055314 105.472767 40.490190 1
168.277816 101.801576 46.450784 1
174.985183 102.555349 50.214205 1
142.217200 186.854600 39.185900 1
143.067757 194.589382 39.892979 1
143.713649 204.688731 40.469686 1
145.122039 214.285226 40.976205 1
152.512644 238.078168 42.556507 1
151.637249 243.279588 37.177133 1
144.564763 260.853774 34.038393 1
146.199749 224.625362 45.333335 1
147.728038 236.821359 51.512091 1
152.662233 232.656601 48.955046 1
167.033799 220.526118 41.507274 1
173.383782 216.592483 39.285348 1
186.126818 208.698529 34.826426 1
186.126818 208.698529 34.826426 1
148.263164 224.510054 37.419425 1
149.513944 227.682209 24.091709 1
149.728696 220.796476 23.213913 1
150.354194 200.740757 20.657202 1
152.304901 193.270197 19.599760 1
156.219546 178.278403 17.477702 1
156.219546 178.278403 17.477702 1
138.701286 185.352941 45.179860 1
134.160338 167.617390 44.128688 1
128.537084 145.654683 42.826974 1
117.510408 126.157473 38.664379 1
108.332531 109.929281 35.199710 1
116.000837 97.477332 41.317876 1
122.921311 96.496899 44.614139 1
143.607425 185.993867 32.267041 1
148.869520 168.615426 34.831940 1
155.385739 147.095154 38.008133 1
154.663063 124.155817 39.408488 1
154.073685 105.447707 40.550543 1
168.216494 101.717912 46.662455 1
174.883795 102.442180 50.502091 1
142.465000 186.899600 39.120100 1
143.405050 194.622208 39.846668 1
144.156376 204.712637 40.451110 1
145.644660 214.295416 40.987961 1
153.182357 238.035553 42.664720 1
152.401250 243.329141 37.361273 1
145.332046 260.899124 34.191757 1
146.774439 224.615166 45.380091 1
148.238140 236.565637 52.035831 1
152.845918 231.982438 49.587844 1
166.266749 218.633187 42.457722 1
171.688340 213.444803 40.355402 1
182.568294 203.032843 36.136502 1
182.568294 203.032843 36.136502 1
148.862743 224.510618 37.472562 1
150.261501 227.664614 24.155249 1
150.036212 220.815339 23.029794 1
149.380027 200.865812 19.751743 1
150.926566 193.352342 18.377437 1
154.030134 178.274441 15.619503 1
154.030134 178.274441 15.619503 1
138.939573 185.422305 45.114527 1
134.329098 167.706039 44.041053 1
128.619745 145.767212 42.711722 1
117.610704 126.262061 38.539662 1
108.447505 110.027260 35.067115 1
116.171253 97.596741 41.159063 1
123.085423 96.479034 44.424725 1
143.836645 186.041501 32.197207 1
149.024864 168.641646 34.767419 1
155.449599 147.094856 37.950191 1
154.741707 124.155966 39.365351 1
154.164384 105.448222 40.519481 1
168.303314 101.729430 46.647054 1
174.966237 102.459204 50.493242 1
142.711000 186.988500 39.002600 1
143.691402 194.704111 39.749879 1
144.490794 204.789210 40.381029 1
146.014699 214.364855 40.944585 1
153.614522 238.079634 42.697990 1
152.959663 243.452453 37.457501 1
145.936496 261.067481 34.439276 1
147.160822 224.671247 45.363762 1
148.500867 236.390860 52.442603 1
152.790470 231.409477 50.203163 1
165.284566 216.900452 43.680462 1
170.187099 211.281032 41.417721 1
180.025419 200.004074 36.876891 1
180.025419 200.004074 36.876891 1
149.271867 224.578950 37.462122 1
150.845738 227.673770 24.150470 1
150.234256 220.884641 22.822391 1
148.453226 201.110300 18.954164 1
149.721756 193.584507 17.377462 1
152.267422 178.481874 14.213362 1
152.267422 178.481874 14.213362 1
139.164531 185.515975 44.985778 1
134.475852 167.820939 43.900919 1
128.669655 145.908403 42.557490 1
117.748372 126.360706 38.354025 1
108.658216 110.090493 34.855339 1
116.431373 97.720147 41.006638 1
123.316729 96.489036 44.292333 1
144.093063 186.139619 32.080642 1
149.173406 168.707286 34.646272 1
155.464554 147.120278 37.823370 1
154.772998 124.183142 39.274579 1
154.209000 105.476829 40.458108 1
168.327455 101.776727 46.643930 1
174.974227 102.515832 50.516191 1
142.903900 186.976800 38.854100 1
143.896701 194.689752 39.612379 1
144.702714 204.773577 40.255358 1
146.211141 214.350614 40.836611 1
153.715090 238.089764 42.671280 1
153.268607 243.575234 37.526475 1
146.331631 261.250160 34.663068 1
147.283685 224.657926 45.272084 1
148.318954 236.093175 52.849573 1
152.296023 230.731276 50.935692 1
163.879816 215.113947 45.361231 1
168.236182 209.148439 42.877785 1
176.978462 197.176957 37.894050 1
176.978462 197.176957 37.894050 1
149.464104 224.577922 37.389171 1
151.223797 227.683689 24.103361 1
150.300370 220.956867 22.644898 1
147.610751 201.364002 18.396907 1
148.718271 193.833509 16.724247 1
150.940825 178.721444 13.367581 1
150.940825 178.721444 13.367581 1
139.323397 185.507240 44.817705 1
134.599911 167.818097 43.789203 1
128.750613 145.912858 42.515565 1
117.936485 126.312284 38.281403 1
108.935518 109.998059 34.757167 1
116.751259 97.729616 41.056804 1
123.596966 96.464305 44.411627 1
144.319993 186.130248 31.938739 1
149.327741 168.685985 34.565285 1
155.528992 147.084204 37.817817 1
154.795941 124.145620 39.225092 1
154.198101 105.438125 40.372790 1
168.254662 101.685103 46.666742 1
174.871738 102.397526 50.594468 1
143.086300 186.937600 38.636200 1
144.058258 194.652807 39.398531 1
144.828166 204.739317 40.043630 1
146.280533 214.324397 40.635010 1
153.587937 238.119730 42.534081 1
153.352741 243.756721 37.541310 1
146.627489 261.530856 34.789056 1
147.238062 224.638754 45.080414 1
147.856670 235.735366 53.188285 1
151.502750 230.020543 51.679357 1
162.122492 213.375269 47.284383 1
166.080281 207.079201 44.954543 1
174.022703 194.444359 40.279062 1
174.022703 194.444359 40.279062 1
149.483540 224.576859 37.215622 1
151.425431 227.748930 23.970922 1
150.266767 221.071057 22.456499 1
146.891987 201.620762 18.045518 1
147.891193 194.088399 16.314100 1
149.896382 178.972580 12.839521 1
149.896382 178.972580 12.839521 1
139.471174 185.462236 44.577442 1
134.740664 167.772332 43.595360 1
128.882667 145.866150 42.379204 1
118.050623 126.263739 38.199701 1
109.034744 109.947984 34.720959 1
116.770685 97.688741 41.135947 1
123.588950 96.447122 44.554898 1
144.547899 186.092096 31.730185 1
149.336209 168.579037 34.307667 1
155.265724 146.892062 37.499442 1
154.280187 123.965803 38.952636 1
153.476434 105.268359 40.137785 1
167.422687 101.069830 46.395603 1
174.047848 101.556776 50.344069 1
143.199800 186.952000 38.418800 1
144.144323 194.670995 39.177263 1
144.858541 204.762613 39.806340 1
146.216411 214.363075 40.372165 1
153.180804 238.266534 42.200930 1
153.205521 244.078003 37.406667 1
146.867205 262.021590 34.842053 1
146.998652 224.712248 44.770706 1
147.097593 235.406645 53.423748 1
150.398958 229.384377 52.392604 1
160.014662 211.843628 49.389242 1
163.667580 205.226611 47.490823 1
170.998192 191.947693 43.681110 1
170.998192 191.947693 43.681110 1
149.303066 224.641240 36.923058 1
151.399450 227.890885 23.720784 1
150.097797 221.234924 22.226178 1
146.306540 201.848450 17.872917 1
147.245846 194.309022 16.138718 1
149.130829 179.179027 12.658555 1
149.130829 179.179027 12.658555 1
139.556229 185.472774 44.341677 1
134.853038 167.770071 43.464638 1
129.028871 145.848039 42.378562 1
118.165304 126.250794 38.257043 1
109.123188 109.939341 34.826563 1
116.762241 97.693931 41.382531 1
123.545506 96.479570 44.879987 1
144.702214 186.102744 31.522010 1
149.499275 168.600068 34.153187 1
155.439626 146.925951 37.411455 1
154.386838 124.000101 38.823368 1
153.528237 105.302992 39.974849 1
167.440642 101.117354 46.316089 1
174.042211 101.610850 50.303071 1
143.401200 186.927500 38.238400 1
144.269630 194.657337 38.977121 1
144.864501 204.758750 39.572269 1
146.065953 214.382198 40.100108 1
152.528303 238.432767 41.840983 1
152.918546 244.442962 37.315056 1
147.169312 262.596977 34.844872 1
146.600411 224.771186 44.441505 1
146.025269 234.906491 53.725893 1
149.070653 228.686820 53.205033 1
157.940779 210.571104 51.687949 1
161.409734 203.726717 50.326536 1
168.371170 189.991518 47.594475 1
168.371170 189.991518 47.594475 1
148.973072 224.700225 36.614220 1
151.254992 228.049763 23.467795 1
149.927323 221.383384 22.044191 1
146.060289 201.966568 17.897732 1
147.022411 194.419580 16.209531 1
148.953181 179.274415 12.821677 1
148.953181 179.274415 12.821677 1
139.732211 185.434302 44.142049 1
135.057186 167.716735 43.430093 1
129.267896 145.776298 42.548447 1
118.380954 126.197155 38.402651 1
109.319381 109.900767 34.951965 1
116.841852 97.702542 41.727039 1
123.555764 96.477033 45.352102 1
144.957043 186.069370 31.354567 1
149.706214 168.566720 34.071399 1
155.587262 146.892635 37.435736 1
154.415684 123.967257 38.758937 1
153.460205 105.270531 39.838069 1
167.296662 100.998177 46.286738 1
173.865624 101.447482 50.332371 1
143.672100 187.070500 38.064200 1
144.436216 194.814901 38.764656 1
144.881210 204.927147 39.304168 1
145.907388 214.573358 39.784197 1
151.842001 238.764640 41.452951 1
152.627363 244.943367 37.214403 1
147.603815 263.318237 34.795331 1
146.159372 225.000374 44.059507 1
144.954514 234.764042 53.675856 1
147.686998 228.379456 53.652066 1
155.645755 209.783402 53.582772 1
158.853994 202.717588 52.865696 1
165.292229 188.538032 51.426681 1
165.292229 188.538032 51.426681 1
148.653224 224.925913 36.270020 1
151.164437 228.392566 23.195956 1
149.891030 221.695700 21.869160 1
146.182041 202.190086 18.004673 1
147.259730 194.630268 16.448888 1
149.422417 179.459356 13.326766 1
149.422417 179.459356 13.326766 1
139.968581 185.565493 43.943238 1
135.283479 167.844778 43.394600 1
129.481713 145.900442 42.715198 1
118.453221 126.406334 38.542897 1
109.273831 110.180724 35.070149 1
116.545107 97.957470 42.070615 1
123.125680 96.425222 45.821327 1
145.301314 186.191918 31.199949 1
149.876991 168.634322 33.859385 1
155.543195 146.892197 37.152647 1
154.364912 123.972636 38.567494 1
153.403964 105.280655 39.721369 1
167.216758 101.055433 46.251309 1
173.762669 101.528712 50.331422 1
143.886900 187.183100 37.938500 1
144.553891 194.937380 38.628808 1
144.849033 205.056496 39.141635 1
145.683505 214.722800 39.587813 1
151.007156 239.061271 41.175284 1
152.252436 245.351296 37.220084 1
148.077398 263.957709 34.963039 1
145.634433 225.177124 43.803160 1
143.833458 234.564934 53.696620 1
146.278723 228.078019 54.109627 1
153.400910 209.183913 55.312568 1
156.342766 201.968722 55.173904 1
162.246430 187.489400 54.895636 1
162.246430 187.489400 54.895636 1
148.213634 225.119226 36.041374 1
150.982248 228.652132 23.037206 1
149.835610 221.917927 21.785936 1
146.495858 202.303558 18.141429 1
147.776822 194.729745 16.826437 1
150.347441 179.530746 14.187533 1
150.347441 179.530746 14.187533 1
140.150380 185.646742 43.788475 1
135.534628 167.904000 43.382464 1
129.818740 145.932386 42.879681 1
118.407080 126.649030 38.758737 1
108.908766 110.598837 35.328735 1
115.887359 98.299544 42.492011 1
122.328999 96.375664 46.302986 1
145.585890 186.309608 31.090534 1
149.962087 168.698265 33.730242 1
155.381268 146.889582 36.999073 1
154.191806 123.975303 38.488181 1
153.221741 105.287630 39.702619 1
166.972905 101.071710 46.367259 1
173.478799 101.549719 50.510340 1
144.074600 187.292200 37.954400 1
144.607453 195.061552 38.589616 1
144.725730 205.188159 39.019101 1
145.374830 214.871611 39.396280 1
150.179947 239.325058 40.866748 1
151.789350 245.737403 37.254214 1
148.637692 264.540535 34.966625 1
145.045512 225.356330 43.522618 1
142.598334 234.350650 53.640354 1
144.788937 227.802811 54.386698 1
151.169386 208.731257 56.560531 1
153.943543 201.448701 56.594412 1
159.510671 186.834191 56.662404 1
159.510671 186.834191 56.662404 1
147.753087 225.288391 35.804757 1
150.757216 228.925199 22.881759 1
149.770834 222.151952 21.706967 1
146.897847 202.423866 18.285209 1
148.474465 194.860086 17.267257 1
151.638394 179.681221 15.224447 1
151.638394 179.681221 15.224447 1
140.246209 185.747165 43.742360 1
135.640888 168.000360 43.400528 1
129.937917 146.023715 42.977223 1
118.501686 126.748375 38.887009 1
108.982921 110.704853 35.482586 1
115.732722 98.448727 42.933323 1
122.029245 96.345118 46.889102 1
145.923384 186.387388 31.149438 1
150.157166 168.735540 33.750580 1
155.399992 146.876700 36.971652 1
154.119982 123.966386 38.446632 1
153.076071 105.281948 39.649547 1
166.732660 101.050434 46.496281 1
173.182334 101.520339 50.727258 1
144.201600 187.384800 37.936100 1
144.640365 195.163341 38.529437 1
144.632133 205.293429 38.887010 1
145.135616 214.987971 39.195570 1
149.497089 239.532123 40.531487 1
151.472708 246.005484 37.222217 1
149.248295 264.959943 35.099900 1
144.546465 225.502570 43.215589 1
141.590483 234.286738 53.381985 1
143.488177 227.700167 54.498140 1
149.015486 208.515799 57.749101 1
151.546013 201.156042 58.152992 1
156.624231 186.386607 58.963516 1
156.624231 186.386607 58.963516 1
147.409763 225.410757 35.554386 1
150.631638 229.131656 22.708006 1
149.799105 222.324724 21.611405 1
147.374227 202.498527 18.417393 1
149.324427 194.986908 17.706747 1
153.238057 179.912720 16.280634 1
153.238057 179.912720 16.280634 1
140.276314 185.836946 43.658029 1
135.675934 168.087158 43.420500 1
129.979082 146.106818 43.126358 1
118.659011 126.768129 39.012106 1
109.236930 110.671880 35.587675 1
115.790842 98.504762 43.352556 1
121.951435 96.341120 47.485994 1
146.193491 186.455365 31.174982 1
150.305193 168.773571 33.768558 1
155.396843 146.877647 36.980262 1
154.055231 123.969920 38.440596 1
152.961081 105.287591 39.631568 1
166.513961 101.057364 46.682137 1
172.899612 101.527960 51.009061 1
144.233100 187.436100 37.943800 1
144.595448 195.221096 38.503086 1
144.479488 205.352679 38.793241 1
144.849918 215.055394 39.023359 1
148.782482 239.681599 40.166798 1
151.181988 246.169431 37.181977 1
149.618045 265.203977 35.191016 1
144.003825 225.603456 42.907553 1
140.474228 234.101888 53.133679 1
142.087997 227.502307 54.572864 1
146.788331 208.280048 58.764699 1
149.071948 200.870830 59.552921 1
153.654671 186.002137 61.134711 1
153.654671 186.002137 61.134711 1
147.032215 225.472589 35.310667 1
150.507658 229.245628 22.545851 1
149.818883 222.410211 21.529668 1
147.812721 202.501046 18.569883 1
150.158510 195.078199 18.207488 1
154.865998 180.182155 17.480240 1
154.865998 180.182155 17.480240 1
140.215139 185.885050 43.600161 1
135.613328 168.134782 43.438227 1
129.914704 146.153848 43.237698 1
118.726817 126.744804 39.093285 1
109.414757 110.589996 35.643750 1
115.788724 98.507700 43.685924 1
121.834177 96.338834 47.983375 1
146.358200 186.488107 31.225954 1
150.380325 168.785875 33.820573 1
155.361049 146.864642 37.033570 1
153.947194 123.959259 38.462173 1
152.794127 105.278842 39.627266 1
166.238961 101.031425 46.871697 1
172.561422 101.493322 51.291360 1
144.193300 187.455400 37.974400 1
144.534992 195.242907 38.511293 1
144.375509 205.375422 38.742175 1
144.657570 215.082744 38.887756 1
148.228276 239.773889 39.793227 1
150.991094 246.276692 37.178052 1
150.062076 265.359238 35.250065 1
143.576699 225.668024 42.609045 1
139.390039 233.755242 52.920390 1
140.714070 227.152417 54.617331 1
144.570497 207.920708 59.559919 1
146.608173 200.478221 60.650788 1
150.697342 185.542766 62.839924 1
150.697342 185.542766 62.839924 1
146.786406 225.479657 35.088191 1
150.538227 229.323519 22.423136 1
150.008984 222.462569 21.486526 1
148.467485 202.479037 18.758511 1
151.153098 195.163366 18.724484 1
156.542539 180.482402 18.656197 1
156.542539 180.482402 18.656197 1
140.080303 185.919085 43.566107 1
135.508092 168.160896 43.437565 1
129.846123 146.170154 43.278386 1
118.771210 126.698346 39.124956 1
109.553183 110.491298 35.667916 1
115.796185 98.472082 43.904985 1
121.766824 96.343829 48.325568 1
146.435585 186.486045 31.297821 1
150.439063 168.779110 33.889192 1
155.396696 146.852054 37.098165 1
153.934461 123.946775 38.478935 1
152.741937 105.266443 39.605018 1
166.097987 100.988232 46.994114 1
172.371019 101.434207 51.485266 1
144.151600 187.508800 37.970100 1
144.415828 195.300773 38.485470 1
144.160454 205.432110 38.678833 1
144.352761 215.142150 38.783706 1
147.693319 239.868953 39.588940 1
150.719938 246.375982 37.296149 1
150.441864 265.484140 35.418715 1
143.143660 225.736676 42.438640 1
138.502494 233.526042 52.784673 1
139.466952 226.887392 54.581370 1
142.276070 207.551340 59.814512 1
143.989814 200.047817 61.036375 1
147.428923 184.989875 63.488389 1
147.428923 184.989875 63.488389 1
146.421983 225.537723 34.947714 1
150.472521 229.361694 22.368945 1
150.146043 222.479986 21.494029 1
149.195130 202.435993 18.945707 1
152.155079 195.231877 19.214286 1
158.095056 180.774781 19.753264 1
158.095056 180.774781 19.753264 1
140.005246 185.951080 43.531165 1
135.421040 168.195827 43.426380 1
129.744217 146.208722 43.296619 1
118.710035 126.712856 39.147641 1
109.525909 110.485783 35.694307 1
115.636086 98.488602 44.062060 1
121.538017 96.340301 48.564457 1
146.460147 186.540114 31.316045 1
150.409709 168.818326 33.888550 1
155.300575 146.872877 37.074161 1
153.858604 123.970171 38.517499 1
152.682606 105.291937 39.694609 1
166.004427 101.091664 47.189454 1
172.244175 101.577336 51.722659 1
144.098500 187.539000 38.031700 1
144.316524 195.334009 38.522173 1
143.998914 205.464399 38.666834 1
144.116472 215.176078 38.714989 1
147.213608 239.938585 39.384695 1
150.538539 246.405028 37.412716 1
150.844251 265.517365 35.582722 1
142.742268 225.787004 42.262420 1
137.649962 233.370267 52.549187 1
138.379246 226.703185 54.351444 1
140.503389 207.284318 59.600775 1
142.383027 199.904593 61.255872 1
146.155051 185.095088 64.577291 1
146.155051 185.095088 64.577291 1
146.160615 225.560331 34.835141 1
150.516772 229.447626 22.378501 1
150.405566 222.549870 21.579399 1
150.081663 202.459134 19.251896 1
153.253085 195.360189 19.780841 1
159.617440 181.114148 20.842316 1
159.617440 181.114148 20.842316 1
139.885019 185.980158 43.541762 1
135.347959 168.212671 43.461771 1
129.729519 146.210414 43.362715 1
118.770083 126.678167 39.186826 1
109.648171 110.420812 35.711091 1
115.627208 98.455634 44.218237 1
121.466619 96.351652 48.821943 1
146.501892 186.558239 31.413089 1
150.432285 168.830044 33.970759 1
155.299415 146.876660 37.137999 1
153.829502 123.973662 38.548148 1
152.630717 105.295190 39.698191 1
165.881453 101.093412 47.317179 1
172.078770 101.578464 51.908285 1
144.064900 187.586100 38.095100 1
144.232501 195.384386 38.552164 1
143.858872 205.513463 38.646067 1
143.928555 215.225719 38.654702 1
146.904826 240.004225 39.279164 1
150.414414 246.443340 37.553090 1
151.156464 265.555596 35.851680 1
142.443540 225.844621 42.132932 1
136.991915 233.284054 52.340267 1
137.563654 226.587150 54.087997 1
139.228922 207.081424 59.178515 1
141.244210 199.809834 61.126671 1
145.288453 185.217331 65.036198 1
145.288453 185.217331 65.036198 1
145.997803 225.603255 34.770195 1
150.623199 229.572387 22.437038 1
150.721576 222.665032 21.723782 1
151.008113 202.546337 19.646316 1
154.353199 195.545027 20.370735 1
161.066059 181.494918 21.824488 1
161.066059 181.494918 21.824488 1
139.783811 186.028771 43.553231 1
135.298545 168.248015 43.508358 1
129.744243 146.229327 43.452789 1
118.872068 126.656744 39.237843 1
109.822788 110.365816 35.729600 1
115.663184 98.439492 44.386300 1
121.425434 96.351160 49.093200 1
146.565746 186.588573 31.515214 1
150.456769 168.847251 34.041874 1
155.275144 146.877611 37.170714 1
153.798354 123.973857 38.561236 1
152.593960 105.294767 39.695272 1
165.777732 101.103905 47.435474 1
171.932998 101.594477 52.082227 1
144.029300 187.634100 38.179400 1
144.162978 195.435036 38.601048 1
143.751434 205.562986 38.644353 1
143.783368 215.275410 38.619042 1
146.646314 240.067739 39.224438 1
150.283536 246.489560 37.711305 1
151.433501 265.595013 36.167608 1
142.194568 225.897644 42.040784 1
136.454212 233.153575 52.221885 1
136.952250 226.428706 53.882625 1
138.402852 206.841525 58.719770 1
140.539716 199.630496 60.761238 1
144.827936 185.159526 64.858021 1
144.827936 185.159526 64.858021 1
145.876898 225.650660 34.741442 1
150.768814 229.665728 22.526556 1
151.043453 222.756811 21.877405 1
151.843377 202.633564 19.986656 1
155.320109 195.715771 20.875016 1
162.297157 181.833261 22.657762 1
162.297157 181.833261 22.657762 1
139.673096 186.087809 43.580943 1
135.268653 168.286864 43.627082 1
129.814439 146.243174 43.684219 1
118.968479 126.672216 39.394845 1
109.941018 110.382641 35.824654 1
115.658467 98.529970 44.662690 1
121.321801 96.386391 49.463865 1
146.631005 186.613876 31.642240 1
150.486261 168.867775 34.190074 1
155.260345 146.892217 37.345136 1
153.730560 123.984942 38.615162 1
152.482946 105.302981 39.650929 1
165.550186 101.007357 47.530063 1
171.651836 101.444531 52.252246 1
144.058400 187.606200 38.335600 1
144.152440 195.409681 38.719137 1
143.695327 205.535763 38.708455 1
143.680042 215.248076 38.648387 1
146.398199 240.057004 39.241025 1
150.190982 246.432838 37.928670 1
151.852870 265.506949 36.465724 1
141.970300 225.870347 42.011209 1
136.011668 233.049802 52.120867 1
136.533422 226.304793 53.690133 1
138.053102 206.658954 58.260846 1
140.337509 199.483322 60.266966 1
144.921816 185.083387 64.292813 1
144.921816 185.083387 64.292813 1
145.790462 225.624464 34.783011 1
150.933646 229.676750 22.684181 1
151.347859 222.769461 22.094470 1
152.554315 202.650960 20.376850 1
156.020444 195.749723 21.421646 1
162.976213 181.900438 23.518324 1
162.976213 181.900438 23.518324 1
139.619130 186.068885 43.671679 1
135.260888 168.257081 43.813962 1
129.863885 146.199944 43.990157 1
119.047799 126.628914 39.626323 1
110.045203 110.339279 35.994156 1
115.603304 98.574558 45.048700 1
121.142252 96.354724 49.959091 1
146.773107 186.563796 31.848077 1
150.596313 168.817914 34.445254 1
155.330709 146.842627 37.661418 1
153.721589 123.931475 38.750584 1
152.409273 105.246352 39.638850 1
165.332255 100.847776 47.697073 1
171.363436 101.232347 52.513423 1
144.144000 187.607600 38.405700 1
144.173224 195.414381 38.727535 1
143.649469 205.536840 38.637403 1
143.586896 215.248575 38.531857 1
146.205310 240.068050 39.131875 1
150.160395 246.370569 37.951067 1
152.495647 265.383316 36.614720 1
141.753913 225.873233 41.821422 1
135.562878 233.032804 51.804743 1
136.200315 226.276215 53.278566 1
138.056939 206.596649 57.571288 1
140.507376 199.456037 59.505130 1
145.424868 185.126379 63.385930 1
145.424868 185.126379 63.385930 1
145.763132 225.622514 34.696518 1
151.126081 229.747601 22.718310 1
151.613553 222.838641 22.209778 1
153.033388 202.715271 20.728603 1
156.581505 195.862763 21.817971 1
163.701805 182.111267 24.004096 1
163.701805 182.111267 24.004096 1
139.617102 186.079526 43.670334 1
135.242298 168.272272 43.864560 1
129.824787 146.220771 44.105078 1
119.061579 126.623200 39.729631 1
110.102995 110.311474 36.087798 1
115.459701 98.638476 45.379339 1
120.855174 96.322439 50.403720 1
146.987284 186.533927 31.978636 1
150.787045 168.790507 34.626551 1
155.492410 146.818271 37.905545 1
153.813687 123.906441 38.868036 1
152.444608 105.220765 39.652992 1
165.241214 100.800360 47.898765 1
171.200423 101.173797 52.804745 1
144.221700 187.616700 38.465300 1
144.206826 195.423818 38.779870 1
143.634139 205.543468 38.673452 1
143.529820 215.254729 38.557800 1
146.044301 240.084786 39.164540 1
150.193922 246.290560 38.150756 1
153.359589 265.189682 36.915635 1
141.618110 225.875023 41.816504 1
135.264492 232.971157 51.742806 1
135.975585 226.201002 53.117330 1
138.046744 206.481921 57.120826 1
140.706676 199.381994 58.923191 1
146.044581 185.133981 62.540145 1
146.044581 185.133981 62.540145 1
145.708949 225.633726 34.737821 1
151.245042 229.766858 22.841437 1
151.786966 222.861561 22.338297 1
153.365399 202.748858 20.872827 1
156.943779 195.923259 22.030027 1
164.124813 182.225764 24.352275 1
164.124813 182.225764 24.352275 1
139.643328 186.069946 43.679727 1
135.205500 168.279146 43.940586 1
129.709943 146.248021 44.263619 1
118.970963 126.636857 39.889546 1
110.032544 110.313818 36.248855 1
115.220175 98.727290 45.742367 1
120.493261 96.322533 50.854243 1
147.143259 186.551944 32.071946 1
150.879224 168.803466 34.776142 1
155.505587 146.824965 38.124831 1
153.802836 123.912057 39.016864 1
152.414161 105.225502 39.744359 1
165.086807 100.792529 48.172803 1
170.974319 101.159536 53.165075 1
144.240100 187.621900 38.514100 1
144.190666 195.429332 38.817130 1
143.583176 205.546795 38.696680 1
143.457298 215.257764 38.578026 1
145.939863 240.090253 39.215897 1
150.327233 246.162402 38.416693 1
154.297686 264.920560 37.372282 1
141.508545 225.874441 41.826560 1
135.002846 232.788610 51.782723 1
135.793616 226.013316 53.086583 1
138.096844 206.279269 56.884260 1
140.968024 199.217870 58.504660 1
146.729857 185.047176 61.756451 1
146.729857 185.047176 61.756451 1
145.654950 225.640919 34.780019 1
151.281033 229.860213 22.956322 1
151.846168 222.956315 22.459552 1
153.492205 202.847689 21.012633 1
157.066146 196.024110 22.195189 1
164.238270 182.330669 24.568321 1
164.238270 182.330669 24.568321 1
139.624218 186.063831 43.691961 1
135.134111 168.286572 43.979884 1
129.573814 146.272214 44.336432 1
118.862783 126.642724 39.976049 1
109.947628 110.304432 36.346755 1
115.020179 98.779973 45.977018 1
120.209286 96.314243 51.145472 1
147.219869 186.560011 32.147189 1
150.918751 168.805331 34.861630 1
155.499194 146.819151 38.223005 1
153.809098 123.903627 39.070806 1
152.430742 105.214938 39.762227 1
165.020500 100.757519 48.301274 1
170.862589 101.112009 53.347521 1
