68 35
134.443000 187.667500 23.646500 1
133.930362 195.454373 23.256325 1
133.355813 205.532058 22.330709 1
132.895901 215.233188 22.427671 1
131.980206 239.742513 27.083528 1
135.074225 246.396043 28.791253 1
134.162260 265.520595 27.327139 1
128.429891 225.547591 23.283409 1
119.635681 236.110671 23.865005 1
122.298581 230.853593 27.539520 1
130.054672 215.541573 38.242088 1
137.292328 212.652272 38.273682 1
151.816673 206.853925 38.337086 1
151.816673 206.853925 38.337086 1
136.603625 225.836393 23.370676 1
149.318831 231.080380 23.089251 1
151.565416 224.789234 21.190751 1
158.108923 206.465336 15.661090 1
160.610291 200.223318 19.599755 1
165.629995 187.696942 27.503801 1
165.629995 187.696942 27.503801 1
127.689296 185.829074 22.400706 1
123.804074 168.069004 24.800678 1
118.992833 146.075932 27.772668 1
114.427395 123.985819 24.572724 1
110.627427 105.599466 21.909298 1
105.704665 99.068036 35.488427 1
104.364137 98.188536 43.048114 1
141.470287 186.768930 23.051398 1
142.268492 168.540425 24.885253 1
143.256937 145.967491 27.156173 1
142.752910 123.239437 23.709733 1
142.341852 104.703639 20.898998 1
142.159066 97.891342 35.211409 1
141.108951 97.007232 42.816399 1
134.596800 187.660600 23.643900 1
134.080057 195.447454 23.258795 1
133.494015 205.524911 22.337918 1
133.020248 215.225359 22.436443 1
132.068266 239.733926 27.089010 1
135.169405 246.375937 28.828370 1
134.080942 265.495437 27.419920 1
128.535054 225.530328 23.305408 1
119.539920 235.917853 23.970178 1
122.022251 230.495595 27.529268 1
129.252408 214.702465 37.895643 1
136.652528 212.262583 38.029493 1
151.502913 207.366118 38.298106 1
151.502913 207.366118 38.298106 1
136.708405 225.836805 23.363344 1
149.357738 231.223007 22.875217 1
151.537477 225.014698 20.653596 1
157.886284 206.932076 14.182794 1
160.282247 200.918134 18.521524 1
165.090425 188.849459 27.228416 1
165.090425 188.849459 27.228416 1
127.838021 185.820580 22.428348 1
123.987824 168.062077 24.895429 1
119.219956 146.070947 27.950523 1
114.657718 123.993026 24.663065 1
110.860414 105.616821 21.926800 1
105.981006 99.092038 35.524759 1
104.673654 98.211624 43.090148 1
141.621561 186.764349 23.016367 1
142.392916 168.538306 24.885850 1
143.348111 145.968423 27.200887 1
142.818111 123.239309 23.765348 1
142.385871 104.702647 20.963504 1
142.235604 97.893622 35.277850 1
141.203038 97.011344 42.885455 1
134.686800 187.649600 23.674900 1
134.155687 195.435954 23.299349 1
133.543871 205.512229 22.382309 1
133.056722 215.212130 22.468704 1
132.129832 239.735047 27.050178 1
135.204538 246.377642 28.833670 1
133.944979 265.492496 27.507153 1
128.565524 225.511524 23.372063 1
119.215245 235.569315 24.189483 1
121.466641 229.937575 27.572483 1
128.024165 213.534298 37.425972 1
135.570633 211.615924 37.747502 1
150.714717 207.766012 38.392755 1
150.714717 207.766012 38.392755 1
136.738160 225.833780 23.300577 1
149.289722 231.406170 22.487065 1
151.329982 225.277280 19.936769 1
157.272535 207.425977 12.508653 1
159.579838 201.750061 17.324570 1
164.210095 190.359731 26.989069 1
164.210095 190.359731 26.989069 1
127.912799 185.802261 22.559295 1
124.171933 168.035793 25.134845 1
119.539456 146.034799 28.324262 1
114.791416 124.027742 24.831194 1
110.839461 105.710519 21.923792 1
106.140319 99.227372 35.604902 1
104.976383 98.347523 43.193745 1
141.702479 186.761374 22.943029 1
142.483313 168.544172 24.893010 1
143.450246 145.985236 27.307732 1
142.886419 123.252474 23.901844 1
142.426591 104.712837 21.124181 1
142.457620 97.918832 35.446417 1
141.521519 97.044561 43.067417 1
134.632500 187.625500 23.723900 1
134.076675 195.410758 23.361630 1
133.419106 205.484513 22.448577 1
132.915680 215.183744 22.514421 1
132.075307 239.731155 26.979944 1
135.033415 246.413123 28.812876 1
133.818941 265.532490 27.509564 1
128.431617 225.479216 23.494659 1
118.633611 235.080949 24.524648 1
120.701005 229.283272 27.740670 1
126.722596 212.396682 37.107813 1
134.277709 210.677872 37.943683 1
149.439145 207.228440 39.621101 1
149.439145 207.228440 39.621101 1
136.597553 225.817449 23.172121 1
149.011325 231.606681 21.892240 1
150.909102 225.523662 19.130847 1
156.436652 207.805965 11.087883 1
158.712758 202.492533 16.314688 1
163.280409 191.829628 26.803753 1
163.280409 191.829628 26.803753 1
127.831140 185.765924 22.814059 1
124.281937 167.974712 25.488162 1
119.886804 145.943075 28.799621 1
115.004528 124.034288 24.897771 1
110.940844 105.798860 21.650126 1
106.609422 99.355711 35.470782 1
105.689430 98.476119 43.093074 1
141.624421 186.749143 22.780839 1
142.436921 168.549104 24.872969 1
143.443066 146.011422 27.463719 1
142.941162 123.264872 24.141224 1
142.531835 104.713989 21.431571 1
142.888923 97.921835 35.750267 1
142.126667 97.048586 43.390729 1
134.420700 187.602000 23.757000 1
133.840797 195.386927 23.426787 1
133.129105 205.459017 22.536224 1
132.606294 215.157322 22.585230 1
131.870214 239.733997 26.905850 1
134.820384 246.391433 28.838152 1
133.392123 265.493825 27.503069 1
128.134006 225.447600 23.668405 1
117.775671 234.396000 25.041756 1
119.705004 228.458532 28.083814 1
125.324471 211.164777 36.944259 1
132.708998 209.360061 38.660208 1
147.528104 205.738233 42.103740 1
147.528104 205.738233 42.103740 1
136.279841 225.805285 23.021574 1
148.499721 231.844511 21.162188 1
150.249249 225.775366 18.275218 1
155.345003 208.098080 9.866491 1
157.461642 203.126982 15.482606 1
161.709278 193.151070 26.752930 1
161.709278 193.151070 26.752930 1
127.588564 185.735167 23.139595 1
124.278694 167.903290 25.849546 1
120.179936 145.821297 29.205397 1
115.449915 123.960576 24.870451 1
111.512960 105.765154 21.262326 1
107.745452 99.304904 35.239341 1
107.120079 98.424238 42.891318 1
141.366427 186.734879 22.512288 1
142.334929 168.568437 24.819011 1
143.534257 146.072359 27.675498 1
143.056318 123.301429 24.520693 1
142.666537 104.730665 21.947801 1
143.607424 97.980288 36.259790 1
143.158079 97.129640 43.927564 1
133.901100 187.587500 23.730700 1
133.327891 195.373705 23.419480 1
132.587132 205.444910 22.542712 1
132.067483 215.143450 22.576518 1
131.516028 239.745998 26.775685 1
134.347457 246.439089 28.761707 1
132.834559 265.532908 27.397517 1
127.639363 225.432881 23.835009 1
116.697281 233.555242 25.719988 1
118.375407 227.425603 28.520235 1
123.263195 209.572121 36.676371 1
130.405529 207.665241 39.142867 1
144.738606 203.838395 44.092575 1
144.738606 203.838395 44.092575 1
135.737592 225.800177 22.746553 1
147.696829 232.110992 20.215680 1
149.298070 226.024429 17.279739 1
153.961917 208.296412 8.728376 1
155.793027 203.638958 14.702309 1
159.467669 194.292460 26.690697 1
159.467669 194.292460 26.690697 1
127.038419 185.742431 23.521754 1
124.144723 167.833487 26.199654 1
120.561333 145.656057 29.515814 1
115.918788 123.882511 24.676864 1
112.054640 105.759648 20.649238 1
109.141104 99.296750 34.827678 1
108.977698 98.416270 42.503449 1
140.758319 186.694828 22.079637 1
141.999129 168.581387 24.656893 1
143.535664 146.150943 27.848387 1
143.200343 123.346979 24.922089 1
142.926873 104.749272 22.535554 1
144.704037 98.028508 36.781919 1
144.704341 97.193825 44.464599 1
133.019100 187.474800 23.652300 1
132.465045 195.262654 23.347714 1
131.707288 205.333777 22.484638 1
131.211093 215.033525 22.523654 1
130.933750 239.645169 26.696488 1
133.603282 246.396480 28.709482 1
131.986121 265.477488 27.286907 1
126.874751 225.328189 24.033779 1
115.502591 232.662655 26.510602 1
116.854334 226.342958 29.053081 1
120.791485 207.935907 36.458427 1
127.672626 205.747302 39.389746 1
141.481542 201.355094 45.272245 1
141.481542 201.355094 45.272245 1
134.889537 225.688421 22.441803 1
146.535533 232.261665 19.214067 1
148.021497 226.146944 16.276030 1
152.349580 208.336910 7.718563 1
153.830297 203.952960 13.989223 1
156.801776 195.155326 26.573077 1
156.801776 195.155326 26.573077 1
126.148804 185.665009 23.913123 1
123.855891 167.687018 26.707630 1
121.016476 145.424084 30.168190 1
116.530790 123.748308 24.774182 1
112.797201 105.706822 20.284563 1
111.013834 99.219910 34.638151 1
111.430493 98.340484 42.304467 1
139.745172 186.539783 21.547535 1
141.374919 168.524371 24.558749 1
143.393087 146.215317 28.287628 1
143.370308 123.391777 25.498009 1
143.351730 104.778107 23.222943 1
146.058863 98.089782 37.337604 1
146.562344 97.272597 45.005654 1
131.827900 187.323600 23.470200 1
131.281263 195.113038 23.194050 1
130.496748 205.186103 22.378877 1
130.028165 214.886963 22.460128 1
130.073859 239.488278 26.702262 1
132.620116 246.290661 28.702988 1
130.863465 265.359631 27.284422 1
125.820590 225.185868 24.274877 1
114.297878 232.000027 27.444957 1
115.347489 225.518298 29.706701 1
118.404635 206.639304 36.294362 1
125.098926 204.194939 39.447816 1
138.532870 199.289478 45.776089 1
138.532870 199.289478 45.776089 1
133.715272 225.535079 22.164666 1
145.059995 232.283805 18.290776 1
146.474228 226.100074 15.463873 1
150.593386 208.089039 7.230099 1
151.778937 203.952485 13.727491 1
154.158080 195.651319 26.766347 1
154.158080 195.651319 26.766347 1
124.986650 185.539016 24.216451 1
123.372399 167.490851 27.032981 1
121.373401 145.141018 30.520813 1
117.074217 123.492653 24.870920 1
113.495861 105.473983 20.168319 1
113.097252 98.913758 34.593660 1
114.173391 98.032473 42.195283 1
138.385838 186.361707 20.898714 1
140.627175 168.461277 24.189553 1
143.402696 146.294611 28.264700 1
143.581845 123.429136 25.849254 1
143.727950 104.781265 23.879342 1
147.575531 98.215229 37.785068 1
148.698354 97.463877 45.393945 1
130.404900 187.184200 23.192300 1
129.822957 194.972149 22.948138 1
128.959527 205.043584 22.194951 1
128.479697 214.743170 22.338666 1
128.789475 239.320629 26.706159 1
131.376342 246.119687 28.665669 1
129.454560 265.176254 27.295338 1
124.396239 225.023541 24.507483 1
113.018317 231.690657 28.425072 1
113.851745 225.079531 30.381696 1
116.279227 205.823647 36.080653 1
122.889893 203.107960 39.188201 1
136.156017 197.658018 45.424348 1
136.156017 197.658018 45.424348 1
132.119581 225.400007 21.841171 1
143.314507 232.039926 17.386941 1
144.724733 225.762280 14.773057 1
148.832217 207.477704 7.159731 1
149.865923 203.579574 13.828221 1
151.940348 195.756873 27.210432 1
151.940348 195.756873 27.210432 1
123.642135 185.387067 24.449142 1
122.647806 167.282913 27.192465 1
121.416485 144.863747 30.589642 1
117.028852 123.318142 24.623775 1
113.376877 105.385002 19.658179 1
114.350446 98.774529 34.033146 1
116.090693 97.893045 41.510709 1
136.754675 186.231780 20.139827 1
139.592122 168.461782 23.668941 1
143.105823 146.456633 28.039150 1
143.705367 123.558625 26.034598 1
144.194324 104.884222 24.399791 1
149.061748 98.454151 38.047071 1
150.739375 97.775711 45.560097 1
128.854000 187.244200 22.792000 1
128.249549 195.032107 22.608789 1
127.324664 205.105341 21.959828 1
126.855259 214.803442 22.203418 1
127.518740 239.339152 26.762062 1
130.087611 246.151498 28.698965 1
127.973246 265.193216 27.408138 1
122.962224 225.059030 24.797961 1
111.759575 231.447207 29.588252 1
112.351949 224.715974 31.191238 1
114.077329 205.110261 35.860173 1
120.757004 202.213073 38.638834 1
134.161609 196.398897 44.214978 1
134.161609 196.398897 44.214978 1
130.439665 225.468026 21.508350 1
141.447665 232.004025 16.472506 1
142.822855 225.592978 14.183993 1
146.828294 206.919853 7.518357 1
147.765663 203.245749 14.326810 1
149.646759 195.872622 27.989896 1
149.646759 195.872622 27.989896 1
122.209496 185.438947 24.562862 1
121.646057 167.302862 27.216133 1
120.948326 144.844153 30.501793 1
116.468055 123.331991 24.484318 1
112.738973 105.426687 19.475765 1
114.779161 98.833792 33.746619 1
117.084255 97.954388 41.070048 1
134.950237 186.302993 19.257264 1
138.276082 168.587964 22.632925 1
142.394582 146.650885 26.813109 1
143.672284 123.718658 25.728270 1
144.714310 105.016347 24.843532 1
150.555431 98.847682 38.226910 1
152.757569 98.309018 45.614785 1
127.024800 187.232900 22.304600 1
126.469251 195.025103 22.151772 1
125.578557 205.106082 21.579807 1
125.205247 214.805636 21.914684 1
126.427026 239.282623 26.669348 1
128.805897 246.127566 28.730047 1
126.587033 265.163379 27.530789 1
121.618238 225.055079 24.939040 1
110.481765 230.719859 30.696146 1
110.758490 223.901916 31.988062 1
111.564492 204.043647 35.750956 1
118.377009 201.118459 38.152125 1
132.048195 195.248093 42.970728 1
132.048195 195.248093 42.970728 1
128.795950 225.454669 21.037536 1
139.475791 232.082672 15.445970 1
140.725123 225.528543 13.519177 1
144.363982 206.438671 7.907107 1
145.097429 202.904877 14.814138 1
146.569299 195.813321 28.675050 1
146.569299 195.813321 28.675050 1
120.507659 185.481661 24.541644 1
120.361281 167.314023 27.029698 1
120.180013 144.816242 30.110763 1
115.914694 123.248385 24.136605 1
112.364524 105.296724 19.164107 1
115.594797 98.657755 33.191770 1
118.461055 97.777661 40.314228 1
132.849628 186.240172 18.351095 1
136.662263 168.606017 21.634224 1
141.383571 146.769085 25.699824 1
143.454296 123.870912 25.413103 1
145.143070 105.196374 25.179268 1
151.957502 99.387254 38.259923 1
154.665531 99.035661 45.489255 1
125.240300 187.226100 21.923500 1
124.710295 195.020336 21.784235 1
123.827267 205.104677 21.261797 1
123.508983 214.803903 21.657476 1
125.104133 239.236102 26.530428 1
127.511732 245.993810 28.831643 1
125.202633 265.021308 27.671401 1
120.154550 225.034304 24.996806 1
109.247228 230.240729 31.567841 1
109.314784 223.379222 32.637948 1
109.511553 203.394067 35.754794 1
116.418751 200.383724 37.745064 1
130.279938 194.342472 41.739087 1
130.279938 194.342472 41.739087 1
127.063259 225.452519 20.638390 1
137.488494 232.087402 14.592907 1
138.590116 225.443284 12.898179 1
141.798747 206.091308 7.962031 1
142.405748 202.618518 14.912139 1
143.623868 195.649382 28.859497 1
143.623868 195.649382 28.859497 1
118.857869 185.508770 24.542600 1
119.085316 167.320832 26.871141 1
119.366974 144.797913 29.754675 1
115.371483 123.158421 23.853453 1
112.045900 105.147136 18.941663 1
116.314621 98.451856 32.661617 1
119.650258 97.570112 39.576490 1
130.819287 186.198776 17.638195 1
135.087538 168.666657 20.907051 1
140.373049 146.956081 24.954976 1
143.100403 124.125986 25.166495 1
145.324689 105.506969 25.338998 1
153.045501 100.168316 38.112946 1
156.179391 100.047821 45.175841 1
123.538300 187.165800 21.521400 1
123.044437 194.963096 21.428161 1
122.187030 205.053158 20.978601 1
121.932656 214.752458 21.416474 1
123.870286 239.164080 26.268357 1
126.243025 245.845060 28.816567 1
123.861427 264.877748 27.917373 1
118.795467 224.984274 24.956590 1
108.096793 229.768032 32.161387 1
108.039413 222.888140 33.106778 1
107.872286 202.849436 35.860370 1
114.797732 199.674259 37.500237 1
128.695537 193.302224 40.791077 1
128.695537 193.302224 40.791077 1
125.467077 225.391707 20.242296 1
135.572934 232.164617 13.819339 1
136.481834 225.438575 12.348207 1
139.129134 205.847980 8.063321 1
139.746669 202.429668 15.039459 1
140.985930 195.569857 29.039055 1
140.985930 195.569857 29.039055 1
117.295751 185.476119 24.474346 1
117.912392 167.277026 26.639450 1
118.676006 144.740293 29.320592 1
114.930468 123.038237 23.485555 1
111.812928 104.974877 18.628852 1
117.058617 98.228758 31.980201 1
120.832776 97.345624 38.665648 1
128.874369 186.119406 16.941470 1
133.602761 168.714827 20.258327 1
139.458079 147.162189 24.365694 1
142.688333 124.405071 24.978468 1
145.322757 105.845570 25.478213 1
153.940416 101.051816 37.889570 1
157.471408 101.190956 44.762197 1
122.147200 187.162600 21.201700 1
121.669708 194.961368 21.161198 1
120.808729 205.054448 20.793704 1
120.575525 214.751607 21.287233 1
122.709256 239.142861 26.159239 1
125.024183 245.794557 28.834085 1
122.568323 264.831294 28.290791 1
117.603288 224.957976 25.036939 1
107.166582 229.418791 32.810699 1
106.966327 222.516825 33.554159 1
106.383055 202.413827 35.719595 1
113.256606 199.076335 37.251968 1
127.050264 192.378568 40.327086 1
127.050264 192.378568 40.327086 1
124.022616 225.404944 19.987840 1
133.829398 232.269866 13.208835 1
134.688616 225.506845 11.884729 1
137.191210 205.808543 8.028074 1
137.825182 202.383867 14.999616 1
139.097426 195.511285 28.989986 1
139.097426 195.511285 28.989986 1
116.050806 185.476845 24.447705 1
116.930771 167.269899 26.449624 1
118.020469 144.723441 28.928687 1
114.465497 122.981166 23.124237 1
111.506572 104.884332 18.292992 1
117.556277 98.090416 31.274890 1
121.685009 97.204723 37.747025 1
127.252162 186.120686 16.364540 1
132.359059 168.849851 19.816560 1
138.683093 147.462832 24.091301 1
142.105574 124.742734 24.974618 1
144.896767 106.213425 25.695003 1
154.313561 101.896665 37.693981 1
158.193101 102.256117 44.367828 1
121.118600 187.193900 20.919500 1
120.607843 194.990665 20.920086 1
119.704079 205.082227 20.619769 1
119.484500 214.777030 21.163319 1
121.857937 239.139864 26.066540 1
124.113486 245.762767 28.860891 1
121.460741 264.779307 28.620180 1
116.689459 224.966828 25.090175 1
106.502172 229.127491 33.346271 1
106.076540 222.209893 33.788587 1
104.836822 202.061365 35.076896 1
111.586334 198.618114 36.899211 1
125.131074 191.708116 40.556176 1
125.131074 191.708116 40.556176 1
122.887076 225.433191 19.772940 1
132.456037 232.367216 12.729552 1
133.500903 225.610079 11.513281 1
136.544222 205.928914 7.970712 1
137.300190 202.449935 14.903095 1
138.817254 195.468380 28.814883 1
138.817254 195.468380 28.814883 1
115.155598 185.473317 24.387429 1
116.237285 167.266247 26.286756 1
117.576785 144.719635 28.638777 1
114.200942 122.926493 22.918757 1
111.391112 104.787320 18.157788 1
117.977526 97.970246 30.863399 1
122.350127 97.083720 37.173220 1
126.042254 186.187127 15.890746 1
131.385324 168.999022 19.397773 1
138.001816 147.714450 23.740632 1
141.310792 124.987832 24.857755 1
144.009417 106.453205 25.768821 1
154.130637 102.537040 37.323493 1
158.304814 103.068775 43.805297 1
120.291100 187.245300 20.748400 1
119.719676 195.037854 20.749518 1
118.746570 205.123496 20.467585 1
118.517249 214.816954 21.030735 1
121.063302 239.161576 25.937823 1
123.267526 245.752915 28.845465 1
120.385979 264.737648 28.864878 1
115.859580 224.993438 25.085411 1
105.864003 228.919453 33.683661 1
105.123199 222.015970 33.835637 1
102.965496 201.908553 34.278290 1
109.516716 198.340408 36.532748 1
122.663524 191.179775 41.056929 1
122.663524 191.179775 41.056929 1
121.875212 225.477115 19.564616 1
131.228228 232.518719 12.340217 1
132.759617 225.842671 11.193395 1
137.220009 206.397692 7.853107 1
138.182063 202.916991 14.759039 1
140.112698 195.931981 28.617745 1
140.112698 195.931981 28.617745 1
114.438013 185.485163 24.379877 1
115.737402 167.279038 26.147221 1
117.346492 144.733596 28.335800 1
114.061979 122.923287 22.628053 1
111.328166 104.769826 17.877298 1
118.299122 97.956017 30.377846 1
122.859969 97.071135 36.553206 1
125.084199 186.267104 15.589557 1
130.836100 169.242890 19.246102 1
137.958861 148.161267 23.774116 1
140.980447 125.395519 24.908659 1
143.444691 106.828980 25.833931 1
154.079978 102.933630 36.924595 1
158.535117 103.472047 43.216026 1
119.567200 187.240100 20.686800 1
118.952183 195.029230 20.646438 1
117.926040 205.108529 20.328058 1
117.675839 214.802713 20.869391 1
120.263362 239.150873 25.737072 1
122.495687 245.676743 28.768325 1
119.411055 264.627933 29.015801 1
115.062418 224.977561 24.956806 1
105.164460 228.874416 33.680337 1
104.154273 222.003571 33.649045 1
101.211952 201.991218 33.557902 1
107.409539 198.283855 36.486740 1
119.846682 190.843842 42.364251 1
119.846682 190.843842 42.364251 1
121.003798 225.465758 19.356572 1
130.215462 232.646860 12.088005 1
132.492051 226.191133 10.917239 1
139.122949 207.387869 7.507209 1
140.469889 203.945078 14.367651 1
143.172904 197.036146 28.135069 1
143.172904 197.036146 28.135069 1
113.781427 185.471616 24.420649 1
115.266692 167.266357 26.044669 1
117.105961 144.721988 28.055763 1
113.912977 122.900728 22.337946 1
111.255347 104.738151 17.578810 1
118.501338 97.924369 29.921981 1
123.197772 97.039533 35.994871 1
124.284660 186.254503 15.460090 1
130.641736 169.493891 19.326364 1
138.513903 148.738697 24.114090 1
141.131571 125.909144 24.923877 1
143.266401 107.290568 25.584296 1
154.304239 103.007590 36.125080 1
159.056025 103.362255 42.209077 1
119.140800 187.301500 20.740200 1
118.460046 195.084769 20.652380 1
117.361352 205.154418 20.276014 1
117.066078 214.849901 20.769244 1
119.602574 239.223687 25.534457 1
121.913200 245.673767 28.667540 1
118.680742 264.594843 29.185140 1
114.430707 225.036639 24.812711 1
104.556267 229.036232 33.516373 1
103.297027 222.207335 33.414170 1
99.629303 202.317160 33.116487 1
105.398991 198.833184 37.028689 1
116.977439 191.841459 44.879599 1
116.977439 191.841459 44.879599 1
120.372810 225.513189 19.212241 1
129.472516 232.901057 12.010172 1
132.692491 226.875670 10.762599 1
142.071140 209.325835 7.128858 1
143.951241 205.961538 13.902295 1
147.724196 199.210124 27.495112 1
147.724196 199.210124 27.495112 1
113.370471 185.507066 24.485550 1
114.910124 167.302977 26.071584 1
116.816744 144.760056 28.035640 1
113.789394 122.922805 22.288850 1
111.269627 104.746919 17.505599 1
118.499755 97.933289 29.858153 1
123.188404 97.048518 35.937065 1
123.865981 186.323871 15.518970 1
130.779734 169.830916 19.576191 1
139.341254 149.407170 24.600372 1
141.544426 126.520212 24.772510 1
143.341215 107.854820 24.912895 1
154.616935 103.031294 34.956682 1
159.575881 103.109927 40.883143 1
118.815300 187.388000 20.930700 1
118.106283 195.167735 20.777591 1
116.982168 205.230839 20.311862 1
116.668409 214.929733 20.719130 1
119.156713 239.346859 25.283647 1
121.516382 245.729136 28.517412 1
118.190374 264.627720 29.228040 1
113.990024 225.154310 24.636875 1
104.021214 229.266104 33.179182 1
102.464830 222.500111 33.008963 1
97.931634 202.793154 32.513172 1
103.307334 199.666205 37.209635 1
114.095133 193.390953 46.634393 1
114.095133 193.390953 46.634393 1
119.994930 225.577520 19.099462 1
128.978418 233.220176 12.018375 1
133.209182 227.860377 10.752218 1
145.531904 212.249163 7.064349 1
148.064233 209.011951 13.685564 1
153.146066 202.515569 26.972906 1
153.146066 202.515569 26.972906 1
113.015310 185.599667 24.632903 1
114.573162 167.390913 26.145937 1
116.502320 144.842216 28.019592 1
113.643349 122.985283 22.261400 1
111.263729 104.793016 17.468658 1
118.407610 97.979157 29.871166 1
123.053797 97.094270 35.982576 1
123.595048 186.389310 15.763403 1
131.031097 170.148803 19.914269 1
140.239390 150.037670 25.054415 1
142.266655 127.141100 24.476716 1
143.919984 108.467870 24.005574 1
155.404600 103.145746 33.548346 1
160.529484 102.950669 39.329157 1
118.583700 187.374200 21.206900 1
117.885571 195.153324 20.987195 1
116.781096 205.213241 20.417270 1
116.470756 214.916310 20.712209 1
118.900206 239.391297 24.989508 1
121.260054 245.722091 28.322811 1
117.891130 264.608786 29.139438 1
113.730425 225.195826 24.438677 1
103.608071 229.523539 32.688763 1
101.715187 222.844620 32.491286 1
96.201880 203.391279 31.916107 1
101.079047 200.827805 37.427420 1
110.866399 195.683324 48.487416 1
110.866399 195.683324 48.487416 1
119.839532 225.538021 19.010725 1
128.710561 233.492311 12.134014 1
133.910976 229.036091 10.981734 1
149.057952 216.056685 7.625549 1
152.357636 212.961071 13.970783 1
158.979385 206.748848 26.704288 1
158.979385 206.748848 26.704288 1
112.716039 185.616840 24.816133 1
114.227523 167.401706 26.299114 1
116.099259 144.845109 28.135555 1
113.544216 122.962946 22.330501 1
111.417566 104.749677 17.498755 1
118.327287 97.935933 30.033290 1
122.858047 97.051019 36.230753 1
123.454842 186.335366 16.133723 1
131.295209 170.253490 20.156222 1
141.004184 150.338796 25.137407 1
143.312067 127.485533 24.089330 1
145.194254 108.847621 23.234572 1
156.879120 103.477959 32.503691 1
162.087751 103.229745 38.207095 1
118.564800 187.389300 21.458600 1
117.903132 195.170014 21.188210 1
116.847377 205.229275 20.522439 1
116.556831 214.935986 20.690376 1
118.926283 239.478989 24.595396 1
121.252479 245.757183 28.049644 1
117.881651 264.643899 28.857887 1
113.744203 225.283829 24.165388 1
103.426077 229.838562 32.042299 1
101.188639 223.265207 31.920465 1
94.671769 204.119337 31.565605 1
98.955445 202.322790 37.823020 1
107.551791 198.717364 50.380297 1
107.551791 198.717364 50.380297 1
119.987841 225.520896 18.886967 1
128.735228 233.802321 12.241949 1
134.655537 230.277952 11.370893 1
151.899308 220.012698 8.833815 1
156.201671 217.276449 14.727484 1
164.835579 211.785393 26.554799 1
164.835579 211.785393 26.554799 1
112.617144 185.672572 24.954678 1
114.109474 167.454321 26.418651 1
115.957492 144.893865 28.231552 1
113.651097 122.981254 22.437244 1
111.731405 104.742643 17.614442 1
118.423840 97.928854 30.266299 1
122.847004 97.043916 36.541003 1
123.534780 186.306895 16.491505 1
131.581101 170.231946 20.115219 1
141.545114 150.325828 24.602575 1
144.568075 127.553200 23.619946 1
147.033442 108.981050 22.818565 1
158.905444 104.028244 32.081997 1
164.130260 103.970031 37.775694 1
118.760700 187.426000 21.772900 1
118.155591 195.209399 21.452021 1
117.165797 205.268373 20.687855 1
116.897901 214.977142 20.717885 1
119.175685 239.591949 24.202919 1
121.398043 245.838339 27.780973 1
118.121731 264.743658 28.541565 1
114.002017 225.390040 23.919425 1
103.486347 230.164468 31.394755 1
100.890182 223.723294 31.429022 1
93.328468 204.962421 31.528831 1
96.931147 204.186689 38.395538 1
104.160875 202.629821 52.175546 1
104.160875 202.629821 52.175546 1
120.375978 225.525679 18.795444 1
128.955111 234.195341 12.432231 1
135.336005 231.488129 12.001937 1
153.921303 223.602965 10.748643 1
159.341711 221.501620 15.938657 1
170.219293 217.284678 26.353889 1
170.219293 217.284678 26.353889 1
112.742450 185.766376 25.174465 1
114.177796 167.535160 26.529994 1
115.955248 144.958648 28.208605 1
113.833244 123.009033 22.484317 1
112.067027 104.739622 17.719795 1
118.617408 97.925857 30.445792 1
122.970030 97.040926 36.769635 1
123.808130 186.285446 16.897768 1
131.856491 170.086403 19.913308 1
141.823030 150.026617 23.647545 1
145.910774 127.404474 23.172761 1
149.244521 108.955051 22.785552 1
161.252036 104.805527 32.266424 1
166.413247 105.132301 38.008845 1
119.155400 187.390100 22.089200 1
118.652648 195.180877 21.770684 1
117.767735 205.246151 20.962109 1
117.535194 214.955419 20.867756 1
119.698392 239.645245 23.860335 1
121.818062 245.861423 27.551524 1
118.616368 264.785880 28.132787 1
114.560263 225.427783 23.790736 1
103.852401 230.320126 30.908439 1
100.895391 224.041775 31.169902 1
92.282661 205.755146 31.931450 1
95.364262 206.276700 39.070388 1
101.548296 207.323209 53.396727 1
101.548296 207.323209 53.396727 1
121.025477 225.468583 18.780717 1
129.408406 234.455775 12.599136 1
136.048902 232.431951 12.793858 1
155.390328 226.537257 13.361020 1
161.883602 225.360098 17.506428 1
174.914193 222.997796 25.825363 1
174.914193 222.997796 25.825363 1
113.093047 185.805490 25.447951 1
114.478959 167.559192 26.642427 1
116.195195 144.964003 28.121598 1
114.036588 123.007438 22.437792 1
112.239906 104.732242 17.706964 1
118.832620 97.918614 30.411156 1
123.206222 97.033773 36.720520 1
124.221167 186.188357 17.247904 1
132.149016 169.829711 19.660888 1
141.966321 149.572283 22.648959 1
147.223599 127.188831 22.845350 1
151.511156 108.934073 23.005516 1
163.568098 105.732099 32.786285 1
168.603139 106.507419 38.597267 1
119.818900 187.325800 22.382300 1
119.467158 195.126186 22.098262 1
118.730965 205.202047 21.272646 1
118.541711 214.910194 21.051459 1
120.526071 239.678089 23.467280 1
122.549731 245.851110 27.282691 1
119.321734 264.777770 27.574871 1
115.461908 225.435243 23.659640 1
104.553404 230.410881 30.405203 1
101.298198 224.303914 30.987061 1
91.816929 206.516469 32.681810 1
94.467347 208.456097 39.749047 1
99.786088 212.348384 53.931520 1
99.786088 212.348384 53.931520 1
122.015757 225.387458 18.766203 1
130.380363 234.434960 12.648106 1
137.132611 232.968031 13.344697 1
156.799531 228.695380 15.373625 1
163.973519 228.332745 18.396059 1
178.370155 227.605016 24.461430 1
178.370155 227.605016 24.461430 1
113.708633 185.842004 25.700028 1
115.026810 167.579203 26.703729 1
116.659166 144.963577 27.946655 1
114.316852 123.014023 22.308693 1
112.367263 104.744663 17.616022 1
119.076975 97.930974 30.258780 1
123.508548 97.046142 36.527563 1
124.887736 186.049815 17.563265 1
132.660470 169.550471 19.469788 1
142.285691 149.118813 21.830692 1
148.361159 126.954207 22.548594 1
153.315988 108.877927 23.134076 1
165.362243 106.436836 33.144807 1
170.279783 107.570229 38.997455 1
120.852300 187.296600 22.925100 1
120.566676 195.098917 22.620651 1
119.905831 205.173718 21.721614 1
119.753309 214.877960 21.351091 1
121.709849 239.696284 23.207220 1
123.492055 245.896554 27.098125 1
120.458850 264.857480 27.016150 1
116.635099 225.462897 23.653333 1
105.566757 230.590721 30.013544 1
102.055072 224.669971 30.931561 1
91.826770 207.424910 33.605421 1
94.156133 210.602715 40.329136 1
98.830585 216.979767 53.822251 1
98.830585 216.979767 53.822251 1
123.272000 225.296986 18.875784 1
131.685234 234.278971 12.727898 1
138.479863 233.128708 13.588056 1
158.270227 229.778393 16.093396 1
165.835738 229.875786 17.960554 1
181.018076 230.071234 21.707535 1
181.018076 230.071234 21.707535 1
114.696049 185.869580 26.182172 1
115.753637 167.577105 26.918219 1
117.063295 144.924732 27.829697 1
114.475140 122.986294 22.256334 1
112.320930 104.726186 17.617433 1
118.983806 97.912461 30.284916 1
123.392187 97.027581 36.570024 1
125.960488 185.968989 18.161887 1
133.471676 169.299343 19.570265 1
142.773019 148.656795 21.314302 1
149.157248 126.590853 22.330309 1
154.363888 108.595039 23.158910 1
166.331205 106.563021 33.354013 1
171.152313 107.892050 39.245606 1
122.406600 187.201900 23.156700 1
122.201580 195.010423 22.968663 1
121.606588 205.096303 22.151585 1
121.460928 214.797927 21.715557 1
123.322333 239.659239 23.008936 1
125.007563 245.888923 26.896066 1
121.954681 264.843901 26.560675 1
118.333452 225.413789 23.857243 1
107.363453 230.879282 30.105648 1
103.551168 225.194613 31.280803 1
92.447324 208.637172 34.703617 1
94.591098 212.815530 40.922803 1
98.893108 221.200487 53.403454 1
98.893108 221.200487 53.403454 1
124.873492 225.179381 18.950729 1
133.433980 233.926150 12.668444 1
140.283882 233.013164 13.357837 1
160.235236 230.353953 15.365802 1
167.936636 230.421851 16.555992 1
183.391673 230.558109 18.944444 1
183.391673 230.558109 18.944444 1
116.273963 185.792876 26.465740 1
116.927462 167.475989 27.048390 1
117.736718 144.793386 27.769912 1
114.731508 122.920659 22.147766 1
112.230168 104.715245 17.468260 1
118.942864 97.901593 30.109454 1
123.375995 97.016731 36.377131 1
127.443927 185.889860 18.314363 1
134.670433 169.075062 19.462722 1
143.619244 148.252766 20.884767 1
149.818052 126.152535 22.245292 1
154.873471 108.128757 23.354863 1
166.818214 106.214259 33.599067 1
171.641485 107.623376 39.470244 1
124.065000 186.921300 23.613500 1
123.969800 194.733388 23.501077 1
123.471294 204.828341 22.732946 1
123.359778 214.527088 22.228242 1
125.204806 239.410953 23.010311 1
126.784085 245.753788 26.756384 1
123.723486 264.700395 26.137856 1
120.276526 225.175062 24.272414 1
109.530850 231.173161 30.421260 1
105.312015 225.916178 32.093242 1
93.024035 210.604434 36.963138 1
95.232609 215.994116 42.140612 1
99.664659 226.809961 52.530794 1
99.664659 226.809961 52.530794 1
126.661677 224.861988 19.170181 1
135.180067 233.483950 12.662199 1
142.063651 232.773256 13.246290 1
162.113106 230.703248 14.947546 1
169.880126 230.791192 15.578717 1
185.466850 230.967677 16.845340 1
185.466850 230.967677 16.845340 1
117.980535 185.569283 27.033392 1
118.329213 167.241198 27.517764 1
118.760996 144.544728 28.117582 1
115.214345 122.788893 22.359031 1
112.262346 104.680772 17.565991 1
119.185567 97.867292 30.093217 1
123.722975 96.982493 36.285832 1
128.983989 185.582846 18.658056 1
136.044433 168.688966 19.670739 1
144.787604 147.768742 20.924773 1
150.840535 125.630045 22.316377 1
155.776984 107.574895 23.451296 1
167.853952 105.696104 33.545992 1
172.759297 107.130728 39.342518 1
125.876800 186.698800 24.296700 1
125.787046 194.510166 24.138808 1
125.290828 204.598522 23.287073 1
125.184671 214.289280 22.646156 1
127.028464 239.183579 22.957319 1
128.701375 245.650198 26.441992 1
125.633375 264.580163 25.458334 1
122.077957 224.976229 24.435539 1
111.372124 231.513801 30.083579 1
106.880044 226.805224 32.508548 1
93.796194 213.090794 39.571631 1
96.328440 219.405573 43.372159 1
101.410031 232.077916 50.999125 1
101.410031 232.077916 50.999125 1
128.531914 224.560808 19.428063 1
136.675509 233.326195 12.638005 1
143.571573 232.533767 12.853274 1
163.657377 230.225699 13.480280 1
171.443969 230.307160 13.788620 1
187.069968 230.470634 14.407390 1
187.069968 230.470634 14.407390 1
119.821407 185.372376 27.777668 1
119.796430 167.035478 27.957836 1
119.765501 144.328095 28.180946 1
115.677866 122.703697 22.287507 1
112.275587 104.704975 17.382194 1
119.299505 97.889781 29.852302 1
123.883741 97.005214 36.010364 1
130.751101 185.326730 19.306415 1
137.874252 168.460100 20.334083 1
146.695074 147.573620 21.606674 1
152.458014 125.341364 22.707463 1
157.157962 107.209912 23.605208 1
169.191129 104.952482 33.674608 1
174.170732 106.246753 39.440775 1
128.022000 186.429300 24.919000 1
128.057638 194.240955 24.754097 1
127.668571 204.329463 23.850081 1
127.581460 214.009330 23.059236 1
129.278516 238.913601 22.713115 1
130.848833 245.428886 26.154613 1
127.950610 264.366348 24.852076 1
124.433822 224.720496 24.617359 1
113.673871 231.226889 30.198162 1
108.973097 227.308185 33.480913 1
95.281395 215.894383 43.042411 1
98.092497 222.831266 45.212682 1
103.733700 236.752068 49.568087 1
103.733700 236.752068 49.568087 1
130.824106 224.214436 19.537090 1
138.257323 233.367392 12.450079 1
145.116041 232.284161 12.329371 1
165.093071 229.129085 11.977794 1
172.883216 228.929129 12.057697 1
188.516345 228.527862 12.218043 1
188.516345 228.527862 12.218043 1
121.999018 185.205053 28.492407 1
121.593150 166.872315 28.347842 1
121.090547 144.170084 28.168821 1
116.310736 122.740284 22.088273 1
112.332336 104.903534 17.027222 1
119.455231 98.106955 29.451263 1
124.138959 97.213061 35.532633 1
132.797240 184.973501 19.857176 1
139.949441 168.126732 21.002144 1
148.806238 147.264846 22.419991 1
154.241859 124.938292 23.241867 1
158.674864 106.729937 23.912144 1
170.545884 103.796350 33.999704 1
175.618106 104.830387 39.737612 1
130.746600 186.184400 25.284800 1
130.890945 193.995195 25.139646 1
130.577853 204.084632 24.216691 1
130.470022 213.752942 23.297457 1
131.913203 238.655740 22.302279 1
133.306259 245.231023 25.705776 1
130.559746 264.174539 24.181421 1
127.262128 224.469878 24.683507 1
116.497959 230.976804 30.255547 1
111.974486 227.804055 34.462901 1
98.799202 218.562955 46.717443 1
101.701727 225.785005 47.104826 1
107.526410 240.278104 47.882368 1
107.526410 240.278104 47.882368 1
133.513948 223.898047 19.440540 1
140.252095 233.295778 11.988354 1
146.970563 231.634015 11.413293 1
166.539096 226.793878 9.738348 1
174.301019 226.123832 9.928910 1
189.877513 224.779198 10.311326 1
189.877513 224.779198 10.311326 1
124.785659 185.036021 28.985171 1
123.911301 166.719805 28.821929 1
122.828545 144.038034 28.619781 1
117.182877 122.898830 22.270256 1
112.483794 105.303952 16.985328 1
119.541728 98.264491 29.310808 1
124.270827 97.275194 35.342087 1
135.389372 184.675250 20.116486 1
142.389927 167.794779 21.639804 1
151.058936 146.891159 23.526174 1
155.851904 124.411231 24.139980 1
159.760794 106.077792 24.640567 1
171.310854 102.363870 34.842959 1
176.424213 103.080372 40.592781 1
133.854900 186.256400 25.647500 1
134.029887 194.066390 25.493031 1
133.700709 204.152460 24.539392 1
133.522583 213.808540 23.509223 1
134.711209 238.696187 21.955293 1
136.033740 245.358129 25.215384 1
133.292633 264.292383 23.570965 1
130.299579 224.527702 24.841985 1
119.689288 231.136343 30.586777 1
115.741019 228.638840 35.725222 1
104.241101 221.364491 50.691704 1
106.880075 228.565489 49.308170 1
112.175894 243.016368 46.531869 1
112.175894 243.016368 46.531869 1
136.289208 223.896102 19.307875 1
142.636501 233.064676 11.251563 1
149.022997 230.557578 10.175877 1
167.624610 223.255279 7.042787 1
175.289300 221.966394 7.612014 1
190.670670 219.379882 8.754331 1
190.670670 219.379882 8.754331 1
128.036806 185.137035 29.577021 1
126.516095 166.865210 29.256466 1
124.632933 144.238410 28.859509 1
118.015466 123.388200 22.492886 1
112.507523 106.033863 17.193726 1
119.506982 98.461871 29.233594 1
124.344395 97.274613 35.142000 1
138.286471 184.723974 20.303608 1
145.260816 167.918947 22.590131 1
153.897367 147.108753 25.421602 1
157.667197 124.429191 25.771284 1
160.741669 105.932940 26.056465 1
172.359626 102.048082 36.117124 1
177.563644 102.693671 41.793538 1
137.071300 186.489000 25.801000 1
137.392773 194.294714 25.667172 1
137.128469 204.384854 24.736681 1
136.839785 214.033028 23.658602 1
137.398690 238.913958 21.696595 1
138.890179 245.684427 24.645314 1
136.031002 264.595520 22.936673 1
133.520913 224.707083 25.112588 1
123.289034 231.625221 31.170894 1
120.316724 229.705392 37.146645 1
111.659430 224.113608 54.551905 1
113.739015 231.022167 51.605746 1
117.912290 244.886209 45.693590 1
117.912290 244.886209 45.693590 1
139.053644 224.110103 19.118136 1
145.179971 232.600278 10.194005 1
150.959931 229.026208 8.762905 1
167.794919 218.616194 4.594617 1
175.240814 216.488220 5.468177 1
190.183107 212.217840 7.221221 1
190.183107 212.217840 7.221221 1
131.452079 185.464832 30.034174 1
129.289618 167.261487 29.547466 1
126.611749 144.719487 28.944755 1
119.023317 124.141603 22.778528 1
112.707206 107.013930 17.646165 1
119.771810 98.567134 29.049187 1
124.833862 97.067155 34.692334 1
141.177491 184.896037 20.220140 1
148.019373 168.081084 22.813319 1
156.491891 147.258597 26.024532 1
159.527355 124.469064 26.370361 1
162.002917 105.883127 26.652400 1
174.025334 101.853623 36.166100 1
179.475250 102.424795 41.615178 1
140.485900 187.007300 25.916500 1
140.680162 194.817878 25.829598 1
140.222922 204.905136 24.943723 1
139.739271 214.541578 23.831107 1
139.808454 239.399951 21.533497 1
141.785525 246.327810 23.736835 1
138.574615 265.188416 22.096299 1
136.289336 225.177524 25.259059 1
126.440119 232.762964 31.150501 1
125.304103 231.397823 37.864354 1
121.995286 227.421649 57.419446 1
123.293273 233.909629 53.301914 1
125.898084 246.929675 45.039056 1
125.898084 246.929675 45.039056 1
141.628513 224.592511 19.090437 1
147.669468 231.795854 9.046844 1
152.452302 227.056531 7.345876 1
166.383010 213.252547 2.391561 1
173.460592 210.174406 3.471189 1
187.663764 203.997246 5.637766 1
187.663764 203.997246 5.637766 1
135.035362 185.864693 30.335823 1
132.213567 167.748049 30.020213 1
128.719215 145.313417 29.629380 1
120.377910 124.990449 23.591533 1
113.435157 108.074953 18.566025 1
119.847051 98.770845 29.683898 1
124.823194 96.960107 35.312276 1
144.418249 185.518371 20.183783 1
150.767948 168.497673 22.684932 1
158.630981 147.420406 25.782181 1
160.686180 124.525084 26.308338 1
162.362291 105.852871 26.737442 1
174.586015 101.743406 35.955835 1
180.162474 102.274028 41.279539 1
143.642000 187.433600 25.622400 1
143.946500 195.241141 25.624879 1
143.540226 205.339997 24.853735 1
142.996362 214.976710 23.771694 1
142.717575 239.809997 21.231491 1
144.972880 246.858602 22.641990 1
141.261528 265.617837 20.898215 1
139.619287 225.609089 25.387962 1
130.690029 233.971317 31.680542 1
131.314734 233.357775 38.569902 1
133.134277 231.570745 58.636183 1
133.182780 237.536875 53.622636 1
133.280179 249.509696 43.561646 1
133.280179 249.509696 43.561646 1
144.408065 224.987561 18.786276 1
150.179224 230.714784 7.689083 1
153.796894 224.999141 6.116233 1
164.333894 208.351483 1.535079 1
170.879093 204.232471 2.497796 1
184.013888 195.966508 4.429759 1
184.013888 195.966508 4.429759 1
138.450334 186.306721 30.346918 1
134.993460 168.298373 30.190954 1
130.712663 145.997847 29.997816 1
121.741200 125.805921 24.443091 1
114.273946 108.999495 19.819702 1
120.477833 98.842115 30.289913 1
125.616406 96.882310 35.718876 1
147.200490 185.968856 19.644440 1
153.058520 168.789934 22.261061 1
160.312703 147.516733 25.501302 1
161.583466 124.569201 26.202994 1
162.619831 105.854408 26.775256 1
175.148993 101.778838 35.589775 1
180.898005 102.326727 40.724846 1
146.328300 187.769900 25.147500 1
146.714654 195.573198 25.245933 1
146.382128 205.685993 24.639782 1
145.911914 215.342173 23.707076 1
145.907050 240.200757 21.410721 1
148.250964 247.360182 21.497013 1
143.778995 265.915409 19.392532 1
142.874318 226.017627 25.674848 1
135.261514 235.443147 32.190969 1
137.793377 235.697350 38.652781 1
145.167804 236.437756 57.473766 1
143.571511 241.765716 52.015066 1
140.368189 252.457880 41.060716 1
140.368189 252.457880 41.060716 1
147.119051 225.375323 18.712763 1
152.532703 229.517807 6.763401 1
154.916995 223.112650 5.530893 1
161.861599 204.456678 1.941037 1
167.587747 199.213599 2.614881 1
179.078883 188.691876 3.967138 1
179.078883 188.691876 3.967138 1
141.426353 186.620707 30.166922 1
137.645077 168.677048 30.211045 1
132.962558 146.456629 30.265684 1
123.258598 126.459615 25.264828 1
115.181661 109.815420 21.102444 1
121.302351 98.932566 30.869046 1
126.685803 96.902743 36.028279 1
149.495638 186.362802 18.940055 1
154.922577 169.059300 21.663232 1
161.642926 147.631826 25.035427 1
162.284488 124.668965 26.031359 1
162.807710 105.941671 26.843588 1
175.656009 102.022312 35.260579 1
181.569881 102.649768 40.195423 1
148.329500 187.895400 24.793100 1
148.861147 195.688612 24.976438 1
148.682129 205.814748 24.556998 1
148.365721 215.495384 23.837254 1
148.855458 240.389615 22.031725 1
151.260932 247.361167 20.492280 1
145.914118 265.651806 18.128404 1
145.817517 226.201634 26.275963 1
140.178839 236.737923 33.091164 1
144.591225 237.409812 38.411821 1
157.442952 239.366788 53.909020 1
154.798108 244.590213 48.765738 1
149.490595 255.072592 38.444329 1
149.490595 255.072592 38.444329 1
149.404120 225.599713 18.949646 1
154.358450 228.284271 6.399634 1
155.675645 221.518720 5.549762 1
159.512172 201.813049 3.074392 1
164.037101 195.481643 3.487939 1
173.117653 182.775884 4.317837 1
173.117653 182.775884 4.317837 1
143.800966 186.747959 30.152213 1
139.919007 168.825857 30.092460 1
135.111807 146.632135 30.018466 1
124.908358 126.749044 25.590335 1
116.415679 110.199673 21.904649 1
123.001063 98.754308 30.675181 1
128.869326 96.888997 35.344604 1
150.993384 186.535102 18.343477 1
156.199564 169.163331 21.063004 1
162.646540 147.651318 24.430679 1
162.866600 124.700977 25.819884 1
163.046068 105.983894 26.952847 1
176.384029 102.280031 34.677230 1
182.555688 103.016732 39.269415 1
149.742400 187.897800 24.391700 1
150.461184 195.672615 24.684997 1
150.559035 205.807145 24.516702 1
150.645428 215.510764 24.110287 1
152.596781 240.379568 23.131862 1
154.201891 246.911106 19.737548 1
147.987218 264.885279 17.085991 1
149.018007 226.247373 27.133723 1
145.627692 237.972956 33.479708 1
151.594448 238.408227 37.006510 1
168.973507 239.676018 47.278845 1
166.045165 245.388699 42.860382 1
160.168755 256.852887 33.993497 1
160.168755 256.852887 33.993497 1
151.915378 225.719810 19.503004 1
155.753521 227.617420 6.429260 1
156.095137 220.696144 5.971872 1
157.090145 200.536902 4.639667 1
160.054921 193.333298 4.865309 1
166.004583 178.877229 5.318121 1
166.004583 178.877229 5.318121 1
145.647684 186.728150 30.084638 1
141.642799 168.835883 29.764344 1
136.683374 146.679106 29.367709 1
126.186197 126.872674 25.297025 1
117.449037 110.387107 21.908855 1
124.619560 98.467318 29.510705 1
131.013105 96.927464 33.569134 1
151.833231 186.622839 17.717329 1
156.995193 169.219370 20.315790 1
163.387412 147.668105 23.533543 1
163.350145 124.756436 25.470168 1
163.319752 106.070892 27.049576 1
177.212041 102.589826 33.844602 1
183.682673 103.438786 37.983498 1
150.627800 187.865700 24.160200 1
151.611015 195.607269 24.549846 1
152.106761 205.731375 24.607487 1
152.733010 215.422828 24.479423 1
156.526871 240.095632 24.193375 1
157.012412 246.032670 19.580937 1
150.106052 263.737141 16.828183 1
152.219762 226.115961 28.009002 1
150.853295 238.542904 33.749986 1
157.629718 238.278905 35.246770 1
177.367054 237.509970 39.606376 1
176.366920 244.478952 36.264857 1
174.360026 258.464208 29.559156 1
174.360026 258.464208 29.559156 1
154.387934 225.691264 20.133749 1
156.867144 227.244474 6.691424 1
156.395297 220.317142 6.552122 1
155.020973 200.140262 6.146390 1
156.251667 192.448017 6.364272 1
158.721404 177.011351 6.801513 1
158.721404 177.011351 6.801513 1
146.941734 186.694427 30.125548 1
142.892633 168.814685 29.684541 1
137.878453 146.673417 29.138423 1
127.152698 126.973588 25.147069 1
118.225286 110.576752 21.824926 1
125.931258 98.376384 28.386551 1
132.693538 96.952843 31.845527 1
152.165418 186.675429 17.321829 1
157.264549 169.228263 19.745430 1
163.578965 147.622887 22.746649 1
163.573030 124.754260 25.138782 1
163.568188 106.103818 27.089678 1
177.892938 102.752080 32.993348 1
184.609833 103.666021 36.703913 1
151.240900 187.861600 23.909900 1
152.564200 195.550873 24.327491 1
153.528751 205.639944 24.491488 1
154.686744 215.283174 24.494660 1
160.073561 239.659485 24.482408 1
159.670895 245.263688 19.463492 1
152.248827 262.753365 16.679992 1
155.113687 225.892624 28.279066 1
155.102917 238.600692 33.547837 1
161.991406 237.719270 33.505659 1
182.055151 235.151996 33.382810 1
185.011352 241.973571 31.046207 1
190.943952 255.662931 26.357165 1
190.943952 255.662931 26.357165 1
156.726172 225.532262 20.268387 1
157.813165 227.404889 6.682852 1
156.636697 220.560965 6.764027 1
153.210061 200.627021 7.000465 1
153.483155 192.838749 6.969487 1
154.031196 177.209378 6.907318 1
154.031196 177.209378 6.907318 1
147.869899 186.758834 30.071441 1
143.973394 168.845794 29.607623 1
139.148182 146.663291 29.033256 1
128.088451 127.155225 25.011607 1
118.883059 110.917998 21.664249 1
127.070758 98.596473 27.358765 1
134.028935 96.911472 30.268051 1
152.319817 186.704057 16.978784 1
157.409814 169.226091 19.190389 1
163.712917 147.582573 21.929087 1
163.842866 124.744211 24.591557 1
163.948845 106.118451 26.762927 1
178.572397 102.740674 31.864716 1
185.488956 103.644824 35.190975 1
152.082900 188.054800 23.749900 1
153.607130 195.706609 24.170568 1
154.862568 205.763154 24.361320 1
156.365619 215.358642 24.378682 1
162.802651 239.478707 24.280919 1
161.967752 245.015119 19.240102 1
154.228696 262.389164 16.599391 1
157.416823 225.909204 28.205567 1
158.154766 238.783332 32.997990 1
164.931535 237.554774 32.105791 1
184.669877 233.976417 29.507129 1
190.424056 238.832734 27.497569 1
201.971551 248.578194 23.464850 1
201.971551 248.578194 23.464850 1
158.664855 225.543405 20.130324 1
158.729068 227.925948 6.581360 1
156.833350 221.247801 6.777768 1
151.311794 201.796709 7.349840 1
150.885754 194.026988 6.922463 1
150.030785 178.434846 6.064808 1
150.030785 178.434846 6.064808 1
148.870243 186.996097 30.003084 1
145.006444 169.072411 29.707374 1
140.221734 146.876726 29.341183 1
128.832280 127.541280 25.407122 1
119.352448 111.447731 22.132668 1
127.619572 99.041665 27.520625 1
134.525412 96.816220 30.180733 1
152.926615 186.914846 16.783338 1
157.776702 169.353246 18.867906 1
163.782718 147.606162 21.449289 1
163.938088 124.783939 24.245440 1
164.064798 106.171342 26.525833 1
178.779217 102.712586 31.301686 1
185.781286 103.585662 34.452724 1
153.149100 188.310300 23.594800 1
154.741198 195.950279 23.977377 1
156.114069 205.991931 24.141894 1
157.795365 215.557809 24.134191 1
164.853043 239.502752 23.907490 1
163.826275 245.023852 18.885345 1
156.147210 262.483957 16.671637 1
159.231853 226.065269 27.954430 1
160.466688 238.953164 32.605494 1
167.065964 237.463983 31.036463 1
186.287335 233.126522 26.466430 1
193.587321 234.998532 24.481867 1
208.236863 238.755117 20.499349 1
208.236863 238.755117 20.499349 1
160.234725 225.692904 19.845389 1
159.759220 228.368688 6.359503 1
157.279226 221.885820 6.587570 1
150.055878 203.003505 7.251855 1
149.054323 195.294324 6.705831 1
147.044421 179.823673 5.610077 1
147.044421 179.823673 5.610077 1
150.088207 187.274072 29.927374 1
146.125653 169.369520 29.936882 1
141.218648 147.197530 29.948656 1
129.351413 128.097820 26.284530 1
119.473908 112.200483 23.234753 1
127.556827 99.633483 28.528414 1
134.242815 96.662600 31.016550 1
153.807195 187.165999 16.608970 1
158.307046 169.504814 18.636895 1
163.879353 147.634412 21.148136 1
163.953117 124.813079 23.954871 1
164.013273 106.201208 26.243895 1
178.775349 102.655620 30.804141 1
185.833381 103.492175 33.838053 1
154.144100 188.581100 23.612600 1
155.794789 196.212937 23.896705 1
157.263538 206.242114 23.967292 1
159.087737 215.781368 23.879050 1
166.639837 239.571506 23.412565 1
165.507628 245.074870 18.393618 1
157.929112 262.623889 16.571041 1
160.852232 226.260547 27.639079 1
162.676696 239.076411 32.295257 1
168.824566 236.589389 30.234095 1
186.731146 229.345569 24.230653 1
194.196384 229.086958 22.008930 1
209.177514 228.567840 17.550487 1
209.177514 228.567840 17.550487 1
161.619020 225.857652 19.505773 1
160.821504 228.669088 6.062751 1
157.996433 222.326955 6.224904 1
149.767996 203.854554 6.697206 1
148.111720 196.260116 6.136861 1
144.787932 181.019729 5.012368 1
144.787932 181.019729 5.012368 1
151.279802 187.602715 30.045553 1
147.210394 169.725514 30.392702 1
142.171068 147.587394 30.822592 1
129.837005 128.684843 27.720908 1
119.570943 112.951608 25.139270 1
127.580021 100.285660 30.307862 1
133.943703 96.495434 32.511755 1
154.572598 187.390424 16.616672 1
158.796184 169.644698 18.495267 1
164.026383 147.669606 20.821588 1
164.060518 124.860588 23.727435 1
164.088356 106.258759 26.097291 1
178.952825 102.598319 30.212464 1
186.112898 103.386910 33.010991 1
155.136300 188.748900 23.584700 1
156.820656 196.377218 23.733443 1
158.343650 206.398307 23.663640 1
160.251609 215.919527 23.466344 1
168.100754 239.607428 22.761548 1
167.009985 245.126102 17.750240 1
159.551904 262.751631 16.187704 1
162.202707 226.395312 27.142697 1
164.562742 238.761681 32.688706 1
170.112280 235.164243 30.569499 1
186.276131 224.686171 24.396997 1
193.412470 223.195762 21.643078 1
207.733544 220.204688 16.116619 1
207.733544 220.204688 16.116619 1
162.850406 225.938476 19.001891 1
161.823272 229.075266 5.646720 1
158.802706 222.822526 5.743622 1
150.004862 204.610494 6.025872 1
148.007237 197.102551 5.415131 1
143.998436 182.035739 4.189506 1
143.998436 182.035739 4.189506 1
152.439815 187.858150 30.102358 1
148.213709 170.027593 30.799618 1
142.980337 147.947234 31.663066 1
130.206518 129.245590 29.186363 1
119.574433 113.679577 27.124917 1
127.413516 100.891982 32.254449 1
133.490406 96.565043 34.271480 1
155.375357 187.473357 16.594695 1
159.473474 169.689286 18.386574 1
164.548301 147.666710 20.605513 1
164.414243 124.868999 23.595972 1
164.304911 106.276392 26.034831 1
179.275699 102.549097 29.677450 1
186.527415 103.308463 32.237968 1
155.951500 188.851300 23.443400 1
157.687405 196.469274 23.502816 1
159.274164 206.479401 23.341089 1
161.242979 215.986406 23.070048 1
169.249201 239.615863 22.191576 1
168.276668 245.163599 17.188022 1
161.025616 262.879259 15.670992 1
163.317523 226.458220 26.689694 1
165.936317 237.991469 33.716866 1
170.878114 233.582576 31.626345 1
185.271829 220.741022 25.537394 1
191.937940 218.164887 22.429468 1
205.315342 212.994994 16.192579 1
205.315342 212.994994 16.192579 1
163.852087 225.974199 18.542246 1
162.634449 229.417272 5.278850 1
159.463673 223.238587 5.276528 1
150.228324 205.242250 5.269770 1
148.263069 197.736573 4.538128 1
144.319230 182.674308 3.069881 1
144.319230 182.674308 3.069881 1
153.382733 188.024443 30.020791 1
149.033514 170.247474 31.177753 1
143.647686 148.233475 32.610469 1
130.604921 129.639396 30.820921 1
119.748983 114.162912 29.331417 1
127.466827 101.362827 34.611436 1
133.465965 96.925651 36.621718 1
156.039886 187.524730 16.459366 1
160.016589 169.709586 18.215793 1
164.941065 147.648530 20.390829 1
164.660775 124.857191 23.419483 1
164.432184 106.269781 25.889494 1
179.450621 102.430266 29.204694 1
186.762597 103.135756 31.604188 1
156.608500 188.956500 23.266500 1
158.400276 196.561743 23.250847 1
160.056986 206.558893 23.008134 1
162.092288 216.049322 22.658640 1
170.266300 239.611708 21.553206 1
169.369253 245.262659 16.652103 1
162.396767 263.078233 15.004820 1
164.301569 226.520588 26.199277 1
167.058927 237.547840 33.948582 1
171.393906 232.517884 31.914508 1
184.020175 217.867390 25.989966 1
190.046892 213.891070 23.057342 1
202.141133 205.911323 17.172241 1
202.141133 205.911323 17.172241 1
164.710047 225.996418 18.047017 1
163.333842 229.661546 4.858843 1
160.110833 223.510539 4.773383 1
150.723346 205.594821 4.524474 1
149.015462 198.048322 3.593771 1
145.588110 182.904137 1.726051 1
145.588110 182.904137 1.726051 1
154.161970 188.183364 29.896815 1
149.698420 170.469775 31.503184 1
144.171010 148.534264 33.492421 1
130.932327 130.024068 32.412651 1
119.913319 114.617403 31.513919 1
127.585130 101.858379 36.957862 1
133.505430 97.316941 38.969031 1
156.551716 187.592340 16.289382 1
160.418688 169.748815 18.002201 1
165.207279 147.652616 20.123236 1
164.847156 124.864172 23.165206 1
164.553458 106.279123 25.646075 1
179.613118 102.347591 28.652002 1
186.977130 103.008252 30.900362 1
157.194100 189.087000 23.115700 1
159.033537 196.680155 23.011383 1
160.745985 206.665074 22.671497 1
162.826521 216.142196 22.237468 1
171.096494 239.660030 20.917801 1
170.326036 245.410003 16.111248 1
163.753898 263.379333 14.488289 1
165.130912 226.618763 25.700960 1
168.012580 237.209502 33.994770 1
171.790623 231.689896 32.126533 1
182.794733 215.613226 26.685017 1
187.817845 210.261168 24.066516 1
197.898035 199.520634 18.811790 1
197.898035 199.520634 18.811790 1
165.431074 226.055642 17.546590 1
163.981073 229.791729 4.386263 1
160.865445 223.587630 4.207409 1
151.790718 205.517273 3.686477 1
150.441706 197.915778 2.623387 1
147.734531 182.661228 0.489994 1
147.734531 182.661228 0.489994 1
154.851575 188.380832 29.790895 1
150.265022 170.735713 31.762750 1
144.585294 148.884990 34.204584 1
131.335214 130.355882 33.800201 1
120.306719 114.933476 33.463618 1
128.012043 102.251275 39.038173 1
133.871745 97.632820 41.051422 1
157.014477 187.669486 16.151311 1
160.648376 169.761749 17.696077 1
165.148346 147.586033 19.609008 1
164.778049 124.796372 22.640625 1
164.476052 106.210332 25.113052 1
179.574693 102.197930 27.799607 1
186.990802 102.822077 29.880962 1
157.482800 189.242900 23.061200 1
159.406683 196.812493 22.836809 1
161.209650 206.775957 22.362137 1
163.341517 216.235989 21.818277 1
171.656877 239.723226 20.260406 1
171.052826 245.599351 15.584400 1
164.904170 263.732927 14.138302 1
165.700902 226.731134 25.187204 1
168.513144 236.816051 34.111374 1
171.824481 230.918377 32.535792 1
181.469241 213.740528 27.946675 1
185.349613 207.440604 25.499968 1
193.136552 194.797932 20.589990 1
193.136552 194.797932 20.589990 1
165.929803 226.109358 17.034784 1
164.435041 229.930242 3.903844 1
161.496560 223.643667 3.631304 1
152.937803 205.333086 2.837497 1
152.113858 197.666801 1.705286 1
150.460381 182.282230 -0.566817 1
150.460381 182.282230 -0.566817 1
155.240732 188.642346 29.781081 1
150.727174 171.007074 31.994645 1
145.137837 149.168544 34.735798 1
131.983347 130.568150 34.937568 1
121.034415 115.086410 35.105506 1
128.986904 102.534011 40.626475 1
134.925203 97.972388 42.536344 1
157.174342 187.745876 16.117994 1
160.843341 169.831987 17.499873 1
165.386777 147.648652 19.211094 1
165.013004 124.845265 22.137232 1
164.708173 106.248030 24.523635 1
179.862484 102.187163 26.791263 1
187.332191 102.783404 28.680243 1
157.863600 189.350500 22.954900 1
159.809942 196.911815 22.657081 1
161.628100 206.868151 22.098267 1
163.752003 216.324469 21.465857 1
171.992338 239.819085 19.643123 1
171.622063 245.848400 15.141012 1
165.919365 264.143210 13.915069 1
166.132229 226.846710 24.734099 1
168.719821 236.327370 34.360962 1
171.483842 230.056869 33.233592 1
179.534461 211.793103 29.949959 1
182.576199 204.976026 27.712099 1
188.680166 191.295562 23.221226 1
188.680166 191.295562 23.221226 1
166.253744 226.171768 16.583600 1
164.782260 230.040218 3.463963 1
162.019289 223.677990 3.120426 1
153.971731 205.147057 2.119830 1
153.842033 197.444724 0.940868 1
153.581756 181.987812 -1.425055 1
153.581756 181.987812 -1.425055 1
155.737672 188.792938 29.716104 1
151.239252 171.189534 32.197898 1
145.668661 149.390469 35.271212 1
132.636279 130.713903 35.902797 1
121.788982 115.168764 36.428485 1
129.892489 102.714678 41.952507 1
135.884634 98.202967 43.812098 1
157.428093 187.818599 16.026123 1
160.981634 169.869055 17.236394 1
165.382096 147.641566 18.735107 1
165.019541 124.840455 21.680324 1
164.723859 106.245075 24.082287 1
179.900943 102.089235 25.998280 1
187.418049 102.641425 27.703704 1
158.183900 189.382400 22.844400 1
160.139027 196.938151 22.472203 1
161.950283 206.890577 21.827858 1
164.033669 216.350059 21.113329 1
172.089982 239.890830 19.076080 1
172.025739 246.088188 14.792696 1
166.922035 264.564485 13.651463 1
166.358417 226.911466 24.294000 1
168.590564 235.838714 34.520280 1
170.756438 229.265175 33.947968 1
177.064868 210.118769 32.281023 1
179.440323 202.979615 30.250650 1
184.207198 188.652829 26.176151 1
184.207198 188.652829 26.176151 1
166.431231 226.181552 16.147659 1
165.107289 230.080363 3.021292 1
162.545055 223.636328 2.648023 1
155.082170 204.867119 1.560827 1
155.633935 197.184845 0.372991 1
156.741206 181.768191 -2.010738 1
156.741206 181.768191 -2.010738 1
156.154074 188.870216 29.638648 1
151.751564 171.272175 32.322258 1
146.299744 149.479750 35.645489 1
133.365234 130.748487 36.591107 1
122.599399 115.157820 37.378174 1
130.807789 102.758270 42.869932 1
136.835661 98.272159 44.675196 1
157.646494 187.808852 15.932130 1
161.194618 169.850304 17.018382 1
165.588370 147.611667 18.363520 1
165.182913 124.817863 21.359275 1
164.852242 106.228443 23.802455 1
180.042372 101.976232 25.372351 1
187.600197 102.481288 26.903516 1
158.435500 189.394500 22.691600 1
160.348666 196.958207 22.266679 1
162.097341 206.917545 21.559352 1
164.111278 216.387768 20.790066 1
171.971264 239.985485 18.647433 1
172.250130 246.342417 14.613776 1
167.792151 264.986007 13.488284 1
166.321683 226.990265 23.915063 1
168.071673 235.501068 34.580841 1
169.735698 228.758628 34.603197 1
174.582418 209.120275 34.668310 1
176.362493 201.685008 33.158059 1
179.934563 186.764004 30.127319 1
179.934563 186.764004 30.127319 1
166.453374 226.207242 15.774395 1
165.388546 230.131789 2.632130 1
163.034615 223.611880 2.208145 1
156.178442 204.621679 0.973231 1
157.385863 196.993370 -0.067801 1
159.808897 181.685009 -2.156928 1
159.808897 181.685009 -2.156928 1
156.437345 188.911590 29.497370 1
152.222656 171.293186 32.343970 1
147.003422 149.475545 35.869040 1
134.173697 130.684525 37.031674 1
123.495078 115.044122 37.999373 1
131.740874 102.698714 43.556680 1
137.781561 98.234687 45.373813 1
157.877115 187.777408 15.791053 1
161.407775 169.813768 16.849655 1
165.779902 147.568825 18.160554 1
165.248498 124.778200 21.160800 1
164.815112 106.191373 23.607642 1
179.992391 101.845334 25.038746 1
187.565593 102.301543 26.508016 1
158.810000 189.398400 22.611800 1
160.637110 196.981782 22.159678 1
162.273093 206.956946 21.407173 1
164.180048 216.444822 20.584627 1
171.773277 240.116470 18.300234 1
172.445209 246.620582 14.558072 1
168.565973 265.389576 13.374783 1
166.231254 227.101496 23.632952 1
167.463319 235.248224 34.649662 1
168.673249 228.433029 35.214603 1
172.197348 208.582765 36.860079 1
173.560669 201.000805 35.681961 1
176.296402 185.785430 33.317734 1
176.296402 185.785430 33.317734 1
166.451108 226.246257 15.501459 1
165.708012 230.179371 2.339640 1
163.668886 223.556609 1.880325 1
157.729634 204.266836 0.542509 1
159.449026 196.717891 -0.346225 1
162.899473 181.568799 -2.129722 1
162.899473 181.568799 -2.129722 1
156.793457 188.922617 29.412647 1
152.742606 171.280785 32.350553 1
147.726260 149.434133 35.988691 1
134.982871 130.595069 37.312201 1
124.376114 114.914675 38.413802 1
132.624416 102.627169 44.094348 1
138.663347 98.181943 45.962688 1
158.294797 187.744333 15.716660 1
161.795225 169.772895 16.742804 1
166.129914 147.518295 18.013510 1
165.425609 124.733681 21.023787 1
164.851215 106.151756 23.478810 1
180.005046 101.710054 24.863943 1
187.584128 102.116395 26.317449 1
159.179200 189.333200 22.492000 1
160.920601 196.936825 22.041639 1
162.439172 206.929657 21.277523 1
164.224236 216.438110 20.419789 1
171.485725 240.199672 17.994616 1
172.515268 246.828468 14.565644 1
169.161613 265.697181 13.362138 1
166.111831 227.144196 23.399915 1
166.821243 234.914953 34.729837 1
167.564184 228.093648 35.801194 1
169.728108 208.225587 38.921680 1
170.833984 200.550026 38.149980 1
173.053079 185.146819 36.601338 1
173.053079 185.146819 36.601338 1
166.372661 226.235282 15.275458 1
165.952411 230.127499 2.087241 1
164.223502 223.416628 1.634406 1
159.187798 203.870224 0.315464 1
161.498900 196.464380 -0.422782 1
166.136780 181.602460 -1.904280 1
166.136780 181.602460 -1.904280 1
157.157573 188.835359 29.289758 1
153.187036 171.186439 32.293984 1
148.270146 149.331010 36.014248 1
135.660413 130.404813 37.374294 1
125.164902 114.651897 38.506305 1
133.400572 102.405069 44.292049 1
139.472422 98.024452 46.205749 1
158.693632 187.672507 15.596302 1
162.162701 169.696887 16.655182 1
166.458556 147.437109 17.966425 1
165.568925 124.654662 20.943857 1
164.843389 106.074504 23.372094 1
179.959927 101.513690 24.777490 1
187.537992 101.857118 26.252370 1
159.483300 189.252600 22.515700 1
161.103116 196.881833 22.045142 1
162.467633 206.893845 21.242452 1
164.114183 216.424224 20.351613 1
171.049269 240.280179 17.897942 1
172.443887 246.940601 14.664899 1
169.585110 265.891478 13.475187 1
165.763459 227.181986 23.286726 1
165.915504 234.892681 34.678702 1
166.259101 228.108521 36.123380 1
167.259879 208.348653 40.331218 1
168.279117 200.631076 39.966695 1
170.324350 185.143555 39.235158 1
170.324350 185.143555 39.235158 1
166.221742 226.214724 15.177760 1
166.226930 230.100974 1.981091 1
164.762635 223.328557 1.511864 1
160.497661 203.602888 0.145178 1
163.325013 196.363051 -0.423641 1
168.998897 181.834270 -1.565139 1
168.998897 181.834270 -1.565139 1
157.390489 188.755996 29.291972 1
153.530551 171.076400 32.259748 1
148.750621 149.182984 35.934875 1
136.193036 130.221522 37.286159 1
125.740928 114.439252 38.410876 1
133.915521 102.213827 44.327033 1
140.038808 97.929783 46.294705 1
159.106503 187.548625 15.623761 1
162.622695 169.583863 16.711086 1
166.976904 147.337530 18.057554 1
165.725761 124.573688 21.047298 1
164.705394 106.008703 23.485575 1
179.777449 101.312529 24.922596 1
187.351005 101.581425 26.435609 1
159.758000 189.214600 22.514800 1
161.284042 196.864525 22.067288 1
162.515679 206.894382 21.272529 1
164.012056 216.449675 20.383665 1
170.507706 240.434456 17.983809 1
172.317297 247.046093 14.858049 1
169.994566 266.069675 13.661369 1
165.337731 227.258540 23.294931 1
164.941759 235.072298 34.610559 1
165.011127 228.334106 36.290419 1
165.213172 208.708125 41.183260 1
166.228002 200.981387 41.202008 1
168.264390 185.475480 41.239604 1
168.264390 185.475480 41.239604 1
166.070226 226.251306 15.211004 1
166.524375 230.039724 1.993717 1
165.354720 223.213078 1.485008 1
161.947926 203.329461 0.003326 1
165.064887 196.199706 -0.425462 1
171.319952 181.891834 -1.285947 1
171.319952 181.891834 -1.285947 1
157.517399 188.699900 29.242290 1
153.768521 170.990532 32.174714 1
149.126121 149.060247 35.806062 1
136.705524 130.016393 37.260841 1
126.367436 114.165546 38.471701 1
134.522335 102.049784 44.635451 1
140.692429 97.887479 46.715011 1
159.562516 187.494995 15.619216 1
162.995305 169.517720 16.764686 1
167.246235 147.255892 18.183154 1
165.785398 124.495331 21.101935 1
164.594016 105.933023 23.482338 1
179.603285 101.146811 25.243005 1
187.143389 101.369591 26.921536 1
160.013600 189.244500 22.504100 1
161.423122 196.917888 22.076560 1
162.503746 206.965019 21.280312 1
163.852327 216.541265 20.380484 1
169.960817 240.628216 17.987240 1
172.133311 247.230354 15.080216 1
170.341185 266.308071 13.834110 1
164.884961 227.394471 23.245101 1
163.921094 235.131124 34.579570 1
163.821149 228.439388 36.434467 1
163.530044 208.948714 41.837126 1
164.628546 201.240506 42.168108 1
166.832846 185.771783 42.832281 1
166.832846 185.771783 42.832281 1
165.878192 226.342714 15.194744 1
166.799270 230.095041 1.991459 1
165.895159 223.229823 1.461043 1
163.261802 203.233861 -0.083868 1
166.515747 196.160231 -0.413003 1
173.045709 181.964993 -1.073506 1
173.045709 181.964993 -1.073506 1
157.615487 188.705629 29.175157 1
153.903402 170.987466 32.101252 1
149.306566 149.046289 35.724763 1
137.107357 129.858561 37.162251 1
126.953538 113.887963 38.358720 1
135.074447 101.912162 44.833049 1
141.292524 97.910650 47.078672 1
160.017967 187.508496 15.609856 1
163.389172 169.526853 16.864467 1
167.563842 147.259616 18.418089 1
165.863198 124.509549 21.288399 1
164.476242 105.955798 23.629272 1
179.421655 101.120155 25.759310 1
186.918140 101.317323 27.625888 1
160.189700 189.230900 22.412400 1
161.509858 196.922237 22.023896 1
162.470489 206.983296 21.250013 1
163.691170 216.577967 20.363965 1
169.436012 240.760960 18.039725 1
171.924160 247.346051 15.355615 1
170.557624 266.460907 14.139626 1
164.451938 227.458293 23.210748 1
162.940185 235.037568 34.591619 1
162.756497 228.373310 36.536842 1
162.221480 208.962671 42.202590 1
163.531046 201.309385 42.869652 1
166.158909 185.950873 44.208258 1
166.158909 185.950873 44.208258 1
165.685675 226.394838 15.195269 1
167.056091 230.127810 2.025533 1
166.410907 223.234022 1.487578 1
164.531713 203.154844 -0.079291 1
167.784241 196.078482 -0.360149 1
174.311359 181.877760 -0.923772 1
174.311359 181.877760 -0.923772 1
157.624697 188.656911 29.018127 1
153.925716 170.945955 32.003843 1
149.345106 149.013704 35.701187 1
137.267459 129.744970 37.080424 1
127.214820 113.706947 38.228409 1
135.214552 101.861788 45.082780 1
141.418032 97.967281 47.546326 1
160.397474 187.499180 15.520208 1
163.664139 169.509745 16.930078 1
167.709351 147.232861 18.675961 1
165.814683 124.489916 21.480442 1
164.269491 105.941973 23.767629 1
179.131897 101.080602 26.367984 1
186.565756 101.264511 28.471359 1
160.395300 189.246600 22.279300 1
161.619661 196.955829 21.934119 1
162.457027 207.030525 21.195246 1
163.553568 216.643315 20.343942 1
168.960422 240.917487 18.163807 1
171.748175 247.469685 15.702939 1
170.882940 266.617278 14.543276 1
164.055585 227.535260 23.203651 1
161.994049 234.895825 34.641623 1
161.815351 228.231881 36.588385 1
161.294866 208.822156 42.258616 1
162.898769 201.257650 43.227361 1
166.117307 186.077292 45.171372 1
166.117307 186.077292 45.171372 1
165.527874 226.490828 15.226028 1
167.308206 230.316030 2.132010 1
166.898859 223.402623 1.615101 1
165.706574 203.266298 0.109531 1
168.856851 196.143693 -0.167899 1
175.178775 181.850171 -0.724642 1
175.178775 181.850171 -0.724642 1
157.680437 188.625863 28.820595 1
153.911892 170.943117 31.885468 1
149.245138 149.045798 35.680835 1
137.321216 129.679960 37.037436 1
127.396527 113.561115 38.166578 1
135.305442 101.896175 45.423585 1
141.472857 98.098131 48.117516 1
160.792076 187.530393 15.391519 1
163.922816 169.527561 16.932654 1
167.799709 147.234087 18.841088 1
165.778692 124.501977 21.645210 1
164.130456 105.962871 23.932104 1
178.896767 101.073037 26.986854 1
186.266617 101.246353 29.305376 1
160.621300 189.236400 22.122900 1
161.743993 196.962428 21.809101 1
162.451723 207.048838 21.094920 1
163.419320 216.678867 20.283031 1
168.477613 241.044463 18.294598 1
171.569883 247.567477 16.138932 1
171.396866 266.741610 15.115954 1
163.660963 227.571282 23.174629 1
161.057049 234.632340 34.690537 1
160.970202 227.949922 36.579379 1
160.717249 208.486392 42.080912 1
162.662653 201.031294 43.251226 1
166.566514 186.070485 45.599739 1
166.566514 186.070485 45.599739 1
165.368113 226.569223 15.238480 1
167.521181 230.510126 2.235071 1
167.322322 223.585938 1.739053 1
166.743116 203.418212 0.294332 1
169.714801 196.219647 0.007155 1
175.678327 181.773690 -0.569148 1
175.678327 181.773690 -0.569148 1
157.747130 188.574924 28.591743 1
153.888244 170.925087 31.732947 1
149.109617 149.068522 35.622838 1
137.384724 129.588300 37.073287 1
127.625694 113.374249 38.280543 1
135.453488 101.926119 45.958555 1
141.589200 98.245506 48.878406 1
161.220733 187.528190 15.247798 1
164.207912 169.520446 17.001799 1
167.907028 147.220889 19.173831 1
165.725716 124.497665 21.929448 1
163.946753 105.965807 24.176783 1
178.587245 101.058573 27.763000 1
185.871005 101.225242 30.339691 1
160.849600 189.243100 21.965300 1
161.846977 196.987304 21.677272 1
162.407999 207.084522 20.985857 1
163.253614 216.730331 20.226812 1
168.036500 241.172162 18.511180 1
171.454113 247.628991 16.670520 1
172.196639 266.800697 15.884318 1
163.251716 227.610728 23.173236 1
160.124016 234.388473 34.728958 1
160.231519 227.671039 36.488078 1
160.544635 208.105520 41.611775 1
162.901244 200.782721 42.859060 1
167.630308 186.087398 45.362035 1
167.630308 186.087398 45.362035 1
165.227045 226.670974 15.291872 1
167.754209 230.774186 2.406526 1
167.724763 223.845593 1.933556 1
167.638996 203.665040 0.555966 1
170.378559 196.375269 0.261420 1
175.876267 181.746282 -0.329670 1
175.876267 181.746282 -0.329670 1
157.796386 188.534943 28.346580 1
153.922916 170.909044 31.602161 1
149.126228 149.082121 35.633689 1
137.549715 129.522089 37.197480 1
127.914187 113.241608 38.499074 1
135.606378 102.037394 46.658834 1
141.675433 98.462608 49.837965 1
161.682587 187.542236 15.112744 1
164.493371 169.522173 17.024646 1
167.974051 147.207359 19.392213 1
165.599448 124.498768 22.108394 1
163.662847 105.978844 24.323566 1
178.148297 101.028149 28.440393 1
185.336178 101.175068 31.274655 1
161.070400 189.224100 21.840400 1
161.923637 196.986639 21.584674 1
162.324017 207.093928 20.929681 1
163.053517 216.754611 20.242741 1
167.622728 241.258501 18.862823 1
171.437085 247.581054 17.367917 1
173.134669 266.701358 16.861980 1
162.840121 227.610997 23.268925 1
159.264177 234.225714 34.789046 1
159.603976 227.478348 36.397636 1
160.593693 207.825647 41.082892 1
163.384985 200.650936 42.293233 1
168.986369 186.252786 44.722067 1
168.986369 186.252786 44.722067 1
165.074307 226.753933 15.447492 1
168.004988 231.012084 2.698598 1
168.079037 224.084446 2.216604 1
168.294716 203.906674 0.812732 1
170.788283 196.528242 0.541468 1
175.792333 181.721331 -0.002902 1
175.792333 181.721331 -0.002902 1
157.846113 188.450125 28.129221 1
153.940177 170.857700 31.524091 1
149.103285 149.072230 35.728108 1
137.613750 129.462040 37.305126 1
128.050617 113.139811 38.617729 1
135.490982 102.144720 47.279995 1
141.448567 98.653711 50.749786 1
162.136910 187.546448 15.014540 1
164.815848 169.517516 17.029355 1
168.133260 147.191720 19.524362 1
165.568914 124.498053 22.192324 1
163.477567 105.990299 24.368171 1
177.795846 100.987987 28.977907 1
184.885713 101.111240 32.050181 1
161.217300 189.193000 21.683600 1
161.949093 196.968446 21.444151 1
162.232976 207.080654 20.804413 1
162.914046 216.748437 20.169613 1
167.504342 241.262707 19.073146 1
171.462142 247.578202 17.973562 1
174.279729 266.572447 18.033883 1
162.598405 227.587000 23.250257 1
158.560600 233.893454 34.790613 1
159.050487 227.125860 36.270360 1
160.477354 207.414240 40.580342 1
163.766053 200.422110 41.593900 1
170.365625 186.390353 43.627835 1
170.365625 186.390353 43.627835 1
165.074441 226.776576 15.496973 1
168.278144 231.389054 2.938455 1
168.391077 224.461807 2.458393 1
168.720008 204.285173 1.060147 1
170.990652 196.833072 0.852587 1
175.547341 181.878322 0.436058 1
175.547341 181.878322 0.436058 1
157.828501 188.369390 27.878924 1
153.913002 170.811144 31.435857 1
149.064268 149.067999 35.840562 1
137.635159 129.420142 37.387541 1
128.122320 113.066562 38.675142 1
135.282535 102.269437 47.809654 1
141.105334 98.843573 51.561704 1
162.505290 187.529308 14.892610 1
165.076860 169.497631 17.019635 1
168.261316 147.168437 19.653594 1
165.510812 124.492799 22.289234 1
163.267645 105.999748 24.438722 1
177.413122 100.947431 29.504832 1
184.403743 101.047586 32.797468 1
161.253500 189.113300 21.516100 1
161.918356 196.895238 21.292857 1
162.138625 207.010819 20.682032 1
162.787112 216.686252 20.135866 1
167.348660 241.221601 19.479048 1
171.540611 247.432600 18.698159 1
175.306612 266.256248 19.157850 1
162.344343 227.486676 23.332624 1
157.937138 233.687359 34.794872 1
158.566219 226.900320 36.125413 1
160.398508 207.132067 40.000812 1
164.170113 200.349492 40.711022 1
171.738775 186.738260 42.136207 1
171.738775 186.738260 42.136207 1
165.072624 226.773902 15.654773 1
168.685821 231.593029 3.286432 1
168.747402 224.668780 2.756382 1
168.926766 204.500879 1.212540 1
171.081715 197.011884 1.150360 1
175.406232 181.983097 1.025577 1
175.406232 181.983097 1.025577 1
157.705155 188.259255 27.617262 1
153.919627 170.700281 31.308756 1
149.231843 148.956235 35.880094 1
137.806692 129.302323 37.378640 1
128.297149 112.943703 38.625929 1
135.207124 102.270890 48.093199 1
140.938920 98.917561 52.045555 1
162.741530 187.460229 14.763511 1
165.249433 169.438487 17.045142 1
168.355047 147.121596 19.870554 1
165.456346 124.458497 22.454718 1
163.092318 105.975673 24.562224 1
177.053847 100.881720 30.077046 1
183.937131 100.961968 33.589057 1
161.174600 188.992600 21.381600 1
161.788345 196.779065 21.170185 1
161.966515 206.897045 20.585935 1
162.604863 216.577701 20.127392 1
167.197080 241.115159 19.910209 1
171.528198 247.261844 19.442835 1
176.015506 265.912637 20.300585 1
162.065234 227.339601 23.437188 1
157.280739 233.332691 34.858507 1
157.958162 226.529039 36.075630 1
159.931257 206.712396 39.620683 1
164.172207 200.184020 39.977564 1
172.682748 187.082901 40.693701 1
172.682748 187.082901 40.693701 1
165.037611 226.716097 15.842639 1
169.020114 231.795382 3.693747 1
168.980040 224.876351 3.097615 1
168.863316 204.723648 1.361301 1
170.971849 197.222696 1.511422 1
175.203216 182.169915 1.812683 1
175.203216 182.169915 1.812683 1
157.485220 188.115231 27.395170 1
153.885999 170.537458 31.182310 1
149.428926 148.770133 35.872090 1
137.896771 129.175077 37.320929 1
128.298164 112.865445 38.526845 1
134.971147 102.241842 48.216853 1
140.644153 98.946362 52.300506 1
162.838315 187.347729 14.668122 1
165.368953 169.360085 17.181909 1
168.502720 147.085418 20.294807 1
165.428526 124.434492 22.781037 1
162.921375 105.961596 24.808674 1
176.702391 100.840202 30.736643 1
183.473087 100.904023 34.461409 1
161.292500 188.914200 21.224300 1
161.856623 196.704843 21.029195 1
161.999893 206.824574 20.466055 1
162.645975 216.507253 20.064602 1
167.342757 241.025772 20.134911 1
171.710224 247.164275 20.082366 1
176.729319 265.661399 21.260865 1
162.061047 227.249476 23.430154 1
156.828819 232.709510 34.922189 1
157.441556 225.889633 36.081414 1
159.226244 206.025732 39.457828 1
163.861931 199.761465 39.503434 1
173.164624 187.190348 39.594917 1
173.164624 187.190348 39.594917 1
165.235214 226.662981 15.914728 1
169.433317 232.154713 4.020533 1
169.303330 225.241183 3.375421 1
168.924723 205.104501 1.496444 1
170.997953 197.602427 1.888004 1
175.158475 182.547392 2.673778 1
175.158475 182.547392 2.673778 1
157.476545 188.008279 27.154066 1
153.879138 170.465696 31.102654 1
149.424311 148.741948 35.992364 1
138.065877 129.041448 37.382423 1
128.611864 112.644053 38.539415 1
135.088386 102.216376 48.569576 1
140.658821 99.020516 52.867964 1
163.116440 187.284215 14.548918 1
165.594797 169.302263 17.153860 1
168.663825 147.034644 20.379638 1
165.452571 124.398946 22.831058 1
162.833640 105.938468 24.830305 1
176.450790 100.772569 31.089110 1
183.131312 100.815400 34.973575 1
161.616100 188.849100 21.088300 1
162.056235 196.648128 20.909769 1
162.078295 206.770507 20.377278 1
162.669814 216.459631 20.055048 1
167.370431 240.973754 20.484557 1
171.793271 247.068103 20.721492 1
177.324985 265.390284 22.277642 1
162.024060 227.164352 23.527280 1
156.518758 232.388419 35.001417 1
156.985445 225.546779 36.098746 1
158.344739 205.619488 39.294881 1
163.231211 199.551396 39.112212 1
173.037178 187.373956 38.745603 1
173.037178 187.373956 38.745603 1
165.339448 226.659330 16.067112 1
169.792552 232.364378 4.367653 1
169.602669 225.458810 3.655590 1
169.049604 205.345318 1.581609 1
171.089406 197.850207 2.210288 1
175.182847 182.809146 3.471910 1
175.182847 182.809146 3.471910 1
157.697318 187.874893 26.939659 1
154.007064 170.393427 31.069461 1
149.437261 148.745362 36.183576 1
138.087981 129.034144 37.494182 1
128.641587 112.627827 38.585041 1
134.798946 102.396926 49.011042 1
140.188095 99.237967 53.560488 1
163.600065 187.255863 14.449790 1
165.989872 169.285224 17.210861 1
168.949243 147.031613 20.629980 1
165.562906 124.433411 23.189363 1
162.801187 106.003514 25.276660 1
176.293144 100.945138 31.884672 1
182.876251 101.043414 35.931067 1
161.821800 188.778200 20.974800 1
162.248608 196.577966 20.796162 1
162.257981 206.700743 20.270896 1
162.832224 216.392451 19.999095 1
167.461906 240.913818 20.699905 1
171.909605 246.971596 21.229094 1
177.911587 265.109811 23.153972 1
162.094735 227.069118 23.538776 1
156.305347 232.014245 34.996688 1
156.665553 225.164068 36.080797 1
157.714709 205.211912 39.238422 1
162.689252 199.218600 38.979877 1
172.671959 187.191224 38.461000 1
172.671959 187.191224 38.461000 1
165.549898 226.628282 16.138205 1
170.202818 232.563964 4.632856 1
169.988433 225.652670 3.986308 1
169.364003 205.522503 2.103150 1
171.398728 198.034401 2.824916 1
175.481981 183.007407 4.273342 1
175.481981 183.007407 4.273342 1
157.802825 187.801377 26.757359 1
154.032071 170.361372 30.988502 1
149.362582 148.764652 36.228113 1
138.043791 129.035927 37.538960 1
128.622774 112.615037 38.630021 1
134.585988 102.517259 49.295894 1
139.848682 99.366172 53.996332 1
163.925495 187.182720 14.373797 1
166.215205 169.229727 17.327746 1
169.050624 146.997967 20.985713 1
165.552018 124.412035 23.502033 1
162.698740 105.992144 25.554210 1
176.013994 100.931842 32.510016 1
182.491864 101.030155 36.722830 1
162.024000 188.691900 20.859700 1
162.419759 196.493102 20.672489 1
162.399440 206.615982 20.149537 1
162.951466 216.310431 19.935568 1
167.527452 240.830763 20.953486 1
172.034247 246.811649 21.776016 1
178.286994 264.847487 23.858192 1
162.134391 226.951307 23.564425 1
156.105643 231.670338 34.994210 1
156.387382 224.819036 36.094324 1
157.207986 204.863604 39.298569 1
162.143111 198.835678 39.095148 1
172.046714 186.738843 38.686894 1
172.046714 186.738843 38.686894 1
165.719325 226.587109 16.221635 1
170.571802 232.681332 4.882810 1
170.304956 225.776527 4.188241 1
169.527723 205.665258 2.165213 1
171.505930 198.184273 3.089483 1
175.475762 183.171559 4.944292 1
175.475762 183.171559 4.944292 1
157.898730 187.709176 26.565901 1
154.076232 170.302451 30.886704 1
149.342665 148.746942 36.237344 1
138.039753 129.011405 37.582237 1
128.631954 112.584846 38.701636 1
134.418544 102.643169 49.608713 1
139.569502 99.525308 54.452883 1
164.261476 187.092130 14.303881 1
166.505719 169.174712 17.498889 1
169.284836 146.987007 21.455365 1
165.662671 124.426096 24.020840 1
162.708625 106.026611 26.113106 1
175.890237 101.082013 33.398841 1
182.261224 101.236984 37.769971 1
162.295100 188.671300 20.810000 1
162.643138 196.474752 20.621776 1
162.576950 206.597596 20.101915 1
163.095168 216.294895 19.938534 1
167.590699 240.816300 21.247504 1
172.154315 246.727650 22.241532 1
178.692573 264.620104 24.657121 1
162.164910 226.907334 23.622987 1
155.876828 231.569023 34.935976 1
156.180936 224.723277 36.064360 1
157.066697 204.784028 39.350943 1
161.811770 198.602161 39.311825 1
171.333978 186.196403 39.233282 1
171.333978 186.196403 39.233282 1
165.931857 226.603955 16.369090 1
171.012412 232.792062 5.182029 1
170.696793 225.892060 4.460685 1
169.777505 205.794785 2.359669 1
171.653886 198.305943 3.422293 1
175.419376 183.277465 5.554747 1
175.419376 183.277465 5.554747 1
158.034328 187.667904 26.412085 1
154.189212 170.286734 30.814913 1
149.427637 148.762869 36.267128 1
138.086294 129.047269 37.580526 1
128.646506 112.637305 38.673709 1
134.165357 102.829973 49.838137 1
139.153097 99.709969 54.848869 1
164.707394 187.078488 14.314762 1
166.849965 169.160844 17.577584 1
169.503178 146.972860 21.618038 1
165.745046 124.427425 24.123282 1
162.680111 106.040562 26.166426 1
175.666170 101.082095 33.786256 1
181.923687 101.230394 38.318558 1
