65 35
89.362500 186.341800 12.918280 1
89.026320 193.821129 12.791743 1
88.059748 203.681939 12.247402 1
87.500631 213.172394 12.100855 1
88.503651 237.530756 13.809794 1
89.826533 244.699316 12.689191 1
87.768630 263.302330 10.941178 1
84.666299 223.323125 15.371672 1
77.493125 230.166794 24.486382 1
82.322348 225.394423 24.838201 1
96.388124 211.494237 25.862921 1
100.536948 211.437574 19.460855 1
108.862713 211.323861 6.613339 1
108.862713 211.323861 6.613339 1
89.511668 223.570502 9.001808 1
96.359145 229.009636 -1.240070 1
102.069053 226.135210 1.074083 1
118.699948 217.763046 7.814373 1
121.177873 217.858774 15.029158 1
126.150536 218.050903 29.507614 1
126.150536 218.050903 29.507614 1
84.530710 184.929267 17.509454 1
85.303297 167.101892 19.471934 1
86.260026 145.025449 21.902162 1
81.563950 123.265554 20.528632 1
77.655267 105.154163 19.385403 1
86.134312 97.377727 29.799359 1
91.810767 96.061332 34.623933 1
92.833424 185.127744 7.182508 1
95.352365 167.439453 8.927914 1
98.471652 145.535466 11.089305 1
98.156252 123.049008 10.125813 1
97.899027 104.710137 9.340035 1
109.491599 98.100695 17.261222 1
115.046635 97.225341 22.321612 1
88.257200 186.251900 13.815790 1
87.911449 193.731161 13.713287 1
86.909055 203.591493 13.228320 1
86.336283 213.081532 13.110377 1
87.427551 237.442833 14.720497 1
88.824820 244.585989 13.530132 1
86.847913 263.222962 12.074890 1
83.709694 223.234539 16.543526 1
77.196059 230.225846 26.033645 1
81.818768 225.242512 26.166421 1
95.283048 210.727868 26.553151 1
99.402556 210.553709 20.134294 1
107.669492 210.204210 7.253083 1
107.669492 210.204210 7.253083 1
88.135943 223.476982 9.875430 1
94.218660 228.970856 -0.810359 1
100.158305 226.262869 1.089143 1
117.458340 218.375484 6.621703 1
120.720009 217.441419 13.454817 1
127.265472 215.566982 27.167343 1
127.265472 215.566982 27.167343 1
83.705151 184.835137 18.683228 1
84.421810 166.945088 19.985573 1
85.309282 144.791034 21.598327 1
80.903966 122.993091 19.902573 1
77.237291 104.850031 18.491149 1
86.560350 97.084455 28.165550 1
92.560075 95.792618 32.588897 1
91.384182 185.042128 7.884621 1
94.341833 167.408756 9.491990 1
98.004388 145.572776 11.482444 1
98.027633 123.090796 10.374014 1
98.046591 104.755577 9.470032 1
110.222449 98.320672 16.622522 1
116.092231 97.521366 21.327730 1
87.099000 186.171100 14.695170 1
86.766081 193.651446 14.640584 1
85.760180 203.514807 14.230214 1
85.189752 213.005231 14.133801 1
86.351167 237.373020 15.589244 1
87.833390 244.487844 14.333731 1
85.943628 263.157145 13.216307 1
82.737261 223.171271 17.656009 1
76.848414 230.073812 27.608123 1
81.206095 224.856585 27.717016 1
93.898440 209.660696 28.034181 1
98.135093 208.752655 21.754958 1
106.637111 206.930416 9.153962 1
106.637111 206.930416 9.153962 1
86.817608 223.388085 10.769955 1
92.140998 228.973410 -0.267881 1
98.216303 226.268487 1.144477 1
115.911464 218.390026 5.258163 1
119.889466 216.337312 11.435887 1
127.872452 212.217994 23.833190 1
127.872452 212.217994 23.833190 1
82.781434 184.743110 19.768611 1
83.423439 166.822999 20.617714 1
84.218463 144.631717 21.669197 1
80.134126 122.784850 19.807656 1
76.734611 104.601070 18.258242 1
86.689311 96.879954 27.319477 1
92.924926 95.616987 31.412587 1
89.936219 184.980159 8.616340 1
93.279822 167.398663 10.022917 1
97.420314 145.626923 11.764724 1
97.886476 123.155672 10.542371 1
98.266655 104.829203 9.545477 1
110.905273 98.578783 16.027392 1
117.018174 97.859203 20.425899 1
85.941500 186.080100 15.478170 1
85.622293 193.561076 15.428117 1
84.626557 203.426691 15.048276 1
84.084765 212.918978 14.972309 1
85.406117 237.280862 16.389684 1
86.843811 244.399459 15.104136 1
84.971663 263.082615 14.211165 1
81.819646 223.093058 18.595342 1
76.399565 229.627518 29.049610 1
80.460365 224.182345 29.333681 1
92.288003 208.322532 30.161077 1
96.869451 206.196231 24.443422 1
106.063396 201.929215 12.969367 1
106.063396 201.929215 12.969367 1
85.618272 223.296949 11.549575 1
90.257427 229.057286 0.295024 1
96.312565 226.088948 1.158138 1
113.948987 217.443255 3.672077 1
118.544643 214.381744 8.936059 1
127.767121 208.237993 19.499685 1
127.767121 208.237993 19.499685 1
81.804165 184.665775 20.703346 1
82.533992 166.743829 21.434598 1
83.437771 144.550275 22.340140 1
79.654068 122.673026 20.218272 1
76.504780 104.463958 18.452181 1
86.862180 96.772700 27.076938 1
93.234531 95.559953 30.969744 1
88.558265 184.877694 9.303457 1
92.252307 167.358907 10.612377 1
96.826758 145.664820 12.233253 1
97.657744 123.214018 10.840581 1
98.335455 104.904226 9.704785 1
111.295247 98.786006 15.656995 1
117.576161 98.118446 19.820732 1
84.841700 185.991000 16.159620 1
84.535643 193.472329 16.085812 1
83.554666 203.339597 15.710545 1
83.053008 212.834222 15.653384 1
84.577911 237.183046 17.090659 1
85.940176 244.321374 15.832676 1
83.950575 262.995277 15.002339 1
80.991494 223.010233 19.390763 1
75.990175 229.163582 30.276132 1
79.632192 223.454481 30.878275 1
90.240065 206.825940 32.632100 1
95.149089 203.888921 27.584545 1
105.000405 197.994979 17.455231 1
105.000405 197.994979 17.455231 1
84.517779 223.213567 12.204809 1
88.632362 229.069062 0.796410 1
94.480284 225.610358 1.041071 1
111.513163 215.536406 1.753680 1
116.670919 211.895157 6.036349 1
127.021408 204.587999 14.630697 1
127.021408 204.587999 14.630697 1
80.894432 184.609897 21.538463 1
81.665429 166.682598 22.068623 1
82.620190 144.482416 22.725144 1
79.006689 122.604912 20.327197 1
75.999065 104.395631 18.331316 1
86.816477 96.801603 26.463473 1
93.328034 95.561665 30.109528 1
87.229698 184.754245 9.899570 1
91.304372 167.318162 11.182994 1
96.350174 145.726492 12.772298 1
97.459761 123.298717 11.212708 1
98.364687 105.007705 9.940781 1
111.599441 98.967760 15.342445 1
118.038440 98.325532 19.261508 1
83.811100 185.858200 16.742520 1
83.512821 193.339829 16.667291 1
82.538720 203.208890 16.322494 1
82.069730 212.705312 16.293607 1
83.775886 237.041928 17.733920 1
85.065501 244.198038 16.500632 1
82.855397 262.850798 15.757241 1
80.209489 222.880988 20.136023 1
75.596769 228.900286 31.265220 1
78.877684 223.026403 32.241839 1
88.433798 205.917909 35.086377 1
93.711490 202.231056 30.993031 1
104.302640 194.832361 22.778602 1
104.302640 194.832361 22.778602 1
83.451355 223.086848 12.817423 1
87.160442 228.786048 1.192882 1
92.662342 224.805187 0.872674 1
108.687383 213.210382 -0.059974 1
114.142809 209.077503 3.310494 1
125.090651 200.783752 10.074251 1
125.090651 200.783752 10.074251 1
80.086414 184.492764 22.281710 1
80.875689 166.561568 22.617556 1
81.853084 144.356559 23.033449 1
78.425624 122.474506 20.414101 1
75.572847 104.261439 18.233943 1
86.840494 96.768340 25.830734 1
93.503300 95.585372 29.212915 1
85.937906 184.606499 10.391909 1
90.511859 167.295330 11.684013 1
96.175933 145.858345 13.284067 1
97.373010 123.446008 11.574469 1
98.349287 105.167586 10.180202 1
111.839891 99.188572 14.983600 1
118.442925 98.568960 18.623414 1
82.797100 185.730000 17.279500 1
82.517780 193.212388 17.207086 1
81.567601 203.084563 16.885453 1
81.147364 212.583276 16.859269 1
83.066676 236.909673 18.200516 1
84.232593 244.100511 17.048773 1
81.864649 262.739655 16.467577 1
79.484408 222.777318 20.743225 1
75.144463 228.674521 32.046147 1
78.213937 222.778950 33.474874 1
87.154200 205.607286 37.636235 1
92.881461 201.504510 34.709101 1
104.374795 193.271152 28.834999 1
104.374795 193.271152 28.834999 1
82.484840 222.949787 13.321526 1
85.848344 228.588560 1.563156 1
90.802719 223.973493 0.949954 1
105.233016 210.531474 -0.836083 1
110.957329 206.045925 1.469236 1
122.444764 197.044439 6.095472 1
122.444764 197.044439 6.095472 1
79.275422 184.380943 22.953842 1
80.301128 166.459572 23.143414 1
81.571306 144.266730 23.378170 1
78.219604 122.396507 20.568873 1
75.429882 104.193286 18.230615 1
87.087723 96.726690 25.242199 1
93.906632 95.644602 28.334628 1
84.684521 184.465786 10.856126 1
89.731628 167.282779 12.096337 1
95.981625 146.004501 13.632128 1
97.222064 123.596535 11.896331 1
98.233706 105.321679 10.480698 1
111.946622 99.420346 14.717185 1
118.700601 98.840492 18.075719 1
81.972800 185.685400 17.686760 1
81.693575 193.167838 17.619306 1
80.746447 203.040918 17.317031 1
80.353183 212.540778 17.288226 1
82.414933 236.860558 18.534738 1
83.413737 244.090878 17.476966 1
81.028949 262.732995 17.093666 1
78.818659 222.751051 21.182400 1
74.564760 228.472010 32.607948 1
77.549539 222.709377 34.633741 1
86.243118 205.924914 40.534145 1
92.548594 201.935617 38.943898 1
105.202275 193.929986 35.752629 1
105.202275 193.929986 35.752629 1
81.666881 222.893082 13.700326 1
84.920243 228.561147 1.925062 1
89.210007 223.338890 1.185709 1
101.704537 208.128348 -0.967759 1
107.180222 202.965376 0.282440 1
118.168712 192.604450 2.791281 1
118.168712 192.604450 2.791281 1
78.607506 184.339326 23.455920 1
79.746410 166.423790 23.458595 1
81.156767 144.238174 23.461908 1
77.959910 122.353815 20.583078 1
75.299070 104.138828 18.186946 1
87.238455 96.687033 24.724487 1
94.168996 95.667273 27.580924 1
83.683246 184.418384 11.214560 1
89.146357 167.358471 12.389687 1
95.911504 146.232624 13.844883 1
96.837941 123.793147 12.334857 1
97.593497 105.492591 11.103352 1
111.444892 99.590796 14.861715 1
118.331385 99.032021 17.943306 1
81.435300 185.746800 17.869580 1
81.160139 193.229551 17.823492 1
80.205119 203.102971 17.559597 1
79.789299 212.601914 17.560238 1
81.759742 236.927055 18.849103 1
82.656172 244.183928 17.885657 1
80.206035 262.817131 17.481668 1
78.249526 222.795647 21.495456 1
73.911961 228.375138 32.959442 1
76.895325 222.850326 35.566486 1
85.584785 206.758551 43.159861 1
92.425477 203.411967 42.704102 1
106.153216 196.696117 41.789500 1
106.153216 196.696117 41.789500 1
81.023848 222.968785 13.986319 1
84.459005 228.349241 2.128049 1
87.767894 222.469869 1.288447 1
97.405490 205.345390 -1.157009 1
102.218923 199.436817 -0.807676 1
111.878416 187.579635 -0.106674 1
111.878416 187.579635 -0.106674 1
78.167410 184.390046 23.691988 1
79.337782 166.477076 23.553304 1
80.787107 144.294636 23.381565 1
77.789391 122.383548 20.491813 1
75.294303 104.146314 18.086590 1
87.405736 96.723244 24.333897 1
94.399688 95.734897 27.043021 1
83.034852 184.493120 11.366500 1
88.643615 167.474352 12.448369 1
95.589129 146.399456 13.788080 1
96.040297 123.917260 12.780145 1
96.408247 105.581866 11.958122 1
110.308150 99.621621 15.434588 1
117.285947 99.068062 18.304454 1
81.183300 185.836500 17.929310 1
80.904831 193.319270 17.928103 1
79.924725 203.191530 17.718314 1
79.452064 212.687784 17.742339 1
81.197956 237.031559 19.002818 1
82.022872 244.311972 18.160727 1
79.545303 262.939113 17.656841 1
77.851128 222.867929 21.688308 1
73.254943 228.604750 32.972463 1
76.351084 223.486421 36.203145 1
85.369021 208.578583 45.612953 1
92.662398 206.436072 46.260013 1
107.298578 202.136527 47.558521 1
107.298578 202.136527 47.558521 1
80.551145 223.064470 14.152709 1
84.151579 227.961029 2.134858 1
86.449627 221.611447 1.345882 1
93.143008 203.117418 -0.952119 1
96.988140 196.533139 -1.206359 1
104.704467 183.319966 -1.716592 1
104.704467 183.319966 -1.716592 1
77.990791 184.446193 23.785526 1
79.129553 166.531998 23.565602 1
80.539734 144.348042 23.293261 1
77.675283 122.420582 20.392548 1
75.291116 104.169721 17.978202 1
87.472178 96.743187 24.084423 1
94.495581 95.754130 26.715985 1
82.699840 184.619442 11.399440 1
88.263689 167.578951 12.365042 1
95.153583 146.477154 13.560777 1
95.330689 123.974491 13.043709 1
95.475127 105.622403 12.622013 1
109.424112 99.705446 15.973592 1
116.457445 99.202957 18.714385 1
81.056500 185.845900 17.984440 1
80.828182 193.330285 18.019791 1
79.878841 203.206300 17.848881 1
79.375799 212.700999 17.870267 1
80.896696 237.066229 19.001090 1
81.571229 244.378469 18.315401 1
79.092318 263.004107 17.764700 1
77.723459 222.882788 21.790724 1
72.881533 228.722187 32.918407 1
76.169876 224.187369 36.771057 1
85.747630 210.979086 47.992428 1
93.209500 210.537849 49.518277 1
108.183806 209.652383 52.580319 1
108.183806 209.652383 52.580319 1
80.327759 223.071532 14.221314 1
83.791323 227.848259 2.115334 1
85.460175 221.302690 1.346474 1
90.320937 202.237819 -0.892936 1
93.163024 195.188314 -1.548248 1
98.866459 181.041536 -2.863344 1
98.866459 181.041536 -2.863344 1
77.929852 184.450528 23.874885 1
79.045085 166.536507 23.546799 1
80.426128 144.352767 23.140516 1
77.622332 122.414538 20.262049 1
75.288649 104.154714 17.866220 1
87.594335 96.760670 23.758235 1
94.662395 95.778642 26.270143 1
82.481274 184.648153 11.430377 1
88.039486 167.598690 12.260563 1
94.922401 146.485782 13.288608 1
95.163728 123.979834 12.984264 1
95.360542 105.625067 12.736056 1
109.394444 99.820879 15.926453 1
116.473639 99.386630 18.558685 1
81.015500 185.799200 18.136960 1
80.854926 193.285211 18.193949 1
79.950739 203.165697 18.037215 1
79.411788 212.658446 18.028417 1
80.642464 237.048797 18.951763 1
81.166271 244.393780 18.538411 1
78.806315 263.029882 17.839164 1
77.675826 222.850003 21.886866 1
72.578061 228.575210 32.959489 1
76.120300 224.887386 37.439800 1
86.437557 214.146091 50.489324 1
93.576660 215.754724 52.645226 1
107.903245 218.982891 56.971644 1
107.903245 218.982891 56.971644 1
80.195444 223.010533 14.288200 1
83.347574 227.950466 2.162636 1
84.650075 221.322089 1.395301 1
88.443789 202.016030 -0.839669 1
89.942424 194.611171 -1.900121 1
92.949845 179.751275 -4.028241 1
92.949845 179.751275 -4.028241 1
77.934929 184.416182 24.054533 1
79.013419 166.501423 23.652274 1
80.348963 144.316769 23.154140 1
77.523082 122.384771 20.249906 1
75.171017 104.130133 17.832630 1
87.563064 96.756924 23.567662 1
94.663100 95.779242 25.989473 1
82.364433 184.606265 11.565993 1
87.972257 167.567210 12.266016 1
94.916609 146.467192 13.132875 1
95.292566 123.963010 12.834507 1
95.599179 105.609683 12.591172 1
109.700776 99.874183 15.602258 1
116.815253 99.474879 18.143319 1
81.197200 185.766600 18.218860 1
81.104231 193.253219 18.325119 1
80.232642 203.137231 18.212105 1
79.622575 212.625642 18.185649 1
80.415257 237.041649 18.883190 1
80.822340 244.401880 18.648029 1
78.601966 263.056298 17.980748 1
77.761235 222.816751 21.986404 1
72.480602 228.587811 32.948974 1
76.240884 225.923369 37.947146 1
87.193224 218.162816 52.505008 1
93.499897 221.849293 54.704591 1
106.155983 229.247226 59.118666 1
106.155983 229.247226 59.118666 1
80.152488 222.957397 14.345979 1
83.000886 228.011199 2.192219 1
83.965865 221.338969 1.314239 1
86.776501 201.905180 -1.242997 1
87.767467 194.456429 -2.560760 1
89.756108 179.508454 -5.205248 1
89.756108 179.508454 -5.205248 1
78.172842 184.372890 24.162862 1
79.178592 166.455020 23.713501 1
80.424058 144.266513 23.157038 1
77.505510 122.349311 20.232816 1
75.076315 104.106989 17.798902 1
87.534323 96.750055 23.410603 1
94.659748 95.774948 25.757736 1
82.459537 184.604071 11.625275 1
88.062282 167.558636 12.199306 1
95.000342 146.450717 12.910145 1
95.386885 123.946328 12.642416 1
95.702130 105.592834 12.424070 1
109.829500 99.831877 15.260691 1
116.975116 99.420828 17.710882 1
81.525700 185.735500 18.417730 1
81.501803 193.222545 18.531678 1
80.656556 203.108789 18.413932 1
79.956413 212.590613 18.326574 1
80.231157 237.025293 18.683347 1
80.588843 244.391793 18.655825 1
78.515878 263.063804 18.006638 1
77.962859 222.790304 22.036168 1
72.599530 228.517955 32.981345 1
76.394798 226.990733 38.411282 1
87.449039 222.542490 54.226723 1
92.899476 227.630297 55.842076 1
103.837285 237.840389 59.083731 1
103.837285 237.840389 59.083731 1
80.169466 222.877871 14.339598 1
82.542643 228.162401 2.181887 1
83.244164 221.470421 1.209282 1
85.287439 201.979107 -1.623562 1
86.106388 194.456276 -2.592448 1
87.749831 179.359637 -4.536818 1
87.749831 179.359637 -4.536818 1
78.591635 184.363194 24.411757 1
79.394284 166.438683 23.836267 1
80.388240 144.241952 23.123612 1
77.421232 122.334192 20.177491 1
74.951703 104.099728 17.725351 1
87.522168 96.755203 23.097408 1
94.691145 95.782666 25.309078 1
82.663949 184.568097 11.802453 1
88.297618 167.530885 12.314622 1
95.273972 146.433149 12.948854 1
95.536492 123.926913 12.686156 1
95.750590 105.571912 12.471912 1
109.899366 99.750455 15.068145 1
117.084518 99.309595 17.394398 1
81.941100 185.660300 18.654050 1
82.014411 193.147295 18.748556 1
81.212340 203.036580 18.590935 1
80.401155 212.508081 18.402597 1
80.007255 236.943499 18.295271 1
80.410978 244.302863 18.561348 1
78.513287 262.997144 18.027247 1
78.224449 222.719807 21.973541 1
72.847224 228.476538 32.896621 1
76.615016 228.192504 38.548503 1
87.589227 227.365217 55.010385 1
91.381118 233.950729 55.684918 1
98.990596 247.166382 57.038559 1
98.990596 247.166382 57.038559 1
80.222939 222.717966 14.219832 1
81.930256 228.389290 2.124820 1
82.504200 221.685732 1.148301 1
84.175890 202.160696 -1.695945 1
84.945741 194.592229 -2.268689 1
86.490654 179.404007 -3.418088 1
86.490654 179.404007 -3.418088 1
79.124829 184.339636 24.715798 1
79.666923 166.411637 23.969798 1
80.338222 144.210587 23.045992 1
77.312477 122.313069 20.083509 1
74.794059 104.087130 17.617751 1
87.516415 96.752069 22.633344 1
94.744852 95.781512 24.643137 1
82.916136 184.462791 12.018117 1
88.645618 167.458273 12.553381 1
95.740622 146.401022 13.216214 1
95.835510 123.894382 12.883419 1
95.912895 105.539052 12.612007 1
110.077536 99.640799 14.933901 1
117.301715 99.158190 17.127196 1
82.459000 185.545300 18.935640 1
82.569583 193.032347 18.971730 1
81.751033 202.918899 18.743277 1
80.811159 212.375941 18.453778 1
79.807136 236.788783 17.942503 1
80.289600 244.129873 18.461774 1
78.428784 262.829103 17.973102 1
78.506332 222.594410 21.923605 1
73.137253 228.407842 32.820630 1
76.737400 229.270623 38.522844 1
87.223324 231.783592 55.131326 1
89.369185 239.095099 54.757752 1
93.675448 253.767660 54.008078 1
93.675448 253.767660 54.008078 1
80.234943 222.501776 14.105850 1
81.268360 228.517291 2.101110 1
81.685044 221.797666 1.155756 1
82.898695 202.225831 -1.597717 1
83.560984 194.631390 -1.894789 1
84.890043 179.391045 -2.490979 1
84.890043 179.391045 -2.490979 1
79.811350 184.283046 25.085192 1
80.051173 166.356865 24.158888 1
80.348157 144.158066 23.011805 1
77.204562 122.284021 19.999046 1
74.588054 104.077620 17.491441 1
87.472250 96.748547 22.084896 1
94.764006 95.778657 23.851572 1
83.238114 184.294141 12.283730 1
89.076273 167.327387 12.842532 1
96.305854 146.316900 13.534514 1
96.223310 123.812005 13.096926 1
96.155991 105.458098 12.740049 1
110.331729 99.452783 14.689998 1
117.603306 98.910438 16.705499 1
82.996100 185.419200 19.325230 1
83.056462 192.906661 19.264511 1
82.153381 202.783016 18.935601 1
81.109540 212.225986 18.556746 1
79.787823 236.616846 17.785147 1
80.268763 243.954286 18.354951 1
78.247073 262.632910 17.734932 1
78.767515 222.456714 21.964996 1
73.347274 228.654706 32.622108 1
76.744333 230.388074 38.250262 1
86.638735 235.436749 54.643034 1
87.155488 242.921675 53.260555 1
88.192495 257.942252 50.486232 1
88.192495 257.942252 50.486232 1
80.294956 222.290888 14.106663 1
80.738356 228.421407 2.123829 1
80.997828 221.693109 1.183952 1
81.753574 202.096015 -1.553571 1
82.304080 194.488860 -1.728331 1
83.408818 179.222999 -2.079067 1
83.408818 179.222999 -2.079067 1
80.526173 184.218029 25.560370 1
80.455279 166.302383 24.425418 1
80.367489 144.116629 23.019956 1
77.122133 122.269025 19.924385 1
74.420927 104.084630 17.347853 1
87.438182 96.732573 21.509097 1
94.784829 95.758598 23.028866 1
83.601681 184.088708 12.670653 1
89.574285 167.167984 13.203775 1
96.970355 146.214499 13.863954 1
96.703437 123.713838 13.300375 1
96.485751 105.363384 12.840747 1
110.679694 99.279679 14.369844 1
118.000726 98.691245 16.183255 1
83.577000 185.349800 19.584530 1
83.513362 192.836716 19.477626 1
82.471162 202.698304 19.118415 1
81.354205 212.131566 18.707564 1
80.010850 236.515475 17.771231 1
80.483567 243.865672 18.152228 1
77.966095 262.485827 17.591137 1
79.151102 222.393738 22.113912 1
73.749874 229.203476 32.400912 1
76.954058 231.470750 37.951891 1
86.286683 238.074497 54.119881 1
85.579547 245.334717 51.885700 1
84.160482 259.904358 47.402199 1
84.160482 259.904358 47.402199 1
80.368574 222.157051 14.203431 1
80.213497 228.256964 2.197799 1
80.386136 221.522486 1.282543 1
80.888968 201.907393 -1.383266 1
81.520894 194.306408 -1.550923 1
82.789021 179.052929 -1.887404 1
82.789021 179.052929 -1.887404 1
81.347228 184.149425 25.909682 1
80.925622 166.251099 24.592222 1
80.403527 144.086794 22.960753 1
77.016756 122.269444 19.803897 1
74.197845 104.110230 17.176357 1
87.328275 96.719850 20.890078 1
94.723167 95.736401 22.147034 1
83.970295 183.986254 12.920718 1
89.959318 167.071101 13.446410 1
97.375719 146.124515 14.097388 1
97.039743 123.626942 13.453261 1
96.765736 105.279006 12.927942 1
110.996268 99.197766 14.080384 1
118.360334 98.606554 15.709255 1
83.962200 185.302900 19.819730 1
83.848321 192.788431 19.667226 1
82.749236 202.642771 19.279790 1
81.608165 212.071527 18.833294 1
80.290359 236.448973 17.710865 1
80.631733 243.814761 17.861334 1
77.826189 262.384156 17.043322 1
79.558474 222.372095 22.219454 1
74.255195 229.832724 32.097836 1
77.472615 232.376555 37.519811 1
86.843794 239.785813 53.312062 1
85.876671 246.854391 50.609789 1
83.935872 261.039450 45.186933 1
83.935872 261.039450 45.186933 1
80.479954 222.055970 14.271819 1
79.863683 227.888452 2.148678 1
80.071695 221.147861 1.287368 1
80.677558 201.514962 -1.221314 1
81.617514 193.947412 -1.447326 1
83.503788 178.761030 -1.900911 1
83.503788 178.761030 -1.900911 1
81.995966 184.131756 26.237103 1
81.276084 166.256546 24.746403 1
80.384622 144.120868 22.900402 1
76.871723 122.325543 19.729267 1
73.947834 104.184663 17.089841 1
87.205393 96.727656 20.163568 1
94.649879 95.732638 21.069717 1
84.095611 183.897163 13.154414 1
90.140208 167.000864 13.649453 1
97.625427 146.077625 14.262474 1
97.276511 123.582929 13.530700 1
96.991951 105.237339 12.933900 1
111.277896 99.218410 13.642349 1
118.689320 98.655259 15.051556 1
84.205300 185.244200 19.957630 1
84.127086 192.729946 19.793682 1
83.059794 202.587936 19.410206 1
81.928931 212.016725 18.939136 1
80.590800 236.383078 17.617556 1
80.855248 243.751857 17.458850 1
77.754809 262.261691 16.393027 1
80.000222 222.352602 22.288579 1
74.976106 230.277162 31.949209 1
78.415051 233.009148 37.138679 1
88.431454 240.966434 52.253724 1
87.747539 248.013241 49.411686 1
86.375075 262.154611 43.708356 1
86.375075 262.154611 43.708356 1
80.655934 221.956315 14.318198 1
79.662446 227.423198 2.050585 1
80.095425 220.690628 1.210515 1
81.356535 201.081090 -1.236302 1
82.609466 193.559100 -1.464860 1
85.123811 178.464146 -1.923555 1
85.123811 178.464146 -1.923555 1
82.470163 184.096226 26.445448 1
81.476778 166.245503 24.824204 1
80.246625 144.140149 22.816544 1
76.682781 122.353565 19.642188 1
73.716488 104.219960 17.000082 1
87.077983 96.722374 19.464691 1
94.554231 95.721455 20.043840 1
84.085577 183.825089 13.294889 1
90.166112 166.938988 13.687055 1
97.695836 146.028377 14.172684 1
97.400877 123.533757 13.415292 1
97.160322 105.188229 12.797599 1
111.507056 99.279858 13.080473 1
118.960642 98.772866 14.271785 1
84.337700 185.277400 19.964730 1
84.296933 192.764074 19.832633 1
83.272417 202.628237 19.493845 1
82.177225 212.061751 19.033191 1
80.919555 236.426454 17.606369 1
81.064780 243.782313 17.092301 1
77.615832 262.216190 15.804052 1
80.386961 222.425726 22.372653 1
75.794584 230.697574 31.956742 1
79.652402 233.558662 36.768406 1
90.888826 241.891974 50.783040 1
90.661649 249.001282 48.024681 1
90.205756 263.268076 42.489274 1
90.205756 263.268076 42.489274 1
80.828933 221.981074 14.390115 1
79.638330 226.974336 1.939493 1
80.412759 220.272631 1.098011 1
82.668391 200.752991 -1.352921 1
84.301520 193.303376 -1.549212 1
87.578838 178.353661 -1.943155 1
87.578838 178.353661 -1.943155 1
82.750808 184.112066 26.487314 1
81.580354 166.278786 24.793892 1
80.130929 144.195030 22.696851 1
76.527092 122.403841 19.600210 1
73.527512 104.266403 17.022787 1
86.957636 96.776183 19.107494 1
94.447226 95.777554 19.482093 1
84.051961 183.886489 13.301094 1
90.043704 166.965848 13.541967 1
97.463475 146.012464 13.840246 1
97.300644 123.513231 13.187128 1
97.167846 105.163941 12.654476 1
111.563751 99.369504 12.662243 1
119.044709 98.927024 13.697476 1
84.310800 185.396400 19.867830 1
84.300166 192.884238 19.828184 1
83.322863 202.756726 19.616102 1
82.285333 212.201694 19.271229 1
81.208589 236.588523 18.096695 1
81.236615 243.877237 16.970694 1
77.405498 262.215664 15.425608 1
80.646339 222.547945 22.740784 1
76.397343 231.516713 31.844378 1
80.912517 234.472547 35.979222 1
94.063583 243.081822 48.022525 1
94.226384 250.315753 45.604646 1
94.553090 264.832639 40.752506 1
94.553090 264.832639 40.752506 1
80.934661 222.175699 14.747520 1
79.920772 226.299279 1.967211 1
81.058765 219.659447 1.051624 1
84.373328 200.320025 -1.615150 1
86.391980 192.967279 -1.869271 1
90.442957 178.211959 -2.379267 1
90.442957 178.211959 -2.379267 1
82.766599 184.157143 26.387033 1
81.536120 166.324907 24.725462 1
80.012364 144.242445 22.667863 1
76.440553 122.434919 19.650125 1
73.467630 104.283884 17.138376 1
86.902154 96.788976 19.177382 1
94.392378 95.791476 19.542167 1
83.970792 184.088977 13.189854 1
89.734867 167.087728 13.199695 1
96.872707 146.034526 13.211881 1
96.963739 123.529948 12.759918 1
97.037980 105.176299 12.391319 1
111.499100 99.547358 12.298260 1
118.995383 99.200645 13.256255 1
84.296000 185.592900 19.695130 1
84.229810 193.080001 19.786452 1
83.223922 202.951825 19.749052 1
82.242474 212.407651 19.584945 1
81.525248 236.826170 18.893677 1
81.398716 243.977458 17.094484 1
77.242649 262.219263 15.270670 1
80.789961 222.707492 23.269036 1
76.751304 232.497884 31.588029 1
81.842341 235.494153 34.953204 1
96.670688 244.221200 44.754737 1
97.401666 251.535518 42.712969 1
98.868577 266.213724 38.615598 1
98.868577 266.213724 38.615598 1
81.004562 222.487287 15.267822 1
80.240883 226.001032 2.289434 1
81.761247 219.461186 1.221919 1
86.189516 200.412982 -1.887366 1
88.626448 193.194093 -2.276477 1
93.516819 178.707394 -3.057366 1
93.516819 178.707394 -3.057366 1
82.717095 184.228127 26.180867 1
81.586518 166.382990 24.588254 1
80.186474 144.284552 22.616050 1
76.574944 122.464562 19.738966 1
73.568961 104.303151 17.344288 1
86.945171 96.754485 19.560653 1
94.427302 95.750010 20.050845 1
84.010849 184.400418 12.993115 1
89.368581 167.268274 12.766216 1
96.003234 146.052981 12.485238 1
96.431318 123.549078 12.240968 1
96.780442 105.195979 12.041754 1
111.319377 99.770392 12.042876 1
118.817101 99.538695 13.024033 1
84.141200 185.927900 19.450830 1
83.995915 193.410302 19.699720 1
82.960517 203.277980 19.851404 1
82.089759 212.746050 19.867624 1
82.014748 237.183815 19.652387 1
81.602168 244.163552 17.305672 1
77.130424 262.302051 15.217375 1
80.858114 223.006500 23.737411 1
76.609620 233.759486 30.643333 1
82.058219 236.819716 33.320728 1
97.928016 245.733056 41.119011 1
99.576070 252.988930 39.434193 1
102.883348 267.549850 36.053142 1
102.883348 267.549850 36.053142 1
81.168551 222.936985 15.736613 1
80.624114 226.074153 2.651128 1
82.455027 219.651419 1.379537 1
87.787812 200.944323 -2.324144 1
90.715213 193.922442 -2.895031 1
96.589846 179.831094 -4.040704 1
96.589846 179.831094 -4.040704 1
82.438792 184.408793 25.870678 1
81.583761 166.538361 24.394165 1
80.524937 144.408598 22.565732 1
76.839227 122.589710 19.775676 1
73.771502 104.429217 17.453434 1
87.041660 96.851945 20.156301 1
94.500495 95.841724 20.915754 1
84.011034 184.876744 12.720417 1
88.836651 167.589330 12.365636 1
94.812370 146.181761 11.926296 1
95.675144 123.689100 11.860131 1
96.378780 105.345169 11.806170 1
110.987310 100.124786 12.201272 1
118.461182 100.005226 13.367104 1
83.851400 186.074100 19.195930 1
83.685248 193.551937 19.547708 1
82.669564 203.419647 19.798332 1
81.900365 212.896196 19.876934 1
82.295377 237.331633 19.778554 1
81.838514 244.234589 17.222287 1
77.038915 262.294899 15.184719 1
80.766881 223.161292 23.764356 1
76.439994 234.638729 29.324449 1
82.027452 237.761003 31.616263 1
98.301694 246.855054 38.291483 1
101.006664 253.804672 36.682651 1
106.434935 267.751006 33.454088 1
106.434935 267.751006 33.454088 1
81.277432 223.120867 15.773632 1
80.978957 226.238115 2.675470 1
83.019717 219.917043 1.226318 1
88.963712 201.506051 -2.994534 1
92.426560 194.750747 -3.754104 1
99.375718 181.194360 -5.278422 1
99.375718 181.194360 -5.278422 1
82.005650 184.460759 25.552868 1
81.478101 166.567916 24.199580 1
80.824813 144.410401 22.523741 1
77.079945 122.596383 19.774686 1
73.962982 104.439943 17.486570 1
87.123262 96.847873 20.646494 1
94.552759 95.832918 21.648489 1
83.877389 185.118740 12.450047 1
88.271053 167.716771 12.083548 1
93.711870 146.167345 11.629698 1
94.961121 123.692822 11.691270 1
95.979950 105.363685 11.741485 1
110.627649 100.309498 12.588687 1
118.064464 100.277964 13.976135 1
83.543500 186.135000 19.017830 1
83.457774 193.613853 19.376726 1
82.548763 203.491962 19.627288 1
81.882265 212.976262 19.708944 1
82.541326 237.406157 19.662135 1
82.082936 244.306683 17.099590 1
77.040886 262.287883 14.950912 1
80.785267 223.246740 23.592615 1
76.515239 235.022907 28.538010 1
82.242920 237.974737 30.706203 1
98.925579 246.572348 37.021363 1
102.688943 252.954907 35.204101 1
110.241174 265.763278 31.557264 1
110.241174 265.763278 31.557264 1
81.447294 223.213591 15.612979 1
81.488835 226.237742 2.489681 1
83.611091 219.981924 0.882986 1
89.792451 201.760994 -3.796732 1
93.739306 195.293590 -4.689719 1
101.659760 182.314957 -6.481776 1
101.659760 182.314957 -6.481776 1
81.603475 184.535774 25.350215 1
81.143024 166.635675 24.070388 1
80.572826 144.469174 22.485521 1
77.023662 122.616896 19.781063 1
74.069587 104.428611 17.530066 1
87.185146 96.817957 20.828200 1
94.601722 95.800953 21.919827 1
83.639610 185.186732 12.271581 1
88.036191 167.784048 11.982133 1
93.480619 146.233735 11.623697 1
94.759679 123.760811 11.607400 1
95.802818 105.432977 11.594109 1
110.484050 100.523186 12.677174 1
117.895906 100.561668 14.192141 1
83.242700 186.116400 18.984210 1
83.254796 193.599549 19.252050 1
82.480048 203.491245 19.394278 1
81.949699 212.984454 19.417755 1
82.978085 237.401621 19.391222 1
82.494067 244.336953 16.929332 1
77.018930 262.208367 14.929810 1
80.898878 223.271674 23.269755 1
76.763611 234.929554 28.595313 1
82.635084 237.365592 31.006167 1
99.736556 244.460890 38.028109 1
103.893981 250.353575 35.539237 1
112.237005 262.178879 30.544630 1
112.237005 262.178879 30.544630 1
81.784511 223.225726 15.311896 1
82.139962 226.507059 2.255301 1
84.257366 220.265477 0.587986 1
90.424596 202.086009 -4.268298 1
94.713446 195.844252 -5.189517 1
103.320207 183.318443 -7.038231 1
103.320207 183.318443 -7.038231 1
81.198268 184.620943 25.309100 1
80.677854 166.722548 24.028413 1
80.033401 144.558158 22.442481 1
76.794846 122.653539 19.771874 1
74.099301 104.421690 17.549051 1
87.219875 96.834162 20.880356 1
94.633055 95.821714 21.998951 1
83.414047 185.084717 12.251707 1
87.886469 167.700972 11.987137 1
93.424814 146.174114 11.659509 1
94.692927 123.700605 11.616452 1
95.727139 105.372294 11.581336 1
110.450022 100.606392 12.739141 1
117.853612 100.717868 14.290479 1
82.894400 186.075400 18.867840 1
82.996850 193.560437 19.049842 1
82.336641 203.461408 19.081650 1
81.903329 212.959424 19.029131 1
83.145411 237.366465 18.929467 1
82.788250 244.396111 16.727075 1
76.956789 262.171984 14.889950 1
80.850776 223.271468 22.813694 1
76.900195 234.509367 29.096265 1
82.808090 236.457866 31.838677 1
100.015647 242.133135 39.826330 1
104.291219 247.819453 37.071756 1
112.871339 259.230625 31.543946 1
112.871339 259.230625 31.543946 1
81.925737 223.184365 14.879537 1
82.557385 226.937239 1.961135 1
84.685291 220.700903 0.287570 1
90.883109 202.536716 -4.586917 1
95.335796 196.406397 -5.478639 1
104.271343 184.104218 -7.268158 1
104.271343 184.104218 -7.268158 1
80.745381 184.679256 25.180749 1
80.264887 166.775762 23.956997 1
79.669870 144.605058 22.441569 1
76.661858 122.664030 19.800378 1
74.158200 104.401877 17.602039 1
87.267899 96.828807 21.008215 1
94.673767 95.821791 22.178937 1
83.144461 184.963252 12.150629 1
87.735386 167.609602 11.947202 1
93.420478 146.120012 11.695289 1
94.657330 123.644781 11.642286 1
95.666047 105.315067 11.599059 1
110.405697 100.625804 12.852520 1
117.798671 100.776316 14.450486 1
82.528600 186.069800 18.688810 1
82.679160 193.554805 18.835177 1
82.103154 203.461075 18.822177 1
81.786211 212.963577 18.752708 1
83.415996 237.347947 18.701579 1
83.034460 244.432840 16.688438 1
77.058804 262.178508 15.031501 1
80.841889 223.287170 22.534336 1
77.023354 234.149193 29.520281 1
82.897985 235.565025 32.635537 1
100.008657 239.688831 41.709149 1
104.303423 245.266301 38.768194 1
112.922060 256.459039 32.866358 1
112.922060 256.459039 32.866358 1
82.031208 223.191077 14.616618 1
82.828004 227.300465 1.816375 1
84.985020 221.073688 0.144482 1
91.267625 202.937344 -4.725137 1
95.758517 196.831087 -5.589958 1
104.770733 184.577195 -7.325492 1
104.770733 184.577195 -7.325492 1
80.288991 184.719760 24.980222 1
79.924325 166.808392 23.834170 1
79.472742 144.627937 22.414961 1
76.585004 122.666595 19.808593 1
74.181454 104.387533 17.639239 1
87.275140 96.855184 21.194059 1
94.666813 95.837850 22.442955 1
82.857753 184.922286 11.980964 1
87.520409 167.587078 11.849266 1
93.294325 146.120324 11.686178 1
94.564110 123.646890 11.654776 1
95.599685 105.318640 11.629166 1
110.334557 100.656651 13.031674 1
117.710973 100.821314 14.703078 1
82.263000 186.083200 18.454560 1
82.416555 193.568295 18.593021 1
81.871712 203.476315 18.572776 1
81.632098 212.981227 18.527378 1
83.578489 237.342135 18.645837 1
83.243189 244.460307 16.744990 1
77.297409 262.235787 15.315768 1
80.759152 223.294792 22.353260 1
77.009943 233.980772 29.641706 1
82.823701 234.845646 33.058269 1
99.757072 237.364710 43.009477 1
104.286621 242.770861 40.101020 1
113.376415 253.619801 34.264401 1
113.376415 253.619801 34.264401 1
82.078172 223.227807 14.455813 1
83.082000 227.502987 1.724618 1
85.269987 221.280290 0.077972 1
91.642800 203.155828 -4.718110 1
96.051878 196.988652 -5.571561 1
104.899912 184.612511 -7.284278 1
104.899912 184.612511 -7.284278 1
79.930350 184.743213 24.714233 1
79.703461 166.824400 23.652075 1
79.422495 144.634725 22.336756 1
76.608975 122.659266 19.768482 1
74.267198 104.368454 17.630835 1
87.330188 96.895294 21.416045 1
94.699412 95.855269 22.774138 1
82.689792 184.926349 11.753823 1
87.371234 167.595844 11.684361 1
93.168414 146.134913 11.598342 1
94.481999 123.663987 11.621759 1
95.553295 105.337782 11.640857 1
110.266500 100.669589 13.236855 1
117.621032 100.832234 15.002249 1
82.048000 186.092100 18.129920 1
82.181721 193.577494 18.272710 1
81.636325 203.485497 18.260037 1
81.438246 212.991471 18.253954 1
83.594259 237.332734 18.586916 1
83.349376 244.484848 16.803292 1
77.591523 262.338034 15.589400 1
80.585317 223.284581 22.138981 1
76.876284 233.744262 29.768287 1
82.585970 234.052051 33.445982 1
99.216216 234.948528 44.157775 1
104.124313 240.100162 41.405749 1
113.973769 250.438343 35.883049 1
113.973769 250.438343 35.883049 1
82.047970 223.262713 14.266615 1
83.300783 227.563114 1.566018 1
85.484966 221.325976 -0.030272 1
91.846699 203.159452 -4.679686 1
96.063747 196.855972 -5.507365 1
104.526419 184.206298 -7.168363 1
104.526419 184.206298 -7.168363 1
79.611758 184.745001 24.348471 1
79.556053 166.819144 23.387166 1
79.487070 144.620748 22.196739 1
76.709145 122.635507 19.673831 1
74.396996 104.336554 17.573943 1
87.389864 96.886789 21.636456 1
94.730988 95.838525 23.133315 1
82.592030 184.938054 11.437197 1
87.273793 167.607497 11.436365 1
93.071371 146.146501 11.435333 1
94.412268 123.677274 11.501760 1
95.505838 105.352456 11.555934 1
110.189245 100.679282 13.393493 1
117.514080 100.839835 15.278496 1
81.916000 186.101400 17.855670 1
82.016007 193.587101 18.009538 1
81.442384 203.493517 18.009826 1
81.242549 212.999397 18.043684 1
83.452734 237.332043 18.585649 1
83.350678 244.510138 16.894923 1
77.872566 262.466149 15.928160 1
80.336884 223.268318 21.980441 1
76.625427 233.427644 30.004241 1
82.190264 233.145481 33.899580 1
98.398617 232.323641 45.245291 1
103.807063 237.062228 42.696387 1
114.660607 246.571515 37.581310 1
114.660607 246.571515 37.581310 1
81.958995 223.295623 14.139397 1
83.494169 227.537906 1.450250 1
85.611310 221.252391 -0.043304 1
91.777774 202.944963 -4.393486 1
95.742384 196.475568 -5.187969 1
103.698470 183.492941 -6.782349 1
103.698470 183.492941 -6.782349 1
79.373621 184.736556 24.027690 1
79.473166 166.805667 23.169288 1
79.596436 144.601039 22.106291 1
76.843904 122.607265 19.630365 1
74.552890 104.301209 17.569583 1
87.449735 96.852194 21.928619 1
94.757721 95.802710 23.578910 1
82.585440 184.957883 11.172516 1
87.247305 167.622083 11.237109 1
93.020243 146.154596 11.317094 1
94.348044 123.684731 11.420738 1
95.430934 105.359394 11.505265 1
110.073604 100.668179 13.603445 1
117.364210 100.820086 15.617447 1
81.840800 186.111800 17.592000 1
81.918314 193.597474 17.759528 1
81.321571 203.502517 17.772031 1
81.106277 213.007929 17.832245 1
83.287949 237.339743 18.510079 1
83.317414 244.538794 16.907951 1
78.142020 262.591994 16.095612 1
80.126056 223.260127 21.794645 1
76.372726 233.039441 30.259025 1
81.726893 232.094807 34.340845 1
97.321641 229.343433 46.229707 1
103.197335 233.586784 43.847985 1
114.988542 242.102242 39.068403 1
114.988542 242.102242 39.068403 1
81.880681 223.320436 13.982371 1
83.650988 227.485056 1.298125 1
85.743093 221.163761 -0.074834 1
91.836636 202.752119 -4.073763 1
95.368735 196.029492 -4.803810 1
102.456868 182.538684 -6.268881 1
102.456868 182.538684 -6.268881 1
79.210495 184.729872 23.723240 1
79.449929 166.795541 22.970922 1
79.746430 144.586650 22.039292 1
76.979585 122.590701 19.598900 1
74.676657 104.282835 17.567693 1
87.483782 96.835982 22.187171 1
94.760247 95.788470 23.972479 1
82.612757 184.981227 10.917705 1
87.240013 167.636479 11.041664 1
92.970094 146.157912 11.195163 1
94.288871 123.687877 11.359346 1
95.364401 105.362400 11.493245 1
109.961900 100.636528 13.816341 1
117.221893 100.772407 15.939137 1
81.807000 186.111000 17.417790 1
81.889391 193.596419 17.594191 1
81.299554 203.501862 17.614280 1
81.085556 213.007176 17.692009 1
83.251653 237.337532 18.465391 1
83.322753 244.545403 16.904764 1
78.372094 262.665137 16.177533 1
80.050390 223.248221 21.669252 1
76.222542 232.654754 30.514188 1
81.263773 230.949820 34.745013 1
95.947054 225.983967 47.067871 1
102.299598 229.622769 44.921544 1
115.047735 236.925031 40.614349 1
115.047735 236.925031 40.614349 1
81.908000 223.330403 13.881024 1
83.839625 227.387553 1.185492 1
85.844096 221.001035 -0.004118 1
91.682393 202.399422 -3.469021 1
94.835288 195.488159 -4.173366 1
101.162442 181.618799 -5.586863 1
101.162442 181.618799 -5.586863 1
79.106323 184.724989 23.517433 1
79.421076 166.789276 22.828494 1
79.810848 144.578672 21.975351 1
77.062956 122.576259 19.572097 1
74.775803 104.263012 17.571801 1
87.518149 96.815888 22.366651 1
94.770839 95.758484 24.240664 1
82.653311 184.986791 10.751439 1
87.274288 167.640630 10.907605 1
92.996594 146.160312 11.100989 1
94.292609 123.689490 11.326960 1
95.349575 105.363370 11.511251 1
109.917176 100.621821 13.985189 1
117.156519 100.751947 16.177719 1
81.812500 186.099400 17.298380 1
81.889183 193.584633 17.484936 1
81.296233 203.489877 17.511064 1
81.083892 212.995168 17.595801 1
83.261746 237.323208 18.408045 1
83.335503 244.528301 16.834765 1
78.477909 262.680084 16.306387 1
80.017911 223.234191 21.570108 1
76.126066 232.243428 30.792654 1
80.785596 229.709591 35.045787 1
94.357119 222.329442 47.433622 1
101.063345 225.453806 45.571556 1
114.521245 231.723705 41.834809 1
114.521245 231.723705 41.834809 1
81.951974 223.320457 13.800556 1
84.010025 227.360507 1.119445 1
85.877192 220.898240 0.132789 1
91.315570 202.075999 -2.740980 1
94.112200 195.007368 -3.385748 1
99.724410 180.822207 -4.679685 1
99.724410 180.822207 -4.679685 1
79.058686 184.704210 23.372117 1
79.446884 166.767898 22.738462 1
79.927607 144.556552 21.953778 1
77.152372 122.555872 19.566132 1
74.842461 104.244067 17.578827 1
87.522203 96.779963 22.511264 1
94.757304 95.739327 24.461120 1
82.718428 184.984084 10.638373 1
87.334924 167.637219 10.841738 1
93.051681 146.156029 11.093570 1
94.294969 123.682555 11.350048 1
95.308933 105.354273 11.559219 1
109.838690 100.568838 14.167551 1
117.058302 100.677750 16.425330 1
81.844900 186.114500 17.254930 1
81.911364 193.599871 17.439877 1
81.315805 203.504968 17.461757 1
81.114661 213.010446 17.552656 1
83.352206 237.331041 18.423492 1
83.146175 244.552167 16.937927 1
78.593788 262.778191 16.266753 1
80.039492 223.246286 21.532685 1
76.098946 231.840996 31.122848 1
80.337128 228.523502 35.276489 1
92.681418 218.860845 47.374541 1
99.733744 221.371925 45.904310 1
113.886189 226.411101 42.953890 1
113.886189 226.411101 42.953890 1
82.047293 223.339091 13.781937 1
84.141374 227.499676 1.145778 1
85.845640 220.962749 0.381087 1
90.809551 201.923050 -1.846180 1
93.278115 194.725532 -2.397851 1
98.231969 180.281724 -3.504963 1
98.231969 180.281724 -3.504963 1
79.038474 184.717954 23.304224 1
79.475384 166.781703 22.701266 1
80.016431 144.570435 21.954596 1
77.238341 122.569302 19.574450 1
74.926054 104.257121 17.593388 1
87.540421 96.761458 22.644171 1
94.759058 95.739305 24.663584 1
82.811626 184.998254 10.603632 1
87.462904 167.660814 10.817899 1
93.222733 146.191296 11.083230 1
94.353124 123.712049 11.355716 1
95.275015 105.379058 11.577943 1
109.766966 100.523244 14.265334 1
116.975082 100.597743 16.560924 1
81.915400 186.100700 17.239130 1
81.969353 193.586266 17.420222 1
81.356808 203.490342 17.433596 1
81.138296 212.995420 17.526210 1
83.323491 237.318911 18.447641 1
82.913959 244.544640 17.028086 1
78.574176 262.813830 16.153087 1
80.000246 223.225166 21.504422 1
75.999952 231.506851 31.342080 1
79.861802 227.581208 35.329076 1
91.109971 216.147233 46.941750 1
98.422485 218.040848 45.872276 1
113.097068 221.840909 43.726086 1
113.097068 221.840909 43.726086 1
82.095655 223.329648 13.777047 1
84.293458 227.584967 1.190146 1
85.804744 220.982031 0.608821 1
90.206572 201.750070 -1.084369 1
92.394354 194.454175 -1.515553 1
96.784741 179.812942 -2.380874 1
96.784741 179.812942 -2.380874 1
79.056713 184.703588 23.263772 1
79.528666 166.767427 22.685050 1
80.113107 144.556270 21.968392 1
77.307984 122.557458 19.598513 1
74.973197 104.247210 17.625995 1
87.525833 96.726633 22.792221 1
94.727257 95.712741 24.876219 1
82.943517 184.981998 10.597458 1
87.617120 167.650784 10.828930 1
93.404594 146.188976 11.115568 1
94.430642 123.704717 11.387438 1
95.267436 105.367639 11.609161 1
109.720723 100.445548 14.382810 1
116.915056 100.486784 16.722063 1
82.115300 186.099800 17.028350 1
82.108690 193.583854 17.269782 1
81.427337 203.483161 17.344583 1
81.159651 212.986575 17.472249 1
83.258003 237.316166 18.433624 1
82.783555 244.541405 17.031898 1
78.462719 262.816767 16.192752 1
79.961177 223.208256 21.453446 1
75.891609 231.243980 31.465135 1
79.435917 226.888964 35.298202 1
89.759204 214.204381 46.462536 1
97.231896 215.532548 45.689712 1
112.227920 218.197883 44.138830 1
112.227920 218.197883 44.138830 1
82.107739 223.327902 13.740345 1
84.381245 227.642176 1.187003 1
85.723399 220.992083 0.744759 1
89.632607 201.622773 -0.543337 1
91.592748 194.256207 -0.849863 1
95.526309 179.473154 -1.465024 1
95.526309 179.473154 -1.465024 1
79.225951 184.631691 23.021400 1
79.763160 166.693316 22.585926 1
80.428410 144.479416 22.046659 1
77.520123 122.501133 19.611574 1
75.099468 104.207970 17.584784 1
87.518649 96.671512 23.042198 1
94.674642 95.657884 25.277343 1
83.198401 185.042834 10.385306 1
87.796874 167.693417 10.730133 1
93.491311 146.209067 11.157142 1
94.405294 123.719650 11.400792 1
95.150694 105.378366 11.599501 1
109.516131 100.336130 14.604114 1
116.669574 100.314666 17.065822 1
82.075000 186.061200 17.180800 1
82.057577 193.546470 17.380379 1
81.363011 203.445079 17.415541 1
81.085484 212.948330 17.533967 1
83.167447 237.277388 18.543276 1
82.619143 244.498747 17.148518 1
78.360062 262.790700 16.356464 1
79.883463 223.160972 21.537230 1
75.773152 231.035244 31.659945 1
79.029925 226.342666 35.346926 1
88.515725 212.674885 46.085763 1
96.060952 213.607818 45.452049 1
111.202538 215.480006 44.180328 1
111.202538 215.480006 44.180328 1
82.022744 223.297959 13.822395 1
84.283529 227.665354 1.285136 1
85.504063 220.987452 0.915527 1
89.059037 201.537143 -0.161010 1
90.885215 194.132869 -0.371256 1
94.549945 179.274145 -0.793203 1
94.549945 179.274145 -0.793203 1
79.185569 184.622476 23.180932 1
79.724452 166.685610 22.689002 1
80.391774 144.473580 22.079822 1
77.453414 122.498747 19.649706 1
75.007730 104.208456 17.627052 1
87.462422 96.676814 23.009678 1
94.631021 95.664133 25.204490 1
83.162041 184.968665 10.544157 1
87.864180 167.647113 10.891803 1
93.686990 146.197269 11.322301 1
94.520196 123.704415 11.536396 1
95.199718 105.360326 11.711000 1
109.552999 100.234462 14.631012 1
116.719089 100.169614 17.054887 1
82.168400 186.038500 17.238730 1
82.114004 193.523993 17.422673 1
81.375366 203.419449 17.444708 1
81.064914 212.921660 17.564875 1
83.088186 237.254108 18.611144 1
82.569621 244.477019 17.213054 1
78.522516 262.818092 16.445832 1
79.845111 223.124541 21.587602 1
75.729813 230.938947 31.754585 1
78.735353 225.978392 35.301459 1
87.489403 211.530093 45.632216 1
95.071315 212.195369 45.108366 1
110.286521 213.530429 44.057120 1
110.286521 213.530429 44.057120 1
81.969289 223.279807 13.868941 1
84.205688 227.650956 1.328616 1
85.360478 220.962145 0.945265 1
88.723963 201.480062 -0.171299 1
90.553211 194.076140 -0.366730 1
94.224101 179.218122 -0.758947 1
94.224101 179.218122 -0.758947 1
79.289666 184.598042 23.243586 1
79.857216 166.662895 22.722114 1
80.560040 144.452994 22.076351 1
77.587207 122.482055 19.652956 1
75.112830 104.195006 17.635896 1
87.590228 96.675861 22.983290 1
94.765430 95.665675 25.157580 1
83.256935 184.937474 10.603735 1
88.019496 167.632414 10.950232 1
93.917130 146.202994 11.379309 1
94.695169 123.707984 11.573623 1
95.329699 105.362138 11.732096 1
109.666662 100.162167 14.600796 1
116.839620 100.058773 17.002921 1
82.213600 186.025200 17.319860 1
82.130929 193.510350 17.507185 1
81.348780 203.402454 17.532686 1
80.985462 212.902801 17.652002 1
82.845263 237.248896 18.684044 1
82.475453 244.483902 17.301310 1
78.848085 262.915649 16.611725 1
79.701102 223.099211 21.671041 1
75.578953 230.873442 31.866010 1
78.386276 225.711500 35.285656 1
86.562991 210.676634 45.245848 1
94.165755 211.169292 44.848767 1
109.422805 212.157946 44.051917 1
109.422805 212.157946 44.051917 1
81.815696 223.264976 13.949967 1
84.016782 227.609289 1.394078 1
85.195374 220.929072 0.939867 1
88.628186 201.472019 -0.383087 1
90.577642 194.100111 -0.621824 1
94.489763 179.306338 -1.100947 1
94.489763 179.306338 -1.100947 1
79.351154 184.571156 23.329227 1
79.931943 166.636769 22.796326 1
80.651159 144.427808 22.136412 1
77.630024 122.466142 19.688823 1
75.115444 104.186811 17.651625 1
87.600901 96.675956 22.991856 1
94.778251 95.667151 25.159690 1
83.294445 184.931208 10.682445 1
88.100310 167.637979 11.021569 1
94.051567 146.223208 11.441515 1
94.802551 123.727132 11.618085 1
95.415016 105.380417 11.762086 1
109.741489 100.128805 14.588812 1
116.919853 99.998209 16.973399 1
82.228000 185.964100 17.406700 1
82.112561 193.449205 17.577773 1
81.279045 203.337145 17.584187 1
80.853442 212.835155 17.681560 1
82.521944 237.198022 18.642372 1
82.339869 244.454558 17.337173 1
79.295845 262.994115 16.719592 1
79.501976 223.031690 21.678215 1
75.365232 230.651023 31.983616 1
77.995084 225.343289 35.320161 1
85.654888 209.883785 45.038309 1
93.270128 210.252630 44.765396 1
108.552214 210.992818 44.217723 1
108.552214 210.992818 44.217723 1
81.587321 223.193691 13.949110 1
83.701511 227.571090 1.389781 1
84.986557 220.916135 0.859762 1
88.729429 201.532662 -0.683990 1
90.841302 194.207688 -0.979217 1
95.079357 179.508103 -1.571704 1
95.079357 179.508103 -1.571704 1
79.398599 184.510712 23.431854 1
79.987934 166.576492 22.902729 1
80.717733 144.367738 22.247489 1
77.641973 122.428919 19.666665 1
75.081926 104.168604 17.518573 1
87.567463 96.668293 22.873416 1
94.745367 95.660351 25.039815 1
83.284507 184.860099 10.767024 1
88.152223 167.583967 11.095242 1
94.180073 146.190368 11.501683 1
94.871092 123.692292 11.667962 1
95.434653 105.343946 11.803570 1
109.754729 100.022537 14.530417 1
116.948213 99.856217 16.866725 1
82.283000 185.932200 17.550610 1
82.131210 193.417288 17.691389 1
81.240371 203.300188 17.662976 1
80.744323 212.795052 17.728757 1
82.195125 237.175050 18.604659 1
82.232088 244.455552 17.426978 1
79.845656 263.093613 16.888191 1
79.320068 222.991509 21.700255 1
75.176202 230.405178 32.151764 1
77.658602 224.993912 35.434534 1
84.888933 209.232853 44.996051 1
92.511686 209.490394 44.823662 1
107.808849 210.007219 44.477718 1
107.808849 210.007219 44.477718 1
81.364659 223.147919 13.960154 1
83.390298 227.604682 1.414150 1
84.818850 220.984601 0.818790 1
88.979702 201.702703 -0.915279 1
91.268144 194.433510 -1.267814 1
95.860534 179.845865 -1.975302 1
95.860534 179.845865 -1.975302 1
79.493105 184.489858 23.596804 1
80.036661 166.555502 23.025011 1
80.709770 144.346580 22.316933 1
77.623979 122.413518 19.699410 1
75.055583 104.157995 17.520771 1
87.583446 96.674319 22.799489 1
94.774838 95.669164 24.922009 1
83.309497 184.805864 10.909978 1
88.274218 167.557420 11.241404 1
94.422193 146.198109 11.651819 1
95.033306 123.697429 11.772422 1
95.531700 105.346959 11.870781 1
109.849179 99.956122 14.471990 1
117.060312 99.752895 16.750251 1
82.273200 185.888700 17.653040 1
82.092113 193.373667 17.762002 1
81.153645 203.251993 17.698144 1
80.597759 212.743706 17.732794 1
81.861220 237.136908 18.527593 1
82.119645 244.432859 17.480532 1
80.365263 263.144592 17.085789 1
79.113853 222.940764 21.680840 1
74.989055 230.154593 32.278712 1
77.335216 224.654289 35.513350 1
84.168732 208.633897 44.934677 1
91.796175 208.774609 44.866029 1
107.102751 209.056985 44.728273 1
107.102751 209.056985 44.728273 1
81.117167 223.089552 13.929804 1
83.052152 227.628447 1.398945 1
84.631187 221.046217 0.765231 1
89.230344 201.874568 -1.080547 1
91.689289 194.663453 -1.475273 1
96.623840 180.192355 -2.267430 1
96.623840 180.192355 -2.267430 1
79.525448 184.461802 23.722154 1
80.051631 166.527952 23.119097 1
80.703226 144.319656 22.372305 1
77.603092 122.393519 19.714036 1
75.022758 104.143759 17.501483 1
87.596051 96.673412 22.690306 1
94.802325 95.670133 24.762642 1
83.264380 184.737297 11.011341 1
88.328893 167.517918 11.344229 1
94.600443 146.194598 11.756452 1
95.149864 123.692142 11.835167 1
95.597944 105.340223 11.899363 1
109.917590 99.893158 14.368140 1
117.147141 99.659776 16.584296 1
82.273400 185.870300 17.745270 1
82.048750 193.354475 17.823049 1
81.053825 203.227004 17.725912 1
80.445879 212.715581 17.736790 1
81.583288 237.116479 18.484349 1
82.026445 244.418561 17.547746 1
80.821214 263.176207 17.301220 1
78.923512 222.911557 21.672970 1
74.811121 229.990429 32.366238 1
77.024887 224.397523 35.534729 1
83.472784 208.107414 44.763394 1
91.101752 208.129540 44.791135 1
106.411386 208.173941 44.846809 1
106.411386 208.173941 44.846809 1
80.895578 223.057344 13.913867 1
82.774247 227.656316 1.396350 1
84.471237 221.106834 0.729115 1
89.413953 202.030567 -1.214297 1
92.035316 194.877932 -1.627432 1
97.295801 180.524192 -2.456534 1
97.295801 180.524192 -2.456534 1
79.556758 184.453310 23.830689 1
80.074452 166.520480 23.191058 1
80.715537 144.313447 22.398975 1
77.588350 122.395086 19.708461 1
74.985499 104.151798 17.469070 1
87.588410 96.685619 22.591613 1
94.805728 95.684769 24.626352 1
83.246523 184.696316 11.104854 1
88.378803 167.496881 11.430834 1
94.734272 146.198259 11.834503 1
95.243334 123.694760 11.879053 1
95.658500 105.341991 11.915385 1
109.979238 99.852805 14.282436 1
117.222383 99.596600 16.451174 1
82.303600 185.835400 17.827620 1
82.024803 193.317950 17.883368 1
80.965025 203.183489 17.764446 1
80.310143 212.668949 17.765181 1
81.367636 237.073504 18.510682 1
81.962238 244.371851 17.630572 1
81.185327 263.153350 17.510867 1
78.760917 222.859825 21.704089 1
74.662344 229.868268 32.448929 1
76.722657 224.150921 35.496509 1
82.723603 207.498362 44.373007 1
90.350922 207.417408 44.513901 1
105.657249 207.254949 44.796649 1
105.657249 207.254949 44.796649 1
80.718524 223.012128 13.941451 1
82.606676 227.588277 1.416998 1
84.387195 221.063835 0.722666 1
89.573203 202.060499 -1.299673 1
92.342596 194.964074 -1.716352 1
97.900146 180.723135 -2.552565 1
97.900146 180.723135 -2.552565 1
79.609747 184.417136 23.922865 1
80.144396 166.485917 23.252746 1
80.806477 144.280879 22.422908 1
77.632575 122.373009 19.701820 1
74.990842 104.138454 17.436981 1
87.613184 96.691495 22.539619 1
94.836451 95.693365 24.554487 1
83.271652 184.648451 11.188768 1
88.406798 167.449514 11.495299 1
94.765814 146.151508 11.874884 1
95.269228 123.647851 11.899132 1
95.679788 105.294953 11.918907 1
109.992972 99.757305 14.217791 1
117.244279 99.475111 16.355808 1
82.314000 185.786700 17.896310 1
81.980382 193.267066 17.943461 1
80.860045 203.125847 17.819333 1
80.169957 212.608809 17.824988 1
81.196752 237.013542 18.606673 1
81.896121 244.303536 17.734385 1
81.374951 263.094221 17.699964 1
78.605900 222.791996 21.777892 1
74.518513 229.779601 32.540551 1
76.391893 223.896525 35.386699 1
81.848371 206.761258 43.676497 1
89.472289 206.571351 43.881946 1
104.771791 206.190247 44.294238 1
104.771791 206.190247 44.294238 1
80.567625 222.958055 14.016576 1
82.474850 227.530414 1.493630 1
84.287674 221.016732 0.782080 1
89.567774 202.044736 -1.290404 1
92.461369 194.997017 -1.689368 1
98.268167 180.853821 -2.490033 1
98.268167 180.853821 -2.490033 1
79.639298 184.356104 23.997104 1
80.171620 166.425783 23.301578 1
80.830819 144.221857 22.440277 1
77.632852 122.320837 19.692363 1
74.971088 104.091983 17.405195 1
87.595734 96.652533 22.513084 1
94.820006 95.655028 24.524656 1
83.281294 184.598835 11.257512 1
88.427897 167.403156 11.554535 1
94.801102 146.109185 11.922347 1
95.270679 123.604786 11.933722 1
95.653643 105.251284 11.942997 1
109.959459 99.679771 14.205627 1
117.214946 99.379752 16.326975 1
82.335900 185.779900 17.979500 1
81.970181 193.258777 18.024728 1
80.815414 203.113583 17.900471 1
80.105553 212.595079 17.913025 1
81.114135 236.999168 18.737359 1
81.898704 244.278358 17.847492 1
81.464218 263.071276 17.837892 1
78.523537 222.770794 21.878007 1
74.453999 229.703048 32.683139 1
76.083826 223.630115 35.268450 1
80.830923 205.941859 42.798522 1
88.451850 205.660429 43.009854 1
103.745351 205.095660 43.433952 1
103.745351 205.095660 43.433952 1
80.507334 222.950772 14.122613 1
82.482275 227.479490 1.594306 1
84.272660 220.959837 0.880625 1
89.487403 201.970451 -1.198067 1
92.454995 194.952339 -1.574768 1
98.410290 180.868557 -2.330755 1
98.410290 180.868557 -2.330755 1
79.655268 184.338848 24.075229 1
80.198381 166.409768 23.356428 1
80.870941 144.207380 22.466305 1
77.666216 122.311028 19.689220 1
74.998828 104.086058 17.377773 1
87.613837 96.655207 22.521861 1
94.834358 95.658573 24.547284 1
83.321413 184.595122 11.342830 1
88.451353 167.394200 11.624131 1
94.803923 146.093736 11.972473 1
95.283033 123.589538 11.982795 1
95.673771 105.236199 11.991214 1
109.975011 99.656907 14.263586 1
117.228677 99.352680 16.390556 1
82.342400 185.787500 18.048970 1
81.950584 193.265102 18.085617 1
80.770573 203.116812 17.953247 1
80.053003 212.597718 17.971560 1
81.081758 236.998835 18.856692 1
81.898839 244.274583 17.967936 1
81.471463 263.067593 17.915097 1
78.458072 222.766157 21.950013 1
74.352696 229.595594 32.806939 1
75.774231 223.362932 35.120778 1
79.914649 205.209446 41.860154 1
87.528955 204.785222 42.071769 1
102.809167 203.933895 42.496435 1
102.809167 203.933895 42.496435 1
80.487767 222.961461 14.206876 1
82.553043 227.506729 1.699145 1
84.281957 220.967836 1.010363 1
89.317657 201.922408 -0.995807 1
92.284698 194.901765 -1.326927 1
98.238886 180.812903 -1.991441 1
98.238886 180.812903 -1.991441 1
79.642035 184.342854 24.135131 1
80.220064 166.415125 23.409929 1
80.935864 144.214408 22.511879 1
77.713342 122.322375 19.721363 1
75.031141 104.101001 17.398738 1
87.626342 96.662944 22.580808 1
94.840352 95.664923 24.628624 1
83.358968 184.599945 11.417482 1
88.471359 167.393746 11.695490 1
94.802198 146.086747 12.039753 1
95.271887 123.582353 12.024705 1
95.654941 105.228854 12.012432 1
109.941980 99.626457 14.317056 1
117.189112 99.309008 16.464270 1
82.263400 185.778000 18.106340 1
81.877142 193.255935 18.132554 1
80.708078 203.108758 17.986623 1
80.004316 212.590699 18.005018 1
81.074708 236.988381 18.934380 1
81.888780 244.270738 18.098571 1
81.518435 263.064862 18.018500 1
78.404790 222.756051 21.989510 1
74.230828 229.446602 32.906594 1
75.461022 223.085607 34.966947 1
79.044129 204.558333 40.968009 1
86.645477 203.939960 41.166805 1
101.899686 202.699023 41.565746 1
101.899686 202.699023 41.565746 1
80.481988 222.959384 14.259188 1
82.649389 227.561985 1.789761 1
84.311216 221.000208 1.155645 1
89.151514 201.888129 -0.691305 1
92.051852 194.837075 -0.961631 1
97.872181 180.687183 -1.504147 1
97.872181 180.687183 -1.504147 1
79.513105 184.341411 24.172015 1
80.129817 166.414864 23.449428 1
80.893520 144.215613 22.554616 1
77.719305 122.318474 19.748837 1
75.077312 104.092850 17.413508 1
87.640449 96.652964 22.670248 1
94.841177 95.653563 24.763630 1
83.332278 184.583158 11.484393 1
88.488252 167.390125 11.771905 1
94.873062 146.099430 12.127938 1
95.312318 123.594516 12.061117 1
95.670554 105.240592 12.006620 1
109.943260 99.629893 14.378864 1
117.178253 99.306156 16.565707 1
82.201300 185.775200 18.191590 1
81.813915 193.253121 18.196778 1
80.647273 203.105788 18.023482 1
79.949281 212.588171 18.030393 1
81.040446 236.984126 18.980687 1
81.874310 244.273052 18.225539 1
81.648231 263.069591 18.185092 1
78.333228 222.753147 22.009169 1
74.075678 229.301779 32.979897 1
75.165118 222.848572 34.821072 1
78.338260 204.052717 40.183747 1
85.913766 203.166175 40.351520 1
101.116116 201.387080 40.688206 1
101.116116 201.387080 40.688206 1
80.464826 222.958346 14.293720 1
82.749193 227.599278 1.859430 1
84.372910 221.021270 1.299029 1
89.102209 201.861918 -0.333216 1
91.880392 194.759721 -0.540344 1
97.455585 180.507198 -0.956036 1
97.455585 180.507198 -0.956036 1
79.405162 184.352885 24.239644 1
80.032407 166.427048 23.508585 1
80.809152 144.228674 22.603282 1
77.690997 122.323818 19.794883 1
75.095664 104.091771 17.457372 1
87.637159 96.657516 22.773423 1
94.827730 95.660580 24.902587 1
83.320628 184.564504 11.580868 1
88.499295 167.378351 11.871839 1
94.912206 146.096176 12.232155 1
95.313219 123.590685 12.129002 1
95.640265 105.236291 12.044874 1
109.897860 99.607485 14.464624 1
117.123922 99.273132 16.679222 1
82.204300 185.789100 18.199990 1
81.804088 193.266347 18.199761 1
80.628991 203.117804 18.015151 1
79.932973 212.600334 18.016932 1
81.052370 236.994522 18.979672 1
81.930130 244.284495 18.286958 1
81.881287 263.082372 18.295301 1
78.302086 222.766975 21.985390 1
73.970915 229.246846 32.968122 1
74.946067 222.721534 34.608265 1
77.786333 203.715664 39.385407 1
85.326739 202.565981 39.536747 1
100.458651 200.258821 39.840456 1
100.458651 200.258821 39.840456 1
80.491324 222.970377 14.286050 1
82.871918 227.613999 1.870828 1
84.483439 221.026160 1.397478 1
89.177218 201.838171 0.018780 1
91.817300 194.682193 -0.137258 1
97.115355 180.321743 -0.450423 1
97.115355 180.321743 -0.450423 1
79.354465 184.363367 24.222120 1
80.005800 166.437544 23.512089 1
80.812379 144.239188 22.632826 1
77.728542 122.329559 19.823756 1
75.161773 104.093541 17.485687 1
87.652668 96.657505 22.917128 1
94.822653 95.659062 25.113934 1
83.387140 184.578826 11.600259 1
88.528308 167.381596 11.901614 1
94.894784 146.085706 12.274790 1
95.289496 123.580209 12.150723 1
95.611404 105.225810 12.049540 1
109.845734 99.585795 14.577725 1
117.053513 99.244639 16.850113 1
82.151500 185.803200 18.230470 1
81.760397 193.280928 18.235124 1
80.598676 203.133973 18.050628 1
79.914352 212.617352 18.057699 1
81.055511 237.008688 19.066067 1
81.978441 244.294667 18.390250 1
82.111092 263.092112 18.423099 1
78.257835 222.780478 22.024541 1
73.845478 229.274060 32.966784 1
74.719066 222.688738 34.412838 1
77.263512 203.508082 38.624668 1
84.756383 202.076525 38.724342 1
99.792901 199.203706 38.924368 1
99.792901 199.203706 38.924368 1
80.522341 222.991923 14.347219 1
83.035358 227.546245 1.925019 1
84.628301 220.949928 1.510512 1
89.267969 201.737245 0.303204 1
91.780531 194.534939 0.175836 1
96.822682 180.081519 -0.079794 1
96.822682 180.081519 -0.079794 1
79.240355 184.373910 24.222355 1
79.933051 166.448739 23.535371 1
80.790848 144.251191 22.684647 1
77.750378 122.336336 19.869088 1
75.219705 104.095966 17.525618 1
87.659129 96.662283 23.077080 1
94.807644 95.666126 25.343785 1
83.398257 184.599208 11.641363 1
88.520570 167.396362 11.943236 1
94.863695 146.093516 12.317053 1
95.249283 123.587890 12.187791 1
95.563749 105.233386 12.082371 1
109.773865 99.583266 14.721757 1
116.963062 99.236590 17.051454 1
82.116600 185.820300 18.267390 1
81.732478 193.298381 18.279758 1
80.580271 203.152615 18.099146 1
79.899622 212.636246 18.115765 1
81.030064 237.025529 19.184090 1
82.043269 244.298531 18.497883 1
82.356178 263.093775 18.557071 1
78.200813 222.791623 22.084568 1
73.727244 229.315790 32.983678 1
74.520926 222.686538 34.265777 1
76.832633 203.377930 38.000069 1
84.274378 201.699332 38.071802 1
99.208298 198.330759 38.215755 1
99.208298 198.330759 38.215755 1
80.547336 223.018053 14.432344 1
83.222265 227.481610 2.011008 1
84.775910 220.874277 1.623670 1
89.301114 201.629510 0.495495 1
91.718802 194.394490 0.387460 1
96.570562 179.875420 0.170627 1
96.570562 179.875420 0.170627 1
79.151526 184.384891 24.231303 1
79.867225 166.460184 23.555862 1
80.753507 144.263212 22.719433 1
77.759526 122.342757 19.897650 1
75.267546 104.097727 17.549000 1
87.659774 96.668749 23.211210 1
94.788375 95.673301 25.540086 1
83.420137 184.624899 11.687714 1
88.519186 167.415328 11.999912 1
94.833504 146.104153 12.386515 1
95.210064 123.598521 12.233899 1
95.517168 105.244011 12.109433 1
109.704303 99.590199 14.862115 1
116.873684 99.240634 17.251674 1
82.059800 185.812100 18.309250 1
81.676889 193.290246 18.319615 1
80.531858 203.145241 18.134921 1
79.866812 212.629976 18.152987 1
81.056145 237.015161 19.250533 1
82.125369 244.279676 18.559456 1
82.583813 263.071993 18.595529 1
78.169501 222.786429 22.119677 1
73.655615 229.377894 32.961522 1
74.368627 222.715201 34.110797 1
76.445375 203.309192 37.458217 1
83.841096 201.438513 37.537482 1
98.682654 197.684475 37.696552 1
98.682654 197.684475 37.696552 1
80.566690 223.013221 14.483185 1
83.345108 227.442323 2.072237 1
84.858105 220.824387 1.705565 1
89.264916 201.548736 0.637583 1
91.621567 194.293268 0.555211 1
96.350838 179.733164 0.389878 1
96.350838 179.733164 0.389878 1
79.057313 184.376891 24.254464 1
79.803494 166.453200 23.585095 1
80.727524 144.257485 22.756185 1
77.762556 122.333884 19.928217 1
75.294725 104.086235 17.574419 1
87.657132 96.655442 23.299090 1
94.773193 95.659913 25.665975 1
83.404175 184.616816 11.737775 1
88.492304 167.404120 12.055795 1
94.793099 146.089075 12.449606 1
95.171290 123.583646 12.272915 1
95.479724 105.229303 12.128813 1
109.653644 99.577498 14.952771 1
116.810042 99.227910 17.380932 1
82.013000 185.811800 18.372640 1
81.633920 193.290147 18.376672 1
80.499646 203.146222 18.183428 1
79.853050 212.632237 18.199592 1
81.108066 237.013236 19.316784 1
82.249611 244.264824 18.605892 1
82.820529 263.054094 18.612363 1
78.164729 222.791500 22.162920 1
73.632097 229.419041 32.974909 1
74.283938 222.736999 34.045472 1
76.182517 203.274632 37.163634 1
83.493060 201.095519 37.262749 1
98.163688 196.722525 37.461654 1
98.163688 196.722525 37.461654 1
80.602590 223.015346 14.539227 1
83.464420 227.413500 2.136230 1
84.940135 220.786948 1.773226 1
89.238358 201.486205 0.715930 1
91.565493 194.221015 0.653807 1
96.235533 179.641401 0.529108 1
96.235533 179.641401 0.529108 1
78.982731 184.381801 24.305000 1
79.749690 166.458960 23.636358 1
80.699450 144.264297 22.808348 1
77.768057 122.337875 19.967283 1
75.328171 104.087877 17.602584 1
87.677429 96.666233 23.367363 1
94.785477 95.672379 25.758899 1
83.386663 184.611776 11.808090 1
88.465218 167.396329 12.130293 1
94.754157 146.077880 12.529286 1
95.138157 123.572786 12.324657 1
95.451328 105.218716 12.157771 1
109.615483 99.564991 15.026527 1
116.762916 99.213100 17.480622 1
81.964100 185.812000 18.423600 1
81.592355 193.290716 18.419633 1
80.473273 203.148327 18.216440 1
79.850802 212.635963 18.226890 1
81.191509 237.012508 19.341734 1
82.385096 244.253280 18.606488 1
83.022509 263.040411 18.598014 1
78.192382 222.801969 22.185552 1
73.678733 229.474816 32.977598 1
74.270966 222.781297 34.010436 1
75.995928 203.285502 37.018720 1
83.202782 200.784911 37.122197 1
97.665327 195.766780 37.329855 1
97.665327 195.766780 37.329855 1
80.643719 223.015625 14.565889 1
83.545266 227.385765 2.162217 1
85.000117 220.754721 1.797036 1
89.237569 201.440893 0.733396 1
91.563350 194.175171 0.684145 1
96.230672 179.594488 0.585280 1
96.230672 179.594488 0.585280 1
78.920077 184.390702 24.351008 1
79.710664 166.468956 23.680543 1
80.689683 144.275649 22.850276 1
77.769945 122.349459 19.995445 1
75.339760 104.099656 17.619288 1
87.690436 96.682113 23.386307 1
94.797105 95.690373 25.782815 1
83.350257 184.604290 11.863087 1
88.421597 167.386610 12.179556 1
94.701602 146.065396 12.571448 1
95.108758 123.560892 12.347606 1
95.440814 105.207303 12.165052 1
109.603760 99.555318 15.043188 1
116.748594 99.203179 17.504806 1
81.920000 185.797900 18.474790 1
81.570974 193.277708 18.467726 1
80.481125 203.138488 18.259470 1
79.884715 212.627803 18.265055 1
81.285309 237.001316 19.372523 1
82.543274 244.227784 18.604596 1
83.207919 263.013933 18.565851 1
78.242395 222.799817 22.214984 1
73.737310 229.544501 32.965873 1
74.299426 222.847896 33.995534 1
75.936669 203.343114 36.994562 1
83.005551 200.475631 37.098745 1
97.191218 194.721232 37.307820 1
97.191218 194.721232 37.307820 1
80.713654 223.003746 14.601492 1
83.677491 227.302934 2.187757 1
85.118771 220.669756 1.807821 1
89.316699 201.349712 0.701207 1
91.651489 194.086855 0.655692 1
96.336891 179.511924 0.564321 1
96.336891 179.511924 0.564321 1
78.867020 184.388090 24.400334 1
79.661422 166.466864 23.720534 1
80.645166 144.274202 22.878707 1
77.758786 122.344835 20.014373 1
75.356365 104.092387 17.630306 1
87.718441 96.681709 23.381701 1
94.827024 95.689918 25.772505 1
83.307634 184.583510 11.915822 1
88.399786 167.372018 12.234678 1
94.705564 146.058466 12.629526 1
95.120167 123.554337 12.382847 1
95.458296 105.201054 12.181667 1
109.624429 99.555833 15.057394 1
116.768974 99.206134 17.520199 1
81.850400 185.792500 18.523510 1
81.528465 193.273520 18.513663 1
80.473419 203.137947 18.298983 1
79.907805 212.629148 18.295606 1
81.379274 236.999677 19.376528 1
82.648188 244.224927 18.615190 1
83.374720 263.008824 18.615698 1
78.289030 222.810728 22.230580 1
73.773506 229.619926 32.936328 1
74.340079 222.928426 33.996283 1
75.990300 203.438509 37.083547 1
82.878561 200.161608 37.210743 1
96.701763 193.585598 37.465999 1
96.701763 193.585598 37.465999 1
80.774084 222.998189 14.621156 1
83.785998 227.244442 2.200775 1
85.222277 220.611313 1.801536 1
89.405638 201.291412 0.638699 1
91.748652 194.031104 0.613667 1
96.450527 179.461280 0.562893 1
96.450527 179.461280 0.562893 1
78.789649 184.395843 24.448160 1
79.588551 166.474818 23.768326 1
80.577868 144.282405 22.926458 1
77.718098 122.350026 20.058498 1
75.337825 104.095071 17.671414 1
87.712568 96.688152 23.400368 1
94.823602 95.698547 25.784782 1
83.236601 184.570781 11.965600 1
88.338155 167.362022 12.281648 1
94.655576 146.051854 12.673017 1
95.082177 123.548007 12.421080 1
95.430093 105.194955 12.215613 1
109.603511 99.566331 15.087970 1
116.748956 99.224902 17.549323 1
81.813000 185.809800 18.551710 1
81.521606 193.292072 18.541764 1
80.501095 203.160028 18.322418 1
79.957503 212.652503 18.306079 1
81.454082 237.023572 19.339301 1
82.762971 244.243596 18.596279 1
83.499021 263.027102 18.624308 1
78.336596 222.844548 22.212984 1
73.783361 229.678050 32.887227 1
74.422151 223.001579 33.999594 1
76.282718 203.555436 37.239517 1
82.900060 199.762182 37.395794 1
96.179585 192.149967 37.709407 1
96.179585 192.149967 37.709407 1
80.849465 223.012474 14.612243 1
83.942533 227.199913 2.191839 1
85.385465 220.569349 1.774392 1
89.588200 201.256919 0.558522 1
91.925806 193.994827 0.553759 1
96.617212 179.421541 0.551052 1
96.617212 179.421541 0.551052 1
78.739618 184.425452 24.472709 1
79.520462 166.503581 23.794198 1
80.487416 144.310121 22.953968 1
77.670021 122.371864 20.089020 1
75.325019 104.112018 17.704442 1
87.704313 96.705631 23.424245 1
94.815039 95.717237 25.810079 1
83.201906 184.582648 11.995388 1
88.289915 167.369895 12.312316 1
94.590561 146.054781 12.704777 1
95.038190 123.551467 12.441958 1
95.403253 105.198849 12.227615 1
109.582072 99.593423 15.118622 1
116.724485 99.263307 17.590297 1
81.771400 185.823300 18.562250 1
81.513822 193.306813 18.552736 1
80.532443 203.178604 18.327453 1
80.013366 212.672425 18.299920 1
81.537038 237.043335 19.296651 1
82.852007 244.266032 18.591298 1
83.573513 263.050066 18.637326 1
78.392595 222.873101 22.184290 1
73.786962 229.642367 32.876967 1
74.510792 222.981254 34.028633 1
76.619047 203.579846 37.383020 1
82.983116 199.378179 37.599875 1
95.754380 190.946370 38.035056 1
95.754380 190.946370 38.035056 1
80.930174 223.024988 14.591425 1
84.082372 227.244317 2.196705 1
85.544033 220.617729 1.781282 1
89.801320 201.316881 0.571304 1
92.130362 194.052044 0.581950 1
96.804190 179.473125 0.602340 1
96.804190 179.473125 0.602340 1
78.673665 184.451877 24.473558 1
79.446108 166.529295 23.804272 1
80.402659 144.334954 22.975466 1
77.627781 122.388644 20.130777 1
75.318168 104.122094 17.763062 1
87.691043 96.713425 23.493786 1
94.797553 95.725525 25.892352 1
83.174842 184.590959 12.009997 1
88.242219 167.372345 12.338866 1
94.517316 146.049974 12.746112 1
94.986818 123.547175 12.477404 1
95.369721 105.194977 12.258259 1
109.549539 99.617873 15.198720 1
116.683877 99.301954 17.695445 1
81.750700 185.834600 18.544050 1
81.531921 193.319353 18.541263 1
80.594911 203.195482 18.317171 1
80.100201 212.690596 18.287372 1
81.634237 237.060824 19.284893 1
82.957721 244.283724 18.597782 1
83.651843 263.068797 18.640915 1
78.455136 222.894408 22.153250 1
73.764308 229.604944 32.845912 1
74.591380 222.962151 34.033321 1
77.000341 203.614101 37.491813 1
83.010090 198.923303 37.777707 1
95.070312 189.509916 38.351434 1
95.070312 189.509916 38.351434 1
81.055616 223.040638 14.581587 1
84.320818 227.251056 2.213118 1
85.790463 220.625984 1.801706 1
90.071007 201.329551 0.603412 1
92.388198 194.060959 0.627650 1
97.038251 179.474502 0.675315 1
97.038251 179.474502 0.675315 1
78.604537 184.472724 24.431943 1
79.385115 166.549249 23.796919 1
80.351739 144.353800 23.010541 1
77.619081 122.403547 20.155426 1
75.344609 104.133714 17.779032 1
87.672243 96.718187 23.597711 1
94.760304 95.729799 26.050059 1
83.193655 184.602235 12.000390 1
88.229365 167.375281 12.375590 1
94.465249 146.042580 12.840210 1
94.931292 123.539860 12.559165 1
95.311374 105.187726 12.329959 1
109.469869 99.622382 15.392894 1
116.582216 99.311936 17.952262 1
81.811600 185.851200 18.440500 1
81.616366 193.336576 18.461163 1
80.707693 203.215707 18.253279 1
80.229100 212.711664 18.229476 1
81.767195 237.081012 19.242136 1
83.097327 244.304752 18.577046 1
83.762426 263.090899 18.607978 1
78.539399 222.917567 22.070503 1
73.709809 229.560523 32.743571 1
74.679999 222.944440 33.971116 1
77.505812 203.674188 37.546511 1
83.064356 198.461338 37.908715 1
94.219110 188.000310 38.635580 1
94.219110 188.000310 38.635580 1
81.241952 223.060145 14.534599 1
84.682389 227.249485 2.206542 1
86.157005 220.624835 1.806285 1
90.452028 201.329629 0.640483 1
92.737784 194.051195 0.686566 1
97.324766 179.444991 0.778069 1
97.324766 179.444991 0.778069 1
78.587690 184.478984 24.283765 1
79.418491 166.554477 23.749574 1
80.447310 144.357752 23.088062 1
77.717795 122.412470 20.192016 1
75.445937 104.146776 17.781556 1
87.654888 96.713932 23.824071 1
94.698502 95.721343 26.399689 1
83.332514 184.636893 11.911135 1
88.297173 167.391321 12.368893 1
94.445072 146.035567 12.935748 1
94.897160 123.532762 12.639142 1
95.265861 105.180559 12.397244 1
109.367475 99.604864 15.694779 1
116.435128 99.288188 18.374374 1
81.842800 185.848900 18.384450 1
81.667606 193.334710 18.421139 1
80.786909 203.216420 18.215427 1
80.324493 212.713172 18.188961 1
81.864299 237.081820 19.215757 1
83.205425 244.306985 18.589353 1
83.857929 263.093570 18.622903 1
78.570814 222.922952 21.990808 1
73.523813 229.489173 32.610633 1
74.689540 222.918917 33.911980 1
78.084881 203.782142 37.702332 1
83.043664 198.004498 38.183686 1
92.994833 186.410054 39.149657 1
92.994833 186.410054 39.149657 1
81.416618 223.058439 14.507693 1
85.107403 227.219765 2.242716 1
86.565687 220.590266 1.863437 1
90.813138 201.280940 0.758736 1
93.052844 193.988465 0.835718 1
97.547429 179.354084 0.989229 1
97.547429 179.354084 0.989229 1
78.498732 184.470413 24.158297 1
79.388072 166.545579 23.742431 1
80.489383 144.348449 23.227445 1
77.781843 122.400064 20.334289 1
75.528277 104.131787 17.926232 1
87.585465 96.689524 24.255102 1
94.567080 95.694668 26.993505 1
83.490912 184.647407 11.883645 1
88.337548 167.372453 12.477961 1
94.339294 145.980313 13.213920 1
94.810489 123.478475 12.876501 1
95.194772 105.127061 12.601318 1
109.199051 99.528323 16.255347 1
116.192663 99.196910 19.120967 1
81.901400 185.829000 18.322840 1
81.756410 193.315495 18.350527 1
80.913189 203.199782 18.113947 1
80.462328 212.697035 18.072303 1
81.953166 237.067006 19.139199 1
83.328681 244.291279 18.580756 1
83.994587 263.077403 18.608138 1
78.606107 222.904641 21.831061 1
73.268854 229.359443 32.377029 1
74.662602 222.852174 33.767572 1
78.722083 203.898858 37.817720 1
82.995263 197.608631 38.430410 1
91.570577 184.985549 39.659941 1
91.570577 184.985549 39.659941 1
81.634579 223.043821 14.420058 1
85.660762 227.181802 2.253089 1
87.086709 220.543787 1.900783 1
91.239976 201.209654 0.874643 1
93.425483 193.901331 0.994519 1
97.811329 179.235147 1.234108 1
97.811329 179.235147 1.234108 1
78.380006 184.468017 23.994510 1
79.348851 166.544453 23.728541 1
80.548616 144.348896 23.399180 1
77.862467 122.399163 20.496324 1
75.626705 104.129764 18.080194 1
87.482398 96.692844 24.784850 1
94.375466 95.699171 27.739467 1
83.738649 184.616618 11.874974 1
88.479390 167.324484 12.755095 1
94.350002 145.911070 13.844975 1
94.825970 123.411838 13.368953 1
95.214146 105.062549 12.980731 1
109.036382 99.372828 17.150922 1
115.906013 98.986507 20.295942 1
