71 35
107.176200 152.998900 25.605950 1
107.251353 160.977082 25.675526 1
107.363378 171.194462 24.958796 1
107.504204 180.999229 24.539230 1
107.914783 206.176378 26.073944 1
108.713515 213.450127 28.175050 1
109.092167 231.916763 34.122218 1
103.565074 191.675260 24.030310 1
90.557686 196.491149 23.094842 1
89.976996 190.019243 25.745881 1
88.285653 171.168898 33.467409 1
88.468381 164.433942 37.544801 1
88.835076 150.918377 45.727220 1
88.835076 150.918377 45.727220 1
111.827901 191.531498 24.178202 1
124.148413 197.827625 22.827719 1
125.229846 191.214490 24.912838 1
128.379673 171.952795 30.986042 1
127.030972 165.508835 35.307447 1
124.324432 152.577237 43.979548 1
124.324432 152.577237 43.979548 1
100.101931 151.719332 24.594185 1
98.891605 133.254214 25.576569 1
97.392798 110.387952 26.793104 1
96.029761 87.496252 24.755382 1
94.895257 68.442704 23.059316 1
91.804685 61.425765 37.123913 1
91.361535 60.364237 44.847914 1
114.222252 151.586496 24.574205 1
116.243580 133.218690 25.964243 1
118.746666 110.473155 27.685570 1
120.160410 87.447318 24.910573 1
121.313385 68.668708 22.647438 1
124.734981 62.015065 36.811606 1
125.362728 61.145548 44.546862 1
107.109500 152.967700 25.105350 1
107.188394 160.944250 25.279456 1
107.310237 171.170761 24.709610 1
107.451920 180.981204 24.455752 1
107.813944 206.124601 26.478449 1
108.690858 213.375344 28.627354 1
109.092131 231.876257 34.465505 1
103.509305 191.661979 24.094867 1
90.570023 196.650235 23.119002 1
90.009289 190.136752 25.670647 1
88.376073 171.165308 33.102676 1
88.579076 164.351408 37.045734 1
88.986458 150.677421 44.958574 1
88.986458 150.677421 44.958574 1
111.769296 191.521806 24.358926 1
124.085641 197.869472 23.229847 1
125.174222 191.200675 25.125348 1
128.344867 171.776859 30.646263 1
126.826089 165.282030 34.832985 1
123.778243 152.248346 43.234810 1
123.778243 152.248346 43.234810 1
100.044949 151.706248 24.006668 1
98.877240 133.254135 25.250261 1
97.431207 110.403977 26.790264 1
96.062178 87.509654 24.786299 1
94.922689 68.453924 23.118330 1
91.816822 61.450257 37.186172 1
91.366136 60.395630 44.910683 1
114.164693 151.564000 24.125494 1
116.170440 133.209372 25.699934 1
118.654233 110.480155 27.649614 1
120.093948 87.455739 24.876177 1
121.268102 68.678288 22.614313 1
124.513010 62.013032 36.814556 1
125.045313 61.137612 44.556299 1
107.032700 152.914500 24.582250 1
107.112668 160.889424 24.819040 1
107.237133 171.121781 24.366835 1
107.364050 180.935461 24.296928 1
107.617475 206.019259 26.971176 1
108.559932 213.238958 29.195536 1
108.963350 231.751393 34.996900 1
103.391068 191.610216 24.161231 1
90.540627 196.827009 23.206622 1
90.012516 190.258427 25.620252 1
88.474316 171.126502 32.650294 1
88.681816 164.226839 36.441039 1
89.098223 150.380746 44.048222 1
89.098223 150.380746 44.048222 1
111.647482 191.487847 24.526606 1
123.973107 197.861677 23.682036 1
125.052944 191.148129 25.417839 1
128.198124 171.593969 30.473609 1
126.514099 165.025707 34.478622 1
123.134640 151.844659 42.515796 1
123.134640 151.844659 42.515796 1
99.979590 151.664748 23.399880 1
98.867250 133.228333 24.900492 1
97.489785 110.397614 26.758774 1
96.104991 87.500643 24.796331 1
94.952379 68.442709 23.162921 1
91.821963 61.465259 37.238348 1
91.359936 60.424063 44.964011 1
114.097261 151.515298 23.665487 1
116.105790 133.185224 25.500816 1
118.593029 110.486412 27.773563 1
120.048662 87.469692 24.945107 1
121.235798 68.698516 22.638374 1
124.334866 61.976787 36.844573 1
124.789517 61.071410 44.587821 1
106.959500 152.861100 23.955350 1
107.019517 160.834355 24.247736 1
107.117815 171.071746 23.920236 1
107.204368 180.884944 24.071811 1
107.296188 205.868295 27.569883 1
108.307345 213.044858 29.901094 1
108.735685 231.541356 35.751299 1
103.173590 191.537346 24.252215 1
90.425557 197.019099 23.416697 1
89.910419 190.384484 25.645442 1
88.410005 171.060229 32.136979 1
88.628585 164.088768 35.793356 1
89.067228 150.098589 43.130892 1
89.067228 150.098589 43.130892 1
111.427171 191.446468 24.684625 1
123.750992 197.858471 24.165310 1
124.793684 191.106089 25.768089 1
127.830676 171.438816 30.436408 1
125.991518 164.788961 34.233127 1
122.300741 151.444176 41.852301 1
122.300741 151.444176 41.852301 1
99.918017 151.603787 22.713205 1
98.826387 133.191648 24.499832 1
97.474568 110.390992 26.712301 1
96.079241 87.490043 24.804501 1
94.917861 68.428797 23.216573 1
91.753895 61.486863 37.302056 1
91.274754 60.464571 45.029200 1
114.033698 151.484073 23.080273 1
116.033331 133.186577 25.224412 1
118.509553 110.528108 27.879570 1
119.930696 87.510785 25.038502 1
121.089705 68.739119 22.721482 1
124.069397 61.896117 36.895286 1
124.467041 60.928201 44.634105 1
107.002800 152.756400 23.143450 1
107.043167 160.725435 23.536804 1
107.112262 170.967331 23.395742 1
107.153088 180.772196 23.834231 1
107.068906 205.594608 28.334623 1
108.095446 212.728723 30.786291 1
108.555115 231.170642 36.804025 1
103.054613 191.384129 24.419710 1
90.373158 197.036855 23.721554 1
89.841563 190.330310 25.719160 1
88.293213 170.796544 31.537472 1
88.603447 163.761594 35.063287 1
89.226018 149.644007 42.138813 1
89.226018 149.644007 42.138813 1
111.306101 191.325847 24.895516 1
123.569496 197.872170 24.773673 1
124.553797 191.075219 26.217068 1
127.420715 171.278136 30.421161 1
125.391091 164.542963 33.961813 1
121.318090 151.026963 41.067116 1
121.318090 151.026963 41.067116 1
99.968552 151.498733 21.861315 1
98.903535 133.130794 24.069279 1
97.584673 110.384873 26.803508 1
96.173473 87.485727 24.885768 1
94.998883 68.425981 23.289566 1
91.883108 61.502144 37.394685 1
91.430874 60.489558 45.124728 1
114.083141 151.406800 22.275357 1
116.054270 133.178195 24.963646 1
118.495194 110.605039 28.292646 1
119.904500 87.599564 25.351483 1
121.053854 68.837560 22.952831 1
123.938239 61.797896 37.049831 1
124.289065 60.724750 44.777029 1
106.971800 152.437700 22.035650 1
107.036658 160.396845 22.592150 1
107.121269 170.638779 22.721449 1
107.146265 180.419804 23.534004 1
106.934999 204.985876 29.267783 1
107.864717 212.080915 31.867035 1
108.422082 230.451283 38.091801 1
102.996522 190.970320 24.638378 1
90.323719 196.663393 24.139338 1
89.721195 189.879760 25.833466 1
87.966254 170.121468 30.767854 1
88.438529 163.076570 34.255621 1
89.386283 148.939021 41.254793 1
89.386283 148.939021 41.254793 1
111.247103 190.926264 25.131131 1
123.364390 197.730186 25.502702 1
124.285646 190.883227 26.736079 1
126.968937 170.940487 30.328464 1
124.688893 164.127193 33.553144 1
120.113355 150.454420 40.024363 1
120.113355 150.454420 40.024363 1
99.933409 151.228057 20.730256 1
98.965825 132.949950 23.622510 1
97.767617 110.315272 27.204130 1
96.297970 87.436241 25.099324 1
95.074732 68.393239 23.347421 1
92.187138 61.446177 37.489629 1
91.862387 60.419718 45.224249 1
114.047756 151.084543 21.137845 1
116.044642 132.997420 24.639656 1
118.517462 110.599464 28.976071 1
119.918350 87.612025 25.893275 1
121.060839 68.864730 23.379117 1
123.990041 61.553440 37.327836 1
124.367268 60.331610 45.031675 1
106.883700 151.853500 20.686050 1
107.007996 159.793888 21.458500 1
107.148566 170.024955 21.934529 1
107.181889 179.756699 23.207854 1
106.860052 203.930187 30.415605 1
107.615752 210.979609 33.189521 1
108.235185 229.272157 39.633729 1
102.992576 190.209408 24.923640 1
90.307952 195.891113 24.643270 1
89.612793 189.038763 25.989684 1
87.588040 169.080321 29.911306 1
88.331281 162.051991 33.385253 1
89.822803 147.947688 40.356691 1
89.822803 147.947688 40.356691 1
111.240277 190.158732 25.461871 1
123.146486 197.266507 26.452721 1
124.008612 190.360882 27.358184 1
126.519679 170.247270 29.995472 1
123.962470 163.394082 32.913116 1
118.830723 149.641253 38.768181 1
118.830723 149.641253 38.768181 1
99.839861 150.734157 19.330451 1
98.982154 132.628731 23.183822 1
97.920012 110.207894 27.955641 1
96.430335 87.366012 25.492026 1
95.190426 68.353930 23.441475 1
92.544466 61.264126 37.560098 1
92.348757 60.160997 45.288502 1
113.951522 150.470516 19.769815 1
116.016920 132.613589 24.270764 1
118.574580 110.500693 29.844449 1
119.978558 87.540961 26.562990 1
121.123568 68.816261 23.886812 1
124.132917 61.286758 37.701745 1
124.553190 59.943403 45.383090 1
106.695800 151.042800 19.106450 1
106.864412 158.950470 20.156311 1
107.041365 169.152394 21.056609 1
107.047843 178.800584 22.857081 1
106.459346 202.432271 31.666723 1
107.176714 209.366039 34.727490 1
107.814554 227.538697 41.500709 1
102.768966 189.095141 25.195179 1
90.191144 195.015321 25.294746 1
89.460213 188.105573 26.280598 1
87.331270 167.979952 29.152031 1
88.383652 160.995877 32.635324 1
90.495550 146.980385 39.625517 1
90.495550 146.980385 39.625517 1
111.005890 189.045385 25.878888 1
122.800783 196.209563 27.556709 1
123.657111 189.259257 28.015770 1
126.151289 169.015507 29.352849 1
123.207754 162.196690 31.971528 1
117.300736 148.512835 37.226639 1
117.300736 148.512835 37.226639 1
99.659025 150.020139 17.642141 1
98.910583 132.191361 22.638646 1
97.983750 110.113110 28.826063 1
96.512879 87.306436 26.045365 1
95.288623 68.323659 23.730894 1
92.803006 61.000886 37.759459 1
92.687597 59.769388 45.470070 1
113.763396 149.643544 18.213469 1
115.942757 132.083982 23.718594 1
118.641542 110.339323 30.535787 1
119.988797 87.411122 27.018549 1
121.087546 68.712138 24.150082 1
124.118991 61.024788 37.872944 1
124.558810 59.593821 45.537355 1
106.667000 150.000200 17.360050 1
106.792843 157.863001 18.710015 1
106.906696 168.013441 20.079944 1
106.831588 177.530655 22.477093 1
105.964311 200.393098 33.105793 1
106.878042 207.202406 36.385805 1
107.253946 225.234747 43.542770 1
102.441707 187.572618 25.582139 1
89.999263 193.742019 26.201920 1
89.282798 186.785243 26.785644 1
87.195990 166.522648 28.485823 1
88.579061 159.582144 31.940480 1
91.354579 145.654089 38.873208 1
91.354579 145.654089 38.873208 1
110.673909 187.541164 26.321524 1
122.367205 194.680718 28.678142 1
123.258568 187.719691 28.659506 1
125.854790 167.444711 28.605227 1
122.530765 160.686355 30.906016 1
115.860189 147.123831 35.523191 1
115.860189 147.123831 35.523191 1
99.638818 148.998586 15.840951 1
98.876527 131.531833 21.982775 1
97.932544 109.901895 29.588497 1
96.593239 87.109619 26.629013 1
95.478490 68.138826 24.165731 1
93.051664 60.625333 38.103445 1
92.966792 59.363852 45.809604 1
113.743625 148.671428 16.431620 1
115.986300 131.498001 23.022377 1
118.763490 110.231508 31.183949 1
120.084475 87.347317 27.381683 1
121.161799 68.684224 24.280764 1
124.154724 60.893221 37.953533 1
124.564643 59.453191 45.617904 1
106.765000 148.852100 15.494950 1
106.805952 156.662762 17.123990 1
106.806832 166.739177 18.964358 1
106.626672 176.069005 22.005931 1
105.522482 197.869445 34.652446 1
106.344856 204.584398 38.144317 1
106.885516 222.315971 46.007383 1
102.121046 185.726210 26.029749 1
89.776933 191.982514 27.349441 1
89.122306 184.996057 27.457444 1
87.215611 164.647011 27.772019 1
88.935258 157.747433 31.156806 1
92.386209 143.901509 37.949321 1
92.386209 143.901509 37.949321 1
110.358401 185.749005 26.709673 1
121.898654 192.831948 29.858406 1
122.841462 185.894723 29.371775 1
125.587525 165.689073 27.954394 1
121.936955 159.005802 29.960729 1
114.611076 145.593958 33.987001 1
114.611076 145.593958 33.987001 1
99.742000 147.822801 13.970399 1
98.860583 130.804658 21.250267 1
97.769081 109.730256 30.265285 1
96.511295 86.969678 27.038187 1
95.464397 68.025268 24.352162 1
93.007113 60.375819 38.210360 1
92.916288 59.158336 45.923524 1
113.852210 147.640401 14.490223 1
116.140021 130.884137 22.065695 1
118.973103 110.134230 31.446674 1
120.182170 87.268017 27.501687 1
121.168221 68.619587 24.284372 1
124.152182 60.673382 37.869502 1
124.552395 59.250270 45.537545 1
106.775300 147.493400 13.590650 1
106.771607 155.237990 15.509817 1
106.706576 165.213964 17.832921 1
106.447976 174.307090 21.517685 1
105.117628 194.848783 36.101299 1
106.093912 201.243978 40.114826 1
106.726342 218.749297 48.463039 1
101.839645 183.504426 26.409075 1
89.652386 189.844587 28.538185 1
89.101171 182.856276 28.205856 1
87.495681 162.501827 27.237903 1
89.567219 155.651807 30.524864 1
93.724337 141.905336 37.121062 1
93.724337 141.905336 37.121062 1
110.077393 183.559959 27.082320 1
121.475345 190.494107 30.989275 1
122.580215 183.633598 30.007716 1
125.798307 163.651393 27.148786 1
121.735754 157.147409 28.940991 1
113.583117 144.095352 32.537553 1
113.583117 144.095352 32.537553 1
99.757515 146.480528 12.031477 1
98.794146 130.003590 20.456024 1
97.601159 109.599388 30.888554 1
96.404102 86.879861 27.362898 1
95.407751 67.969619 24.428372 1
92.938124 60.289751 38.267539 1
92.834090 59.075999 45.981124 1
113.868860 146.361562 12.538707 1
116.271453 130.131127 21.152347 1
119.246675 110.032375 31.818930 1
120.329099 87.185297 27.728963 1
121.211866 68.552472 24.393410 1
124.255013 60.422082 37.855876 1
124.687470 59.010758 45.524347 1
106.716300 145.894600 11.655250 1
106.661806 153.552658 13.894237 1
106.522788 163.397507 16.719252 1
106.174190 172.212804 21.020222 1
104.567388 191.392484 37.328833 1
105.851944 197.313278 41.939058 1
106.566147 214.660291 50.605076 1
101.449849 180.903794 26.668292 1
89.464876 187.310398 29.596752 1
89.048732 180.347571 28.824327 1
87.836653 160.067349 26.574531 1
90.256074 153.343416 29.884105 1
95.111316 139.849974 36.525684 1
95.111316 139.849974 36.525684 1
109.683425 180.980931 27.388786 1
120.931969 187.769996 31.931792 1
122.396881 181.062920 30.475792 1
126.663644 161.527607 26.234988 1
122.149274 155.264081 27.786392 1
113.089938 142.694572 30.899717 1
113.089938 142.694572 30.899717 1
99.708057 144.905642 10.038856 1
98.644908 129.091585 19.639682 1
97.328359 109.508261 31.528856 1
96.285167 86.833784 27.679189 1
95.416882 67.961038 24.474977 1
92.900802 60.276562 38.303214 1
92.752022 59.063908 46.016239 1
113.818764 144.849612 10.573936 1
116.326880 129.273880 20.295056 1
119.432775 109.985870 32.333073 1
120.408880 87.178183 28.003511 1
121.204939 68.577484 24.472559 1
124.285241 60.335025 37.858206 1
124.744578 58.924476 45.525257 1
106.671000 143.978500 9.908350 1
106.560606 151.541101 12.449367 1
106.351337 161.240063 15.736833 1
105.936862 169.766349 20.580383 1
104.173647 187.606764 38.329282 1
105.683790 192.996359 43.489882 1
106.442553 210.161918 52.506348 1
101.144589 177.959661 26.877774 1
89.322317 184.319550 30.489664 1
88.893548 177.441627 29.162595 1
87.644699 157.408700 25.297319 1
90.513147 150.958419 28.787881 1
96.269486 138.014134 35.792663 1
96.269486 138.014134 35.792663 1
109.376266 178.034963 27.619837 1
120.365651 184.763092 32.837667 1
122.265214 178.296756 30.880902 1
127.797964 159.462633 25.181547 1
122.934629 153.412432 26.508643 1
113.174997 141.271018 29.171835 1
113.174997 141.271018 29.171835 1
99.672845 143.008126 8.237888 1
98.480819 128.001173 19.043489 1
97.004674 109.417327 32.424595 1
96.121992 86.818519 28.117062 1
95.387306 68.008755 24.531754 1
92.765717 60.262302 38.305703 1
92.544038 59.031472 46.014097 1
113.782494 143.024303 8.802731 1
116.336827 128.225863 19.659794 1
119.499953 109.900402 33.104490 1
120.425711 87.164036 28.404584 1
121.180710 68.621503 24.571599 1
124.295794 60.339646 37.924840 1
124.777780 58.917497 45.588357 1
106.619000 141.642500 8.266950 1
106.483605 149.106490 11.083402 1
106.231062 158.650183 14.794905 1
105.766736 166.873981 20.131838 1
103.869665 183.345445 39.145116 1
105.603377 188.263305 44.692093 1
106.373274 205.237733 54.062518 1
100.908920 174.535040 27.021191 1
89.212062 180.714868 31.293579 1
88.692378 173.990085 29.355022 1
87.178723 154.403201 23.708701 1
90.548708 148.336247 27.430719 1
97.311520 136.161214 34.899981 1
97.311520 136.161214 34.899981 1
109.141151 174.637525 27.753787 1
119.859461 181.267039 33.621275 1
122.231441 175.114811 31.218238 1
129.140170 157.195576 24.219052 1
123.932713 151.380006 25.258132 1
113.482506 139.709445 27.343339 1
113.482506 139.709445 27.343339 1
99.616168 140.694971 6.602986 1
98.347580 126.633179 18.604955 1
96.776624 109.219772 33.467582 1
95.941878 86.735316 28.589821 1
95.247090 68.020732 24.529892 1
92.561619 60.159620 38.226356 1
92.304958 58.889625 45.927308 1
113.728682 140.768822 7.085702 1
116.323879 126.887650 19.084546 1
119.537609 109.698075 33.943154 1
120.376912 87.033273 28.894313 1
121.061403 68.549104 24.776754 1
124.305747 60.229550 38.075672 1
124.865190 58.795310 45.731668 1
106.524100 139.112800 6.874810 1
106.397992 146.503418 9.878931 1
106.147401 155.920910 13.900020 1
105.670586 163.881874 19.620598 1
103.708002 179.134833 39.618304 1
105.528874 183.563908 45.536731 1
106.356479 200.327838 55.274006 1
100.781852 171.080334 26.971505 1
89.184719 177.046651 31.784990 1
88.507540 170.498410 29.353375 1
86.535156 151.425730 22.270953 1
90.353378 145.673078 26.058607 1
98.015703 134.128780 33.659587 1
98.015703 134.128780 33.659587 1
109.013752 171.172365 27.709193 1
119.488485 177.605581 34.201785 1
122.358274 171.844319 31.404832 1
130.716943 155.063825 23.258310 1
125.128766 149.560016 23.964363 1
113.914537 138.515089 25.381260 1
113.914537 138.515089 25.381260 1
99.515106 138.205343 5.214459 1
98.276201 125.139832 18.296817 1
96.742005 108.960168 34.497344 1
96.040777 86.576828 29.155577 1
95.457121 67.946406 24.709441 1
92.775136 60.166492 38.452871 1
92.501980 58.927788 46.158351 1
113.629360 138.271346 5.644575 1
116.286594 125.439784 18.747414 1
119.577147 109.549980 34.973138 1
120.375238 86.997549 29.437854 1
121.026119 68.605023 24.923580 1
124.478735 60.289087 38.172226 1
125.150042 58.854910 45.819237 1
106.378400 136.349100 5.653900 1
106.272090 143.685220 8.789490 1
106.030530 153.001907 13.039441 1
105.532305 160.741596 19.054282 1
103.432649 174.954096 39.790941 1
105.452495 178.927312 45.962961 1
106.197928 195.437153 56.131455 1
100.586975 167.539948 26.740601 1
89.245670 173.449722 32.191236 1
88.423528 167.074141 29.375773 1
86.028923 148.504356 21.175340 1
90.243181 143.033887 24.961122 1
98.700261 132.055867 32.558344 1
98.700261 132.055867 32.558344 1
108.815548 167.625277 27.515289 1
119.165467 173.789920 34.453329 1
122.495238 168.450215 31.346730 1
132.193668 152.897566 22.298321 1
126.386784 147.590560 22.664289 1
114.733659 136.940572 23.398709 1
114.733659 136.940572 23.398709 1
99.362796 135.480397 4.000752 1
98.198879 123.524629 18.110871 1
96.757543 108.719215 35.584125 1
96.107284 86.467737 29.711391 1
95.566050 67.947068 24.823312 1
92.839709 60.171833 38.560660 1
92.539106 58.935297 46.265466 1
113.478457 135.520508 4.385489 1
116.236206 123.845876 18.509655 1
119.651230 109.388741 36.000126 1
120.406024 86.958502 29.983223 1
121.021595 68.665629 25.076167 1
124.751663 60.344095 38.245853 1
125.569139 58.904790 45.877657 1
106.302800 133.475500 4.616060 1
106.209044 140.776296 7.833430 1
105.979136 150.020574 12.239285 1
105.490316 157.589026 18.468966 1
103.412179 170.977292 39.749201 1
105.477394 174.638591 46.096628 1
106.084562 190.880791 56.696208 1
100.549084 164.069612 26.427585 1
89.337549 169.881144 32.240297 1
88.338774 163.643389 29.183559 1
85.429701 145.475044 20.280376 1
89.947301 140.264797 24.083370 1
99.013122 129.808985 31.715133 1
99.013122 129.808985 31.715133 1
108.779539 164.146588 27.182908 1
118.994160 170.068197 34.521580 1
122.659279 165.109884 31.170040 1
133.334458 150.668095 21.408206 1
127.332651 145.573632 21.615346 1
115.288358 135.350172 22.031036 1
115.288358 135.350172 22.031036 1
99.278954 132.620747 2.990875 1
98.163130 121.832582 18.016219 1
96.781350 108.473067 36.622842 1
96.157174 86.363286 30.234720 1
95.637650 67.960556 24.917667 1
92.804266 60.174554 38.627228 1
92.448139 58.933458 46.328934 1
113.396446 132.665545 3.300613 1
116.210351 122.188516 18.324197 1
119.694915 109.214417 36.928452 1
120.429944 86.906594 30.470184 1
121.029396 68.713557 25.203175 1
125.043336 60.390836 38.288379 1
126.006648 58.948141 45.902508 1
106.248400 130.507000 3.668130 1
106.167497 137.787182 6.932221 1
105.950195 146.982343 11.440312 1
105.470846 154.422388 17.823515 1
103.411495 167.172309 39.494033 1
105.516132 170.641745 45.935583 1
106.023584 186.738939 56.759244 1
100.533360 160.653986 25.980831 1
89.564008 166.509442 32.197503 1
88.379768 160.417568 28.920701 1
84.930500 142.674122 19.376552 1
89.670867 137.718586 23.248208 1
99.183734 127.773922 31.017762 1
99.183734 127.773922 31.017762 1
108.765332 160.727638 26.719783 1
118.873099 166.482124 34.334175 1
122.790115 161.859521 30.793087 1
134.198981 148.395533 20.479168 1
128.050673 143.475173 20.559898 1
115.712384 133.601100 20.721909 1
115.712384 133.601100 20.721909 1
99.217237 129.660135 2.070693 1
98.109448 120.093184 17.902206 1
96.737619 108.245959 37.507146 1
96.197530 86.254306 30.716297 1
95.747995 67.949899 25.064040 1
92.772071 60.172761 38.748409 1
92.334400 58.935058 46.446458 1
113.336018 129.707891 2.314123 1
116.195717 120.474233 18.124117 1
119.736990 109.039846 37.702215 1
120.450724 86.842107 30.872908 1
121.032807 68.738848 25.303299 1
125.335773 60.443065 38.313541 1
126.448395 59.006335 45.908420 1
106.244500 127.573100 2.725870 1
106.158706 134.846403 6.005135 1
105.934299 144.015724 10.565212 1
105.452935 151.373087 17.043392 1
103.401281 163.686791 38.965439 1
105.467165 167.107529 45.445465 1
105.921523 183.104624 56.418856 1
100.515721 157.432420 25.329633 1
89.832979 163.420549 31.908490 1
88.416947 157.472821 28.463181 1
84.292553 140.149216 18.428230 1
89.237691 135.428550 22.337075 1
99.161487 125.955218 30.181257 1
99.161487 125.955218 30.181257 1
108.748598 157.506784 26.058367 1
118.827464 163.087734 33.838437 1
122.936065 158.755180 30.150733 1
134.902948 146.136003 19.409774 1
128.604172 141.409146 19.429614 1
115.963929 131.923389 19.469435 1
115.963929 131.923389 19.469435 1
99.210554 126.715966 1.146263 1
98.074601 118.393419 17.663992 1
96.667895 108.087200 38.118707 1
96.195573 86.172432 31.078823 1
95.802442 67.932019 25.219285 1
92.632835 60.180383 38.874602 1
92.089680 58.950798 46.567230 1
113.329840 126.790427 1.350509 1
116.234415 118.796133 17.814074 1
119.831260 108.896496 38.201512 1
120.518448 86.786977 31.089173 1
121.078882 68.755665 25.288739 1
125.660528 60.488459 38.221789 1
126.917801 59.058437 45.795335 1
106.224200 124.815000 1.883580 1
106.148758 132.106370 5.122733 1
105.936942 141.286096 9.662433 1
105.472307 148.616022 16.172856 1
103.475807 160.693444 38.231021 1
105.508085 164.099423 44.729421 1
105.781866 180.047931 55.779259 1
100.553732 154.579181 24.539561 1
90.148396 160.718103 31.417254 1
88.540079 154.858106 27.906623 1
83.855627 137.790031 17.681415 1
88.961865 133.317632 21.674174 1
99.208952 124.342517 29.686755 1
99.208952 124.342517 29.686755 1
108.788917 154.659237 25.241100 1
118.907679 160.039252 33.110415 1
123.159233 155.936520 29.323245 1
135.542485 143.986728 18.292576 1
129.103738 139.452409 18.267635 1
116.182600 130.353034 18.217589 1
116.182600 130.353034 18.217589 1
99.183329 123.943903 0.342943 1
97.931316 116.809198 17.399291 1
96.380886 107.973943 38.521005 1
96.062390 86.108395 31.321251 1
95.797294 67.908949 25.328647 1
92.408042 60.180747 38.944440 1
91.736371 58.959898 46.628307 1
113.303379 124.029914 0.478196 1
116.244241 117.247807 17.470801 1
119.886021 108.849265 38.513369 1
120.554946 86.780667 31.273344 1
121.100487 68.782728 25.368776 1
125.959069 60.543943 38.218623 1
127.359790 59.120172 45.768136 1
106.226800 122.282300 1.017580 1
106.149960 129.594401 4.209625 1
105.935285 138.796402 8.703866 1
105.482168 146.139098 15.200697 1
103.573211 158.194532 37.278631 1
105.453664 161.605568 43.819944 1
105.536417 177.587232 54.824870 1
100.587313 152.064625 23.607951 1
90.357421 158.299616 30.660202 1
88.482909 152.541269 27.113594 1
83.023128 135.769267 16.783596 1
88.292088 131.510372 20.798322 1
98.865722 122.963712 28.854984 1
98.865722 122.963712 28.854984 1
108.826961 152.202336 24.245193 1
118.910801 157.559495 32.174699 1
123.253767 153.620692 28.317854 1
135.903273 142.148367 17.084248 1
129.392074 137.718833 17.043580 1
116.325542 128.829737 16.961972 1
116.325542 128.829737 16.961972 1
99.177056 121.374886 -0.460241 1
97.722849 115.354376 17.004846 1
95.922032 107.898883 38.632722 1
95.835145 86.026712 31.446575 1
95.762826 67.821755 25.465296 1
92.138258 60.133838 39.043234 1
91.320366 58.930353 46.715659 1
113.297313 121.514421 -0.439971 1
116.295121 115.849321 16.947210 1
120.007421 108.834010 38.478396 1
120.637495 86.749968 31.282109 1
121.151350 68.739434 25.413211 1
126.238839 60.559327 38.211854 1
127.762941 59.154043 45.740904 1
106.211400 120.056900 0.131380 1
106.137152 127.409658 3.228690 1
105.925126 136.664578 7.613048 1
105.481115 144.071480 14.037219 1
103.617064 156.302296 36.022332 1
105.444060 159.739850 42.564913 1
105.279547 175.824040 53.418510 1
100.599876 150.052856 22.412781 1
90.525249 156.385760 29.600010 1
88.485272 150.679915 26.059867 1
82.543550 134.060833 15.748699 1
87.874598 129.958921 19.844110 1
98.572828 121.727289 28.062690 1
98.572828 121.727289 28.062690 1
108.841296 150.217304 23.020059 1
118.907109 155.723931 30.869677 1
123.332618 151.913815 26.977549 1
136.222540 140.816310 15.641173 1
129.696561 136.408391 15.642588 1
116.600371 127.562674 15.645432 1
116.600371 127.562674 15.645432 1
99.156461 119.119208 -1.302079 1
97.446770 114.107955 16.456155 1
95.329576 107.902274 38.447047 1
95.557268 85.976437 31.429504 1
95.746784 67.726810 25.588561 1
91.917317 60.062415 39.123486 1
90.957785 58.871143 46.781396 1
113.276412 119.281402 -1.348634 1
116.354078 114.644641 16.326848 1
120.165268 108.902761 38.215050 1
120.754753 86.757005 31.207450 1
121.235506 68.696140 25.492436 1
126.532006 60.575304 38.243948 1
128.171235 59.189183 45.752337 1
106.158600 118.101400 -0.718430 1
106.082758 125.517839 2.223093 1
105.864430 134.860983 6.415837 1
105.408417 142.392073 12.693101 1
103.493588 155.028519 34.443192 1
105.366546 158.548991 40.928433 1
104.917375 174.766204 51.574045 1
100.507084 148.525205 20.946284 1
90.565912 155.006871 28.186528 1
88.450893 149.288271 24.711605 1
82.290601 132.632037 14.590400 1
87.646302 128.725785 18.841965 1
98.394005 120.886800 27.373913 1
98.394005 120.886800 27.373913 1
108.747183 148.705949 21.566714 1
118.822706 154.435983 29.242037 1
123.303597 150.681355 25.359362 1
136.354828 139.745468 14.050521 1
129.852702 135.302960 14.118503 1
116.804378 126.387829 14.254932 1
116.804378 126.387829 14.254932 1
99.103061 117.129949 -2.126227 1
97.180341 113.044455 15.846041 1
94.799343 107.985186 38.101984 1
95.263129 85.985445 31.331726 1
95.649154 67.674306 25.696607 1
91.629649 60.018202 39.181029 1
90.544078 58.833652 46.823136 1
113.222882 117.298568 -2.187313 1
116.350548 113.595875 15.698492 1
120.223653 109.010685 37.847145 1
120.815125 86.785457 31.096006 1
121.297499 68.659780 25.590147 1
126.769938 60.605083 38.309274 1
128.503342 59.240161 45.800376 1
106.111300 116.428000 -1.567470 1
106.023390 123.929697 1.148906 1
105.786902 133.395800 5.055064 1
105.308163 141.117140 11.095017 1
103.326674 154.430691 32.431272 1
105.262625 158.080263 38.826018 1
104.715480 174.476757 49.188663 1
100.378497 147.496773 19.141884 1
90.529133 154.207492 26.298441 1
88.360943 148.443435 22.933121 1
82.045784 131.654800 13.131149 1
87.396189 127.840294 17.471755 1
98.133264 120.185424 26.182386 1
98.133264 120.185424 26.182386 1
108.617071 147.716307 19.770010 1
118.729466 153.750957 27.158008 1
123.209228 149.914657 23.354677 1
136.257168 138.740891 12.276937 1
129.769969 134.283410 12.532404 1
116.751601 125.338233 13.045075 1
116.751601 125.338233 13.045075 1
99.057913 115.404463 -2.948896 1
97.011668 112.152184 15.179152 1
94.477702 108.124727 37.628004 1
95.084799 86.023004 31.210420 1
95.590107 67.626981 25.868844 1
91.433081 59.993744 39.324504 1
90.257935 58.819670 46.954969 1
113.177514 115.591284 -3.007876 1
116.326630 112.711473 15.024983 1
120.226300 109.145289 37.355739 1
120.821365 86.836152 30.887605 1
121.306669 68.642042 25.612549 1
126.921642 60.628370 38.295415 1
128.732085 59.276439 45.770633 1
106.075900 114.978600 -2.375875 1
105.954874 122.587889 0.021198 1
105.678366 132.209743 3.523277 1
105.154642 140.177777 9.229894 1
103.052406 154.374131 29.977349 1
105.130508 158.204413 36.219983 1
104.716656 174.873503 46.144649 1
100.177634 146.882598 16.977678 1
90.362998 153.886302 23.897295 1
88.231754 148.013750 20.700153 1
82.024205 130.909108 11.388027 1
87.334067 127.221742 15.885453 1
97.989782 119.822012 24.910788 1
97.989782 119.822012 24.910788 1
108.412785 147.141273 17.635108 1
118.619004 153.340046 24.753277 1
123.058071 149.366143 21.044698 1
135.987480 137.791584 10.242935 1
129.508238 133.346462 10.770623 1
116.505837 124.426087 11.829582 1
116.505837 124.426087 11.829582 1
99.035169 113.884315 -3.767594 1
96.927110 111.395583 14.473921 1
94.316598 108.313665 37.063284 1
94.967015 86.110601 31.010102 1
95.508380 67.630229 25.971830 1
91.187942 59.994204 39.374325 1
89.922621 58.818400 46.990090 1
113.154486 114.095435 -3.724905 1
116.261338 111.926912 14.414534 1
120.108670 109.241541 36.877271 1
120.771408 86.856179 30.684955 1
121.311903 68.599904 25.634842 1
127.024297 60.651896 38.315522 1
128.880218 59.320340 45.783241 1
106.157900 113.677200 -2.942123 1
105.997645 121.370935 -0.834366 1
105.674319 131.125802 2.273550 1
105.114308 139.347683 7.604250 1
102.942203 154.597942 27.582347 1
105.021022 158.714568 33.639735 1
104.933060 175.699741 43.021896 1
100.109376 146.438126 14.981897 1
90.074593 153.652230 21.347420 1
88.034493 147.600839 18.437192 1
82.092409 129.975301 9.960742 1
87.360921 126.431979 14.619688 1
97.933658 119.321314 23.969160 1
97.933658 119.321314 23.969160 1
108.342533 146.742436 15.644747 1
118.630859 153.272342 22.335839 1
122.994587 149.017794 18.856259 1
135.704565 136.625820 8.721489 1
129.217797 132.236927 9.544656 1
116.200293 123.429391 11.196576 1
116.200293 123.429391 11.196576 1
99.124943 112.498696 -4.304063 1
96.910874 110.687244 14.004599 1
94.169083 108.444035 36.677114 1
94.840340 86.179312 30.857178 1
95.399050 67.647620 26.013045 1
90.905170 59.982003 39.341410 1
89.544486 58.793058 46.938671 1
113.243046 112.776371 -4.244221 1
116.242775 111.276925 13.980695 1
119.957452 109.420097 36.549282 1
120.737990 86.987790 30.543383 1
121.374555 68.693230 25.645301 1
127.152980 60.664276 38.244810 1
129.035083 59.302060 45.700436 1
106.166600 112.636700 -3.374109 1
105.966126 120.417501 -1.618880 1
105.599609 130.307681 1.021404 1
105.005957 138.791727 5.920166 1
102.758853 155.123713 25.015440 1
104.692733 159.443723 30.978465 1
105.158313 176.791975 39.658916 1
99.977039 146.288553 12.867178 1
89.790816 153.739201 18.697165 1
87.921257 147.455766 16.192374 1
82.475901 129.154371 8.896816 1
87.673720 125.797510 13.768398 1
98.104590 119.061032 23.544580 1
98.104590 119.061032 23.544580 1
108.207047 146.611014 13.559876 1
118.606604 153.340876 19.870042 1
122.880150 148.806879 16.640421 1
135.327458 135.600969 7.233690 1
128.836660 131.290657 8.377761 1
115.811068 122.640817 10.673661 1
115.811068 122.640817 10.673661 1
99.147245 111.372074 -4.728958 1
96.754983 110.122712 13.604256 1
93.792526 108.575566 36.307175 1
94.608076 86.267933 30.672949 1
95.286885 67.700524 25.983389 1
90.631654 59.946489 39.204800 1
89.160683 58.770342 46.783477 1
113.263589 111.703481 -4.585755 1
116.163263 110.725841 13.690743 1
119.754038 109.515185 36.323207 1
120.599807 87.064134 30.396704 1
121.289572 68.754287 25.563374 1
127.095609 60.681564 38.122157 1
128.988352 59.302970 45.572077 1
106.157300 112.072600 -3.757950 1
105.945915 119.930004 -2.387402 1
105.570552 129.940005 -0.247289 1
104.963852 138.668336 4.199898 1
102.650529 156.013848 22.371152 1
104.519714 160.599244 28.153915 1
105.352396 178.237972 36.198211 1
99.917417 146.547428 10.696573 1
89.504758 154.117952 15.942881 1
87.833927 147.617410 13.892987 1
82.967394 128.683661 7.922381 1
88.064970 125.528425 13.028979 1
98.294675 119.196561 23.276787 1
98.294675 119.196561 23.276787 1
108.143630 146.875852 11.430326 1
118.706183 153.729432 17.322774 1
122.935479 148.928049 14.439969 1
135.253901 134.943340 6.043392 1
128.825311 130.622228 7.464436 1
115.924558 121.950713 10.316160 1
115.924558 121.950713 10.316160 1
99.145393 110.739688 -5.085636 1
96.621144 109.833885 13.250073 1
93.495242 108.712185 35.956082 1
94.415208 86.379842 30.437003 1
95.180928 67.791867 25.843283 1
90.417659 59.954811 38.976971 1
88.868182 58.796807 46.542787 1
113.260723 111.084513 -4.885470 1
116.083329 110.465748 13.418745 1
119.578669 109.699499 36.085532 1
120.516670 87.234379 30.226609 1
121.281654 68.913058 25.448393 1
127.142163 60.750980 37.923843 1
129.056303 59.339178 45.362068 1
106.132100 111.752000 -4.099170 1
105.914756 119.664244 -3.093668 1
105.529625 129.765134 -1.436927 1
104.903856 138.710125 2.553671 1
102.506274 157.024748 19.736189 1
104.372662 161.936575 25.245328 1
105.306557 179.767751 32.841763 1
99.829714 146.937691 8.579750 1
89.170269 154.546915 13.241937 1
87.704068 147.871062 11.650075 1
83.433548 128.426694 7.013551 1
88.389689 125.438627 12.354550 1
98.335566 119.442236 23.072747 1
98.335566 119.442236 23.072747 1
108.051850 147.296934 9.344124 1
118.802940 154.185393 14.841690 1
122.866161 149.103543 12.211896 1
134.700868 134.301934 4.552247 1
128.358994 130.048943 6.478603 1
115.632261 121.514133 10.344379 1
115.632261 121.514133 10.344379 1
99.126532 110.358235 -5.397506 1
96.532453 109.665868 12.937758 1
93.320077 108.808476 35.643217 1
94.280780 86.449193 30.241399 1
95.080406 67.838795 25.745279 1
90.256354 59.943373 38.821700 1
88.662450 58.799476 46.380430 1
113.240768 110.713964 -5.145862 1
116.013744 110.319059 13.172132 1
119.447625 109.830025 35.855982 1
120.427598 87.340350 30.099017 1
121.226812 68.999004 25.403952 1
127.108677 60.763107 37.820700 1
129.032720 59.324841 45.251296 1
106.106300 111.504100 -4.389120 1
105.883439 119.452039 -3.723931 1
105.495045 129.618078 -2.531496 1
104.861155 138.756715 0.991687 1
102.406834 158.025297 17.088607 1
104.303526 163.247524 22.293504 1
105.323519 181.252387 29.456837 1
99.775126 147.332382 6.500193 1
88.949289 155.048492 10.565036 1
87.668101 148.235784 9.471261 1
83.936457 128.392805 6.285488 1
88.754541 125.515870 11.810654 1
98.423366 119.742497 22.898436 1
98.423366 119.742497 22.898436 1
107.992418 147.702425 7.310141 1
118.916636 154.693340 12.314999 1
122.820144 149.289216 10.122090 1
134.189664 133.548938 3.734934 1
127.752159 129.618862 6.000144 1
114.833516 121.732072 10.545925 1
114.833516 121.732072 10.545925 1
99.108291 110.054647 -5.667085 1
96.472259 109.561652 12.668641 1
93.207931 108.951151 35.374671 1
94.164139 86.557342 30.117003 1
94.960024 67.918206 25.740864 1
90.077350 59.956379 38.755116 1
88.447065 58.810522 46.305785 1
113.220852 110.423783 -5.349486 1
115.998379 110.203561 12.970751 1
119.437895 109.930843 35.657379 1
120.391274 87.406711 30.032167 1
121.168798 69.037264 25.444552 1
127.052847 60.757975 37.831372 1
128.986258 59.306158 45.256899 1
105.989000 111.402600 -4.943410 1
105.755249 119.371409 -4.618876 1
105.357413 129.581066 -3.893797 1
104.714324 138.889933 -0.850649 1
102.230893 159.059372 14.097229 1
104.118660 164.578031 18.990162 1
105.205116 182.697746 25.847590 1
99.621807 147.776969 4.133350 1
88.600811 155.521682 7.570952 1
87.462309 148.618073 7.028021 1
84.146260 128.510333 5.446657 1
88.833313 125.736994 11.135090 1
98.239189 120.171515 22.550512 1
98.239189 120.171515 22.550512 1
107.836520 148.180777 4.953272 1
118.926425 155.260870 9.441739 1
122.722155 149.634485 7.656521 1
133.777758 133.246840 2.456822 1
127.418667 129.392858 5.050455 1
114.657384 121.658771 10.255306 1
114.657384 121.658771 10.255306 1
98.998600 109.891757 -6.191569 1
96.337943 109.545763 12.143963 1
93.043120 109.117302 34.849753 1
94.050869 86.677649 29.801334 1
94.889652 68.000356 25.599361 1
89.960215 59.994115 38.568659 1
88.294911 58.861983 46.113754 1
113.109114 110.290658 -5.823071 1
115.723657 110.152352 12.521936 1
118.961345 109.981076 35.239238 1
120.179946 87.440947 29.730510 1
121.173771 69.058454 25.237894 1
127.065996 60.891908 37.695468 1
128.969188 59.472568 45.135067 1
106.012200 111.233300 -5.208440 1
105.774835 119.208523 -5.245342 1
105.375897 129.440954 -5.001818 1
104.734020 138.892098 -2.434098 1
102.247277 159.842767 11.396965 1
104.165911 165.678946 15.893398 1
105.220343 183.832894 22.664748 1
99.645883 148.046364 2.045150 1
88.351040 155.666665 4.805146 1
87.260537 148.734328 4.870605 1
84.084290 128.542913 5.061263 1
88.697348 125.876914 10.860426 1
97.954734 120.526842 22.498057 1
97.954734 120.526842 22.498057 1
107.858564 148.474679 2.872950 1
119.154330 155.547641 6.827558 1
122.821841 149.721651 5.464478 1
133.503984 132.752628 1.494315 1
127.215534 129.036805 4.438157 1
114.596012 121.579973 10.345799 1
114.596012 121.579973 10.345799 1
99.025446 109.664290 -6.404147 1
96.352162 109.427997 11.931291 1
93.041703 109.135384 34.636964 1
94.058526 86.658069 29.760847 1
94.904863 67.949429 25.702287 1
89.926950 59.939525 38.650792 1
88.234187 58.804418 46.189327 1
113.134862 110.086006 -6.019388 1
115.600543 110.031233 12.346658 1
118.653890 109.963399 35.090014 1
120.117799 87.416336 29.670107 1
121.311684 69.028188 25.249927 1
127.253609 60.922173 37.723420 1
129.149894 59.516589 45.167393 1
106.069800 111.032800 -5.377830 1
105.840748 118.997528 -5.793197 1
105.454258 129.230313 -6.041839 1
104.828525 138.797630 -3.943213 1
102.386175 160.425596 8.811346 1
104.141907 166.563902 12.958472 1
105.231662 184.684537 19.812948 1
99.760392 148.178267 0.065661 1
88.284302 155.681650 2.358833 1
87.250470 148.764912 2.942536 1
84.239289 128.618932 4.642655 1
88.756454 126.067042 10.567284 1
97.821403 120.945960 22.456698 1
97.821403 120.945960 22.456698 1
107.973749 148.628546 0.874882 1
119.414957 155.665306 4.458570 1
122.932924 149.671182 3.486375 1
133.179501 132.212444 0.654719 1
126.947174 128.667637 3.912109 1
114.440279 121.553996 10.448976 1
114.440279 121.553996 10.448976 1
99.080726 109.416276 -6.494042 1
96.402799 109.306008 11.841908 1
93.086590 109.169457 34.548217 1
94.074317 86.676811 29.737256 1
94.896436 67.955409 25.732927 1
89.866825 59.957368 38.668780 1
88.151240 58.806014 46.199689 1
113.190793 109.840672 -6.137121 1
115.676077 109.911200 12.226229 1
118.753699 109.998530 34.966246 1
120.177605 87.433278 29.611778 1
121.338866 69.030295 25.244967 1
127.317323 60.916633 37.696011 1
129.238791 59.509091 45.133154 1
106.088300 110.913700 -5.564570 1
105.876849 118.849683 -6.362911 1
105.518019 129.059899 -7.100360 1
104.921269 138.717373 -5.455246 1
102.547902 160.922804 6.279264 1
104.155077 167.268151 10.166886 1
105.024004 185.411394 16.993050 1
99.886059 148.294951 -1.895743 1
88.149259 155.541521 -0.165201 1
87.172881 148.685314 0.970534 1
84.329040 128.715640 4.278524 1
88.778110 126.261002 10.295057 1
97.706407 121.335084 22.368904 1
97.706407 121.335084 22.368904 1
108.099704 148.747389 -1.090647 1
119.627480 155.779321 2.214252 1
123.019954 149.664372 1.623232 1
132.901016 131.853718 -0.098196 1
126.672728 128.460170 3.323852 1
114.173938 121.650075 10.191150 1
114.173938 121.650075 10.191150 1
99.098389 109.259230 -6.618191 1
96.393740 109.245400 11.714164 1
93.044439 109.228274 34.416019 1
94.080609 86.716297 29.706738 1
94.943049 67.978805 25.787041 1
89.897074 59.955889 38.701099 1
88.161121 58.826642 46.230687 1
113.208475 109.672334 -6.248939 1
115.753065 109.831538 12.105733 1
118.904127 110.028678 34.835003 1
120.263478 87.445274 29.540622 1
121.372093 69.027487 25.222814 1
127.391936 60.917185 37.656094 1
129.345134 59.511947 45.085402 1
106.025000 110.993500 -5.793660 1
105.845119 118.877495 -7.006984 1
105.525331 129.038628 -8.260058 1
104.952380 138.764027 -7.069399 1
102.610513 161.457986 3.696873 1
104.107505 167.957091 7.368481 1
104.544672 186.130650 14.155193 1
99.934802 148.498885 -3.937332 1
88.136679 155.717850 -2.540595 1
87.228862 148.944476 -0.944329 1
84.584717 129.216067 3.705023 1
88.970387 126.810741 9.787658 1
97.771454 121.983783 21.994158 1
97.771454 121.983783 21.994158 1
108.147513 148.963097 -3.129414 1
119.690603 156.075518 -0.058490 1
123.007001 149.894559 -0.277661 1
132.666478 131.891640 -0.916028 1
126.446866 128.559286 2.581111 1
113.965485 121.871992 9.599099 1
113.965485 121.871992 9.599099 1
99.041017 109.303450 -6.829974 1
96.473886 109.281592 11.522135 1
93.294881 109.254524 34.248453 1
94.172513 86.716384 29.633029 1
94.902996 67.957117 25.791452 1
89.851639 59.983795 38.734090 1
88.142131 58.789310 46.259660 1
113.147901 109.700640 -6.340506 1
115.779450 109.839719 12.002063 1
119.038197 110.011938 34.716346 1
120.341782 87.405795 29.505641 1
121.404916 68.969465 25.256075 1
127.472508 60.876359 37.677344 1
129.457808 59.477513 45.099346 1
106.002900 111.179300 -6.081300 1
105.863376 118.995533 -7.677832 1
105.592293 129.087565 -9.409449 1
105.044537 138.857516 -8.649616 1
102.716646 161.976358 1.174477 1
104.148248 168.573879 4.693467 1
104.213536 186.772670 11.426116 1
100.038034 148.722411 -5.934442 1
88.257349 156.018437 -4.819315 1
87.413473 149.344861 -2.818804 1
84.955564 129.907127 3.007970 1
89.274564 127.486137 9.131955 1
97.941839 122.627745 21.421434 1
97.941839 122.627745 21.421434 1
108.248967 149.202045 -5.117516 1
119.822741 156.376649 -2.318789 1
123.092211 150.168309 -2.185176 1
132.615010 132.085638 -1.796009 1
126.437128 128.768930 1.788871 1
114.039492 122.113032 8.982937 1
114.039492 122.113032 8.982937 1
99.024167 109.461910 -7.107993 1
96.578041 109.390422 11.260510 1
93.548882 109.301895 34.007130 1
94.268834 86.738808 29.487299 1
94.868074 67.958776 25.725289 1
89.811052 60.035213 38.696241 1
88.127443 58.777415 46.217334 1
113.126509 109.839975 -6.489510 1
115.834981 109.915725 11.842230 1
119.188985 110.009521 34.543103 1
120.419027 87.380090 29.416280 1
121.422184 68.924767 25.235125 1
127.513933 60.852304 37.658003 1
129.520884 59.462753 45.075927 1
106.020200 111.334200 -6.356200 1
105.907245 119.075021 -8.287212 1
105.678525 129.086015 -10.443320 1
105.174693 138.881157 -10.081842 1
102.971709 162.378547 -1.169363 1
104.302471 169.064537 2.219834 1
104.139874 187.286979 8.886541 1
100.223597 148.873838 -7.760990 1
88.443642 156.209917 -6.939616 1
87.636283 149.649334 -4.582138 1
85.284736 130.540706 2.284354 1
89.526959 128.052078 8.434835 1
98.040159 123.057950 20.777487 1
98.040159 123.057950 20.777487 1
108.436122 149.336253 -6.950158 1
120.039063 156.559884 -4.410285 1
123.247849 150.333417 -3.979491 1
132.593894 132.197950 -2.724739 1
126.493200 128.918731 1.023113 1
114.250461 122.338066 8.544226 1
114.250461 122.338066 8.544226 1
99.047751 109.583268 -7.368832 1
96.617957 109.491163 11.001747 1
93.609024 109.377106 33.750937 1
94.296870 86.784273 29.377050 1
94.869388 67.979483 25.736514 1
89.802587 60.065750 38.709652 1
88.117896 58.798841 46.228972 1
113.144851 109.969562 -6.644915 1
115.920965 110.003267 11.676829 1
119.358731 110.044996 34.365324 1
120.521554 87.392140 29.327030 1
121.469890 68.917712 25.218074 1
127.580744 60.849835 37.634546 1
129.607261 59.462429 45.047550 1
106.094100 111.434300 -6.561680 1
105.984647 119.088037 -8.813394 1
105.768080 129.003908 -11.372630 1
105.283007 138.806658 -11.383642 1
103.158848 162.612367 -3.309674 1
104.531201 169.386310 -0.117435 1
104.188665 187.610294 6.538230 1
100.364857 148.891232 -9.417284 1
88.627471 156.318259 -8.840147 1
87.865162 149.862932 -6.194694 1
85.644830 131.060877 1.510562 1
89.784859 128.520764 7.709443 1
98.092980 123.423318 20.149222 1
98.092980 123.423318 20.149222 1
108.579148 149.355732 -8.625765 1
120.253829 156.564179 -6.389663 1
123.357771 150.306272 -5.715191 1
132.398445 132.079228 -3.750693 1
126.416824 128.882636 0.251825 1
114.413041 122.467784 8.283997 1
114.413041 122.467784 8.283997 1
99.130756 109.632344 -7.547090 1
96.631641 109.535746 10.814164 1
93.536864 109.416122 33.551806 1
94.262908 86.800762 29.302285 1
94.867220 67.977221 25.765263 1
89.754847 60.055053 38.715353 1
88.038361 58.800243 46.229510 1
113.222193 110.069543 -6.745987 1
116.066808 110.043325 11.565259 1
119.589402 110.010851 34.240754 1
120.646308 87.349173 29.218823 1
121.508265 68.867552 25.123211 1
127.627472 60.821681 37.549845 1
129.670265 59.445242 44.960426 1
106.172200 111.537600 -6.734950 1
106.059878 119.097227 -9.284717 1
105.852714 128.907922 -12.222138 1
105.397475 138.705124 -12.592142 1
103.416275 162.789490 -5.351221 1
104.801901 169.634397 -2.320158 1
104.487729 187.865650 4.316974 1
100.536730 148.878325 -10.969630 1
88.842395 156.388356 -10.650239 1
88.132846 150.031165 -7.763468 1
86.066182 131.514946 0.644663 1
90.076812 128.921536 6.906230 1
98.125256 123.717135 19.471805 1
98.125256 123.717135 19.471805 1
108.755080 149.326446 -10.211513 1
120.486624 156.533519 -8.290828 1
123.432240 150.223839 -7.417865 1
132.011765 131.846001 -4.875237 1
126.179924 128.771633 -0.567565 1
114.476715 122.602059 8.076982 1
114.476715 122.602059 8.076982 1
99.216036 109.686039 -7.678216 1
96.720206 109.569610 10.683370 1
93.629496 109.425431 33.421423 1
94.267635 86.799631 29.213569 1
94.798780 67.967400 25.711227 1
89.627196 60.086614 38.663056 1
87.892019 58.827324 46.172168 1
113.303218 110.179431 -6.835958 1
116.217638 110.100574 11.464157 1
119.826674 110.002913 34.125866 1
120.780707 87.326336 29.150818 1
121.558765 68.832562 25.093441 1
127.689783 60.780952 37.510532 1
129.751736 59.404950 44.915886 1
106.208300 111.589400 -6.781910 1
106.086801 119.055919 -9.592287 1
105.882315 128.759398 -12.866698 1
105.453332 138.539319 -13.572708 1
103.605020 162.866665 -7.155799 1
105.094040 169.752846 -4.270773 1
104.941852 187.979679 2.384166 1
100.648061 148.787888 -12.296153 1
89.034949 156.429252 -12.223860 1
88.384811 150.175380 -9.106620 1
86.491192 131.960091 -0.027217 1
90.393419 129.334958 6.289385 1
98.224324 124.066897 18.965401 1
98.224324 124.066897 18.965401 1
108.869075 149.217350 -11.556337 1
120.702208 156.339345 -9.970722 1
123.460194 149.970703 -8.929238 1
131.493220 131.421129 -5.895768 1
125.823816 128.527714 -1.258509 1
114.446584 122.721274 8.047444 1
114.446584 122.721274 8.047444 1
99.259379 109.689703 -7.681847 1
96.750213 109.582275 10.677976 1
93.642990 109.449240 33.413847 1
94.254733 86.821640 29.211756 1
94.763908 67.987911 25.714210 1
89.549872 60.104359 38.647322 1
87.796218 58.837139 46.150806 1
113.342675 110.245560 -6.813918 1
116.343782 110.132396 11.472000 1
120.060166 109.992253 34.116130 1
120.917908 87.304942 29.172582 1
121.617437 68.802415 25.140896 1
127.771308 60.750998 37.546802 1
129.858100 59.378038 44.945760 1
106.205200 111.674600 -6.855920 1
106.077482 119.048395 -9.901035 1
105.871504 128.639896 -13.490154 1
105.450936 138.389906 -14.534058 1
103.647563 162.938980 -9.011052 1
105.267924 169.845564 -6.248160 1
105.377917 188.050925 0.466119 1
100.666012 148.688154 -13.637406 1
89.189429 156.532158 -13.777684 1
88.628419 150.381885 -10.444490 1
86.994397 132.468341 -0.736089 1
90.783001 129.806670 5.634165 1
98.385889 124.465285 18.417851 1
98.385889 124.465285 18.417851 1
108.887180 149.127312 -12.905031 1
120.868940 156.070502 -11.684538 1
123.423069 149.646644 -10.475718 1
130.862332 130.936245 -6.954856 1
125.380927 128.245014 -1.981967 1
114.380967 122.844312 7.997522 1
114.380967 122.844312 7.997522 1
99.260389 109.737223 -7.705863 1
96.736909 109.628731 10.651992 1
93.611960 109.494380 33.385425 1
94.202589 86.862508 29.203362 1
94.694190 68.025225 25.722486 1
89.447277 60.135154 38.638314 1
87.678105 58.864493 46.137573 1
113.341515 110.340886 -6.834671 1
116.386779 110.190686 11.443678 1
120.157843 110.004680 34.078435 1
120.984117 87.311514 29.156448 1
121.657982 68.804212 25.142345 1
127.838145 60.753627 37.535715 1
129.942864 59.380484 44.929559 1
106.174500 111.751300 -6.904900 1
106.040977 119.037202 -10.154467 1
105.839288 128.520281 -14.021200 1
105.444410 138.233602 -15.372048 1
103.760656 162.964442 -10.685547 1
105.474164 169.881960 -8.007510 1
105.819403 188.071902 -1.259500 1
100.709571 148.579435 -14.825748 1
89.310699 156.529855 -15.167178 1
88.808063 150.489397 -11.630088 1
87.344063 132.895707 -1.327811 1
91.053109 130.193139 5.071974 1
98.496341 124.769682 17.914923 1
98.496341 124.769682 17.914923 1
108.932845 149.003320 -14.108171 1
121.056661 155.747679 -13.221174 1
123.418768 149.283592 -11.847564 1
130.298739 130.456020 -7.846730 1
125.003529 127.963475 -2.577374 1
114.377220 122.961491 7.997059 1
114.377220 122.961491 7.997059 1
99.231975 109.784111 -7.703494 1
96.719235 109.651565 10.655676 1
93.607587 109.487427 33.390738 1
94.227599 86.854295 29.219761 1
94.743657 68.015963 25.748113 1
89.499422 60.116981 38.659582 1
87.728314 58.843900 46.157973 1
113.312104 110.425756 -6.843397 1
116.332443 110.245893 11.438820 1
120.072641 110.023152 34.078366 1
120.977245 87.331287 29.164161 1
121.714991 68.825046 25.156404 1
127.919182 60.787964 37.546532 1
130.026288 59.416870 44.940077 1
106.102400 111.799600 -6.963970 1
105.962053 119.009644 -10.378272 1
105.757174 128.393591 -14.479572 1
105.369424 138.063715 -16.112869 1
103.729920 162.940275 -12.255206 1
105.580863 169.862838 -9.683790 1
106.008316 188.056026 -2.949252 1
100.653143 148.430493 -15.912869 1
89.384121 156.556006 -16.408077 1
88.943510 150.604954 -12.714621 1
87.660167 133.271670 -1.956906 1
91.306548 130.538612 4.465901 1
98.624025 125.053969 17.355049 1
98.624025 125.053969 17.355049 1
108.877145 148.863370 -15.209126 1
121.166972 155.340021 -14.686456 1
123.361405 148.856163 -13.138933 1
129.753004 129.971008 -8.631551 1
124.619294 127.658061 -3.125787 1
114.317079 123.016490 7.923064 1
114.317079 123.016490 7.923064 1
99.162023 109.807687 -7.718750 1
96.669250 109.663902 10.643057 1
93.582326 109.485847 33.381385 1
94.241810 86.850451 29.228791 1
94.790722 68.010234 25.772444 1
89.564887 60.099430 38.684135 1
87.798989 58.821711 46.182966 1
113.241337 110.483083 -6.871242 1
116.241180 110.280013 11.414106 1
119.955998 110.028535 34.057530 1
120.905697 87.333154 29.168135 1
121.680222 68.824045 25.180612 1
127.886952 60.796164 37.575433 1
129.990148 59.427719 44.970581 1
106.013300 111.802200 -7.035050 1
105.861947 118.955924 -10.565377 1
105.640403 128.256623 -14.851286 1
105.232511 137.878367 -16.744691 1
103.537295 162.868455 -13.738947 1
105.547019 169.776536 -11.249072 1
105.855505 187.986405 -4.553228 1
100.492363 148.235070 -16.896674 1
89.376285 156.562774 -17.481650 1
88.995955 150.672212 -13.685940 1
87.888189 133.515117 -2.630395 1
91.510677 130.774813 3.802836 1
98.780207 125.275627 16.712902 1
98.780207 125.275627 16.712902 1
108.715671 148.710630 -16.212655 1
121.194119 154.835845 -16.039123 1
123.272858 148.360116 -14.308643 1
129.327480 129.498637 -9.268373 1
124.301740 127.336629 -3.603940 1
114.216201 122.997959 7.763327 1
114.216201 122.997959 7.763327 1
99.077304 109.785124 -7.762787 1
96.600009 109.652501 10.601198 1
93.532254 109.488268 33.342224 1
94.256287 86.847684 29.228847 1
94.858925 68.003150 25.805141 1
89.660155 60.069755 38.713898 1
87.898307 58.804892 46.215859 1
113.154646 110.500978 -6.915733 1
116.095251 110.290479 11.379151 1
119.736712 110.029802 34.034384 1
120.776831 87.333004 29.170028 1
121.625096 68.822739 25.202926 1
127.810917 60.814996 37.621204 1
129.891945 59.451600 45.023553 1
105.957000 111.726400 -7.099230 1
105.776598 118.856131 -10.676417 1
105.523053 128.105242 -15.070819 1
105.088304 137.681818 -17.175459 1
103.345924 162.752687 -14.978106 1
105.442164 169.646225 -12.519453 1
105.567123 187.911637 -5.970568 1
100.328178 148.019109 -17.660214 1
89.255404 156.398159 -18.327478 1
88.907028 150.573925 -14.427772 1
87.892332 133.610016 -3.069324 1
91.507598 130.862519 3.364901 1
98.762636 125.348898 16.276963 1
98.762636 125.348898 16.276963 1
108.550770 148.532263 -16.995017 1
121.214654 154.266280 -17.079465 1
123.233571 147.817016 -15.186916 1
129.113955 129.032619 -9.674598 1
124.154946 126.994265 -3.906453 1
114.203319 122.903743 7.668938 1
114.203319 122.903743 7.668938 1
99.033872 109.667340 -7.831906 1
96.576663 109.596127 10.535118 1
93.533780 109.507941 33.279908 1
94.300419 86.859371 29.218544 1
94.938518 68.008190 25.838131 1
89.761178 60.058767 38.745640 1
88.002310 58.813544 46.251586 1
113.104884 110.464434 -6.952830 1
115.967386 110.275132 11.354669 1
119.512129 110.040703 34.025522 1
120.642177 87.346949 29.167026 1
121.563784 68.839168 25.204703 1
127.704192 60.838917 37.650317 1
129.750698 59.476469 45.062460 1
105.891600 111.820700 -7.137160 1
105.711136 118.902190 -10.808920 1
105.448777 128.076218 -15.357488 1
104.994965 137.599704 -17.686991 1
103.185847 162.720967 -16.251032 1
105.323047 169.598063 -13.781623 1
105.255914 187.962665 -7.515388 1
100.201954 147.903539 -18.468923 1
89.087152 156.218460 -19.232667 1
88.757232 150.461905 -15.232166 1
87.796293 133.695122 -3.580140 1
91.400948 130.963979 2.866988 1
98.634693 125.483177 15.804943 1
98.634693 125.483177 15.804943 1
108.425496 148.460526 -17.852505 1
121.236669 153.851319 -18.123129 1
123.229197 147.443146 -16.069854 1
129.032720 128.778436 -10.089399 1
124.107394 126.809387 -4.268561 1
114.223362 122.857944 7.412575 1
114.223362 122.857944 7.412575 1
98.963758 109.761586 -7.823669 1
96.661461 109.641657 10.563163 1
93.810414 109.493144 33.332481 1
94.420592 86.862162 29.148411 1
94.928465 68.025619 25.665865 1
89.767181 60.115243 38.603758 1
88.046210 58.834389 46.112492 1
113.038150 110.550936 -6.993043 1
115.853001 110.323665 11.321410 1
119.338737 110.042218 34.000877 1
120.523516 87.341772 29.186886 1
121.489758 68.828532 25.260858 1
127.609128 60.844017 37.726923 1
129.637376 59.485739 45.144847 1
105.885900 111.799300 -7.110750 1
105.697975 118.862870 -10.816494 1
105.429083 127.992999 -15.452176 1
104.971049 137.470376 -17.961927 1
103.149123 162.621400 -17.241296 1
105.270484 169.481585 -14.711919 1
105.121959 187.985785 -8.872283 1
100.177004 147.746009 -19.049073 1
88.940525 155.877586 -19.986655 1
88.629094 150.196235 -15.878609 1
87.722006 133.648496 -3.913340 1
91.303757 130.959582 2.564232 1
98.491538 125.563524 15.563283 1
98.491538 125.563524 15.563283 1
108.398431 148.323641 -18.423527 1
121.302861 153.478781 -18.823852 1
123.325031 147.128636 -16.624474 1
129.214888 128.632937 -10.218473 1
124.289971 126.675803 -4.393272 1
114.406759 122.748269 7.296618 1
114.406759 122.748269 7.296618 1
98.963990 109.721946 -7.802125 1
96.638417 109.611564 10.581837 1
93.758547 109.474873 33.347601 1
94.411146 86.847893 29.148315 1
94.954326 68.014681 25.653105 1
89.785347 60.098750 38.584526 1
88.053673 58.820304 46.091209 1
113.034848 110.545721 -6.945477 1
115.832532 110.321025 11.371639 1
119.297010 110.042769 34.054401 1
120.468135 87.341638 29.240298 1
121.423243 68.827840 25.314179 1
127.512892 60.830067 37.786298 1
129.527946 59.467667 45.207061 1
105.937500 111.826200 -6.962360 1
105.746767 118.872833 -10.700069 1
105.476202 127.961409 -15.416601 1
105.018397 137.393196 -18.092629 1
103.193630 162.554269 -18.034420 1
105.279038 169.424026 -15.501129 1
105.132594 188.064017 -10.110572 1
100.225131 147.636258 -19.455603 1
88.832226 155.516003 -20.626651 1
88.538099 149.902514 -16.425102 1
87.681412 133.552434 -4.187493 1
91.226704 130.920871 2.333545 1
98.341319 125.639905 15.419820 1
98.341319 125.639905 15.419820 1
108.445632 148.230998 -18.833916 1
121.375457 153.313961 -19.327005 1
123.426361 147.019545 -16.997863 1
129.399910 128.686166 -10.213907 1
124.517834 126.700642 -4.362311 1
114.720595 122.716135 7.380548 1
114.720595 122.716135 7.380548 1
99.014527 109.746856 -7.636907 1
96.613725 109.612236 10.737221 1
93.640694 109.445528 33.490806 1
94.354974 86.839112 29.191988 1
94.949493 68.023015 25.613933 1
89.744518 60.094005 38.522883 1
87.986230 58.811200 46.022633 1
113.086419 110.572209 -6.798964 1
115.911689 110.339993 11.513823 1
119.410328 110.052423 34.191226 1
120.538439 87.359057 29.330470 1
121.458466 68.851591 25.366303 1
127.556892 60.827481 37.817199 1
129.581385 59.457275 45.233955 1
106.027600 111.851000 -6.704320 1
105.829436 118.882601 -10.469848 1
105.550877 127.934599 -15.255748 1
105.096829 137.325401 -18.072838 1
103.309801 162.484203 -18.576771 1
105.338709 169.387082 -16.088025 1
105.187447 188.138654 -11.099593 1
100.316840 147.542609 -19.658325 1
88.719191 155.077129 -21.067427 1
88.420368 149.528457 -16.780969 1
87.550003 133.367163 -4.296051 1
91.082818 130.803443 2.258695 1
98.172396 125.658622 15.412616 1
98.172396 125.658622 15.412616 1
108.539152 148.138577 -19.062291 1
121.445378 153.276073 -19.605904 1
123.500403 147.038896 -17.130974 1
129.485956 128.872235 -9.922389 1
124.679330 126.844547 -4.022984 1
115.033502 122.775429 7.815817 1
115.033502 122.775429 7.815817 1
99.100325 109.775264 -7.344958 1
96.597670 109.607268 11.015300 1
93.498509 109.399231 33.751708 1
94.283422 86.819167 29.328507 1
94.936732 68.025005 25.646924 1
89.677937 60.083547 38.526376 1
87.881196 58.814921 46.019421 1
113.175943 110.591153 -6.562139 1
116.047919 110.347420 11.743232 1
119.604394 110.045589 34.411450 1
120.652093 87.364929 29.473995 1
121.506540 68.867827 25.447276 1
127.624128 60.810499 37.867282 1
129.668979 59.430620 45.276656 1
106.119100 111.870600 -6.414040 1
105.912803 118.881386 -10.217749 1
105.627617 127.895145 -15.074900 1
105.178657 137.249463 -18.011648 1
103.429884 162.398126 -18.959974 1
105.336236 169.368590 -16.564456 1
105.176912 188.197318 -11.875915 1
100.413126 147.444369 -19.774317 1
88.619891 154.628034 -21.378874 1
88.290034 149.139904 -17.017407 1
87.329278 133.154947 -4.314012 1
90.871085 130.654927 2.260457 1
97.978707 125.637938 15.453959 1
97.978707 125.637938 15.453959 1
108.636809 148.038062 -19.195169 1
121.510939 153.254526 -19.747714 1
123.556409 147.082613 -17.106819 1
129.514129 129.106041 -9.414838 1
124.753290 127.032368 -3.494328 1
115.199348 122.870968 8.386828 1
115.199348 122.870968 8.386828 1
99.187357 109.798144 -7.015788 1
96.579955 109.594839 11.329530 1
93.351081 109.343076 34.047437 1
94.212224 86.793100 29.487048 1
94.928982 68.023982 25.691279 1
89.609633 60.061460 38.532802 1
87.769506 58.809358 46.018094 1
113.266736 110.604542 -6.293086 1
116.211119 110.334364 12.000407 1
119.857258 109.999785 34.653916 1
120.769940 87.337039 29.608577 1
121.514275 68.854547 25.493874 1
127.651492 60.767229 37.884670 1
129.723121 59.379918 45.285212 1
106.196200 111.891900 -6.127710 1
105.985150 118.879172 -9.974185 1
105.692715 127.853283 -14.903780 1
105.240101 137.171767 -17.951784 1
103.485668 162.301917 -19.297242 1
105.297979 169.325331 -16.984831 1
105.030838 188.187025 -12.435774 1
100.471460 147.336556 -19.872856 1
88.523918 154.221056 -21.639195 1
88.181265 148.796308 -17.200110 1
87.183237 132.995962 -4.270642 1
90.736552 130.566832 2.324161 1
97.867268 125.692103 15.558466 1
97.867268 125.692103 15.558466 1
108.695364 147.940936 -19.308079 1
121.553219 153.197497 -19.859590 1
123.592105 147.096254 -17.054494 1
129.530649 129.325519 -8.884256 1
124.777903 127.237843 -2.962165 1
115.240199 123.048339 8.922160 1
115.240199 123.048339 8.922160 1
99.259360 109.825495 -6.690260 1
96.585184 109.583700 11.644975 1
93.273620 109.284273 34.350398 1
94.176680 86.766971 29.639166 1
94.928328 68.025048 25.717845 1
89.573451 60.035470 38.527759 1
87.708259 58.788262 46.007662 1
113.342486 110.616564 -6.025973 1
116.358616 110.321956 12.255450 1
120.093602 109.957125 34.894013 1
120.909899 87.319241 29.722133 1
121.575627 68.857024 25.504231 1
127.757642 60.736408 37.850900 1
129.863444 59.338887 45.239867 1
106.260600 111.949600 -5.929440 1
106.049637 118.913381 -9.818287 1
105.756630 127.850548 -14.814515 1
105.308237 137.137833 -17.956902 1
103.571839 162.249840 -19.625668 1
105.279173 169.322449 -17.384403 1
104.866111 188.180602 -12.831574 1
100.546364 147.280544 -20.007112 1
88.459451 153.881361 -21.903371 1
88.110927 148.520043 -17.388333 1
87.095800 132.904443 -4.237641 1
90.653726 130.541035 2.378522 1
97.793693 125.798197 15.655693 1
97.793693 125.798197 15.655693 1
108.770927 147.886046 -19.453258 1
121.625996 153.148368 -20.014705 1
123.664276 147.113054 -17.070018 1
129.601057 129.534348 -8.493198 1
124.840077 127.445412 -2.578169 1
115.285852 123.253382 9.291986 1
115.285852 123.253382 9.291986 1
99.317949 109.893113 -6.455460 1
96.636346 109.624281 11.878315 1
93.315585 109.291374 34.581928 1
94.226408 86.804852 29.727359 1
94.984518 68.088548 25.686734 1
89.612659 60.077426 38.476065 1
87.738648 58.823168 45.952585 1
113.404754 110.661169 -5.844283 1
116.492885 110.346827 12.424786 1
120.317034 109.957558 35.048051 1
121.039815 87.341780 29.766703 1
121.629277 68.897592 25.459525 1
127.861452 60.753470 37.765427 1
130.003915 59.349019 45.142532 1
106.306600 111.955800 -5.651850 1
106.087471 118.896783 -9.580796 1
105.782717 127.798734 -14.638809 1
105.328715 137.056421 -17.866567 1
103.592567 162.147610 -19.823807 1
105.220588 169.249480 -17.616309 1
104.698654 188.087097 -12.990233 1
100.563896 147.175442 -20.024182 1
88.352817 153.518830 -22.001818 1
88.013949 148.210498 -17.423875 1
87.026944 132.749230 -4.089966 1
90.574256 130.442274 2.551771 1
97.692923 125.812720 15.880265 1
97.692923 125.812720 15.880265 1
108.789765 147.785846 -19.495674 1
121.664630 152.999663 -20.056021 1
123.692411 147.008729 -17.015033 1
129.598609 129.559287 -8.157725 1
124.843811 127.500098 -2.227313 1
115.301989 123.367763 9.673711 1
115.301989 123.367763 9.673711 1
99.358497 109.906701 -6.132782 1
96.664363 109.603110 12.198612 1
93.328084 109.227160 34.899278 1
94.257385 86.771750 29.906176 1
95.030874 68.081342 25.750245 1
89.640460 60.069238 38.531152 1
87.756266 58.813911 46.004932 1
113.449165 110.657133 -5.592928 1
116.575584 110.320469 12.669230 1
120.447146 109.903558 35.283937 1
121.116487 87.311636 29.894548 1
121.662367 68.886904 25.499258 1
127.924345 60.733184 37.783656 1
130.088180 59.326102 45.154018 1
106.347200 111.986400 -5.445700 1
106.117428 118.908648 -9.406960 1
105.795636 127.782302 -14.513407 1
105.325907 137.016529 -17.805476 1
103.554825 162.087823 -19.974863 1
105.145203 169.210022 -17.805754 1
104.572038 188.028666 -13.109060 1
100.542727 147.111095 -20.035793 1
88.248082 153.273369 -22.067571 1
87.919523 148.017912 -17.428282 1
86.962546 132.710649 -3.915694 1
90.513867 130.437557 2.735570 1
97.640580 125.875964 16.083183 1
97.640580 125.875964 16.083183 1
108.769508 147.735281 -19.538500 1
121.661720 152.903992 -20.117597 1
123.662011 146.931814 -17.022003 1
129.488145 129.536999 -8.005645 1
124.769807 127.536174 -2.026336 1
115.301154 123.520964 9.972815 1
115.301154 123.520964 9.972815 1
99.395023 109.941977 -5.885942 1
96.697188 109.611788 12.444449 1
93.356326 109.202898 35.143871 1
94.298335 86.778873 30.013978 1
95.082402 68.114587 25.744191 1
89.681875 60.075410 38.503810 1
87.792418 58.812687 45.975015 1
113.488679 110.680876 -5.412227 1
116.652060 110.322952 12.843160 1
120.569393 109.879714 35.449482 1
121.180847 87.308303 29.968058 1
121.679518 68.900298 25.497709 1
127.961526 60.730149 37.760946 1
130.142179 59.318399 45.125457 1
106.407700 112.115300 -5.417830 1
106.168632 119.021689 -9.406129 1
105.830207 127.873125 -14.549925 1
105.341305 137.090157 -17.887082 1
103.514934 162.145022 -20.195946 1
105.133303 169.269486 -18.055162 1
104.562837 188.083430 -13.339353 1
100.532430 147.162285 -20.163121 1
88.200541 153.249718 -22.194797 1
87.907421 148.023793 -17.519910 1
87.053667 132.802546 -3.903638 1
90.597411 130.547714 2.757875 1
97.708921 126.022765 16.126054 1
97.708921 126.022765 16.126054 1
108.759195 147.805530 -19.690464 1
121.673518 152.914265 -20.307842 1
123.634616 146.942418 -17.186636 1
129.346592 129.548568 -8.095683 1
124.679368 127.614661 -2.054559 1
115.313290 123.733741 10.068641 1
115.313290 123.733741 10.068641 1
99.452111 110.075237 -5.823000 1
96.903822 109.694145 12.527791 1
93.748150 109.222220 35.252478 1
94.469072 86.819867 29.993679 1
95.069121 68.173620 25.616600 1
89.650568 60.198982 38.409035 1
87.789358 58.904821 45.881950 1
113.548123 110.803634 -5.406609 1
116.725826 110.396924 12.845269 1
120.660896 109.893271 35.447245 1
121.241979 87.330137 29.928570 1
121.715880 68.928882 25.427841 1
128.014355 60.758880 37.682727 1
130.205836 59.347289 45.044054 1
106.422200 112.152600 -5.369400 1
106.176995 119.048754 -9.374998 1
105.826378 127.886417 -14.541610 1
105.320875 137.094091 -17.902046 1
103.441466 162.139242 -20.272909 1
105.116498 169.254131 -18.143902 1
104.596953 188.073172 -13.442564 1
100.488323 147.150852 -20.195815 1
88.144611 153.224460 -22.196844 1
87.874715 148.015800 -17.501336 1
87.088603 132.844838 -3.825003 1
90.636939 130.593142 2.835126 1
97.757663 126.074485 16.200528 1
97.757663 126.074485 16.200528 1
108.714633 147.811373 -19.739346 1
121.652783 152.851240 -20.420565 1
123.579542 146.870546 -17.294916 1
129.191502 129.450928 -8.191020 1
124.565322 127.565614 -2.103147 1
115.281610 123.782208 10.113869 1
115.281610 123.782208 10.113869 1
99.465345 110.113198 -5.755734 1
96.982661 109.702945 12.603420 1
93.908230 109.194909 35.338461 1
94.521520 86.799652 30.035966 1
95.031981 68.159311 25.622517 1
89.608207 60.205892 38.425944 1
87.760566 58.907714 45.901530 1
113.562318 110.839225 -5.368741 1
116.765333 110.403899 12.878051 1
120.731747 109.864811 35.473730 1
121.284932 87.298499 29.965190 1
121.736082 68.894652 25.472726 1
128.049623 60.720037 37.716778 1
130.252540 59.308604 45.074720 1
106.413200 112.162500 -5.343810 1
106.163788 119.055350 -9.354832 1
105.803954 127.888619 -14.528319 1
105.282079 137.092318 -17.897130 1
103.343319 162.130460 -20.294090 1
105.084905 169.224045 -18.147468 1
104.647353 188.047182 -13.454187 1
100.424488 147.135463 -20.197664 1
88.087313 153.238892 -22.147614 1
87.839040 148.037284 -17.443104 1
87.115908 132.886862 -3.740552 1
90.660945 130.611017 2.913123 1
97.775048 126.043898 16.265572 1
97.775048 126.043898 16.265572 1
108.649680 147.815270 -19.749420 1
121.614626 152.775541 -20.501690 1
123.528167 146.783307 -17.390054 1
129.101627 129.330078 -8.326972 1
124.495148 127.468924 -2.216767 1
115.250971 123.734002 10.045063 1
115.250971 123.734002 10.045063 1
99.456946 110.120207 -5.725652 1
96.957058 109.709261 12.631151 1
93.861325 109.200367 35.363283 1
94.499134 86.807630 30.053047 1
95.030004 68.169386 25.633154 1
89.600951 60.196918 38.422490 1
87.747554 58.892523 45.895568 1
113.553805 110.851776 -5.345031 1
116.791562 110.402712 12.895296 1
120.800998 109.846612 35.482968 1
121.317586 87.281229 29.967072 1
121.738889 68.878140 25.468610 1
128.060600 60.706338 37.710325 1
130.272321 59.295290 45.065699 1
106.400900 112.188300 -5.406430 1
106.153079 119.077817 -9.423272 1
105.791466 127.908779 -14.600574 1
105.258089 137.113280 -17.965389 1
103.263492 162.150118 -20.329936 1
105.056699 169.227114 -18.171097 1
104.727883 188.046337 -13.453307 1
100.378996 147.148352 -20.255623 1
88.076458 153.333344 -22.167031 1
87.841679 148.117265 -17.477876 1
87.157849 132.924695 -3.820046 1
90.686572 130.643208 2.840365 1
97.767937 126.064768 16.206333 1
97.767937 126.064768 16.206333 1
108.602310 147.846409 -19.801015 1
121.581377 152.754859 -20.644215 1
123.503634 146.748528 -17.565302 1
129.102481 129.254239 -8.597533 1
124.513426 127.390708 -2.474955 1
115.304214 123.651014 9.811706 1
115.304214 123.651014 9.811706 1
99.446230 110.142021 -5.795712 1
96.903807 109.733711 12.555307 1
93.755400 109.228080 35.280276 1
94.441459 86.829971 29.998781 1
95.012489 68.187258 25.602811 1
89.579024 60.190366 38.375013 1
87.716083 58.879123 45.844519 1
113.542192 110.881356 -5.397295 1
116.809437 110.428605 12.837682 1
120.855389 109.867940 35.418729 1
121.358271 87.298968 29.916266 1
121.768396 68.892952 25.428759 1
128.103240 60.716149 37.660340 1
130.324239 59.304615 45.012826 1
106.375100 112.190100 -5.445110 1
106.128613 119.078706 -9.463596 1
105.766807 127.910786 -14.638976 1
105.227371 137.119062 -17.992480 1
103.202453 162.158703 -20.300900 1
105.025497 169.218136 -18.109787 1
104.816433 188.027013 -13.344156 1
100.336687 147.153215 -20.261924 1
88.062337 153.402973 -22.143650 1
87.823639 148.157648 -17.487432 1
87.128397 132.879895 -3.925536 1
90.640782 130.601258 2.744480 1
97.689359 126.028535 16.129722 1
97.689359 126.028535 16.129722 1
108.558931 147.860510 -19.802283 1
121.561595 152.698097 -20.690275 1
123.485414 146.665396 -17.664352 1
129.088811 129.094297 -8.850922 1
124.547367 127.203916 -2.701134 1
115.433699 123.410341 9.640129 1
115.433699 123.410341 9.640129 1
99.422011 110.140039 -5.842658 1
96.805076 109.743463 12.498142 1
93.564397 109.252363 35.210455 1
94.343463 86.850879 29.956249 1
94.991906 68.205355 25.582993 1
89.542354 60.173340 38.326268 1
87.658154 58.849648 45.788242 1
113.517070 110.886964 -5.426825 1
116.838953 110.435790 12.798316 1
120.952565 109.877077 35.367184 1
121.413126 87.301185 29.889462 1
121.788736 68.889525 25.422133 1
128.135222 60.711542 37.646889 1
130.368746 59.300050 44.995587 1
106.352300 112.178200 -5.437640 1
106.105145 119.066470 -9.456661 1
105.743541 127.901343 -14.627286 1
105.204094 137.115501 -17.964591 1
103.179800 162.161972 -20.198268 1
104.998649 169.207141 -17.958307 1
104.875018 188.005335 -13.147753 1
100.314027 147.156435 -20.205189 1
88.049886 153.431080 -22.070591 1
87.771763 148.158130 -17.447884 1
86.961689 132.799916 -3.983591 1
90.460399 130.532552 2.697445 1
97.481533 125.982451 16.104801 1
97.481533 125.982451 16.104801 1
108.536145 147.862341 -19.741181 1
121.562892 152.632274 -20.642100 1
123.484993 146.567839 -17.679172 1
129.083384 128.904314 -9.049223 1
124.629935 127.021154 -2.833224 1
115.692854 123.242070 9.640910 1
115.692854 123.242070 9.640910 1
99.401149 110.123038 -5.842671 1
96.693124 109.729163 12.484959 1
93.339643 109.241408 35.180963 1
94.223919 86.835434 29.962678 1
94.959932 68.186173 25.619320 1
89.488873 60.125393 38.335187 1
87.575605 58.819966 45.792981 1
113.495198 110.880289 -5.411536 1
116.865393 110.424381 12.804616 1
121.038833 109.859804 35.362351 1
121.458511 87.278371 29.904218 1
121.800780 68.862192 25.452864 1
128.154508 60.675409 37.667964 1
130.398366 59.261295 45.013009 1
106.340600 112.171300 -5.400910 1
106.092425 119.056966 -9.424328 1
105.731879 127.893205 -14.592693 1
105.196500 137.114189 -17.911749 1
103.190330 162.170232 -20.052488 1
104.988379 169.206726 -17.768889 1
104.888958 187.989364 -12.897399 1
100.314146 147.166822 -20.116420 1
88.047359 153.438620 -21.973980 1
87.748565 148.136887 -17.385612 1
86.878283 132.694837 -4.021337 1
90.352235 130.429936 2.673439 1
97.323687 125.884777 16.108369 1
97.323687 125.884777 16.108369 1
108.536598 147.865272 -19.647076 1
121.585276 152.578034 -20.531340 1
123.495170 146.484733 -17.620194 1
129.058008 128.737131 -9.141068 1
124.678639 126.889368 -2.862131 1
115.890221 123.181320 9.738306 1
115.890221 123.181320 9.738306 1
99.390427 110.113156 -5.807570 1
96.570729 109.711682 12.503047 1
93.078959 109.214519 35.177983 1
94.082978 86.811506 29.968657 1
94.918657 68.164709 25.632756 1
89.418238 60.074119 38.316986 1
87.467937 58.807748 45.771921 1
113.483995 110.876212 -5.371006 1
116.910275 110.417021 12.834598 1
121.153166 109.848379 35.379271 1
121.527457 87.265601 29.923402 1
121.832710 68.848325 25.473894 1
128.206959 60.658930 37.676546 1
130.467944 59.244419 45.016260 1
106.338500 112.168200 -5.361120 1
106.089036 119.051702 -9.388161 1
105.728802 127.890328 -14.552463 1
105.198707 137.119687 -17.849014 1
103.221273 162.187255 -19.878678 1
105.008911 169.217529 -17.567911 1
104.881329 187.980647 -12.622415 1
100.327394 147.187666 -20.007599 1
88.058436 153.463357 -21.837470 1
87.729473 148.135664 -17.281347 1
86.771318 132.618003 -4.010994 1
90.197931 130.362374 2.711253 1
97.074382 125.835824 16.201312 1
97.074382 125.835824 16.201312 1
108.550834 147.874369 -19.538228 1
121.616386 152.545379 -20.394419 1
123.498618 146.426722 -17.518654 1
128.980885 128.605267 -9.142580 1
124.664365 126.788938 -2.811170 1
116.002071 123.143970 9.894568 1
116.002071 123.143970 9.894568 1
99.389061 110.107665 -5.768215 1
96.459174 109.710004 12.525176 1
92.830952 109.217561 35.178782 1
93.923307 86.811982 29.998347 1
94.832512 68.163050 25.686491 1
89.285957 60.026694 38.321261 1
87.293072 58.789025 45.769751 1
113.482294 110.875369 -5.329000 1
116.979128 110.392312 12.862566 1
121.309390 109.794116 35.389855 1
121.590814 87.197182 29.987276 1
121.820329 68.768362 25.581229 1
128.187616 60.600325 37.801817 1
130.458456 59.196469 45.140535 1
106.327600 112.157300 -5.317760 1
106.078805 119.038710 -9.348415 1
105.722629 127.880056 -14.508342 1
105.201988 137.118003 -17.782265 1
103.262817 162.197271 -19.701299 1
105.040047 169.220290 -17.360635 1
104.868383 187.963116 -12.340095 1
100.346562 147.202752 -19.897939 1
88.069394 153.467989 -21.708458 1
87.720737 148.122335 -17.174895 1
86.705223 132.552359 -3.970248 1
90.098123 130.302928 2.771150 1
96.906920 125.788817 16.299639 1
96.906920 125.788817 16.299639 1
108.570839 147.875053 -19.422426 1
121.645221 152.528241 -20.239997 1
123.498705 146.392196 -17.382668 1
128.897241 128.520096 -9.060289 1
124.605696 126.712770 -2.709356 1
115.993521 123.085868 10.035563 1
115.993521 123.085868 10.035563 1
99.378730 110.095294 -5.727122 1
96.341992 109.704398 12.548982 1
92.581450 109.220332 35.181179 1
93.787363 86.820613 30.000594 1
94.791087 68.176558 25.688614 1
89.214773 59.998613 38.283371 1
87.184527 58.800390 45.728220 1
113.471613 110.865786 -5.281578 1
117.041220 110.380164 12.895780 1
121.461598 109.778793 35.405475 1
121.679702 87.183723 29.992187 1
121.857576 68.756422 25.577405 1
128.248242 60.591159 37.787640 1
130.540119 59.189936 45.120318 1
106.321700 112.162100 -5.288980 1
106.074256 119.041588 -9.322998 1
105.722765 127.885837 -14.478268 1
105.209943 137.132805 -17.727870 1
103.299418 162.223090 -19.527942 1
105.041667 169.245461 -17.159201 1
104.893946 187.960918 -12.036835 1
100.366569 147.232938 -19.797277 1
88.090068 153.502544 -21.597171 1
87.719205 148.139856 -17.085539 1
86.639012 132.520269 -3.944770 1
90.011752 130.272680 2.807349 1
96.780095 125.762265 16.357354 1
96.780095 125.762265 16.357354 1
108.591400 147.893800 -19.315362 1
121.671502 152.539395 -20.083093 1
123.512520 146.391177 -17.243931 1
128.874746 128.483618 -8.974469 1
124.591469 126.659070 -2.622879 1
115.995884 122.997607 10.123358 1
115.995884 122.997607 10.123358 1
99.373414 110.098779 -5.701623 1
96.254138 109.724447 12.560922 1
92.391385 109.260893 35.176328 1
93.678661 86.860669 30.017551 1
94.750105 68.216194 25.723722 1
89.148928 59.979999 38.269393 1
87.086325 58.811084 45.710007 1
113.465898 110.871758 -5.247832 1
117.096821 110.374370 12.917059 1
121.593130 109.758429 35.411315 1
121.752382 87.163290 29.996264 1
121.882261 68.735933 25.580045 1
128.285843 60.573565 37.785448 1
130.593237 59.174456 45.113662 1
106.305200 112.154200 -5.270300 1
106.057657 119.034966 -9.302131 1
105.707510 127.884467 -14.448473 1
105.198642 137.139083 -17.676854 1
103.305389 162.236967 -19.386995 1
104.995156 169.259048 -16.979690 1
104.921407 187.939286 -11.728777 1
100.362747 147.249830 -19.711631 1
88.079460 153.507353 -21.507267 1
87.681107 148.127987 -17.017890 1
86.520844 132.459820 -3.941940 1
89.882082 130.224724 2.820054 1
96.627340 125.739378 16.389878 1
96.627340 125.739378 16.389878 1
108.587824 147.903504 -19.224140 1
121.670244 152.550417 -19.942838 1
123.517231 146.394649 -17.123984 1
128.896843 128.465101 -8.913672 1
124.616391 126.627778 -2.563860 1
116.026478 122.940679 10.178810 1
116.026478 122.940679 10.178810 1
99.358044 110.088167 -5.688349 1
96.172010 109.727432 12.562942 1
92.226589 109.280717 35.164412 1
93.604406 86.878793 30.036498 1
94.751211 68.232902 25.768359 1
89.149054 59.948385 38.281735 1
87.066083 58.816219 45.722357 1
113.449898 110.866779 -5.224760 1
117.124956 110.365607 12.931149 1
121.675918 109.744980 35.414283 1
121.797652 87.149430 29.999972 1
121.896932 68.721738 25.584356 1
128.307454 60.559966 37.786513 1
130.623286 59.161602 45.112208 1
106.290600 112.137300 -5.259770 1
106.043367 119.016236 -9.294741 1
105.694924 127.865864 -14.440980 1
105.189995 137.124079 -17.659647 1
103.311029 162.226549 -19.317433 1
104.944684 169.241837 -16.852283 1
104.961180 187.883649 -11.466062 1
100.361169 147.241635 -19.677291 1
88.052716 153.449610 -21.472586 1
87.653151 148.057721 -16.998363 1
86.489363 132.353081 -3.966556 1
89.853163 130.135714 2.800000 1
96.603566 125.685946 16.378975 1
96.603566 125.685946 16.378975 1
108.586095 147.890102 -19.180389 1
121.648066 152.608075 -19.801432 1
123.510766 146.440405 -17.019170 1
128.936146 128.476194 -8.915438 1
124.664081 126.623122 -2.564553 1
116.091000 122.904420 10.180268 1
116.091000 122.904420 10.180268 1
99.344823 110.067728 -5.683207 1
96.118903 109.717577 12.561282 1
92.124087 109.283968 35.154329 1
93.570646 86.877152 30.066874 1
94.774667 68.227191 25.832410 1
89.185555 59.915054 38.333296 1
87.094300 58.815258 45.776449 1
113.435876 110.853355 -5.207241 1
117.137260 110.355021 12.943397 1
121.720823 109.737906 35.420004 1
121.822559 87.140254 30.014062 1
121.905531 68.710848 25.605271 1
128.319519 60.552787 37.808089 1
130.640593 59.156923 45.132601 1
106.292200 112.162300 -5.275770 1
106.049643 119.036787 -9.318600 1
105.709357 127.883722 -14.470012 1
105.216196 137.144357 -17.683538 1
103.379423 162.252739 -19.298516 1
104.911446 169.271368 -16.778236 1
105.019978 187.871871 -11.252088 1
100.403880 147.273501 -19.682402 1
88.038069 153.368981 -21.468988 1
87.623241 147.970505 -17.004108 1
86.414991 132.246678 -3.999511 1
89.788891 130.043047 2.766504 1
96.559558 125.620845 16.344394 1
96.559558 125.620845 16.344394 1
108.630084 147.907111 -19.187492 1
121.676319 152.670544 -19.792074 1
123.547801 146.502170 -17.017276 1
128.998757 128.535906 -8.935285 1
124.733961 126.667916 -2.583886 1
116.175466 122.919273 10.161967 1
116.175466 122.919273 10.161967 1
99.345437 110.095927 -5.698642 1
96.132277 109.743081 12.548047 1
92.153264 109.306135 35.143818 1
93.600890 86.899020 30.057986 1
94.805798 68.248809 25.824873 1
89.227644 59.929881 38.326136 1
87.141435 58.830754 45.770804 1
113.436781 110.874633 -5.219953 1
117.142196 110.368374 12.929644 1
121.730749 109.741447 35.404961 1
121.838537 87.149200 29.976590 1
121.926444 68.724202 25.549508 1
128.354001 60.572810 37.749642 1
130.680189 59.178785 45.072882 1
106.284300 112.184600 -5.306860 1
106.040659 119.057728 -9.351936 1
105.700471 127.905278 -14.502297 1
105.208996 137.169026 -17.707098 1
103.381636 162.280913 -19.277643 1
104.921447 169.285142 -16.722293 1
105.052209 187.872669 -11.153132 1
100.400154 147.303532 -19.687054 1
88.013491 153.360914 -21.458703 1
87.597668 147.952509 -17.005948 1
86.386524 132.199763 -4.036666 1
89.778369 130.019949 2.728091 1
96.585049 125.645542 16.303459 1
96.585049 125.645542 16.303459 1
108.626724 147.933066 -19.193018 1
121.671414 152.698796 -19.812642 1
123.549727 146.529609 -17.044276 1
129.020582 128.560977 -8.981017 1
124.762011 126.692140 -2.625691 1
116.216008 122.941800 10.128042 1
116.216008 122.941800 10.128042 1
99.337975 110.116715 -5.729537 1
96.144642 109.761860 12.520593 1
92.190181 109.322426 35.120626 1
93.614155 86.915524 30.027183 1
94.799378 68.265491 25.787735 1
89.226077 59.949134 38.292873 1
87.146556 58.843513 45.738450 1
113.429132 110.898366 -5.250137 1
117.141495 110.385040 12.897841 1
121.738653 109.749361 35.371154 1
121.819182 87.152189 29.962845 1
121.884858 68.723175 25.552124 1
128.298070 60.573190 37.760744 1
130.621056 59.180596 45.085273 1
106.278600 112.173200 -5.254670 1
106.032331 119.044224 -9.303159 1
105.690186 127.890545 -14.455503 1
105.199921 137.155260 -17.657690 1
103.384637 162.269261 -19.208326 1
104.884102 169.277553 -16.640154 1
105.064238 187.855631 -11.040924 1
100.395497 147.293696 -19.628228 1
87.984129 153.302791 -21.391401 1
87.593592 147.904923 -16.923596 1
86.456096 132.182868 -3.910479 1
89.851555 129.986191 2.847007 1
96.665490 125.577945 16.407781 1
96.665490 125.577945 16.407781 1
108.622549 147.918723 -19.136501 1
121.662797 152.696020 -19.760523 1
123.531801 146.523608 -16.993046 1
128.975543 128.545583 -8.932376 1
124.722787 126.681406 -2.571790 1
116.188454 122.940419 10.192500 1
116.188454 122.940419 10.192500 1
99.332503 110.103849 -5.673908 1
96.141349 109.743012 12.576486 1
92.189585 109.296170 35.176846 1
93.613169 86.892932 30.067203 1
94.798067 68.245948 25.814272 1
89.223079 59.929666 38.318708 1
87.143442 58.821283 45.763841 1
113.423683 110.888282 -5.199747 1
117.130888 110.375742 12.949307 1
121.721659 109.741037 35.423954 1
121.821213 87.146952 30.003080 1
121.902405 68.720455 25.582113 1
128.319006 60.562687 37.783753 1
130.641784 59.166951 45.107749 1
106.285000 112.186700 -5.252810 1
106.037539 119.056518 -9.303273 1
105.695385 127.902125 -14.456841 1
105.209082 137.168356 -17.655244 1
103.416024 162.285437 -19.181662 1
104.957416 169.291276 -16.631686 1
105.133496 187.861711 -11.007031 1
100.412953 147.313012 -19.613944 1
87.993255 153.308056 -21.366256 1
87.590516 147.903056 -16.908167 1
86.417480 132.160228 -3.923350 1
89.797908 129.966690 2.842686 1
96.581677 125.564744 16.420620 1
96.581677 125.564744 16.420620 1
108.640822 147.930048 -19.125803 1
121.687451 152.690226 -19.747260 1
123.540048 146.510739 -16.984545 1
128.935999 128.512105 -8.937743 1
124.697201 126.660825 -2.564086 1
116.190878 122.945719 10.226433 1
116.190878 122.945719 10.226433 1
99.338760 110.117275 -5.669300 1
96.158038 109.751633 12.582819 1
92.219193 109.298840 35.185315 1
93.627733 86.894198 30.077661 1
94.800110 68.246045 25.826385 1
89.222863 59.936682 38.334413 1
87.145321 58.822988 45.779339 1
113.430090 110.901746 -5.199695 1
117.138815 110.382960 12.948872 1
121.731468 109.740521 35.422914 1
121.816826 87.141013 30.024452 1
121.886441 68.710093 25.621762 1
128.295093 60.552366 37.827606 1
130.616258 59.157169 45.152216 1
106.287700 112.206200 -5.270780 1
106.040989 119.076055 -9.321225 1
105.701308 127.922461 -14.473586 1
105.220728 137.189409 -17.670778 1
103.451698 162.308386 -19.194013 1
105.021025 169.311698 -16.654151 1
105.188121 187.882240 -11.029577 1
100.433874 147.338945 -19.626882 1
88.001199 153.308283 -21.374919 1
87.580915 147.902457 -16.919452 1
86.356775 132.157225 -3.942270 1
89.728993 129.959114 2.826379 1
96.496285 125.547991 16.409555 1
96.496285 125.547991 16.409555 1
108.662498 147.947899 -19.141324 1
121.710728 152.704418 -19.757164 1
123.553641 146.520843 -16.997118 1
128.921387 128.510305 -8.958092 1
124.692287 126.666330 -2.575882 1
116.205425 122.965882 10.231803 1
116.205425 122.965882 10.231803 1
99.340662 110.138963 -5.684818 1
96.157871 109.766881 12.566811 1
92.216464 109.306114 35.168699 1
93.622014 86.899409 30.069279 1
94.791901 68.249539 25.824855 1
89.214095 59.939324 38.332067 1
87.136676 58.824252 45.776822 1
113.432402 110.918991 -5.220154 1
117.141929 110.406880 12.928439 1
121.735576 109.772705 35.402512 1
121.843114 87.169848 30.018484 1
121.930818 68.736197 25.627565 1
128.354158 60.561845 37.814551 1
130.681337 59.160249 45.136031 1
