73 35
112.372400 149.800800 32.152980 1
112.357064 156.651771 31.850100 1
112.359395 166.066779 30.610896 1
112.363903 175.101045 29.526712 1
112.328413 198.477014 28.785776 1
112.013505 204.858034 31.785620 1
111.434577 222.837464 31.625428 1
108.549132 184.844811 28.103035 1
96.393274 189.124581 28.250758 1
95.189649 183.309004 30.907937 1
91.683926 166.370351 38.647332 1
93.848591 162.611578 44.520102 1
98.192609 155.068525 56.305490 1
98.192609 155.068525 56.305490 1
116.208458 184.863643 28.330308 1
127.950876 190.094009 29.258751 1
128.537466 184.561403 32.631647 1
130.245989 168.446939 42.455664 1
127.374052 164.687601 48.016490 1
121.610685 157.143405 59.175891 1
121.610685 157.143405 59.175891 1
106.330628 148.578773 31.184263 1
105.039023 131.464608 31.943065 1
103.439568 110.271340 32.882725 1
102.786508 88.959988 31.901980 1
102.242948 71.221879 31.085674 1
99.184737 65.387258 44.395475 1
98.595130 64.800611 51.587302 1
118.463430 148.619480 31.490707 1
119.938965 131.503723 31.616305 1
121.766170 110.308707 31.771837 1
123.274373 88.937104 29.535054 1
124.504385 71.507518 27.710846 1
126.784212 65.040717 40.883892 1
126.883364 64.073905 48.058177 1
112.315000 149.787600 32.141380 1
112.303363 156.639742 31.866073 1
112.311186 166.058845 30.658410 1
112.321011 175.095209 29.591892 1
112.300931 198.471610 28.864113 1
111.901269 204.709423 32.142162 1
110.836403 222.663016 32.536207 1
108.511747 184.842384 28.176833 1
96.305010 188.972175 28.385466 1
95.043313 183.053458 30.774433 1
91.368449 165.814397 37.732625 1
93.104043 161.288836 43.192533 1
96.587005 152.207003 54.149394 1
96.587005 152.207003 54.149394 1
116.171269 184.855843 28.397803 1
127.905566 190.079871 29.455587 1
128.618604 184.405267 32.557310 1
130.695422 167.877212 41.591496 1
128.229359 163.389445 46.795525 1
123.280496 154.383448 57.238911 1
123.280496 154.383448 57.238911 1
106.271862 148.572910 31.171956 1
104.850451 131.470029 31.952790 1
103.090252 110.290733 32.919735 1
102.626477 88.972903 31.972589 1
102.240464 71.229401 31.184249 1
99.074988 65.384383 44.464377 1
98.405146 64.801216 51.649458 1
118.404895 148.605496 31.470126 1
119.883548 131.490879 31.683568 1
121.714615 110.297273 31.947878 1
123.265866 88.934935 29.652787 1
124.530985 71.512906 27.781027 1
126.818760 65.057887 40.958473 1
126.916389 64.094866 48.133288 1
112.242400 149.789400 32.085580 1
112.229586 156.641860 31.818347 1
112.238118 166.062777 30.624927 1
112.249679 175.101491 29.578529 1
112.233656 198.479932 28.919406 1
111.716535 204.586502 32.420552 1
110.085774 222.438663 33.924440 1
108.444040 184.853256 28.185515 1
96.175279 188.792912 28.429910 1
94.862189 182.793534 30.577818 1
91.037637 165.319535 36.833889 1
92.371521 160.174042 41.838710 1
95.048340 149.848140 51.882311 1
95.048340 149.848140 51.882311 1
116.103168 184.865111 28.419800 1
127.812266 190.128469 29.558752 1
128.613995 184.338493 32.415963 1
130.949140 167.474403 40.737975 1
128.736847 162.417412 45.516681 1
124.297247 152.269101 55.106533 1
124.297247 152.269101 55.106533 1
106.201766 148.574292 31.101187 1
104.800236 131.470276 31.893021 1
103.064655 110.289575 32.873585 1
102.584636 88.970752 31.957363 1
102.185103 71.226425 31.194763 1
99.016491 65.382427 44.474592 1
98.346552 64.799164 51.659656 1
118.334092 148.609668 31.426571 1
119.824581 131.496184 31.648347 1
121.670306 110.303981 31.922979 1
123.214892 88.939098 29.647168 1
124.474576 71.514992 27.791131 1
126.741898 65.055422 40.969882 1
126.829543 64.090441 48.144563 1
112.261600 149.801200 31.919180 1
112.216081 156.655180 31.698581 1
112.197888 166.083403 30.564430 1
112.213834 175.127337 29.564209 1
112.279750 198.508094 28.996763 1
111.505672 204.442431 32.738433 1
109.197294 222.029653 35.735387 1
108.446689 184.897404 28.195009 1
96.104070 188.599720 28.431060 1
94.737940 182.536951 30.356360 1
90.758904 164.878319 35.964057 1
91.786100 159.296638 40.556799 1
93.847462 148.095398 49.773444 1
93.847462 148.095398 49.773444 1
116.104864 184.882207 28.458458 1
127.673837 190.445751 29.602560 1
128.483744 184.560084 32.254581 1
130.842707 167.417281 39.978951 1
128.732803 161.943816 44.325550 1
124.498675 150.959732 53.048254 1
124.498675 150.959732 53.048254 1
106.230692 148.563309 30.904021 1
104.789661 131.463715 31.720083 1
103.005165 110.288490 32.730652 1
102.526326 88.966976 31.878689 1
102.127774 71.220409 31.169573 1
98.857896 65.367233 44.420780 1
98.133019 64.779046 51.600108 1
118.361412 148.655808 31.274866 1
119.824024 131.541108 31.574678 1
121.635228 110.347399 31.945944 1
123.152537 88.983686 29.640991 1
124.389976 71.560534 27.761188 1
126.536709 65.078144 40.948925 1
126.564169 64.103182 48.122740 1
112.370300 149.807400 31.629980 1
112.258954 156.662292 31.469228 1
112.162341 166.097628 30.400068 1
112.119376 175.144622 29.428736 1
112.068608 198.525123 28.849266 1
111.159015 204.113097 33.063864 1
107.765236 221.239672 37.397845 1
108.307575 184.894736 28.041022 1
95.945453 188.532372 28.261609 1
94.562984 182.415704 29.995216 1
90.536356 164.600079 35.044579 1
91.321009 158.686204 39.253377 1
92.895639 146.818324 47.699530 1
92.895639 146.818324 47.699530 1
115.964742 184.918568 28.331715 1
127.540446 190.385249 29.822214 1
128.378733 184.426416 32.296043 1
130.820357 167.070507 39.501403 1
128.722624 161.258878 43.390864 1
124.512919 149.596169 51.196192 1
124.512919 149.596169 51.196192 1
106.356983 148.519928 30.573000 1
104.815107 131.436866 31.537507 1
102.905730 110.282114 32.731901 1
102.433883 88.959098 31.914337 1
102.041150 71.211280 31.233853 1
98.579888 65.388489 44.449792 1
97.752152 64.816410 51.619293 1
118.484190 148.727092 31.007039 1
119.884825 131.608199 31.358949 1
121.619280 110.409300 31.794730 1
123.105074 89.035924 29.559885 1
124.316810 71.604893 27.737258 1
126.249208 65.098351 40.946233 1
126.167292 64.113430 48.118272 1
112.539500 149.817700 31.313780 1
112.374723 156.672402 31.196757 1
112.235865 166.114640 30.195328 1
112.195221 175.169847 29.303698 1
112.242089 198.555120 28.967557 1
110.782655 203.864311 33.383232 1
106.299186 220.271345 39.242281 1
108.436403 184.949110 27.977950 1
96.005175 188.349980 27.935912 1
94.582995 182.202296 29.521357 1
90.440706 164.296335 34.139181 1
91.026177 158.174758 38.074546 1
92.201092 145.890066 45.971978 1
92.201092 145.890066 45.971978 1
116.090132 184.939103 28.348916 1
127.343480 191.017076 29.937474 1
128.073245 184.977634 32.244600 1
130.198783 167.386942 38.964415 1
128.039053 161.341406 42.441555 1
123.704934 149.209298 49.419440 1
123.704934 149.209298 49.419440 1
106.547401 148.489414 30.188977 1
104.899201 131.427763 31.338820 1
102.858159 110.299524 32.762724 1
102.371930 88.976064 31.965413 1
101.967228 71.227877 31.301786 1
98.269480 65.452281 44.474311 1
97.317601 64.904098 51.630258 1
118.667697 148.790249 30.744293 1
120.002062 131.667175 31.146667 1
121.654453 110.463098 31.644938 1
123.085085 89.079350 29.474241 1
124.251835 71.639860 27.703930 1
125.929890 65.092293 40.927385 1
125.720635 64.089814 48.094404 1
112.716500 149.836500 31.050580 1
112.553393 156.690948 30.917450 1
112.423520 166.134032 29.922818 1
112.376679 175.194877 29.090753 1
112.337916 198.582533 29.043654 1
110.345909 203.470153 33.729668 1
104.681986 219.039187 40.740081 1
108.603551 184.975852 27.819397 1
96.097524 188.070884 27.468439 1
94.620595 181.898113 28.898763 1
90.318842 163.919083 33.064776 1
90.716349 157.677967 36.832274 1
91.514060 145.153385 44.392832 1
91.514060 145.153385 44.392832 1
116.249536 184.989543 28.325375 1
127.197624 191.476844 30.364349 1
127.828325 185.353656 32.471249 1
129.665329 167.519042 38.607882 1
127.458374 161.281330 41.693935 1
123.029485 148.763562 47.886993 1
123.029485 148.763562 47.886993 1
106.743361 148.505610 29.831926 1
105.032569 131.454813 31.049376 1
102.914016 110.340017 32.557002 1
102.366939 89.013473 31.892702 1
101.911592 71.262719 31.339785 1
97.976071 65.553705 44.472382 1
96.902958 65.038431 51.613606 1
118.853118 148.808340 30.581991 1
120.141199 131.683581 31.056931 1
121.736275 110.477416 31.645064 1
123.097854 89.089697 29.469094 1
124.208287 71.646967 27.694482 1
125.658033 65.048844 40.919809 1
125.337074 64.024205 48.079559 1
112.889800 149.872800 30.912180 1
112.811026 156.726454 30.690811 1
112.772055 166.163021 29.628882 1
112.729627 175.227210 28.833826 1
112.441929 198.611165 29.140513 1
109.949453 203.056794 34.023093 1
103.010600 217.723505 41.792303 1
108.886419 184.987279 27.612718 1
96.332955 187.801090 26.840626 1
94.804622 181.600864 28.086274 1
90.353147 163.541865 31.714392 1
90.570224 157.251704 35.414436 1
91.005851 144.628698 42.839628 1
91.005851 144.628698 42.839628 1
116.516080 185.071889 28.318693 1
127.079201 191.982748 30.919392 1
127.612747 185.778972 32.805856 1
129.166774 167.709637 38.300436 1
126.973391 161.288421 40.994966 1
122.571736 148.402402 46.402318 1
122.571736 148.402402 46.402318 1
106.927410 148.596259 29.587369 1
105.200968 131.543875 30.759643 1
103.063034 110.427111 32.211325 1
102.433208 89.098352 31.711900 1
101.908985 71.345754 31.296213 1
97.776629 65.705709 44.398113 1
96.605387 65.224248 51.526265 1
119.022046 148.767425 30.582827 1
120.304510 131.645382 31.159930 1
121.892629 110.442582 31.874574 1
123.192240 89.063146 29.582404 1
124.252135 71.627173 27.713026 1
125.572205 64.980137 40.927434 1
125.191560 63.933558 48.081084 1
113.119200 149.893500 30.562380 1
113.088959 156.747479 30.339147 1
113.101504 166.187891 29.311299 1
113.015747 175.259723 28.612766 1
112.312643 198.626042 29.324774 1
109.309731 202.608760 34.318383 1
101.118057 216.377473 42.500054 1
109.051214 184.975335 27.425472 1
96.469012 187.464388 26.162173 1
94.892960 181.239791 27.211317 1
90.302497 163.109811 30.267089 1
90.342727 156.801886 33.942962 1
90.423460 144.143232 41.319648 1
90.423460 144.143232 41.319648 1
116.647564 185.173850 28.412051 1
126.814182 192.376401 31.708454 1
127.264216 186.106886 33.388008 1
128.575001 167.846076 38.279935 1
126.438785 161.241053 40.541283 1
122.151853 147.986173 45.079330 1
122.151853 147.986173 45.079330 1
107.203902 148.651757 29.012508 1
105.443653 131.613527 30.331179 1
103.263854 110.514292 31.964151 1
102.509961 89.186151 31.641522 1
101.882473 71.434067 31.372988 1
97.361722 65.922688 44.401180 1
95.994239 65.504889 51.498334 1
119.252950 148.752239 30.465374 1
120.518768 131.632130 31.129949 1
122.086276 110.431723 31.952913 1
123.282073 89.055731 29.573771 1
124.257303 71.622566 27.633463 1
125.165266 64.904665 40.846777 1
124.582944 63.828751 47.982478 1
113.721200 149.850800 30.081880 1
113.645977 156.706350 29.928413 1
113.600485 166.159178 29.022880 1
113.400898 175.240036 28.482863 1
112.188641 198.564715 29.697744 1
108.605791 202.070407 34.666542 1
99.148718 214.983858 42.877952 1
109.284327 184.900520 27.365190 1
96.713926 187.053035 25.506481 1
95.131070 180.798294 26.344950 1
90.520788 162.580515 28.787105 1
90.411994 156.287156 32.486481 1
90.193668 143.657735 39.910332 1
90.193668 143.657735 39.910332 1
116.832084 185.226044 28.646860 1
126.466977 192.780843 32.671407 1
126.824814 186.458720 34.165716 1
127.867063 168.044680 38.518090 1
125.731468 161.301238 40.326030 1
121.445783 147.768576 43.954184 1
121.445783 147.768576 43.954184 1
107.881413 148.581650 28.287187 1
105.965640 131.577612 29.814002 1
103.593249 110.520718 31.704727 1
102.700502 89.195590 31.641591 1
101.957443 71.446015 31.589041 1
96.887864 66.122142 44.492607 1
95.237461 65.799594 51.534361 1
119.862783 148.756273 30.215073 1
121.003012 131.631296 30.974769 1
122.414997 110.424861 31.915525 1
123.443209 89.047315 29.472868 1
124.281766 71.612882 27.480760 1
124.546627 64.805167 40.676635 1
123.650309 63.694335 47.774352 1
114.589000 149.827300 29.681280 1
114.433804 156.682812 29.606082 1
114.286158 166.146538 28.835312 1
113.946992 175.231795 28.465824 1
112.206926 198.489326 30.210988 1
107.954205 201.459120 34.997462 1
97.312747 213.572914 42.974682 1
109.672889 184.833688 27.438212 1
97.147736 186.588206 24.959236 1
95.624117 180.300600 25.648331 1
91.186373 161.987099 27.655415 1
90.982340 155.697293 31.356805 1
90.572887 143.075000 38.784698 1
90.572887 143.075000 38.784698 1
117.161562 185.276742 29.000503 1
126.061476 193.271559 33.793994 1
126.353709 186.895742 35.056457 1
127.204876 168.325314 38.733549 1
125.085229 161.472624 40.094124 1
120.831547 147.720726 42.824512 1
120.831547 147.720726 42.824512 1
108.830577 148.509988 27.671297 1
106.660876 131.553219 29.373947 1
103.974033 110.554860 31.482419 1
102.844279 89.241167 31.592875 1
101.903951 71.501109 31.684811 1
96.256724 66.346984 44.416272 1
94.317896 66.105213 51.387402 1
120.735521 148.805186 30.013438 1
121.669521 131.669793 30.818449 1
122.826127 110.450459 31.815320 1
123.641182 89.067889 29.336474 1
124.305898 71.629360 27.314853 1
123.880876 64.736036 40.462009 1
122.652151 63.594402 47.504865 1
115.343700 149.781100 29.375180 1
115.207660 156.637337 29.339362 1
115.062156 166.108544 28.666246 1
114.615076 175.194287 28.459299 1
112.241947 198.345727 30.775605 1
107.430358 200.837898 35.298142 1
95.584662 212.110820 42.796236 1
110.158766 184.721629 27.515179 1
97.737936 186.030285 24.335004 1
96.354377 179.702379 24.946244 1
92.324576 161.271495 26.726564 1
92.111137 154.987844 30.437863 1
91.682812 142.377901 37.885642 1
91.682812 142.377901 37.885642 1
117.560816 185.290452 29.413436 1
125.558450 193.752382 34.939438 1
125.852555 187.331999 35.950593 1
126.709174 168.631765 38.895715 1
124.675568 161.685004 39.849859 1
120.594552 147.744326 41.764626 1
120.594552 147.744326 41.764626 1
109.663428 148.491922 27.137479 1
107.373916 131.561711 28.944338 1
104.538706 110.596241 31.181856 1
103.104749 89.302433 31.463963 1
101.911223 71.578927 31.698770 1
95.840607 66.631273 44.316798 1
93.705790 66.486227 51.233132 1
121.470555 148.740815 29.935739 1
122.300677 131.605122 30.841836 1
123.328647 110.385418 31.963886 1
123.908546 89.008305 29.374274 1
124.381482 71.574227 27.262318 1
123.451519 64.619718 40.351100 1
121.991725 63.460379 47.346803 1
116.275900 149.676800 28.899280 1
116.056038 156.530300 28.994071 1
115.794685 166.011114 28.520932 1
115.160374 175.088067 28.522692 1
112.038495 198.088574 31.389174 1
106.895778 200.145402 35.763824 1
93.804924 210.631118 42.267670 1
110.487697 184.517683 27.645914 1
98.207661 185.272216 23.807355 1
97.051876 178.896391 24.393244 1
93.685496 160.325939 26.099726 1
93.550466 154.053822 29.834147 1
93.279489 141.467028 37.328325 1
93.279489 141.467028 37.328325 1
117.776432 185.225814 29.902052 1
124.733933 194.124599 36.107527 1
125.079615 187.682530 36.950431 1
126.086463 168.919130 39.405501 1
124.227162 161.880526 39.957308 1
120.495940 147.755539 41.064671 1
120.495940 147.755539 41.064671 1
110.723201 148.368386 26.371364 1
108.147979 131.511019 28.453685 1
104.958962 110.635754 31.032319 1
103.268111 89.363611 31.478435 1
101.860764 71.658137 31.849750 1
95.168177 66.917701 44.230535 1
92.720069 66.873077 51.043679 1
122.382301 148.696004 29.726736 1
123.034293 131.559601 30.756626 1
123.841679 110.339016 32.031972 1
124.164659 88.971137 29.324072 1
124.428065 71.544589 27.115646 1
122.735494 64.507912 40.083555 1
120.915804 63.321989 46.989873 1
117.346600 149.552100 28.380880 1
116.964536 156.394346 28.636769 1
116.488624 165.875469 28.392201 1
115.589044 174.927653 28.597547 1
111.557602 197.726125 31.908637 1
105.964204 199.340260 35.899140 1
92.109894 208.916034 42.222379 1
110.653261 184.223325 27.732199 1
98.557557 184.349911 23.284612 1
97.696459 177.928513 23.879926 1
95.188395 159.225321 25.613860 1
95.229789 152.971485 29.381008 1
95.312859 140.421377 36.940863 1
95.312859 140.421377 36.940863 1
117.791020 185.101271 30.377741 1
123.705232 194.297644 37.200639 1
124.149271 187.847738 37.929871 1
125.442596 169.061512 40.053859 1
123.783929 161.952328 40.162312 1
120.455336 147.685702 40.379958 1
120.455336 147.685702 40.379958 1
111.953596 148.189535 25.553568 1
109.030927 131.435242 27.980575 1
105.411651 110.687621 30.986050 1
103.415733 89.443936 31.519197 1
101.754469 71.762149 31.962952 1
94.403278 67.278153 44.062541 1
91.629724 67.356345 50.749502 1
123.427096 148.683368 29.479811 1
123.840702 131.547645 30.636551 1
124.352886 110.327905 32.068981 1
124.457055 88.971994 29.251616 1
124.542009 71.555207 26.953916 1
121.966401 64.452104 39.739003 1
119.722200 63.246553 46.515811 1
118.553400 149.305400 27.753380 1
117.911129 156.117817 28.207521 1
117.104792 165.579715 28.225222 1
115.877859 174.586587 28.630597 1
110.928998 197.149254 32.294067 1
104.947861 198.241867 35.878456 1
90.542853 207.304335 41.708390 1
110.658642 183.727571 27.780599 1
98.756344 183.154858 22.870362 1
98.218374 176.696832 23.448927 1
96.651462 157.886958 25.134077 1
96.956798 151.647411 28.912754 1
97.569541 139.125977 36.495746 1
97.569541 139.125977 36.495746 1
117.653221 184.783430 30.726495 1
122.508770 194.171594 38.101395 1
123.065879 187.722012 38.751604 1
124.688536 168.936733 40.645424 1
123.247031 161.787579 40.306170 1
120.354238 147.440740 39.625361 1
120.354238 147.440740 39.625361 1
113.349472 147.850524 24.632924 1
109.986980 131.235596 27.421556 1
105.823048 110.660556 30.874850 1
103.501807 89.452135 31.488672 1
101.569766 71.799698 31.999576 1
93.536040 67.602970 43.763632 1
90.424755 67.819428 50.297177 1
124.604441 148.613177 29.110033 1
124.727498 131.484489 30.427233 1
124.879887 110.273460 32.058365 1
124.764339 88.933528 29.122851 1
124.670104 71.529772 26.728794 1
121.150036 64.386712 39.264028 1
118.454055 63.175994 45.873171 1
119.787600 149.121000 27.296280 1
118.972626 155.904295 27.888317 1
117.931797 165.340623 28.112814 1
116.408809 174.291605 28.707682 1
110.460725 196.538512 32.791992 1
104.194708 197.190256 35.974430 1
89.262872 205.676509 41.326482 1
110.900206 183.263009 27.877325 1
99.235779 181.935051 22.559356 1
98.991069 175.456755 23.108940 1
98.278316 156.587841 24.709676 1
98.880892 150.363063 28.476985 1
100.090132 137.871267 36.037164 1
100.090132 137.871267 36.037164 1
117.704714 184.474868 31.186003 1
121.656222 193.835463 39.114936 1
122.359589 187.393329 39.693237 1
124.408241 168.629742 41.377615 1
123.167907 161.475887 40.611223 1
120.678819 147.119614 39.073240 1
120.678819 147.119614 39.073240 1
114.794442 147.643877 23.858075 1
111.061284 131.156200 26.917272 1
106.438340 110.738740 30.705617 1
103.787702 89.574642 31.491205 1
101.581494 71.959097 32.145074 1
92.915881 68.058189 43.557188 1
89.489191 68.419612 49.924395 1
125.769463 148.516678 28.965677 1
125.667070 131.401485 30.449516 1
125.540276 110.207166 32.287004 1
125.259149 88.891918 29.187898 1
125.029875 71.508293 26.660424 1
120.668034 64.342817 38.915080 1
117.571791 63.134021 45.346799 1
120.714100 148.955600 26.855480 1
119.833174 155.723386 27.525421 1
118.675845 165.141547 27.895331 1
116.917787 174.036409 28.659596 1
110.006039 195.912484 33.203962 1
103.517593 196.162867 35.970373 1
88.148516 204.141881 40.843516 1
111.137804 182.839567 27.874420 1
99.795852 181.071296 22.014686 1
99.823434 174.589502 22.576668 1
99.903769 155.710398 24.213516 1
100.799107 149.511121 27.964638 1
102.595859 137.070501 35.492332 1
102.595859 137.070501 35.492332 1
117.738398 184.164794 31.534093 1
120.583788 193.624331 39.812017 1
121.441566 187.194013 40.307468 1
123.939964 168.464842 41.750533 1
122.923412 161.333305 40.562574 1
120.883409 147.021822 38.178594 1
120.883409 147.021822 38.178594 1
115.915958 147.519445 23.133912 1
111.917464 131.115117 26.303885 1
106.965942 110.800873 30.229411 1
104.005695 89.687577 31.243189 1
101.541789 72.114316 32.086989 1
92.363377 68.469655 43.178402 1
88.678342 68.958326 49.390961 1
126.603356 148.347151 28.825564 1
126.342651 131.248202 30.468752 1
126.019813 110.073998 32.503566 1
125.583277 88.787272 29.231253 1
125.227260 71.426908 26.562521 1
120.229890 64.275077 38.580169 1
116.840622 63.085815 44.866141 1
121.584800 148.759300 26.418880 1
120.646156 155.507851 27.195921 1
119.377398 164.902526 27.751201 1
117.394961 173.729703 28.722961 1
109.561566 195.173543 33.800940 1
102.914023 195.064002 36.170289 1
87.207368 202.608985 40.641860 1
111.374328 182.376343 28.010288 1
100.364405 180.281088 21.646750 1
100.630747 173.802589 22.183734 1
101.406507 154.933082 23.747774 1
102.631263 148.762105 27.452175 1
105.089087 136.378276 34.886111 1
105.089087 136.378276 34.886111 1
117.745190 183.749177 32.040761 1
119.626540 193.137705 40.667417 1
120.634174 186.722250 41.063466 1
123.569047 168.036369 42.217011 1
122.816200 160.940331 40.673347 1
121.305396 146.700085 37.575542 1
121.305396 146.700085 37.575542 1
116.950776 147.385791 22.472481 1
112.744651 131.053645 25.744815 1
107.536011 110.828786 29.797100 1
104.245137 89.771330 30.944154 1
101.506040 72.244545 31.898884 1
91.983802 68.791017 42.759196 1
88.136139 69.369170 48.864554 1
127.390534 148.130323 28.617201 1
126.935768 131.059434 30.493375 1
126.372619 109.919978 32.816703 1
125.856842 88.654958 29.417264 1
125.436201 71.312296 26.644854 1
119.945724 64.198490 38.468334 1
116.328795 63.038033 44.631620 1
122.446900 148.442200 25.789680 1
121.381399 155.158918 26.671834 1
119.920871 164.511653 27.427616 1
117.668732 173.242490 28.649824 1
108.897465 194.137332 34.433994 1
102.143882 193.765045 36.450470 1
86.191487 200.938354 40.655873 1
111.393487 181.718278 28.099718 1
100.699952 179.572761 21.233265 1
101.143431 173.094733 21.644026 1
102.435123 154.226600 22.840425 1
103.727572 148.089600 26.578123 1
106.321240 135.773956 34.078877 1
106.321240 135.773956 34.078877 1
117.533850 183.084607 32.475374 1
118.501938 192.393804 41.335666 1
119.643503 185.995466 41.632899 1
122.968465 167.359441 42.498630 1
122.483763 160.317737 40.632377 1
121.511068 146.186528 36.887205 1
121.511068 146.186528 36.887205 1
118.008122 147.097299 21.615561 1
113.515807 130.874528 25.047684 1
107.952764 110.785114 29.297841 1
104.355930 89.789466 30.642312 1
101.362173 72.314127 31.761357 1
91.437403 69.015685 42.304862 1
87.381023 69.670215 48.265696 1
128.159962 147.839614 28.225371 1
127.443053 130.819387 30.447981 1
126.555282 109.742667 33.200313 1
126.016732 88.510528 29.604548 1
125.577518 71.194683 26.672024 1
119.547759 64.109748 38.247513 1
115.679239 62.972816 44.260571 1
123.234900 148.148300 25.184080 1
122.060197 154.824584 26.220945 1
120.409859 164.123645 27.211826 1
117.864641 172.739129 28.657076 1
108.069215 193.026603 34.938333 1
101.286753 192.419185 36.794377 1
85.188132 199.296907 40.935879 1
111.265496 180.972307 28.225375 1
100.793955 179.157357 20.934566 1
101.334506 172.676471 21.124749 1
102.908936 153.800014 21.678682 1
104.232609 147.712048 25.485010 1
106.888936 135.494805 33.123493 1
106.888936 135.494805 33.123493 1
117.208671 182.412173 32.843031 1
117.638618 191.357886 42.110851 1
118.912331 184.982244 42.353947 1
122.622195 166.412326 43.061997 1
122.334099 159.469899 40.820759 1
121.755950 145.537919 36.323071 1
121.755950 145.537919 36.323071 1
118.952885 146.875276 20.827645 1
114.280020 130.744803 24.448536 1
108.493394 110.769687 28.932454 1
104.567929 89.841260 30.400023 1
101.300643 72.421872 31.621527 1
91.166931 69.225930 41.996501 1
87.014569 69.924495 47.885819 1
128.871232 147.538998 27.790856 1
127.902731 130.593063 30.444041 1
126.703406 109.608342 33.729568 1
126.186556 88.416798 29.898818 1
125.765039 71.134060 26.774652 1
119.400099 64.044420 38.166351 1
115.376530 62.910476 44.077356 1
123.779400 147.798100 24.447480 1
122.464248 154.416695 25.669101 1
120.601240 163.641333 26.939243 1
117.800135 172.125388 28.662046 1
107.236578 191.800117 35.612046 1
100.431089 190.995166 37.301136 1
84.210859 197.544047 41.500777 1
110.946478 180.156817 28.452696 1
100.622404 178.549232 20.907346 1
101.235666 172.072475 20.831316 1
103.021874 153.208045 20.609870 1
104.449118 147.157679 24.438659 1
107.313291 135.015892 32.122215 1
107.313291 135.015892 32.122215 1
116.752985 181.581295 33.245671 1
116.640167 190.171790 42.852636 1
117.971748 183.805019 42.998822 1
121.850161 165.260939 43.424608 1
121.781327 158.420455 40.873827 1
121.643191 144.693053 35.754954 1
121.643191 144.693053 35.754954 1
119.613058 146.591547 19.961882 1
114.741882 130.573898 23.814834 1
108.709679 110.738497 28.586125 1
104.603484 89.849426 30.118421 1
101.185770 72.462794 31.393800 1
90.937872 69.299993 41.666266 1
86.730219 70.011206 47.514684 1
129.369822 147.202716 27.154411 1
128.160436 130.361241 30.323665 1
126.662816 109.505875 34.248259 1
126.146586 88.346906 30.241406 1
125.725575 71.090735 26.973621 1
119.171364 63.987015 38.248625 1
115.061757 62.849183 44.099385 1
124.092500 147.399700 23.511780 1
122.662564 153.948126 24.961323 1
120.618371 163.079918 26.576771 1
117.595982 171.407137 28.654276 1
106.385100 190.374063 36.500165 1
99.567037 189.422771 38.057312 1
83.324216 195.806497 42.420740 1
110.501670 179.228392 28.792122 1
100.220070 177.875080 21.139648 1
100.910063 171.414324 20.803808 1
102.919763 152.596498 19.825628 1
104.562030 146.614217 23.675154 1
107.857709 134.609062 31.400324 1
107.857709 134.609062 31.400324 1
116.226612 180.580988 33.702601 1
115.615524 188.836095 43.581006 1
117.003555 182.479786 43.550224 1
121.046383 163.966175 43.460565 1
121.108333 157.169582 40.794872 1
121.232653 143.530258 35.445393 1
121.232653 143.530258 35.445393 1
119.998324 146.299628 18.933315 1
114.934366 130.404049 23.035210 1
108.663429 110.719812 28.114778 1
104.458488 89.860755 29.782202 1
100.958584 72.499106 31.170053 1
90.698195 69.360368 41.437428 1
86.485587 70.083882 47.280769 1
129.658913 146.786482 26.263831 1
128.246731 130.095133 30.077846 1
126.497981 109.425675 34.800870 1
126.024444 88.293995 30.647419 1
125.638251 71.060078 27.260076 1
119.083950 63.902077 38.500647 1
114.970209 62.734921 44.342718 1
124.127200 146.926100 22.382480 1
122.572180 153.382800 24.091492 1
120.335822 162.393083 26.089369 1
117.097999 170.534224 28.545334 1
105.309247 188.728067 37.320046 1
98.507339 187.688364 38.891258 1
82.290991 193.894363 43.596186 1
109.767853 178.118344 29.065309 1
99.388693 177.227977 21.476936 1
100.179433 170.797746 20.879351 1
102.482573 152.068829 19.138805 1
104.400253 146.147559 22.955171 1
108.248625 134.264840 30.613797 1
108.248625 134.264840 30.613797 1
115.446706 179.394253 34.049279 1
114.658265 187.173354 44.294623 1
116.060568 180.823019 44.102171 1
120.144967 162.326809 43.541628 1
120.282395 155.588232 40.735184 1
120.558185 142.065335 35.103248 1
120.558185 142.065335 35.103248 1
120.083584 145.946223 17.732342 1
114.912084 130.178548 22.179216 1
108.507974 110.652701 27.685987 1
104.253912 89.828651 29.641480 1
100.713123 72.496138 31.269099 1
90.547748 69.429134 41.652013 1
86.388879 70.193479 47.528555 1
129.685190 146.295901 25.147687 1
128.117135 129.798777 29.678492 1
126.175363 109.369834 35.289139 1
125.780474 88.251585 31.059845 1
125.458422 71.028622 27.610648 1
118.991259 63.828473 38.874746 1
114.909267 62.635618 44.733872 1
123.908200 146.376100 20.970380 1
122.239256 152.721544 22.964809 1
119.823992 161.578757 25.392622 1
116.394302 169.490531 28.296844 1
104.132090 186.756370 38.222323 1
97.367968 185.691146 39.933347 1
81.281921 191.830766 45.145339 1
108.842013 176.800858 29.317803 1
98.246463 176.420009 21.990295 1
99.117616 170.035282 21.092189 1
101.654969 151.438899 18.476336 1
103.936444 145.548264 22.136782 1
108.514874 133.727022 29.482511 1
108.514874 133.727022 29.482511 1
114.520610 177.950995 34.332582 1
113.668679 185.167281 44.976949 1
115.076017 178.825587 44.612846 1
119.175080 160.354547 43.552347 1
119.348433 153.684971 40.587532 1
119.696316 140.300542 34.637779 1
119.696316 140.300542 34.637779 1
119.873497 145.528517 16.286627 1
114.709803 129.897480 21.200445 1
108.315361 110.540838 27.285456 1
104.087369 89.751064 29.624574 1
100.568280 72.447081 31.571496 1
90.643368 69.406853 42.192202 1
86.610819 70.192064 48.153423 1
129.482474 145.726348 23.698029 1
127.743308 129.485814 29.023669 1
125.589643 109.374614 35.618588 1
125.394719 88.249931 31.407520 1
125.235750 71.021722 27.973187 1
118.926871 63.839647 39.338138 1
114.899652 62.648238 45.235338 1
123.372200 145.804000 19.358280 1
121.607152 152.008423 21.685837 1
119.041108 160.674351 24.600474 1
115.471131 168.324248 27.995733 1
102.943387 184.614678 39.161022 1
96.250422 183.500363 41.104773 1
80.443437 189.670514 47.078815 1
107.735643 175.332626 29.597349 1
96.787593 175.493461 22.799007 1
97.697427 169.186257 21.486902 1
100.347441 150.815670 17.665220 1
103.124685 145.003154 21.101084 1
108.698018 133.338682 27.996123 1
108.698018 133.338682 27.996123 1
113.491187 176.364455 34.549755 1
112.786482 182.939616 45.612022 1
114.158441 176.604205 45.054761 1
118.154457 158.151463 43.431661 1
118.340589 151.566536 40.284038 1
118.714115 138.351982 33.967429 1
118.714115 138.351982 33.967429 1
119.282806 145.101784 14.697966 1
114.205482 129.588018 20.053571 1
107.917994 110.376598 26.685666 1
103.885883 89.572880 29.237032 1
100.529832 72.257291 31.360614 1
90.975819 69.153871 42.298433 1
87.133236 69.914254 48.386992 1
129.000297 145.138508 21.969106 1
127.309075 129.186946 28.119679 1
125.214781 109.433591 35.736139 1
125.104911 88.288255 31.626879 1
125.015306 71.043203 28.275575 1
119.121155 63.855545 39.857580 1
115.280936 62.652672 45.875946 1
122.690500 145.211400 17.508580 1
120.846142 151.232985 20.222736 1
118.155966 159.648900 23.703157 1
114.502132 166.972960 27.678214 1
101.946734 182.113489 40.331772 1
95.309138 181.044214 42.479937 1
79.920325 187.328975 49.357941 1
106.632607 173.615687 30.015957 1
95.311046 174.373002 23.904341 1
96.225876 168.179006 22.135799 1
98.890445 150.138154 16.984681 1
102.181900 144.401448 20.076623 1
108.787145 132.889109 26.281485 1
108.787145 132.889109 26.281485 1
112.544238 174.512946 34.808120 1
111.850479 180.661856 46.113549 1
113.155995 174.336383 45.329804 1
116.958491 155.912585 43.047041 1
117.145413 149.418850 39.715391 1
117.520523 136.387297 33.029476 1
117.520523 136.387297 33.029476 1
118.470178 144.648541 12.947128 1
113.450257 129.265032 18.716593 1
107.233855 110.214917 25.861190 1
103.572574 89.389303 28.768234 1
100.525176 72.055489 31.187859 1
91.440980 68.928108 42.512307 1
87.823022 69.695398 48.736117 1
128.415863 144.559808 19.902409 1
126.821964 128.936482 26.867554 1
124.848188 109.589591 35.492727 1
124.813862 88.398515 31.624853 1
124.785867 71.116160 28.470412 1
119.423394 63.998068 40.349929 1
115.831355 62.822546 46.524905 1
121.901500 144.508300 15.599880 1
120.026169 150.332631 18.696344 1
117.280337 158.478127 22.732344 1
113.606246 165.462933 27.260808 1
101.166820 179.449608 41.282925 1
94.664783 178.360886 43.803608 1
79.824641 184.687540 51.763780 1
105.672865 171.740476 30.289704 1
93.946814 173.088920 25.114325 1
94.690204 167.012020 22.912302 1
96.855429 149.312226 16.498615 1
100.677764 143.657336 19.090052 1
108.348370 132.309183 24.290508 1
108.348370 132.309183 24.290508 1
111.732219 172.487002 34.920493 1
111.349597 178.079938 46.525483 1
112.591966 171.772012 45.527061 1
116.210535 153.399327 42.619021 1
116.318188 146.992073 39.120603 1
116.534224 134.134069 32.100020 1
116.534224 134.134069 32.100020 1
117.553742 144.107142 11.142207 1
112.536683 128.954757 17.496182 1
106.323825 110.190852 25.364606 1
103.094030 89.318065 28.439871 1
100.405771 71.944987 30.999511 1
91.808218 68.717266 42.670422 1
88.416562 69.450999 49.024355 1
127.709675 143.847053 17.782225 1
126.310364 128.600392 25.574744 1
124.577553 109.719938 35.224480 1
124.615529 88.488539 31.584486 1
124.646500 71.173297 28.615892 1
119.850259 64.156256 40.793883 1
116.526584 63.024835 47.125391 1
120.844900 143.777600 13.603580 1
119.000088 149.421354 17.034686 1
116.280715 157.310349 21.567542 1
112.658226 163.963671 26.607811 1
100.506047 176.800774 41.921840 1
94.212264 175.674253 44.910970 1
79.979693 181.825760 54.033119 1
104.724364 169.864325 30.316775 1
92.625344 171.818513 26.329546 1
93.061426 165.839432 23.801567 1
94.331574 148.424551 16.438489 1
98.525808 142.774331 18.384511 1
106.942736 131.435552 22.289756 1
106.942736 131.435552 22.289756 1
110.948882 170.475424 34.743874 1
111.066205 175.491939 46.615012 1
112.248220 169.203182 45.438313 1
115.691003 150.886327 42.011016 1
115.644493 144.585619 38.322881 1
115.551156 131.941430 30.921577 1
115.551156 131.941430 30.921577 1
116.355579 143.525308 9.277252 1
111.372958 128.619609 16.214997 1
105.202746 110.161188 24.806329 1
102.438568 89.241065 28.010991 1
100.137856 71.828588 30.678332 1
92.046761 68.481763 42.673297 1
88.883970 69.173752 49.148795 1
126.730984 143.097428 15.559634 1
125.604988 128.254916 24.137167 1
124.210631 109.874933 34.759013 1
124.368146 88.595360 31.415625 1
124.496606 71.240829 28.688928 1
120.313705 64.377357 41.176615 1
117.278203 63.315434 47.662983 1
119.784500 142.945700 11.730380 1
117.989725 148.411753 15.462514 1
115.337640 156.051685 20.440053 1
111.837999 162.400000 25.939585 1
100.231271 174.238598 42.435573 1
94.176743 172.994145 45.842870 1
80.648214 178.810634 56.175734 1
103.992650 167.952747 30.314263 1
91.633937 170.419194 27.615748 1
91.705663 164.550794 24.807370 1
91.914572 147.458287 16.627588 1
96.346915 141.804404 17.928176 1
105.241675 130.458274 20.538175 1
105.241675 130.458274 20.538175 1
110.417385 168.478982 34.457104 1
111.128434 172.989812 46.509072 1
112.246353 166.718084 45.187738 1
115.502447 148.450827 41.339172 1
115.237162 142.278865 37.448164 1
114.704790 129.893045 29.639735 1
114.704790 129.893045 29.639735 1
115.137728 142.800578 7.568503 1
110.207601 128.231089 15.221116 1
104.102395 110.189011 24.697705 1
101.811802 89.214295 27.918966 1
99.905270 71.756378 30.600123 1
92.359565 68.274248 42.907981 1
89.449022 68.912677 49.506110 1
125.750136 142.280152 13.434200 1
124.930909 127.877142 22.762878 1
123.916433 110.041409 34.314894 1
124.122998 88.712124 31.307864 1
124.291461 71.317051 28.855483 1
120.739295 64.629455 41.630632 1
118.008523 63.650879 48.263896 1
118.742900 141.976900 9.867880 1
117.031636 147.308039 13.827465 1
114.497602 154.750883 19.152946 1
111.173526 160.845619 25.034965 1
100.245538 171.826226 42.556139 1
94.509522 170.540785 46.462724 1
81.729215 175.393334 58.156193 1
103.483833 166.098564 30.014473 1
91.003399 169.071780 28.788963 1
90.755926 163.344625 25.711838 1
90.035129 146.663510 16.749296 1
94.650534 141.067130 17.575215 1
103.912661 129.836394 19.232657 1
103.912661 129.836394 19.232657 1
110.097870 166.548734 33.857536 1
111.521971 170.653465 45.991218 1
112.604441 164.397663 44.568738 1
115.757282 146.176794 40.425572 1
115.246024 140.162220 36.318633 1
114.220039 128.092242 28.076879 1
114.220039 128.092242 28.076879 1
113.944046 141.900103 5.880415 1
109.037198 127.814550 14.404422 1
102.960818 110.371754 24.960098 1
101.115894 89.329108 28.020391 1
99.580306 71.814652 30.567570 1
92.563774 68.236482 43.157694 1
89.913491 68.833605 49.868403 1
124.775468 141.332085 11.326341 1
124.351356 127.368206 21.324956 1
123.826166 110.076264 33.706576 1
124.044087 88.700886 31.047812 1
124.221812 71.268223 28.879458 1
121.349869 64.712583 41.891829 1
118.952516 63.795372 48.661345 1
117.676200 140.809800 8.104580 1
116.085231 146.022188 12.267225 1
113.718004 153.293383 17.897852 1
110.612570 159.173618 24.108533 1
100.449034 169.448093 42.496677 1
95.038541 168.132853 46.833999 1
83.229464 171.720543 59.921966 1
103.125563 164.173655 29.628011 1
90.663109 167.456316 29.748463 1
90.079976 161.913859 26.391176 1
88.381523 145.770703 16.612626 1
93.200799 140.313369 17.156373 1
102.872052 129.361669 18.247555 1
102.872052 129.361669 18.247555 1
109.914717 164.570252 33.158928 1
112.147003 168.339203 45.279779 1
113.216116 162.097645 43.786391 1
116.330055 143.918266 39.436696 1
115.582313 138.084681 35.110775 1
114.081754 126.377909 26.429568 1
114.081754 126.377909 26.429568 1
112.717819 140.789345 4.316597 1
107.836382 127.221819 13.656429 1
101.791471 110.420519 25.222379 1
100.512605 89.310709 28.103782 1
99.448165 71.740349 30.502064 1
92.966785 67.979788 43.323771 1
90.555650 68.499100 50.130452 1
123.768945 140.184826 9.297322 1
123.716148 126.786088 20.049675 1
123.650768 110.193978 33.364675 1
123.935430 88.791806 30.937886 1
124.167584 71.337291 28.958719 1
121.998122 64.899588 42.164615 1
119.942796 64.035056 49.052513 1
116.666500 139.422300 6.414880 1
115.206547 144.534409 10.746469 1
113.022643 151.661647 16.629584 1
110.146862 157.364619 23.110281 1
100.755148 167.064244 42.207379 1
95.867647 165.601826 47.084808 1
84.945099 168.410350 61.100188 1
102.881261 162.151208 29.095255 1
90.649589 165.869253 30.727881 1
89.782313 160.500105 27.157119 1
87.256253 144.861738 16.756793 1
92.163212 139.469946 17.149104 1
102.010424 128.649774 17.936387 1
102.010424 128.649774 17.936387 1
109.821577 162.517168 32.322541 1
112.769088 166.200179 44.316319 1
113.846636 159.971890 42.774391 1
116.985142 141.831153 38.283315 1
116.083596 136.166227 33.766760 1
114.274385 124.797919 24.702994 1
114.274385 124.797919 24.702994 1
111.565655 139.448493 2.821070 1
106.754014 126.457300 12.980581 1
100.795533 110.369699 25.561577 1
100.017925 89.213189 28.274409 1
99.370699 71.603959 30.532385 1
93.403538 67.699566 43.559087 1
91.226300 68.158032 50.448471 1
122.804401 138.813520 7.358455 1
123.112079 126.027282 18.828396 1
123.493090 110.193653 33.032008 1
123.848661 88.762985 30.881811 1
124.138645 71.285230 29.128218 1
122.649617 64.966279 42.484861 1
120.926880 64.155236 49.469795 1
115.687900 137.987000 4.702480 1
114.347983 143.002945 9.182737 1
112.340616 150.000665 15.280310 1
109.700151 155.566236 21.977011 1
101.102033 164.883802 41.630038 1
96.840088 163.041689 46.945872 1
86.638285 165.817643 61.500528 1
102.681724 160.215843 28.352207 1
90.754538 164.098676 31.313451 1
89.561723 158.919050 27.561262 1
86.087489 143.832690 16.632505 1
91.051287 138.484050 16.869847 1
101.012563 127.750474 17.346141 1
101.012563 127.750474 17.346141 1
109.752341 160.550893 31.286725 1
113.017125 164.579470 43.085660 1
114.130467 158.368466 41.500052 1
117.373229 140.278079 36.881754 1
116.509881 134.758363 32.181669 1
114.777325 123.681462 22.749595 1
114.777325 123.681462 22.749595 1
110.462053 138.043916 1.293367 1
105.770182 125.644984 12.220008 1
99.960019 110.290808 25.750978 1
99.632297 89.112109 28.381067 1
99.359525 71.484411 30.570173 1
93.870381 67.474213 43.773729 1
91.908790 67.890684 50.730228 1
121.859624 137.406879 5.415261 1
122.554975 125.284430 17.568648 1
123.416053 110.272794 32.618595 1
123.814350 88.817226 30.741555 1
124.139180 71.319164 29.210737 1
123.284220 65.154453 42.694491 1
121.875828 64.417447 49.757648 1
114.815500 136.449900 3.122880 1
113.594295 141.405756 7.702828 1
111.758492 148.321510 13.946240 1
109.343667 153.797660 20.799986 1
101.508633 162.860661 40.886310 1
97.930231 160.915978 46.650761 1
88.436818 163.005068 61.787852 1
102.566509 158.336899 27.507127 1
91.166180 162.519297 31.824901 1
89.765349 157.497784 27.932302 1
85.685237 142.871949 16.594581 1
90.724960 137.592650 16.778341 1
100.838602 126.998227 17.147106 1
100.838602 126.998227 17.147106 1
109.750232 158.688680 30.150544 1
113.332297 163.131881 41.706058 1
114.500877 156.933153 40.112183 1
117.904526 138.878519 35.469807 1
117.168002 133.487245 30.602041 1
115.689956 122.668100 20.833469 1
115.689956 122.668100 20.833469 1
109.472304 136.499607 -0.099317 1
104.840491 124.796866 11.593878 1
99.104702 110.304815 26.074107 1
99.197683 89.105918 28.556080 1
99.275075 71.461409 30.621905 1
94.192522 67.364237 43.960836 1
92.412847 67.746449 50.968035 1
121.012995 135.914090 3.611488 1
122.161625 124.491383 16.392118 1
123.584014 110.346260 32.218801 1
123.920873 88.869179 30.592521 1
124.195597 71.353570 29.266209 1
123.954287 65.357592 42.850622 1
122.862783 64.707183 49.978070 1
114.033300 134.809900 1.651770 1
112.931933 139.737465 6.292231 1
111.269275 146.621690 12.618447 1
109.091359 152.079952 19.565209 1
102.073576 161.147609 39.949381 1
99.042057 159.095055 45.983663 1
90.216472 160.686327 61.578458 1
102.577503 156.583178 26.551692 1
91.714983 161.035005 31.870528 1
90.112914 156.135969 27.900255 1
85.446672 141.866864 16.336297 1
90.547502 136.644511 16.446480 1
100.783772 126.164368 16.667594 1
100.783772 126.164368 16.667594 1
109.868035 157.009639 28.871941 1
113.859489 161.756435 40.169699 1
115.112165 155.576442 38.566972 1
118.760755 137.576376 33.898813 1
117.974998 132.262754 28.953973 1
116.398150 121.599437 19.030730 1
116.398150 121.599437 19.030730 1
108.566476 134.800131 -1.356305 1
104.034044 123.769758 11.010044 1
98.421322 110.110331 26.323870 1
98.894986 88.899752 28.658181 1
99.289234 71.245518 30.601101 1
94.584917 67.040745 44.044893 1
92.973012 67.377055 51.094916 1
120.251558 134.351842 1.893056 1
121.877322 123.640493 15.225948 1
123.890561 110.376269 31.736515 1
124.133977 88.877029 30.414886 1
124.332494 71.343349 29.337031 1
124.700171 65.534146 42.999543 1
123.928776 64.981945 50.176935 1
113.272600 133.087800 0.221500 1
112.308921 138.024965 4.882348 1
110.842318 144.929391 11.234984 1
108.918333 150.426663 18.225815 1
102.745290 159.664723 38.805853 1
100.115697 157.623644 45.029589 1
91.853567 158.910355 60.957623 1
102.688126 154.960617 25.447178 1
92.389808 159.770110 31.523077 1
90.614590 154.940327 27.541615 1
85.444028 140.872929 15.945068 1
90.575343 135.679358 15.941878 1
100.872790 125.256975 15.935473 1
100.872790 125.256975 15.935473 1
110.071013 155.460794 27.437175 1
114.311838 160.596903 38.470710 1
115.689459 154.457187 36.816536 1
119.701968 136.574434 31.998528 1
118.693439 131.264348 27.090444 1
116.669533 120.608129 17.240960 1
116.669533 120.608129 17.240960 1
107.688401 133.007535 -2.561493 1
103.314612 122.701523 10.469038 1
97.898345 109.939107 26.605352 1
98.698512 88.726625 28.830754 1
99.364518 71.070808 30.683026 1
95.032666 66.750244 44.214990 1
93.587378 67.035298 51.303294 1
119.500011 132.695338 0.211387 1
121.667337 122.741701 14.045038 1
124.351212 110.415777 31.175712 1
124.435630 88.896381 30.210427 1
124.504476 71.346263 29.423188 1
125.499467 65.737462 43.138056 1
125.067148 65.294179 50.351344 1
112.505500 131.278000 -1.185550 1
111.686450 136.251768 3.464028 1
110.425504 143.218457 9.792793 1
108.748372 148.812495 16.770429 1
103.346670 158.421678 37.397387 1
101.057271 156.428030 43.769173 1
93.305892 157.592236 59.961192 1
102.791079 153.477327 24.137267 1
92.995960 158.624869 30.744958 1
91.064994 153.814073 26.813309 1
85.440796 139.801980 15.361850 1
90.612446 134.649423 15.268216 1
100.990837 124.309345 15.080313 1
100.990837 124.309345 15.080313 1
110.243126 154.011755 25.839811 1
114.590693 159.617078 36.600022 1
116.085584 153.507141 34.937430 1
120.439655 135.711121 30.094906 1
119.237665 130.425399 25.204119 1
116.825524 119.818075 15.389347 1
116.825524 119.818075 15.389347 1
106.831688 131.163072 -3.779662 1
102.618969 121.618194 9.869036 1
97.402163 109.798326 26.770855 1
98.512257 88.596428 28.963853 1
99.436224 70.949420 30.789154 1
95.433067 66.557261 44.399075 1
94.132090 66.813626 51.516371 1
118.730001 130.898309 -1.400482 1
121.551658 121.756096 12.868375 1
125.045813 110.434984 30.537979 1
124.899227 88.901292 29.988515 1
124.779679 71.339515 29.540399 1
126.422722 65.965743 43.287007 1
126.350496 65.653328 50.519718 1
111.805900 129.445800 -2.606520 1
111.139702 134.470376 2.012744 1
110.093093 141.519471 8.289118 1
108.665138 147.234716 15.223839 1
104.013823 157.294707 35.818693 1
101.955058 155.465514 42.317246 1
94.689365 156.840113 58.716663 1
102.981394 152.073264 22.694034 1
93.633761 157.624737 29.615452 1
91.573151 152.784595 25.786985 1
85.571346 138.687025 14.636059 1
90.758529 133.551234 14.493395 1
101.168092 123.244800 14.207097 1
101.168092 123.244800 14.207097 1
110.489855 152.619487 24.122994 1
114.943402 158.673892 34.592627 1
116.549847 152.588352 32.944662 1
121.228836 134.863395 28.144741 1
119.786962 129.628610 23.264018 1
116.893427 119.123502 13.469444 1
116.893427 119.123502 13.469444 1
106.043908 129.289183 -4.996016 1
102.019263 120.549123 9.236069 1
97.035357 109.725898 26.860323 1
98.358268 88.537354 29.064312 1
99.459370 70.901461 30.898760 1
95.774972 66.512482 44.599429 1
94.625994 66.774946 51.742617 1
118.019800 129.077054 -3.038090 1
121.440976 120.751486 11.594837 1
125.677535 110.441652 29.715281 1
125.349119 88.903185 29.615959 1
125.081278 71.337514 29.534956 1
127.341070 66.193207 43.281800 1
127.610371 66.007801 50.514229 1
111.242900 127.566800 -4.071700 1
110.707179 132.654227 0.495452 1
109.841020 139.804118 6.684702 1
108.624126 145.665823 13.536930 1
104.615665 156.267967 33.994519 1
102.854109 154.708358 40.648855 1
96.083641 156.568628 57.211490 1
103.176006 150.705665 21.049472 1
94.278435 156.668112 28.217845 1
92.122371 151.767533 24.521094 1
85.842544 137.493935 13.753808 1
91.015917 132.343717 13.631134 1
101.397765 122.008334 13.384951 1
101.397765 122.008334 13.384951 1
110.725266 151.279656 22.231203 1
115.466921 157.690174 32.356671 1
117.130340 151.606440 30.759340 1
121.975275 133.886742 26.106900 1
120.302877 128.656834 21.294979 1
116.946728 118.161513 11.638477 1
116.946728 118.161513 11.638477 1
105.408333 127.359636 -6.273900 1
101.597842 119.519922 8.530076 1
96.879134 109.811639 26.862530 1
98.268832 88.635914 29.147144 1
99.425523 71.010691 31.048701 1
95.997798 66.724692 44.848236 1
94.986974 67.039322 52.010178 1
117.441120 127.210084 -4.695881 1
121.324929 119.701259 10.259910 1
126.134383 110.402828 28.780166 1
125.672579 88.870011 29.164674 1
125.295954 71.308948 29.478257 1
128.068850 66.400644 43.217466 1
128.622496 66.344586 50.435863 1
110.742300 125.703100 -5.652420 1
110.307559 130.889780 -1.187319 1
109.582816 138.185628 4.847858 1
108.534215 144.235605 11.562889 1
105.053564 155.482183 31.771445 1
103.529852 154.187559 38.540337 1
97.539605 156.791767 55.302072 1
103.280458 149.511980 19.051428 1
94.722767 155.819294 26.337500 1
92.488674 150.819654 22.824285 1
85.981578 136.257527 12.591571 1
91.112476 131.063656 12.557347 1
101.409085 120.640669 12.488666 1
101.409085 120.640669 12.488666 1
110.857581 150.122320 20.016815 1
115.866529 156.895665 29.770551 1
117.570721 150.803060 28.251950 1
122.534413 133.057527 23.828818 1
120.607061 127.756174 19.193691 1
116.739274 117.117480 9.891974 1
116.739274 117.117480 9.891974 1
104.856443 125.438853 -7.707082 1
101.290480 118.465726 7.583375 1
96.874581 109.830576 26.518260 1
98.321006 88.685343 29.037990 1
99.524913 71.085500 31.135241 1
96.302738 66.934822 45.025372 1
95.399185 67.319249 52.198236 1
116.924240 125.341451 -6.418968 1
121.154769 118.679616 8.840936 1
126.393577 110.430040 27.737787 1
125.865052 88.915971 28.680561 1
125.434012 71.370199 29.449439 1
128.618374 66.762610 43.203574 1
129.396877 66.867466 50.400647 1
110.347400 123.805000 -7.165855 1
110.010388 129.160024 -2.895266 1
109.417324 136.683186 2.869134 1
108.509856 142.987039 9.367701 1
105.441005 154.999661 29.198617 1
104.374833 154.039485 36.109260 1
99.032427 157.572823 52.919820 1
103.410618 148.553547 16.752284 1
95.143175 155.168369 24.100524 1
92.859341 150.019139 20.844794 1
86.207365 135.021310 11.362040 1
91.268274 129.760398 11.478606 1
101.424429 119.202874 11.712527 1
101.424429 119.202874 11.712527 1
111.005972 149.186620 17.544186 1
116.331705 156.367330 26.827348 1
118.070105 150.247377 25.465584 1
123.133430 132.422190 21.499262 1
120.923134 127.000276 17.137969 1
116.487538 116.119642 8.385779 1
116.487538 116.119642 8.385779 1
104.422494 123.479902 -9.095769 1
101.111930 117.317415 6.595074 1
97.012304 109.686120 26.025778 1
98.378043 88.553558 28.692549 1
99.514791 70.964262 30.912187 1
96.413258 66.895959 44.854054 1
95.586781 67.318356 52.034073 1
116.512606 123.395819 -8.036249 1
120.942251 117.605930 7.520021 1
126.427632 110.436115 26.783871 1
125.976130 88.951094 28.271591 1
125.607908 71.429010 29.484898 1
129.149097 67.122191 43.249256 1
130.108355 67.382125 50.420530 1
110.090600 121.956700 -8.603950 1
109.809551 127.512086 -4.593154 1
109.294179 135.303257 0.811477 1
108.475745 141.906952 7.017508 1
105.690772 154.827178 26.312530 1
105.024983 154.219915 33.312787 1
100.536675 158.783104 50.125077 1
103.481411 147.808475 14.211183 1
95.905708 154.773190 21.970345 1
93.571311 149.489021 18.977288 1
86.772063 134.098163 10.259604 1
91.736992 128.753983 10.564242 1
101.700536 118.029358 11.175586 1
101.700536 118.029358 11.175586 1
111.087052 148.481086 14.858563 1
116.788498 156.042034 23.600914 1
118.564083 149.885101 22.474097 1
123.735718 131.952201 19.192088 1
121.234588 126.382812 15.188377 1
116.215351 115.206228 7.153780 1
116.215351 115.206228 7.153780 1
104.143731 121.550433 -10.449071 1
100.960440 116.240642 5.576266 1
97.018423 109.665280 25.421188 1
98.437023 88.580810 28.420316 1
99.617771 71.031542 30.916584 1
96.569166 67.123573 44.915871 1
95.764175 67.630092 52.092890 1
116.244956 121.494033 -9.522981 1
120.763156 116.554605 6.298840 1
126.358196 110.437944 25.891532 1
125.983192 88.991020 27.869438 1
125.677357 71.500007 29.482517 1
129.474081 67.443624 43.254841 1
130.563496 67.832817 50.401632 1
109.946600 120.298900 -9.834640 1
109.719837 126.074810 -6.144759 1
109.277763 134.163100 -1.188739 1
108.529643 141.111923 4.637720 1
105.938575 155.115232 23.189805 1
105.640522 154.901643 30.238294 1
101.804611 160.483811 46.904004 1
103.608390 147.419856 11.530582 1
95.955650 154.683393 18.931915 1
93.647357 149.135137 16.438146 1
86.924141 132.975091 9.174705 1
91.770774 127.542750 9.725520 1
101.496925 116.641206 10.830887 1
101.496925 116.641206 10.830887 1
111.220308 148.119897 12.065298 1
117.325757 155.991958 20.241928 1
119.103892 149.788530 19.413697 1
124.282953 131.720208 17.001360 1
121.530390 125.967093 13.447700 1
116.006579 114.421810 6.316258 1
116.006579 114.421810 6.316258 1
103.986637 119.822712 -11.619818 1
100.919132 115.296577 4.666469 1
97.120497 109.691653 24.834539 1
98.468168 88.644270 28.113797 1
99.589879 71.125871 30.843226 1
96.545011 67.369755 44.884830 1
95.750105 67.951504 52.057267 1
116.092720 119.749260 -10.760855 1
120.586922 115.605388 5.294442 1
126.152245 110.473891 25.176255 1
125.960938 89.071529 27.610515 1
125.804917 71.616859 29.595771 1
129.779352 67.866198 43.404561 1
130.943237 68.407368 50.529687 1
109.859100 118.894600 -10.770290 1
109.663738 124.921091 -7.503637 1
109.270736 133.339905 -3.127894 1
108.577141 140.670567 2.217549 1
106.155233 155.863000 19.833181 1
106.029327 156.079166 26.886767 1
102.726343 162.931736 43.188708 1
103.723547 147.436294 8.712768 1
95.810430 154.915644 15.608058 1
93.533832 149.121727 13.716531 1
86.902932 132.246160 8.207203 1
91.614870 126.728337 9.016428 1
101.070718 115.655248 10.640368 1
101.070718 115.655248 10.640368 1
111.341400 148.134368 9.158071 1
117.787910 156.330052 16.732792 1
119.525555 150.076921 16.275415 1
124.586682 131.863832 14.943243 1
121.631772 125.933980 11.875866 1
115.701894 114.034023 5.720292 1
115.701894 114.034023 5.720292 1
103.899810 118.331307 -12.532202 1
100.932853 114.515642 3.953444 1
97.258731 109.790525 24.368388 1
98.474175 88.781503 27.932902 1
99.485829 71.295032 30.899759 1
96.374221 67.692899 44.967054 1
95.558504 68.349130 52.130721 1
116.003286 118.239484 -11.638954 1
120.381475 114.798565 4.613234 1
125.803137 110.537557 24.738864 1
125.839242 89.174553 27.503651 1
125.868686 71.751980 29.758469 1
129.970235 68.230972 43.590535 1
131.177697 68.882480 50.699156 1
109.921900 118.113000 -11.496860 1
109.779183 124.370693 -8.695308 1
109.456283 133.088948 -4.944872 1
108.816563 140.768382 -0.106434 1
106.475000 157.039428 16.529561 1
106.434669 157.782983 23.548189 1
103.575786 165.993463 39.297333 1
104.004627 147.968588 5.936960 1
95.854893 155.623204 12.347249 1
93.671247 149.627541 11.076829 1
87.311083 132.164363 7.376557 1
91.887607 126.571034 8.412743 1
101.071706 115.346421 10.492144 1
101.071706 115.346421 10.492144 1
111.627231 148.617629 6.375060 1
118.560851 156.957927 13.336918 1
120.219238 150.666806 13.294541 1
125.049513 132.343064 13.171110 1
121.948985 126.272728 10.555546 1
115.726883 114.090846 5.306666 1
115.726883 114.090846 5.306666 1
103.956101 117.466581 -13.207461 1
101.082029 113.980186 3.367321 1
97.522933 109.662820 23.892648 1
98.612305 88.689569 27.700284 1
99.519024 71.232872 30.869499 1
96.381063 67.794250 44.971816 1
95.565267 68.529459 52.127800 1
116.059529 117.344072 -12.317247 1
120.202519 114.299163 4.075015 1
125.332925 110.528549 24.374104 1
125.600520 89.196682 27.357923 1
125.818757 71.799504 29.791372 1
129.966303 68.427821 43.646908 1
131.174177 69.147376 50.748894 1
110.009800 118.079700 -12.044100 1
109.927242 124.486024 -9.598701 1
109.680999 133.400604 -6.335628 1
109.099782 141.332111 -1.914449 1
106.830833 158.454284 13.854799 1
106.849207 159.691569 20.803500 1
104.354591 169.193710 35.873567 1
104.328670 148.881818 3.721038 1
95.750037 156.557943 9.516491 1
93.702230 150.421606 8.822152 1
87.737715 132.548695 6.799795 1
92.179963 126.884007 8.016887 1
101.094599 115.516190 10.459328 1
101.094599 115.516190 10.459328 1
111.954986 149.471383 4.178198 1
119.337301 157.838834 10.627253 1
120.848889 151.520879 10.986138 1
125.251596 133.118983 12.031438 1
122.140845 126.883778 9.852245 1
115.898226 114.371042 5.479069 1
115.898226 114.371042 5.479069 1
104.030965 117.383752 -13.688472 1
101.290169 113.975825 2.925159 1
97.896114 109.755631 23.498593 1
98.817142 88.810963 27.502925 1
99.583745 71.378057 30.835857 1
96.500995 68.114350 44.991814 1
95.732058 68.932144 52.144025 1
116.137429 117.218857 -12.847768 1
120.032343 114.326927 3.632781 1
124.855547 110.745751 24.041197 1
125.411462 89.447576 27.219560 1
125.864835 72.077874 29.811668 1
129.990810 68.880499 43.714883 1
131.156859 69.677504 50.815590 1
110.140200 118.038000 -12.483550 1
110.078708 124.565924 -10.383499 1
109.864380 133.644670 -7.607094 1
109.312638 141.811461 -3.633110 1
107.098324 159.812393 11.133387 1
107.212093 161.528499 17.978654 1
105.068440 172.386902 32.160352 1
104.570082 149.696831 1.548531 1
95.767922 157.496914 6.819567 1
93.878434 151.279042 6.506276 1
88.375042 133.168649 5.593772 1
92.622744 127.404374 7.019866 1
101.146967 115.836709 9.881730 1
101.146967 115.836709 9.881730 1
112.198371 150.265221 1.999544 1
119.897866 158.710564 7.957487 1
121.206956 152.385196 8.736108 1
125.019860 133.961706 11.003947 1
121.995003 127.539239 9.299370 1
115.924755 114.650706 5.878647 1
115.924755 114.650706 5.878647 1
104.161293 117.278033 -14.099065 1
101.492124 113.935626 2.539520 1
98.186767 109.796568 23.143856 1
98.945624 88.882640 27.338355 1
99.577245 71.475319 30.829568 1
96.458627 68.350947 45.009087 1
95.688229 69.233670 52.153417 1
116.265690 117.112243 -13.229281 1
120.026775 114.262755 3.289701 1
124.684254 110.734136 23.745710 1
125.341708 89.456210 27.038266 1
125.877892 72.103023 29.723506 1
129.986076 68.986344 43.650293 1
131.133682 69.820880 50.749692 1
110.235100 117.819800 -12.729720 1
110.172583 124.459282 -11.014742 1
109.969431 133.686508 -8.779783 1
109.444112 142.080172 -5.306473 1
107.332943 160.969230 8.321902 1
107.460294 163.196667 15.018017 1
105.757071 175.462136 28.067078 1
104.746831 150.296922 -0.622366 1
95.595948 158.089311 4.029854 1
93.830617 151.827230 4.043673 1
88.688852 133.588070 4.083923 1
92.836283 127.783156 5.634847 1
101.159284 116.133936 8.747219 1
101.159284 116.133936 8.747219 1
112.378250 150.848272 -0.204361 1
120.380848 159.422644 5.138082 1
121.491963 153.134042 6.382733 1
124.728239 134.817639 10.007947 1
121.771643 128.255788 8.781534 1
115.838382 115.087543 6.320387 1
115.838382 115.087543 6.320387 1
104.263494 116.973988 -14.329499 1
101.597172 113.751225 2.333129 1
98.295341 109.760327 22.967239 1
98.978134 88.869063 27.285916 1
99.546446 71.480607 30.880486 1
96.325786 68.398350 45.046406 1
95.508274 69.300888 52.183021 1
116.362965 116.844709 -13.387934 1
120.055246 114.167862 3.175388 1
124.627525 110.853030 23.686306 1
125.341228 89.597033 27.106324 1
125.923287 72.261730 29.895515 1
130.038165 69.256910 43.844891 1
131.183048 70.145998 50.938105 1
110.306200 117.459800 -12.904780 1
110.243666 124.178726 -11.533684 1
110.053941 133.512330 -9.794191 1
109.565041 142.093103 -6.806758 1
107.586515 161.793804 5.641293 1
107.806636 164.599386 12.113998 1
106.524378 178.243672 23.767752 1
104.927557 150.617521 -2.641623 1
95.335453 158.234316 1.368250 1
93.656105 151.956820 1.689312 1
88.764776 133.672764 2.624446 1
92.966655 127.897751 4.140037 1
101.398923 116.308537 7.181504 1
101.398923 116.308537 7.181504 1
112.562551 151.131880 -2.242139 1
120.983367 159.623802 2.562051 1
121.993303 153.408247 4.198249 1
124.934879 135.304600 8.963898 1
121.998201 128.661185 8.226073 1
116.104910 115.329257 6.745419 1
116.104910 115.329257 6.745419 1
104.334268 116.532486 -14.457486 1
101.689282 113.500655 2.244331 1
98.413872 109.746196 22.926971 1
99.035554 88.881561 27.381476 1
99.553001 71.515269 31.089101 1
96.269216 68.517021 45.258558 1
95.424175 69.460455 52.386672 1
116.433971 116.452449 -13.513422 1
120.030660 113.964496 3.100308 1
124.484563 110.883579 23.673647 1
125.274778 89.644422 27.180365 1
125.919235 72.322852 30.040263 1
130.039039 69.385161 44.002478 1
131.179157 70.305501 51.092473 1
110.356000 117.118600 -13.124410 1
110.329522 123.888169 -12.028957 1
110.190388 133.290817 -10.706512 1
109.752434 142.017416 -8.167203 1
107.901669 162.430573 3.096184 1
108.212121 165.730109 9.327743 1
107.294766 180.574486 19.448198 1
105.167569 150.797474 -4.505248 1
95.098428 158.019637 -0.961822 1
93.472239 151.746678 -0.382385 1
88.735745 133.475837 1.305304 1
92.961743 127.767909 2.997660 1
101.442413 116.313319 6.393855 1
101.442413 116.313319 6.393855 1
112.805946 151.294884 -4.151613 1
121.774839 159.445924 0.232749 1
122.747739 153.322713 2.205058 1
125.581445 135.488034 7.949674 1
122.607996 128.823918 7.722526 1
116.640913 115.450450 7.266691 1
116.640913 115.450450 7.266691 1
104.375492 116.158006 -14.622926 1
101.836464 113.258297 2.118749 1
98.692267 109.667453 22.850746 1
99.243906 88.826064 27.421768 1
99.703055 71.479119 31.226374 1
96.455046 68.558899 45.420352 1
95.636089 69.538868 52.546581 1
116.477180 116.057081 -13.706736 1
119.984867 113.751585 2.952283 1
124.328555 110.896611 23.581706 1
125.231264 89.676636 27.176293 1
125.967466 72.370710 30.107852 1
130.118600 69.501025 44.074930 1
131.263764 70.451572 51.160125 1
110.215300 116.846100 -13.418960 1
110.236307 123.638495 -12.475188 1
110.176451 133.073806 -11.403122 1
109.833070 141.888304 -9.171496 1
108.242701 162.795192 1.189920 1
108.600153 166.730297 7.038238 1
107.914905 182.542998 15.588655 1
105.364222 150.883536 -5.910282 1
94.939704 157.828997 -2.878268 1
93.407441 151.565321 -2.012943 1
88.944517 133.321520 0.507434 1
93.034766 127.660088 2.633847 1
101.243018 116.298809 6.901101 1
101.243018 116.298809 6.901101 1
113.007868 151.286674 -5.550499 1
122.347512 159.257928 -1.634726 1
123.279039 153.207285 0.568051 1
125.992238 135.583970 6.983937 1
122.958750 128.947004 7.212122 1
116.871183 115.628019 7.670043 1
116.871183 115.628019 7.670043 1
104.230200 115.895418 -14.905419 1
101.880828 113.125618 1.885868 1
98.971490 109.695644 22.679301 1
99.415530 88.885262 27.400834 1
99.785119 71.564125 31.330714 1
96.649577 68.786057 45.578415 1
95.903327 69.831781 52.703283 1
116.329473 115.727662 -13.967376 1
119.778003 113.555785 2.721922 1
124.048435 110.866276 23.388841 1
125.060394 89.676796 27.131190 1
125.885695 72.395740 30.183256 1
130.061812 69.630542 44.163957 1
131.209660 70.630041 51.241977 1
110.281500 116.819400 -13.729490 1
110.275733 123.638771 -13.005663 1
110.189011 133.103725 -12.240718 1
109.850862 141.986666 -10.298438 1
108.407170 163.231274 -0.625354 1
108.682554 167.791819 4.754352 1
108.207202 184.328849 11.819859 1
105.421489 151.077163 -7.254786 1
94.762157 157.890352 -4.792631 1
93.308875 151.638220 -3.730058 1
89.075995 133.428039 -0.635172 1
93.061112 127.841279 1.856924 1
101.058385 116.629850 6.858024 1
101.058385 116.629850 6.858024 1
113.069592 151.510870 -7.065852 1
122.617434 159.447753 -3.609305 1
123.466421 153.470530 -1.183966 1
125.939210 136.061057 5.880160 1
122.820226 129.494649 6.556664 1
116.561086 116.317259 7.914266 1
116.561086 116.317259 7.914266 1
104.296094 115.795665 -15.165336 1
102.089908 113.065933 1.651916 1
99.357885 109.685579 22.477504 1
99.634035 88.906670 27.348108 1
99.863884 71.611731 31.402064 1
96.731840 68.977293 45.677788 1
96.007401 70.087883 52.795087 1
116.398793 115.709915 -14.261032 1
119.688607 113.513902 2.457124 1
123.762496 110.794505 23.159779 1
124.858576 89.626232 26.997244 1
125.752482 72.362472 30.126883 1
129.831492 69.690096 44.154226 1
130.918449 70.731746 51.235780 1
110.032300 116.447200 -14.019940 1
110.095765 123.275258 -13.386393 1
110.116918 132.753251 -12.798850 1
109.886252 141.693773 -11.123352 1
108.666228 163.333753 -2.336489 1
109.089087 168.288351 2.672383 1
108.828839 185.341054 8.395869 1
105.571831 150.975326 -8.523577 1
94.799845 157.702707 -6.330450 1
93.477069 151.464633 -5.039348 1
89.624307 133.295399 -1.278837 1
93.527809 127.820482 1.565725 1
101.361297 116.833495 7.274149 1
101.361297 116.833495 7.274149 1
113.222344 151.283533 -8.220370 1
123.078021 159.007427 -5.169109 1
123.918660 153.082947 -2.614877 1
126.367134 135.827095 4.824670 1
123.118750 129.385582 5.946425 1
116.599930 116.458829 8.197554 1
116.599930 116.458829 8.197554 1
104.046029 115.469069 -15.483700 1
102.088810 112.869463 1.384910 1
99.665095 109.650249 22.274096 1
99.828546 88.899636 27.268834 1
99.964593 71.628247 31.426112 1
96.986794 69.089903 45.752164 1
96.358162 70.241685 52.872023 1
116.140643 115.264844 -14.494228 1
119.388249 113.256229 2.255716 1
123.409871 110.768893 22.997734 1
124.657952 89.627986 26.938247 1
125.675822 72.386544 30.151926 1
129.817560 69.809753 44.178773 1
130.921445 70.893595 51.251371 1
109.973100 116.211300 -14.225400 1
110.049329 123.048250 -13.698061 1
110.113383 132.535860 -13.299127 1
109.962106 141.522575 -11.881551 1
108.989334 163.492324 -3.921023 1
109.447017 168.779748 0.731860 1
109.435712 186.184428 5.281331 1
105.771352 150.965166 -9.691724 1
94.741905 157.354283 -7.785526 1
93.539262 151.139857 -6.280599 1
90.036404 133.039500 -1.897296 1
93.844971 127.723604 1.349185 1
101.487946 117.055738 7.864176 1
101.487946 117.055738 7.864176 1
113.420933 151.156949 -9.286238 1
123.566002 158.630310 -6.578919 1
124.393650 152.741848 -3.938604 1
126.804290 135.590907 3.751670 1
123.397445 129.330602 5.334524 1
116.560630 116.767497 8.510979 1
116.560630 116.767497 8.510979 1
103.988664 115.222905 -15.689768 1
102.201001 112.743857 1.215770 1
99.987255 109.673937 22.150688 1
100.035745 88.945771 27.240174 1
100.076106 71.693066 31.476314 1
97.159615 69.247360 45.831064 1
96.578040 70.439207 52.948327 1
116.080162 115.009039 -14.664876 1
119.233206 113.058798 2.110014 1
123.137729 110.643748 22.882925 1
124.463096 89.513219 26.853747 1
125.543996 72.280240 30.092146 1
129.669560 69.712933 44.125496 1
130.756986 70.798109 51.200439 1
110.254900 116.242300 -14.364800 1
110.299176 123.093562 -14.071491 1
110.322932 132.589369 -13.987278 1
110.153287 141.615401 -12.849118 1
109.183641 163.806522 -5.527911 1
109.769494 169.436183 -1.311355 1
109.882374 187.091171 2.139643 1
105.961642 151.115635 -10.926629 1
94.833316 157.438672 -9.415774 1
93.771582 151.241072 -7.744633 1
90.679137 133.189721 -2.877210 1
94.360685 128.054358 0.780363 1
101.748760 117.748786 8.120325 1
101.748760 117.748786 8.120325 1
113.611847 151.322659 -10.540915 1
124.137252 158.386647 -8.213030 1
124.953246 152.540270 -5.477288 1
127.329939 135.511907 2.490928 1
123.780824 129.470940 4.543715 1
116.658504 117.347999 8.663227 1
116.658504 117.347999 8.663227 1
104.263923 115.174441 -15.744165 1
102.488426 112.739390 1.169048 1
100.289745 109.723952 22.113469 1
100.203601 89.010375 27.261517 1
100.131903 71.769813 31.546399 1
97.131981 69.379054 45.893210 1
96.522432 70.593287 53.004346 1
116.364427 115.056442 -14.814462 1
119.281036 113.097048 2.002085 1
122.892774 110.670663 22.826580 1
124.298632 89.552166 26.833566 1
125.445176 72.329000 30.101457 1
129.447053 69.808070 44.178962 1
130.458471 70.910847 51.262453 1
110.344800 116.178000 -14.500260 1
110.359240 123.034101 -14.353799 1
110.346604 132.529299 -14.491888 1
110.156325 141.582678 -13.601073 1
109.170540 163.991562 -6.978660 1
109.932479 169.884356 -3.169452 1
110.164814 187.690445 -0.617998 1
105.956116 151.133811 -11.971834 1
94.807618 157.497214 -10.822395 1
93.899397 151.309761 -9.027735 1
91.254082 133.287966 -3.800546 1
94.882178 128.366962 0.189971 1
102.162986 118.491563 8.198082 1
102.162986 118.491563 8.198082 1
113.606593 151.361529 -11.603569 1
124.485713 157.982647 -9.626531 1
125.287136 152.164772 -6.826476 1
127.621390 135.219426 1.329060 1
123.967845 129.421637 3.847135 1
116.635956 117.786705 8.900379 1
116.635956 117.786705 8.900379 1
104.354346 115.054367 -15.836929 1
102.587236 112.685364 1.086540 1
100.398942 109.751717 22.043661 1
100.234557 89.055971 27.261050 1
100.097736 71.830250 31.603647 1
97.038431 69.505431 45.948755 1
96.406925 70.749593 53.052798 1
116.458137 115.009807 -14.944340 1
119.207741 113.056699 1.901049 1
122.612669 110.638098 22.761261 1
124.084775 89.532191 26.810571 1
125.285347 72.319294 30.112979 1
129.192387 69.833904 44.223406 1
130.145053 70.949848 51.312977 1
109.945300 116.506900 -14.513210 1
110.218647 123.359115 -14.527902 1
110.575445 132.843685 -14.833880 1
110.694316 141.904157 -14.004929 1
110.193214 164.307988 -7.311393 1
110.936639 170.620040 -4.242035 1
111.290794 188.518452 -2.469427 1
106.801276 151.622074 -12.616901 1
95.326654 157.431185 -11.785994 1
94.533063 151.300089 -9.758650 1
92.221621 133.442443 -3.853737 1
95.727899 128.725529 0.477582 1
102.764243 119.259693 9.169608 1
102.764243 119.259693 9.169608 1
114.407231 151.515864 -11.691998 1
125.182198 158.458233 -10.347850 1
125.844124 152.600708 -7.594396 1
127.772075 135.539875 0.425409 1
124.066876 129.982807 3.373955 1
116.631327 118.830949 9.291065 1
116.631327 118.830949 9.291065 1
103.960641 115.576955 -16.014486 1
102.382872 112.955109 0.890402 1
100.429047 109.708354 21.824512 1
100.296423 89.012845 27.043742 1
100.186037 71.787320 31.387871 1
97.389402 69.417848 45.779212 1
96.892305 70.638281 52.898032 1
116.020091 115.098630 -14.733346 1
118.883175 113.143619 2.092907 1
122.428631 110.722661 22.929420 1
124.027856 89.616548 26.929142 1
125.332102 72.403483 30.191110 1
129.470868 69.954223 44.241661 1
130.534025 71.085745 51.313032 1
109.903800 116.593400 -14.540040 1
110.256342 123.440957 -14.660315 1
110.726021 132.914489 -15.118129 1
110.941930 141.986262 -14.447498 1
110.619364 164.517392 -8.184086 1
111.313054 171.050505 -5.604770 1
111.713947 188.998963 -4.458970 1
107.150806 151.776058 -13.304007 1
95.500281 157.264157 -12.804846 1
94.829589 151.158070 -10.660989 1
92.876108 133.373266 -4.416715 1
96.238995 128.848866 0.222722 1
102.987587 119.769364 9.533074 1
102.987587 119.769364 9.533074 1
114.739394 151.593504 -12.256497 1
125.568138 158.524623 -11.361495 1
126.102664 152.646261 -8.624819 1
127.659545 135.524738 -0.653881 1
123.937593 130.253080 2.760813 1
116.468425 119.673981 9.613382 1
116.468425 119.673981 9.613382 1
103.923316 115.707920 -16.084227 1
102.352909 113.039436 0.814047 1
100.408200 109.734927 21.739968 1
100.267630 89.047138 26.989508 1
100.150631 71.828039 31.358866 1
97.384309 69.466630 45.757389 1
96.904337 70.690260 52.876836 1
115.963748 115.112707 -14.679167 1
118.840314 113.146284 2.143455 1
122.402465 110.711195 22.975474 1
124.026897 89.601809 26.947669 1
125.351700 72.386074 30.187187 1
129.550620 69.943934 44.221120 1
130.642673 71.078443 51.287607 1
109.970500 116.589400 -14.542030 1
110.313913 123.436211 -14.718189 1
110.775585 132.903369 -15.299372 1
110.999979 141.987793 -14.834261 1
110.762694 164.709267 -9.296707 1
111.348129 171.339752 -6.949458 1
111.742152 189.315256 -6.360630 1
107.232244 151.815487 -13.973504 1
95.426725 156.975269 -13.642575 1
94.860149 150.872089 -11.460734 1
93.209920 133.095751 -5.105827 1
96.422336 128.773620 -0.176005 1
102.868966 120.100029 9.717089 1
102.868966 120.100029 9.717089 1
114.829455 151.654339 -12.986745 1
125.808074 158.376780 -12.368829 1
126.211731 152.479415 -9.650668 1
127.387439 135.302541 -1.733661 1
123.683600 130.294294 2.074549 1
116.250781 120.243801 9.716822 1
116.250781 120.243801 9.716822 1
103.986974 115.684004 -16.062704 1
102.342499 113.073340 0.837556 1
100.306069 109.840433 21.765936 1
100.145710 89.151729 27.011306 1
100.012239 71.931870 31.377192 1
97.171441 69.557094 45.759005 1
96.654577 70.774129 52.877000 1
116.031944 115.115293 -14.685848 1
118.895760 113.156587 2.139850 1
122.442122 110.731053 22.975677 1
124.045343 89.620338 26.949423 1
125.352847 72.403518 30.190206 1
129.542909 69.973373 44.228868 1
130.631680 71.114428 51.294807 1
110.028700 116.602300 -14.496050 1
110.367954 123.447140 -14.742737 1
110.834006 132.905133 -15.454900 1
111.089235 141.996454 -15.178916 1
111.016862 164.863372 -10.271269 1
111.469449 171.570323 -8.120078 1
111.788118 189.556939 -8.091739 1
107.380003 151.864491 -14.559441 1
95.420786 156.665442 -14.382999 1
94.947595 150.570883 -12.155288 1
93.569361 132.819658 -5.666779 1
96.615456 128.639088 -0.514330 1
102.728313 120.249579 9.825527 1
102.728313 120.249579 9.825527 1
114.984367 151.689494 -13.631912 1
126.051552 158.283904 -13.265461 1
126.317068 152.371319 -10.563409 1
127.090419 135.150115 -2.693316 1
123.442137 130.420982 1.505347 1
116.120810 120.930614 9.931177 1
116.120810 120.930614 9.931177 1
104.039905 115.678754 -15.984732 1
102.308428 113.112781 0.913683 1
100.164258 109.935217 21.839778 1
100.006703 89.240238 27.060421 1
99.875566 72.015156 31.405726 1
96.961438 69.629110 45.770993 1
96.405764 70.841494 52.886857 1
116.090304 115.129669 -14.647999 1
118.978341 113.180927 2.174716 1
122.554695 110.767734 23.006850 1
124.119257 89.651713 26.967797 1
125.395233 72.430567 30.198142 1
129.610516 69.973778 44.224611 1
130.716714 71.103453 51.289672 1
110.151300 116.528800 -14.480570 1
110.441634 123.372813 -14.801461 1
110.842471 132.822345 -15.652155 1
111.052970 141.918690 -15.576998 1
110.954501 164.919315 -11.340523 1
111.398435 171.674203 -9.343013 1
111.710363 189.655866 -9.771071 1
107.306855 151.784308 -15.181400 1
95.353050 156.601897 -15.158693 1
94.996909 150.513231 -12.893399 1
93.959598 132.779167 -6.295425 1
96.831192 128.740535 -0.933804 1
102.593862 120.635864 9.825818 1
102.593862 120.635864 9.825818 1
114.927056 151.669955 -14.383441 1
126.177107 157.952493 -14.120430 1
126.329863 152.026752 -11.438546 1
126.774783 134.767227 -3.627199 1
123.187820 130.307685 0.905969 1
115.989546 121.358328 10.003078 1
115.989546 121.358328 10.003078 1
104.159904 115.548532 -15.921756 1
102.314912 113.064225 0.976850 1
100.030173 109.987793 21.903182 1
99.881865 89.290112 27.113372 1
99.758425 72.062780 31.449977 1
96.716917 69.664842 45.786831 1
96.093444 70.873055 52.897785 1
116.221889 115.096231 -14.655113 1
119.105828 113.159255 2.169664 1
122.677108 110.760632 23.004351 1
124.170842 89.637057 26.952340 1
125.389054 72.409750 30.172118 1
129.581132 69.925750 44.200749 1
130.681621 71.044279 51.268474 1
110.359800 116.432100 -14.497230 1
110.578368 123.277811 -14.838177 1
110.870096 132.723197 -15.774975 1
110.977802 141.820889 -15.892636 1
110.677910 164.947028 -12.417307 1
111.273250 171.701897 -10.459511 1
111.559689 189.672670 -11.227606 1
107.111966 151.646835 -15.730156 1
95.261916 156.713621 -15.814447 1
95.003488 150.636694 -13.504811 1
94.250784 132.936822 -6.777683 1
96.997684 128.952404 -1.311191 1
102.510122 120.956532 9.658885 1
102.510122 120.956532 9.658885 1
114.750246 151.653994 -15.118673 1
126.272763 157.417588 -14.778542 1
126.317559 151.493876 -12.088212 1
126.448034 134.240262 -4.252264 1
122.935439 129.953891 0.500854 1
115.886407 121.352052 10.039357 1
115.886407 121.352052 10.039357 1
104.363531 115.388498 -15.872158 1
102.414690 112.982397 1.026106 1
100.001349 110.002810 21.952016 1
99.854732 89.297810 27.133089 1
99.732700 72.064386 31.445459 1
96.570574 69.645326 45.752638 1
95.883531 70.844420 52.859277 1
116.442195 115.059599 -14.732787 1
119.303738 113.138632 2.097648 1
122.847284 110.759832 22.939341 1
124.270986 89.633936 26.900765 1
125.432082 72.404736 30.131499 1
129.576058 69.899584 44.170656 1
130.657713 71.009754 51.242605 1
110.490900 116.359100 -14.500090 1
110.649568 123.206350 -14.843263 1
110.852233 132.648895 -15.830830 1
110.877907 141.744328 -16.087482 1
110.413280 164.947471 -13.191890 1
111.142666 171.725272 -11.362939 1
111.416312 189.682453 -12.404803 1
106.920394 151.535041 -16.106083 1
95.191593 156.870447 -16.373992 1
94.987433 150.815403 -14.002283 1
94.392790 133.179267 -7.094359 1
97.085658 129.215986 -1.585780 1
102.489666 121.262530 9.468755 1
102.489666 121.262530 9.468755 1
114.567560 151.628397 -15.627109 1
126.253771 157.053512 -15.305053 1
126.160761 151.146106 -12.580323 1
125.889856 133.939987 -4.644180 1
122.517130 129.791906 0.327900 1
115.748786 121.467588 10.305814 1
115.748786 121.467588 10.305814 1
104.492972 115.265230 -15.827899 1
102.496716 112.939269 1.076052 1
100.024660 110.058923 22.009001 1
99.837516 89.352041 27.181245 1
99.681751 72.117052 31.486266 1
96.434789 69.708129 45.776143 1
95.708385 70.911229 52.878188 1
116.582520 115.037443 -14.783208 1
119.435979 113.130583 2.050203 1
122.969514 110.769252 22.895583 1
124.324107 89.640450 26.865732 1
125.428843 72.408880 30.103582 1
129.533222 69.881315 44.150352 1
130.600950 70.982737 51.225785 1
110.536800 116.341100 -14.486200 1
110.682436 123.189068 -14.820724 1
110.872025 132.629871 -15.827352 1
110.897638 141.722776 -16.161812 1
110.469292 164.967654 -13.616553 1
111.189159 171.800032 -11.999134 1
111.468098 189.740948 -13.290040 1
106.951580 151.516908 -16.316408 1
95.226221 156.849788 -16.740032 1
94.992275 150.827739 -14.288412 1
94.310876 133.287706 -7.147735 1
96.994021 129.327013 -1.632554 1
102.378516 121.378748 9.435229 1
102.378516 121.378748 9.435229 1
114.600310 151.608171 -15.862655 1
126.301496 157.008058 -15.699623 1
126.075079 151.125002 -12.930392 1
125.415611 133.989807 -4.864634 1
122.173965 129.921859 0.258546 1
115.668670 121.758351 10.539683 1
115.668670 121.758351 10.539683 1
104.538122 115.238157 -15.803073 1
102.558798 112.968089 1.110464 1
100.107710 110.156958 22.055286 1
99.846813 89.449316 27.221285 1
99.629661 72.213693 31.521108 1
96.362215 69.820832 45.809015 1
95.634335 71.028680 52.910104 1
116.630192 115.030796 -14.783609 1
119.484960 113.138323 2.051205 1
123.020118 110.794809 22.898319 1
124.355130 89.663271 26.860533 1
125.443895 72.429470 30.091911 1
129.545538 69.883375 44.136134 1
130.613923 70.976319 51.212782 1
110.251600 116.446800 -14.430460 1
110.662269 123.286833 -14.700808 1
111.199573 132.722480 -15.627014 1
111.490025 141.812749 -15.902854 1
111.506475 165.050670 -13.259951 1
111.907569 171.994716 -12.062037 1
112.168109 189.918736 -13.572777 1
107.770257 151.693716 -16.126745 1
95.708590 156.212916 -16.569636 1
95.341364 150.239519 -14.017397 1
94.271771 132.841193 -6.583656 1
96.952085 128.900733 -1.052628 1
102.330899 120.993074 10.046958 1
102.330899 120.993074 10.046958 1
115.402349 151.611041 -15.447324 1
126.869200 157.485022 -15.780154 1
126.500239 151.627362 -12.972676 1
125.425588 134.566133 -4.795519 1
122.222731 130.532175 0.378679 1
115.795277 122.436876 10.762199 1
115.795277 122.436876 10.762199 1
104.242184 115.583115 -15.871202 1
102.441318 113.140589 1.038251 1
100.211221 110.115896 21.978015 1
99.910657 89.400535 27.110807 1
99.660490 72.158488 31.382991 1
96.694593 69.750514 45.733997 1
96.131862 70.945042 52.852326 1
116.295764 114.908746 -14.623449 1
119.282387 113.080430 2.195571 1
122.980825 110.816364 23.023129 1
124.397332 89.685382 26.959930 1
125.552561 72.452034 30.170583 1
129.902623 69.926899 44.143661 1
131.095144 71.029923 51.198883 1
110.305000 116.436800 -14.433760 1
110.718907 123.275526 -14.730887 1
111.262159 132.706596 -15.699292 1
111.570326 141.794637 -16.024854 1
111.676731 165.048742 -13.530576 1
111.999106 172.030434 -12.546861 1
112.237300 189.934921 -14.276983 1
107.876451 151.684625 -16.277267 1
95.810854 156.188108 -16.770364 1
95.408194 150.235762 -14.174659 1
94.235390 132.898747 -6.614317 1
96.937703 128.951147 -1.099108 1
102.360663 121.029159 9.968734 1
102.360663 121.029159 9.968734 1
115.514268 151.584346 -15.668196 1
126.913678 157.573725 -16.201043 1
126.519917 151.755485 -13.316032 1
125.373036 134.809074 -4.913051 1
122.179138 130.773978 0.265796 1
115.769662 122.676396 10.658644 1
115.769662 122.676396 10.658644 1
104.287960 115.572042 -15.841666 1
102.486800 113.139779 1.069236 1
100.256340 110.127794 22.010793 1
99.923925 89.406441 27.117367 1
99.647247 72.159406 31.367729 1
96.677195 69.736994 45.715445 1
96.116007 70.922985 52.835323 1
116.347105 114.893904 -14.651034 1
119.278132 113.078321 2.179142 1
122.907723 110.830022 23.020515 1
124.349979 89.701543 26.961399 1
125.526208 72.470237 30.175381 1
129.859652 69.950488 44.154594 1
131.040324 71.054769 51.211612 1
110.330900 116.410900 -14.434560 1
110.717675 123.251006 -14.736437 1
111.227975 132.681808 -15.725166 1
111.517234 141.768713 -16.096537 1
111.608947 165.041947 -13.786918 1
112.005719 172.030548 -12.882664 1
112.193857 189.912543 -14.837041 1
107.816142 151.653781 -16.424662 1
95.767116 156.206432 -16.869027 1
95.362057 150.268732 -14.240361 1
94.182267 132.974376 -6.584014 1
96.890497 129.013574 -1.081186 1
102.325334 121.065091 9.961807 1
102.325334 121.065091 9.961807 1
115.454477 151.563723 -15.820498 1
126.908585 157.446281 -16.370079 1
126.572645 151.648815 -13.436346 1
125.594175 134.762912 -4.891455 1
122.377479 130.729884 0.274876 1
115.922252 122.636450 10.642610 1
115.922252 122.636450 10.642610 1
104.314851 115.521897 -15.831557 1
102.494325 113.090127 1.077341 1
100.239882 110.078753 22.016419 1
99.917232 89.348388 27.086915 1
99.648682 72.093853 31.307249 1
96.642726 69.627856 45.640056 1
96.060749 70.793334 52.761652 1
116.378580 114.891395 -14.661362 1
119.279508 113.078332 2.174299 1
122.871826 110.833152 23.022465 1
124.325153 89.702756 26.948976 1
125.510411 72.469886 30.151236 1
129.812866 69.943935 44.138899 1
130.975588 71.044107 51.199538 1
110.234400 116.435600 -14.409700 1
110.654856 123.274079 -14.703315 1
111.212246 132.702568 -15.688666 1
111.541067 141.787590 -16.072969 1
111.708397 165.067790 -13.839042 1
112.094796 172.063372 -12.985706 1
112.227661 189.925185 -15.120817 1
107.879412 151.685440 -16.453932 1
95.776983 156.102653 -16.804015 1
95.354143 150.176805 -14.151510 1
94.122565 132.916971 -6.425732 1
96.823233 128.952073 -0.922138 1
102.242891 120.995370 10.122395 1
102.242891 120.995370 10.122395 1
115.513894 151.568505 -15.807177 1
126.985790 157.414182 -16.378835 1
126.694860 151.634430 -13.405608 1
125.847490 134.800120 -4.745686 1
122.597821 130.753792 0.389518 1
116.076426 122.633671 10.694787 1
116.076426 122.633671 10.694787 1
104.218892 115.576766 -15.827740 1
102.409923 113.135123 1.080975 1
100.169793 110.111522 22.019827 1
99.849076 89.380072 27.086009 1
99.582134 72.124634 31.302753 1
96.606888 69.657489 45.641768 1
96.041093 70.822044 52.764819 1
116.275480 114.887431 -14.617796 1
119.226884 113.069000 2.208511 1
122.881710 110.817173 23.045093 1
124.332818 89.679527 26.933215 1
125.516265 72.440745 30.104167 1
129.871901 69.882493 44.069483 1
131.063688 70.967287 51.127655 1
110.236700 116.421300 -14.417950 1
110.668372 123.258308 -14.729007 1
111.241091 132.683383 -15.737951 1
111.587027 141.766833 -16.143794 1
111.811144 165.051423 -13.961179 1
112.129403 172.051724 -13.118484 1
112.223721 189.901621 -15.352988 1
107.944936 151.671553 -16.533646 1
95.826319 156.046314 -16.855683 1
95.397170 150.125648 -14.192641 1
94.147216 132.880907 -6.436172 1
96.834348 128.921633 -0.921913 1
102.226844 120.976216 10.144019 1
102.226844 120.976216 10.144019 1
115.581349 151.539880 -15.913059 1
127.035710 157.420113 -16.481925 1
126.768667 151.656301 -13.475696 1
125.990869 134.868419 -4.719650 1
122.717693 130.800763 0.383674 1
116.149122 122.637840 10.624968 1
116.149122 122.637840 10.624968 1
104.217414 115.569315 -15.824039 1
102.405903 113.138787 1.086006 1
100.162625 110.128950 22.026503 1
99.837572 89.394665 27.080792 1
99.567021 72.136867 31.287636 1
96.599219 69.671754 45.628544 1
96.038005 70.836982 52.751847 1
116.274773 114.862269 -14.632134 1
119.267564 113.034329 2.185830 1
122.973641 110.770728 23.012080 1
124.404132 89.625707 26.867607 1
125.570766 72.380910 30.011976 1
129.967694 69.776584 43.955819 1
131.184696 70.839910 51.012955 1
110.252100 116.401900 -14.437200 1
110.679959 123.238762 -14.756623 1
111.248334 132.662665 -15.778882 1
111.593421 141.745415 -16.200784 1
111.825196 165.034507 -14.067552 1
112.123126 172.028159 -13.164385 1
112.227030 189.870472 -15.458242 1
107.953607 151.650239 -16.608860 1
95.817448 155.977085 -16.917352 1
95.375460 150.059237 -14.250150 1
94.088108 132.822704 -6.481563 1
96.761144 128.862803 -0.960908 1
102.125353 120.916128 10.117862 1
102.125353 120.916128 10.117862 1
115.590446 151.517887 -15.993674 1
127.058061 157.375981 -16.522491 1
126.804964 151.615010 -13.509619 1
126.067782 134.835402 -4.734222 1
122.791059 130.756839 0.358110 1
116.215372 122.572029 10.577344 1
116.215372 122.572029 10.577344 1
104.232369 115.545074 -15.838434 1
102.428985 113.158320 1.078713 1
100.195772 110.202692 22.028006 1
99.846022 89.478763 27.122956 1
99.554916 72.229584 31.363643 1
96.586706 69.816052 45.713237 1
96.028446 71.005679 52.832738 1
116.290858 114.845805 -14.653397 1
119.310648 113.061515 2.164429 1
123.050157 110.851967 22.990508 1
124.462288 89.719166 26.919108 1
125.613949 72.484335 30.123072 1
130.016743 69.939139 44.075980 1
131.238640 71.033185 51.127573 1
110.268300 116.390600 -14.442340 1
110.688282 123.226946 -14.782596 1
111.244509 132.648897 -15.829237 1
111.577572 141.731336 -16.267199 1
111.781861 165.022655 -14.155596 1
112.054930 172.004500 -13.158139 1
112.184199 189.839539 -15.506629 1
107.923402 151.630806 -16.676856 1
95.780699 155.938612 -16.994188 1
95.340963 150.021597 -14.324766 1
94.060173 132.787490 -6.549714 1
96.721316 128.846481 -1.009828 1
102.061659 120.937718 10.107534 1
102.061659 120.937718 10.107534 1
115.561651 151.509437 -16.077107 1
127.030781 157.371755 -16.519151 1
126.776983 151.603879 -13.519579 1
126.037761 134.804157 -4.782921 1
122.776852 130.721950 0.316636 1
116.232899 122.529827 10.550371 1
116.232899 122.529827 10.550371 1
104.248087 115.522968 -15.834828 1
102.440704 113.140764 1.082533 1
100.202536 110.190771 22.032091 1
99.846778 89.466687 27.125996 1
99.550670 72.217380 31.365813 1
96.572787 69.808014 45.714104 1
96.010055 70.999582 52.832928 1
116.308548 114.840517 -14.660096 1
119.322714 113.048067 2.157871 1
123.055259 110.828413 22.984125 1
124.464754 89.693721 26.903485 1
125.614265 72.457347 30.099914 1
130.011233 69.899570 44.052359 1
131.230467 70.987376 51.105377 1
110.267200 116.384100 -14.439250 1
110.676493 123.220230 -14.796448 1
111.217604 132.641081 -15.860761 1
111.535908 141.723797 -16.303928 1
111.700355 165.013897 -14.175465 1
111.995610 171.989001 -13.137970 1
112.106473 189.826057 -15.472030 1
107.866020 151.617604 -16.709883 1
95.735914 155.960757 -17.027186 1
95.306338 150.041641 -14.360771 1
94.055140 132.801414 -6.594474 1
96.727544 128.783267 -1.115758 1
102.090482 120.719705 9.878849 1
102.090482 120.719705 9.878849 1
115.503898 151.508225 -16.103147 1
127.004034 157.312052 -16.510068 1
126.745574 151.536210 -13.526262 1
125.992774 134.713288 -4.835527 1
122.750012 130.647902 0.288980 1
116.242479 122.489534 10.572781 1
116.242479 122.489534 10.572781 1
104.249753 115.503221 -15.835370 1
102.442262 113.123008 1.082260 1
100.203961 110.175478 22.032151 1
99.852070 89.454318 27.138201 1
99.559181 72.207444 31.388126 1
96.567713 69.805216 45.734787 1
95.997171 71.000735 52.852328 1
116.310148 114.843223 -14.647212 1
119.310710 113.046853 2.172769 1
123.026408 110.822345 23.001517 1
124.447892 89.687534 26.915905 1
125.607180 72.451063 30.108278 1
129.989950 69.896523 44.065782 1
131.200030 70.985131 51.120253 1
110.244300 116.374600 -14.447100 1
110.648359 123.211547 -14.794476 1
111.182443 132.633768 -15.850180 1
111.495339 141.716622 -16.294359 1
111.645025 165.009284 -14.193007 1
111.930238 171.967690 -13.046321 1
112.008697 189.814431 -15.306491 1
107.821781 151.608273 -16.719227 1
95.675398 155.909978 -16.971903 1
95.246734 149.988035 -14.311623 1
93.998192 132.739576 -6.563198 1
96.666196 128.711869 -1.089359 1
102.020306 120.629124 9.895460 1
102.020306 120.629124 9.895460 1
115.458492 151.503086 -16.097250 1
126.990018 157.249669 -16.419465 1
126.727550 151.461878 -13.459258 1
125.963079 134.604151 -4.837255 1
122.731239 130.543893 0.298204 1
116.245621 122.395816 10.603986 1
116.245621 122.395816 10.603986 1
104.227848 115.491034 -15.845810 1
102.419423 113.081213 1.067529 1
100.179966 110.097019 22.012105 1
99.858186 89.367568 27.086390 1
99.590359 72.113793 31.309877 1
96.599810 69.666968 45.649191 1
96.025895 70.841814 52.769901 1
116.288490 114.838716 -14.655913 1
119.268760 113.050049 2.168497 1
122.959330 110.835081 23.002728 1
124.398256 89.700072 26.909668 1
125.571769 72.463440 30.095968 1
129.942005 69.907983 44.057234 1
131.143292 70.995087 51.113439 1
