62 35
110.057500 154.246800 64.359100 1
110.052882 162.392291 64.443123 1
109.986853 172.716269 63.715477 1
109.819096 182.620919 63.250228 1
109.157200 208.066581 64.597923 1
109.154022 215.636489 65.965497 1
109.803815 235.225381 65.450886 1
105.346816 193.216615 62.802525 1
93.165121 199.839166 60.554171 1
92.180994 193.231460 62.931535 1
89.314588 173.985592 69.855937 1
89.662491 166.701853 73.040716 1
90.360655 152.084999 79.431864 1
90.360655 152.084999 79.431864 1
113.693846 193.441923 62.648000 1
125.844184 200.167492 60.540160 1
127.201208 193.534598 62.648558 1
131.153731 174.215367 68.789563 1
131.266089 166.725308 71.473422 1
131.491568 151.694416 76.859333 1
131.491568 151.694416 76.859333 1
102.844921 152.869753 63.349477 1
100.869481 134.361981 65.384352 1
98.423198 111.442900 67.904239 1
97.167626 88.270419 66.292128 1
96.122569 68.983161 64.950311 1
92.661623 62.520313 79.380499 1
92.018988 61.795052 87.211306 1
117.261421 152.878663 63.278071 1
118.791295 134.260982 64.553173 1
120.685797 111.206017 66.132170 1
122.035839 87.843259 64.247520 1
123.136862 68.789836 62.710501 1
125.884445 61.996422 77.142313 1
126.175331 61.098721 84.976273 1
110.043100 154.304500 64.301600 1
110.046975 162.449490 64.424973 1
109.987879 172.776313 63.738242 1
109.818899 182.681951 63.294997 1
109.129628 208.126240 64.654838 1
109.162198 215.676621 66.126053 1
109.795408 235.270349 65.815266 1
105.337145 193.273520 62.844385 1
93.178765 199.953305 60.639561 1
92.201635 193.345083 63.018375 1
89.355605 174.097712 69.947004 1
89.676164 166.809986 73.125527 1
90.319454 152.185133 79.504121 1
90.319454 152.185133 79.504121 1
113.684229 193.507042 62.705830 1
125.862434 200.194050 60.636474 1
127.224157 193.559370 62.736204 1
131.190369 174.234936 68.851961 1
131.300228 166.740342 71.523235 1
131.520696 151.700349 76.883889 1
131.520696 151.700349 76.883889 1
102.828879 152.939845 63.286893 1
100.868243 134.428771 65.305990 1
98.440290 111.505601 67.806336 1
97.181579 88.327462 66.280297 1
96.133909 69.035496 65.010120 1
92.709357 62.587821 79.455771 1
92.085831 61.871071 87.288906 1
117.245365 152.934114 63.212419 1
118.761725 134.326297 64.638686 1
120.639492 111.283547 66.404877 1
122.063987 87.927818 64.488178 1
123.225730 68.880128 62.925020 1
125.953945 62.126850 77.379326 1
126.219163 61.244349 85.215924 1
110.011000 154.305800 64.192100 1
110.014484 162.450723 64.319814 1
109.957142 172.778631 63.649446 1
109.792640 182.685914 63.242786 1
109.123398 208.122410 64.750383 1
109.118530 215.663888 66.266917 1
109.741365 235.260414 66.264384 1
105.318710 193.283306 62.855839 1
93.159149 199.953200 60.627712 1
92.170723 193.341271 62.991509 1
89.291793 174.083101 69.876401 1
89.583897 166.788506 73.041883 1
90.170085 152.149869 79.394306 1
90.170085 152.149869 79.394306 1
113.665898 193.511308 62.714375 1
125.805814 200.266304 60.640861 1
127.166488 193.633228 62.746332 1
131.129646 174.313467 68.878809 1
131.255268 166.821118 71.555681 1
131.507366 151.785632 76.927571 1
131.507366 151.785632 76.927571 1
102.798029 152.941473 63.168105 1
100.847068 134.426467 65.160339 1
98.431097 111.498427 67.627419 1
97.170168 88.316127 66.167877 1
96.120653 69.020697 64.953048 1
92.692035 62.590963 79.405729 1
92.066161 61.884004 87.239566 1
117.214594 152.936206 63.110739 1
118.743754 134.325226 64.480977 1
120.637371 111.278560 66.177786 1
122.043717 87.914606 64.349991 1
123.190658 68.860207 62.859339 1
125.916231 62.122744 77.321522 1
126.182241 61.249786 85.159162 1
110.015900 154.247900 64.050700 1
110.019855 162.391730 64.235420 1
109.964151 172.723801 63.632466 1
109.803533 182.633262 63.281064 1
109.151039 208.062950 64.906269 1
109.107540 215.574924 66.562209 1
109.743903 235.165247 67.037640 1
105.336062 193.235123 62.945290 1
93.171783 199.895073 60.713170 1
92.166848 193.278865 63.057959 1
89.239833 174.008235 69.887486 1
89.515403 166.705386 73.035371 1
90.068411 152.050185 79.352480 1
90.068411 152.050185 79.352480 1
113.683318 193.458552 62.800574 1
125.807231 200.250257 60.753518 1
127.166297 193.614503 62.851575 1
131.124767 174.286941 68.962462 1
131.252958 166.790897 71.628847 1
131.510212 151.747996 76.979693 1
131.510212 151.747996 76.979693 1
102.801965 152.891047 63.023574 1
100.860849 134.376908 65.033410 1
98.457069 111.449943 67.522289 1
97.198110 88.264622 66.109781 1
96.150233 68.966678 64.934100 1
92.767308 62.568196 79.411397 1
92.165356 61.878532 87.248650 1
117.218473 152.885637 62.953394 1
118.759682 134.275709 64.324420 1
120.668221 111.230346 66.022205 1
122.068197 87.860470 64.266642 1
123.209943 68.801243 62.834899 1
125.916334 62.088912 77.312362 1
126.178365 61.232354 85.151946 1
109.951400 154.292200 63.713000 1
109.975350 162.431510 64.040358 1
109.935755 172.771762 63.597679 1
109.783903 182.684736 63.359797 1
109.137129 208.101890 65.172544 1
109.159872 215.548332 67.102249 1
109.694871 235.120322 68.133133 1
105.318295 193.289623 63.104405 1
93.143419 199.942734 60.909985 1
92.137495 193.316699 63.226428 1
89.207600 174.017444 69.973393 1
89.474532 166.700322 73.088708 1
90.010206 152.016478 79.340459 1
90.010206 152.016478 79.340459 1
113.665518 193.512540 62.957029 1
125.777542 200.342123 60.966386 1
127.133100 193.702717 63.055141 1
131.081354 174.364521 69.138931 1
131.214787 166.863201 71.790177 1
131.482559 151.809711 77.110643 1
131.482559 151.809711 77.110643 1
102.728197 152.969505 62.706664 1
100.815984 134.455170 64.742224 1
98.447998 111.527959 67.262957 1
97.187212 88.336251 65.961288 1
96.137816 69.032991 64.877862 1
92.924960 62.683827 79.415488 1
92.413368 62.021515 87.261514 1
117.143955 152.933481 62.547696 1
118.716809 134.337860 64.068694 1
120.664534 111.310212 65.952195 1
122.098475 87.938967 64.242887 1
123.267922 68.878623 62.848866 1
126.009230 62.228234 77.348330 1
126.293812 61.406779 85.190883 1
109.886900 154.281900 63.334100 1
109.924575 162.416853 63.755072 1
109.897031 172.761762 63.438131 1
109.751505 182.677134 63.333642 1
109.111372 208.064962 65.520995 1
109.095066 215.446233 67.686716 1
109.651345 234.958887 69.519374 1
105.286725 193.285055 63.242756 1
93.074692 199.905299 61.158147 1
92.073580 193.260462 63.422226 1
89.157702 173.906444 70.016671 1
89.451033 166.564062 73.069554 1
90.039683 151.829526 79.196016 1
90.039683 151.829526 79.196016 1
113.633676 193.509318 63.082563 1
125.725248 200.401239 61.184594 1
127.071110 193.753294 63.252352 1
130.991124 174.390225 69.274985 1
131.128556 166.877685 71.894061 1
131.404353 151.801678 77.149967 1
131.404353 151.801678 77.149967 1
102.658885 152.982038 62.332571 1
100.763264 134.470043 64.404613 1
98.415824 111.545732 66.970525 1
97.190675 88.345399 65.794602 1
96.170941 69.034959 64.815839 1
93.062427 62.737791 79.398695 1
92.600964 62.106204 87.250362 1
117.074078 152.925587 62.133357 1
118.691358 134.340902 63.739070 1
120.694098 111.326796 65.727477 1
122.173404 87.950919 64.123412 1
123.379848 68.886797 62.815222 1
126.123799 62.296937 77.341796 1
126.414882 61.510383 85.187688 1
109.803400 154.235500 62.780400 1
109.861157 162.361387 63.348483 1
109.849754 172.710478 63.227856 1
109.707237 182.625930 63.328854 1
109.049208 207.957744 66.086072 1
109.007620 215.245120 68.549041 1
109.601906 234.638467 71.369793 1
105.231780 193.228519 63.489701 1
93.012533 199.889805 61.585953 1
92.031926 193.223272 63.794548 1
89.175771 173.806063 70.227389 1
89.514740 166.434363 73.203939 1
90.194977 151.640992 79.177218 1
90.194977 151.640992 79.177218 1
113.577951 193.465101 63.307989 1
125.655109 200.420976 61.557267 1
126.985328 193.756084 63.580105 1
130.859778 174.343655 69.471904 1
130.973883 166.808284 72.025701 1
131.202870 151.686463 77.150609 1
131.202870 151.686463 77.150609 1
102.569006 152.970093 61.780804 1
100.719505 134.469776 63.994014 1
98.429176 111.559926 66.734741 1
97.196122 88.353902 65.686271 1
96.169807 69.038726 64.813591 1
93.247865 62.808555 79.463646 1
92.878766 62.216437 87.323269 1
116.983257 152.885164 61.530142 1
118.644436 134.328952 63.398808 1
120.701538 111.350105 65.712840 1
122.270652 87.975956 64.170104 1
123.550339 68.913244 62.911931 1
126.267435 62.394749 77.475704 1
126.548194 61.648486 85.325907 1
109.677300 154.166000 61.987500 1
109.745179 162.280359 62.700715 1
109.738205 172.629740 62.793566 1
109.587734 182.539051 63.153572 1
108.883032 207.769744 66.710479 1
108.852922 214.899664 69.597885 1
109.542491 234.080309 73.602770 1
105.090484 193.121574 63.658980 1
92.890264 199.888533 62.024998 1
91.960691 193.204985 64.204038 1
89.253177 173.738216 70.550797 1
89.618202 166.341368 73.461141 1
90.350726 151.497530 79.301560 1
90.350726 151.497530 79.301560 1
113.435702 193.381831 63.466237 1
125.497514 200.413593 61.925462 1
126.811835 193.723183 63.873054 1
130.639983 174.236428 69.545685 1
130.717793 166.665672 71.994012 1
130.873942 151.472839 76.907263 1
130.873942 151.472839 76.907263 1
102.439228 152.926209 60.982446 1
100.627914 134.450380 63.420389 1
98.384874 111.570854 66.439414 1
97.129738 88.360984 65.508929 1
96.085045 69.042606 64.734453 1
93.340300 62.871940 79.443843 1
93.053714 62.317063 87.309623 1
116.852754 152.830777 60.696402 1
118.536342 134.304602 62.824974 1
120.621193 111.362952 65.460856 1
122.243097 87.984592 64.041447 1
123.565836 68.918445 62.883853 1
126.216078 62.450656 77.482511 1
126.471350 61.736173 85.336540 1
109.572400 154.079800 61.043200 1
109.650660 162.178433 61.916196 1
109.645939 172.522477 62.261296 1
109.480944 182.413795 62.955039 1
108.698603 207.465837 67.593923 1
108.764597 214.399645 70.924349 1
109.437333 233.225561 76.359794 1
104.950409 192.950299 63.917761 1
92.811167 199.903912 62.655600 1
91.954628 193.185814 64.756940 1
89.459839 173.618411 70.877386 1
89.918177 166.178230 73.661330 1
90.837962 151.247433 79.248090 1
90.837962 151.247433 79.248090 1
113.294608 193.245414 63.731247 1
125.345454 200.352054 62.474360 1
126.635055 193.625863 64.312138 1
130.391202 174.034893 69.664924 1
130.421951 166.416193 71.960829 1
130.483662 151.127148 76.568204 1
130.483662 151.127148 76.568204 1
102.331239 152.868013 60.026311 1
100.566616 134.426597 62.743103 1
98.381397 111.589686 66.107438 1
97.112491 88.374882 65.331550 1
96.056336 69.052398 64.685750 1
93.488737 62.966103 79.462128 1
93.285313 62.461128 87.333858 1
116.744143 152.762434 59.713708 1
118.455065 134.277257 62.154078 1
120.573765 111.386375 65.176070 1
122.245431 88.001222 63.937878 1
123.608754 68.929534 62.928075 1
126.186198 62.536482 77.572615 1
126.411941 61.866196 85.431442 1
109.470700 153.959200 59.916800 1
109.548735 162.037048 60.964838 1
109.535076 172.367171 61.602592 1
109.346835 182.220611 62.707572 1
108.474450 206.976762 68.716566 1
108.611697 213.632774 72.570453 1
109.467485 231.961764 79.478964 1
104.776038 192.669352 64.257449 1
92.744047 199.878463 63.504548 1
91.985609 193.106141 65.464792 1
89.776552 173.380804 71.174276 1
90.380235 165.878156 73.755470 1
91.591695 150.822003 78.935356 1
91.591695 150.822003 78.935356 1
113.118489 193.009142 64.068721 1
125.155678 200.195900 63.194904 1
126.414552 193.419216 64.860415 1
130.081201 173.681176 69.711448 1
130.034513 165.995643 71.772300 1
129.940824 150.572478 75.907976 1
129.940824 150.572478 75.907976 1
102.228855 152.768747 58.879785 1
100.495969 134.380666 61.954888 1
98.350051 111.609803 65.762940 1
97.079610 88.389556 65.175275 1
96.022177 69.062541 64.686139 1
93.609273 63.072470 79.527764 1
93.474213 62.624525 87.404414 1
116.641512 152.671875 58.553293 1
118.367639 134.239593 61.356135 1
120.505168 111.414215 64.826990 1
122.228480 88.021989 63.813581 1
123.633923 68.944535 62.987098 1
126.101506 62.635384 77.686844 1
126.278320 62.014197 85.550958 1
109.372100 153.816700 58.653700 1
109.455943 161.865148 59.907319 1
109.441764 172.168646 60.885112 1
109.241719 181.957617 62.460780 1
108.333473 206.285640 70.014482 1
108.430834 212.625882 74.369438 1
109.520562 230.220748 82.951100 1
104.647180 192.269833 64.701072 1
92.726502 199.698474 64.560658 1
92.050551 192.857678 66.300986 1
90.081748 172.932904 71.369937 1
90.861269 165.381194 73.753367 1
92.425594 150.226583 78.536383 1
92.425594 150.226583 78.536383 1
112.986331 192.655522 64.461578 1
124.999482 199.921760 64.022324 1
126.202979 193.093817 65.509915 1
129.708333 173.206479 69.842734 1
129.582740 165.462879 71.669644 1
129.330706 149.923187 75.335851 1
129.330706 149.923187 75.335851 1
102.127956 152.656442 57.598678 1
100.456460 134.329294 61.048671 1
98.386565 111.633888 65.320966 1
97.083008 88.410528 64.981036 1
95.998012 69.080923 64.698100 1
93.794840 63.190600 79.612087 1
93.756240 62.801559 87.492929 1
116.540004 152.561255 57.245898 1
118.280054 134.198580 60.465963 1
120.434824 111.459397 64.453483 1
122.216968 88.062121 63.689015 1
123.670389 68.980546 63.065557 1
126.033893 62.773832 77.825890 1
126.163034 62.210625 85.695295 1
109.183100 153.606400 57.240100 1
109.291786 161.596215 58.823494 1
109.304275 171.844231 60.271383 1
109.125315 181.532175 62.382876 1
108.279581 205.326791 71.484362 1
108.339776 211.258127 76.382262 1
109.699444 227.941786 86.591011 1
104.549650 191.677887 65.315166 1
92.669685 199.158273 65.781226 1
92.039958 192.259045 67.293256 1
90.205789 172.164079 71.697255 1
91.156593 164.599719 73.976104 1
93.064646 149.419724 78.549251 1
93.064646 149.419724 78.549251 1
112.886621 192.081890 65.033646 1
124.900437 199.360120 65.084348 1
126.045194 192.476170 66.342479 1
129.379462 172.425701 70.006961 1
129.163200 164.653285 71.697965 1
128.729214 149.055766 75.091437 1
128.729214 149.055766 75.091437 1
101.933186 152.509225 56.157580 1
100.354469 134.252174 60.000552 1
98.399468 111.643572 64.759492 1
97.088649 88.418153 64.729168 1
95.997608 69.086833 64.703926 1
94.071463 63.288068 79.691960 1
94.165192 62.952923 87.574815 1
116.343976 152.391445 55.762725 1
118.099454 134.122031 59.468295 1
120.273330 111.498337 64.057033 1
122.138389 88.099927 63.578526 1
123.659432 69.017429 63.188282 1
125.908994 62.925919 78.014268 1
125.982486 62.426062 85.888667 1
108.905100 153.301000 55.620000 1
109.062861 161.194757 57.624948 1
109.130089 171.343909 59.651904 1
108.985336 180.877091 62.380306 1
108.179711 203.961181 73.160464 1
108.329011 209.446416 78.551540 1
109.937838 225.207319 90.102183 1
104.427709 190.796661 66.027312 1
92.654217 198.372664 67.165743 1
92.138970 191.412990 68.422561 1
90.638241 171.141965 72.083219 1
91.784636 163.572041 74.250879 1
94.085197 148.380879 78.600894 1
94.085197 148.380879 78.600894 1
112.765764 191.202073 65.782305 1
124.788091 198.440576 66.394434 1
125.865713 191.498273 67.356356 1
129.004440 171.277844 70.158089 1
128.663801 163.491560 71.762604 1
127.980218 147.866212 74.982514 1
127.980218 147.866212 74.982514 1
101.650038 152.310255 54.471352 1
100.215994 134.174193 58.899386 1
98.440149 111.715419 64.382837 1
97.118943 88.491356 64.574080 1
96.019257 69.161165 64.733256 1
94.341122 63.475187 79.794146 1
94.573248 63.195824 87.676315 1
116.060397 152.119206 54.089645 1
117.880237 133.963343 58.289318 1
120.133815 111.480263 63.489921 1
122.069950 88.083063 63.365717 1
123.648959 69.001552 63.264423 1
125.772831 62.924770 78.114971 1
125.795319 62.439115 85.990570 1
108.657300 152.804800 53.816200 1
108.835453 160.570678 56.268852 1
108.931914 170.575423 58.917274 1
108.806041 179.892527 62.311741 1
108.003037 202.046192 74.893728 1
108.327357 207.144071 80.645270 1
110.171470 222.048812 93.249224 1
104.259845 189.514832 66.695101 1
92.736094 197.310673 68.627717 1
92.266293 190.299983 69.582523 1
90.897934 169.880368 72.363530 1
92.270055 162.325586 74.451416 1
95.023598 147.164810 78.641342 1
95.023598 147.164810 78.641342 1
112.601837 189.891269 66.564692 1
124.679279 196.962253 67.766166 1
125.697615 189.968416 68.341810 1
128.663662 169.597886 70.018455 1
128.116560 161.812011 71.566854 1
127.018650 146.187481 74.674149 1
127.018650 146.187481 74.674149 1
101.406498 151.916286 52.561881 1
100.078995 133.980908 57.771549 1
98.435082 111.770650 64.222935 1
97.169049 88.545278 64.567183 1
96.115285 69.213997 64.853710 1
94.564329 63.564340 79.941877 1
94.862678 63.304077 87.822472 1
115.818272 151.677411 52.271411 1
117.684344 133.757233 57.367432 1
119.995173 111.566010 63.678016 1
122.014327 88.175715 63.577346 1
123.661042 69.099835 63.495246 1
125.623892 63.140490 78.415377 1
125.557969 62.715689 86.294248 1
108.406300 152.068100 52.086100 1
108.601500 159.698692 54.930754 1
108.719077 169.535662 58.146118 1
108.607335 178.594521 62.179885 1
107.811904 199.644219 76.533058 1
108.317760 204.478913 82.494906 1
110.322217 218.615928 95.931375 1
104.070370 187.842209 67.314737 1
92.801017 195.745027 70.117259 1
92.422777 188.690634 70.729318 1
91.321101 168.143729 72.512023 1
92.969831 160.622541 74.519544 1
96.278470 145.529182 78.548196 1
96.278470 145.529182 78.548196 1
112.414184 188.195966 67.258336 1
124.574116 194.974344 69.128255 1
125.528050 187.950220 69.312173 1
128.306520 167.491476 69.847861 1
127.499888 159.724207 71.376123 1
125.881158 144.137015 74.443006 1
125.881158 144.137015 74.443006 1
101.155854 151.266546 50.772538 1
99.857036 133.576731 56.769554 1
98.248646 111.670566 64.195953 1
97.088112 88.441958 64.669466 1
96.122158 69.107985 65.063586 1
94.690332 63.440199 80.156729 1
95.034229 63.177273 88.035378 1
115.567501 150.998919 50.501504 1
117.618877 133.358151 56.432741 1
120.159173 111.512931 63.777605 1
122.048349 88.111578 63.750767 1
123.589061 69.026680 63.728879 1
125.636582 63.071391 78.639247 1
125.622309 62.651525 86.518646 1
108.147800 151.249800 50.561000 1
108.368316 158.762408 53.702368 1
108.515942 168.439527 57.369784 1
108.426495 177.237674 61.944857 1
107.675582 197.155798 77.833234 1
108.300059 201.716566 83.996287 1
110.490246 215.146114 98.112308 1
103.908005 186.081713 67.761791 1
92.852665 193.985276 71.314270 1
92.562411 186.908165 71.649527 1
91.717007 166.295091 72.626008 1
93.666995 158.830179 74.572632 1
97.580191 143.849752 78.479076 1
97.580191 143.849752 78.479076 1
112.252278 186.426954 67.723352 1
124.466646 192.916704 70.172706 1
125.385687 185.886511 70.054822 1
128.062523 165.410092 69.711468 1
126.961373 157.673375 71.210597 1
124.751611 142.147495 74.219020 1
124.751611 142.147495 74.219020 1
100.895250 150.525843 49.214410 1
99.589672 133.138272 56.037060 1
97.972911 111.606391 64.485882 1
96.942381 88.370218 64.882741 1
96.084633 69.029947 65.213059 1
94.745137 63.295390 80.289448 1
95.113568 63.007060 88.166099 1
115.306005 150.218275 48.938361 1
117.538502 132.913403 55.731135 1
120.303088 111.484134 64.142871 1
122.098647 88.075461 64.088265 1
123.563010 68.984592 64.043731 1
125.717553 62.981257 78.919712 1
125.771176 62.540481 86.797799 1
107.893300 150.204000 49.113300 1
108.134076 157.584242 52.552799 1
108.302634 167.085939 56.652518 1
108.215566 175.618723 61.705310 1
107.409498 194.459210 78.855307 1
108.207896 198.751488 85.188766 1
110.552812 211.588447 99.821797 1
103.680802 184.077133 68.058398 1
92.882481 192.001369 72.290387 1
92.724436 184.914130 72.458357 1
92.264107 164.271558 72.947592 1
94.428902 156.831121 74.755985 1
98.773167 141.899812 78.385030 1
98.773167 141.899812 78.385030 1
112.025970 184.400110 68.095816 1
124.309563 190.560258 71.006640 1
125.177688 183.529431 70.696857 1
127.706228 163.051164 69.794574 1
126.377350 155.349896 71.291658 1
123.710587 139.895154 74.295978 1
123.710587 139.895154 74.295978 1
100.640565 149.559450 47.727916 1
99.394318 132.548599 55.451807 1
97.851030 111.483227 65.016680 1
96.858526 88.243152 65.247067 1
96.032430 68.899633 65.438823 1
94.816324 63.009993 80.465802 1
95.230695 62.647797 88.337119 1
115.050631 149.213483 47.461515 1
117.544367 132.329792 55.162597 1
120.632456 111.422087 64.699125 1
122.228835 87.999788 64.497906 1
123.530758 68.897807 64.333803 1
125.834002 62.833490 79.162694 1
125.986095 62.368078 87.038079 1
107.716200 148.984600 47.794200 1
107.979952 156.234057 51.499859 1
108.171823 165.566893 55.969727 1
108.101684 173.863342 61.402102 1
107.323435 191.808365 79.488189 1
108.121472 195.812279 86.007821 1
110.637372 208.247004 100.956386 1
103.578563 181.991807 68.180003 1
92.838481 189.748394 72.848297 1
92.800567 182.657895 72.922588 1
92.690137 162.005823 73.138974 1
95.083762 154.619176 74.878145 1
99.887238 139.795809 78.368277 1
99.887238 139.795809 78.368277 1
111.924042 182.305203 68.228159 1
124.157379 188.364772 71.534830 1
124.964196 181.333524 71.095819 1
127.314166 160.854029 69.817139 1
125.808258 153.195031 71.362680 1
122.786236 137.825115 74.464240 1
122.786236 137.825115 74.464240 1
100.458923 148.404929 46.403942 1
99.185647 131.871111 55.098327 1
97.608887 111.396474 65.865011 1
96.711307 88.151576 65.773712 1
95.964219 68.804044 65.697719 1
94.828703 62.738362 80.660840 1
95.263287 62.292203 88.526753 1
114.867594 148.041212 46.089944 1
117.688102 131.663431 54.715341 1
121.180845 111.382215 65.396482 1
122.446233 87.943951 64.906972 1
123.478217 68.828951 64.507754 1
126.055088 62.613253 79.228546 1
126.371068 62.074175 87.094356 1
107.579800 147.485300 46.653900 1
107.868448 154.633186 50.550117 1
108.086493 163.831903 55.288726 1
108.033794 171.938849 61.000236 1
107.282297 189.165543 79.772885 1
108.001584 192.952179 86.430046 1
110.584629 205.057281 101.635510 1
103.520751 179.796956 68.096229 1
92.704818 187.289771 73.013573 1
92.752228 180.198965 72.994262 1
92.890317 159.546004 72.938016 1
95.512379 152.248149 74.722059 1
100.774280 137.602968 78.302240 1
100.774280 137.602968 78.302240 1
111.866302 180.108421 68.144497 1
124.003685 186.111798 71.879515 1
124.762370 179.086284 71.289015 1
126.972148 158.623492 69.569100 1
125.268909 151.028721 71.222927 1
121.850887 135.787696 74.541794 1
121.850887 135.787696 74.541794 1
100.317020 146.955021 45.272693 1
98.921990 130.991006 54.956949 1
97.194455 111.221984 66.949438 1
96.523533 87.975209 66.423550 1
95.965100 68.626114 65.985833 1
94.805816 62.334769 80.853648 1
95.203030 61.778841 88.714544 1
114.723925 146.575538 44.901557 1
117.795964 130.781257 54.476927 1
121.600186 111.222610 66.334456 1
122.616641 87.780908 65.530467 1
123.445607 68.663102 64.874776 1
126.261094 62.204027 79.446333 1
126.724583 61.541743 87.295407 1
107.551100 145.703600 45.629800 1
107.820223 152.778922 49.657640 1
108.010022 161.879339 54.583565 1
107.926935 169.844326 60.491084 1
107.092739 186.529695 79.743061 1
107.853642 190.409056 86.341953 1
110.143738 201.960781 102.017567 1
103.377615 177.481528 67.801852 1
92.576382 184.780718 73.032736 1
92.659706 177.692599 72.849006 1
92.902401 157.047459 72.313867 1
95.746652 149.875655 74.261217 1
101.454437 135.483431 78.169118 1
101.454437 135.483431 78.169118 1
111.721889 177.822555 67.867850 1
123.788985 183.849807 71.787592 1
124.524734 176.826966 71.139116 1
126.667706 156.371961 69.250340 1
124.805548 148.854608 71.077494 1
121.068611 133.768945 74.744190 1
121.068611 133.768945 74.744190 1
100.288576 145.174558 44.246777 1
98.762173 129.912773 54.985897 1
96.871953 111.013356 68.284676 1
96.375485 87.781223 67.207282 1
95.962256 68.444315 66.310528 1
94.689010 61.867225 81.044760 1
95.008069 61.165974 88.897592 1
114.696241 144.850577 43.853225 1
117.897795 129.736964 54.432128 1
121.862400 111.021212 67.532369 1
122.663457 87.589350 66.307972 1
123.316757 68.479569 65.309420 1
126.279295 61.704489 79.707286 1
126.838273 60.877108 87.534444 1
107.551900 143.688100 44.675400 1
107.812228 150.713607 48.790079 1
107.984830 159.745901 53.840449 1
107.875583 167.613599 59.876514 1
106.951543 183.931433 79.436946 1
107.668052 187.803894 86.044854 1
109.815623 199.338400 101.753287 1
103.288484 175.099175 67.319307 1
92.457600 182.248963 72.693267 1
92.568973 175.167246 72.348272 1
92.893363 154.540756 71.343426 1
95.968330 147.528490 73.508933 1
102.139109 133.456425 77.854628 1
102.139109 133.456425 77.854628 1
111.631591 175.462206 67.410587 1
123.625596 181.540440 71.473332 1
124.375138 174.527028 70.743694 1
126.558287 154.099483 68.618523 1
124.555262 146.688968 70.713486 1
120.535635 131.817704 74.917615 1
120.535635 131.817704 74.917615 1
100.290515 143.168947 43.282682 1
98.727991 128.708317 55.073754 1
96.793041 110.801010 69.675218 1
96.456273 87.598284 68.044469 1
96.175968 68.285852 66.687138 1
94.781359 61.389989 81.263798 1
95.031158 60.519605 89.102201 1
114.698666 142.864041 42.891709 1
118.022359 128.575809 54.527168 1
122.138212 110.882155 68.935782 1
122.663836 87.482799 67.095447 1
123.092507 68.399528 65.594569 1
126.239860 61.477212 79.882766 1
126.908754 60.572933 87.692778 1
107.615200 141.409700 43.788100 1
107.860666 148.414447 47.938926 1
108.008541 157.416165 53.044371 1
107.861394 165.233205 59.145103 1
106.802272 181.341036 78.872042 1
107.475561 185.208397 85.487477 1
109.513306 196.874937 101.112815 1
103.219142 172.626340 66.645873 1
92.351257 179.639365 72.124334 1
92.422011 172.567258 71.612055 1
92.628089 151.968756 70.119970 1
95.935238 145.171828 72.606182 1
102.571954 131.531897 77.595459 1
102.571954 131.531897 77.595459 1
111.560642 173.012927 66.778057 1
123.498407 179.128456 70.949033 1
124.290992 172.133519 70.097683 1
126.599508 151.759785 67.618010 1
124.414040 144.494146 70.016121 1
120.028293 129.913616 74.828602 1
120.028293 129.913616 74.828602 1
100.356426 140.888211 42.382702 1
98.759501 127.384751 55.254652 1
96.781951 110.662754 71.194619 1
96.599375 87.521081 68.834767 1
96.447410 68.259467 66.870579 1
94.896428 61.297256 81.399824 1
95.062412 60.391001 89.236383 1
114.765489 140.604058 42.010120 1
118.155584 127.265567 54.705645 1
122.353667 110.748013 70.426977 1
122.699614 87.411041 67.885505 1
122.981750 68.378649 65.812815 1
126.254240 61.450604 80.070090 1
127.003774 60.547617 87.872925 1
107.655300 139.015300 42.911400 1
107.872180 146.024403 47.056462 1
107.981330 155.023408 52.167661 1
107.793420 162.817979 58.295959 1
106.631935 178.792019 78.125661 1
107.203445 182.658188 84.751361 1
109.100569 194.492674 100.267727 1
103.105335 170.136899 65.840876 1
92.209473 177.086426 71.344624 1
92.211401 170.031944 70.626004 1
92.217014 149.484777 68.532923 1
95.765704 142.960492 71.389007 1
102.887140 129.867696 77.120537 1
102.887140 129.867696 77.120537 1
111.444489 170.568457 65.981678 1
123.305049 176.767002 70.249247 1
124.182101 169.803785 69.236066 1
126.736642 149.522444 66.285035 1
124.285353 142.475165 69.049770 1
119.366159 128.332837 74.597984 1
119.366159 128.332837 74.597984 1
100.399602 138.466523 41.500517 1
98.708541 125.970462 55.341380 1
96.614417 110.495978 72.481199 1
96.616375 87.432522 69.445375 1
96.618004 68.236010 66.918552 1
94.863579 61.278789 81.427031 1
94.919704 60.375241 89.265460 1
114.809894 138.233865 41.139949 1
118.245741 125.874925 54.779449 1
122.500480 110.570385 71.669744 1
122.663034 87.306345 68.515217 1
122.795606 68.333432 65.942553 1
126.207451 61.400208 80.164600 1
127.040896 60.497112 87.958906 1
107.742800 136.549000 42.006400 1
107.928348 143.567248 46.137485 1
107.993313 152.572309 51.238762 1
107.761331 160.361411 57.372501 1
106.490816 176.278410 77.241347 1
107.020986 180.194775 83.840952 1
108.765575 192.140833 99.289571 1
103.024989 167.635214 64.930897 1
92.172149 174.605693 70.492846 1
92.114136 167.575316 69.569495 1
91.945162 147.098361 66.880106 1
95.653572 140.818783 70.063077 1
103.095530 128.217059 76.450597 1
103.095530 128.217059 76.450597 1
111.361483 168.112345 65.081744 1
123.138234 174.409390 69.436319 1
124.118828 167.486756 68.254069 1
126.974946 147.323617 64.810600 1
124.250816 140.519518 67.908997 1
118.784091 126.865197 74.126796 1
118.784091 126.865197 74.126796 1
100.489241 135.963451 40.599304 1
98.702550 124.533558 55.321598 1
96.490003 110.379360 73.552938 1
96.659187 87.392992 69.983967 1
96.800003 68.260644 67.013387 1
94.842241 61.303524 81.495877 1
94.788372 60.400044 89.334330 1
114.900334 135.797569 40.233842 1
118.383826 124.471543 54.731112 1
122.697565 110.446098 72.683614 1
122.653411 87.255331 69.025830 1
122.617401 68.342175 66.042737 1
126.193416 61.405334 80.222626 1
127.122444 60.502231 88.006117 1
107.820200 134.122100 41.059400 1
107.969803 141.163571 45.152248 1
107.987051 150.191091 50.214061 1
107.707429 157.992647 56.329959 1
106.313335 173.904617 76.194546 1
106.829872 177.834425 82.787238 1
108.488063 189.936980 98.123153 1
102.919004 165.246636 63.874569 1
92.150986 172.283420 69.517302 1
92.046543 165.277573 68.426735 1
91.742335 144.872064 65.250306 1
95.561141 138.799573 68.693891 1
103.224642 126.613427 75.604406 1
103.224642 126.613427 75.604406 1
111.252954 165.758835 64.049162 1
122.929392 172.176017 68.497481 1
123.986291 165.287925 67.186264 1
127.064662 145.225394 63.367162 1
124.094812 138.668498 66.758891 1
118.134984 125.510259 73.565343 1
118.134984 125.510259 73.565343 1
100.571090 133.497199 39.646316 1
98.660990 123.118402 55.112822 1
96.295619 110.265829 74.265754 1
96.662862 87.342379 70.326234 1
96.968530 68.262399 67.047234 1
94.773401 61.305292 81.495658 1
94.590974 60.401802 89.332171 1
114.983230 133.392252 39.300074 1
118.485303 123.067932 54.522699 1
122.822052 110.282936 73.373436 1
122.634994 87.157198 69.328900 1
122.482440 68.297077 66.030392 1
126.163441 61.348296 80.177532 1
127.168169 60.444996 87.951590 1
107.870200 131.769400 40.088300 1
107.990062 138.850578 44.113055 1
107.971829 147.920206 49.099022 1
107.663653 155.755780 55.169896 1
106.215748 171.724749 74.984831 1
106.621038 175.658323 81.583052 1
108.228065 187.943209 96.778801 1
102.851906 163.021204 62.688619 1
92.119624 170.105404 68.340097 1
91.901633 163.128710 67.090954 1
91.266704 142.808113 63.452651 1
95.255283 136.983061 67.123716 1
103.259481 125.293472 74.490732 1
103.259481 125.293472 74.490732 1
111.184466 163.553897 62.868191 1
122.719840 170.148739 67.423427 1
123.840552 163.289876 66.015540 1
127.104787 143.312480 61.914873 1
123.992966 136.941891 65.527196 1
117.748232 124.157528 72.776332 1
117.748232 124.157528 72.776332 1
100.625708 131.107862 38.668229 1
98.580795 121.754422 54.758977 1
96.048479 110.171598 74.684940 1
96.689343 87.287081 70.558509 1
97.222755 68.239507 67.123936 1
94.791915 61.282395 81.534574 1
94.481571 60.378880 89.367062 1
115.038719 131.045294 38.349074 1
118.556213 121.745115 54.214708 1
122.912058 110.228352 73.861707 1
122.563634 87.142412 69.606002 1
122.279479 68.314749 66.135276 1
126.171426 61.376981 80.231269 1
127.275383 60.473813 87.991874 1
107.923300 129.479900 39.091300 1
108.030875 136.609858 43.029348 1
107.993674 145.735316 47.912277 1
107.659592 153.628312 53.906916 1
106.126301 169.749923 73.591395 1
106.466802 173.701674 80.182413 1
108.004439 186.146866 95.254394 1
102.812979 160.942726 61.355419 1
92.138214 168.126336 66.990319 1
91.761320 161.189603 65.568410 1
90.663560 140.985398 61.426902 1
94.879746 135.550318 65.426951 1
103.340699 124.643316 73.454166 1
103.340699 124.643316 73.454166 1
111.143917 161.494196 61.552689 1
122.556513 168.243297 66.190496 1
123.735553 161.409918 64.708293 1
127.169675 141.506744 60.391172 1
123.999220 135.248660 64.146346 1
117.636821 122.690072 71.682150 1
117.636821 122.690072 71.682150 1
100.681378 128.793934 37.669711 1
98.550706 120.469288 54.305251 1
95.912190 110.160470 74.905856 1
96.693782 87.288475 70.734502 1
97.344327 68.251323 67.262537 1
94.733846 61.294060 81.641646 1
94.325706 60.390492 89.469641 1
115.094861 128.741635 37.370668 1
118.522546 120.456923 53.808398 1
122.767176 110.197648 74.163844 1
122.434939 87.131011 69.803467 1
122.163985 68.319089 66.247376 1
126.130357 61.379636 80.321777 1
127.278239 60.476584 88.076020 1
107.912200 127.267400 38.084500 1
108.021633 134.463353 41.900569 1
107.982833 143.666861 46.634732 1
107.635133 151.646444 52.512831 1
106.025918 168.020187 71.981961 1
106.335643 172.008880 78.552211 1
107.783907 184.702486 93.424556 1
102.761563 159.061913 59.842881 1
92.172045 166.465150 65.352978 1
91.625191 159.553024 63.867852 1
90.032402 139.420489 59.542215 1
94.413410 134.339174 63.820501 1
103.205124 124.142100 72.406073 1
103.205124 124.142100 72.406073 1
111.092177 159.604629 60.075016 1
122.406586 166.488403 64.755267 1
123.619378 159.678993 63.192190 1
127.151803 139.845634 58.639509 1
123.804536 133.826094 62.624186 1
117.087315 121.746208 70.620554 1
117.087315 121.746208 70.620554 1
100.672929 126.569535 36.655220 1
98.475584 119.244710 53.746132 1
95.754503 110.174021 74.910648 1
96.666100 87.289259 70.836836 1
97.424853 68.241481 67.446060 1
94.666263 61.284345 81.797552 1
94.177461 60.380837 89.620932 1
115.087049 126.487722 36.396145 1
118.435361 119.211885 53.320548 1
122.581702 110.201939 74.278661 1
122.254349 87.133479 69.927570 1
121.987378 68.320070 66.379051 1
126.071078 61.383367 80.421218 1
127.279532 60.480370 88.166258 1
107.878000 125.183600 36.977900 1
108.012032 132.458371 40.640665 1
108.000617 141.759377 45.180435 1
107.660004 149.858178 50.893586 1
106.008493 166.616740 70.028872 1
106.265756 170.717683 76.531938 1
107.630050 183.746972 91.119195 1
102.774414 157.430968 58.052801 1
92.228086 165.001709 63.416179 1
91.511552 158.112450 61.897354 1
89.424546 138.046519 57.473566 1
93.929427 133.282187 61.981769 1
102.969727 123.721228 71.028738 1
102.969727 123.721228 71.028738 1
111.105455 157.953383 58.314301 1
122.267765 165.070968 63.010023 1
123.517312 158.254790 61.506531 1
127.156793 138.401718 57.127403 1
123.757932 132.659088 61.461761 1
116.937173 121.134900 70.159861 1
116.937173 121.134900 70.159861 1
100.639642 124.491326 35.541295 1
98.297746 118.125331 52.993238 1
95.397660 110.242006 74.604835 1
96.573536 87.321648 70.808289 1
97.552258 68.244241 67.648290 1
94.623491 61.287140 81.966040 1
94.041909 60.383630 89.783069 1
115.053883 124.332768 35.328754 1
118.320424 118.045870 52.660489 1
122.365503 110.260563 74.123018 1
122.102711 87.162199 69.929032 1
121.888392 68.324402 66.508641 1
126.075764 61.387363 80.520075 1
127.341838 60.484326 88.255901 1
107.812900 123.277400 35.888700 1
107.967553 130.647392 39.355023 1
107.977177 140.065800 43.645927 1
107.638829 148.312246 49.143959 1
105.937006 165.561013 67.834060 1
106.153603 169.777795 74.264116 1
107.459565 183.216796 88.480285 1
102.737479 156.077338 56.083022 1
92.216001 163.850175 61.200491 1
91.364765 156.952488 59.793559 1
88.885420 136.862012 55.695674 1
93.491012 132.367522 60.375929 1
102.733418 123.348076 69.768167 1
102.733418 123.348076 69.768167 1
111.068397 156.588086 56.370232 1
122.129877 163.872886 61.048088 1
123.414944 157.034986 59.679194 1
127.157882 137.118646 55.692102 1
123.644197 131.561088 60.173650 1
116.593011 120.408299 69.167129 1
116.593011 120.408299 69.167129 1
100.575918 122.577530 34.448849 1
98.004874 117.099777 52.167896 1
94.821025 110.316407 74.110262 1
96.397316 87.355222 70.728168 1
97.709317 68.243834 67.913133 1
94.563725 61.287051 82.184969 1
93.863669 60.383708 89.992300 1
114.989905 122.352030 34.285209 1
118.168414 116.989969 51.941081 1
122.104481 110.349922 73.804999 1
121.965697 87.206531 69.860738 1
121.852513 68.332012 66.644008 1
126.133603 61.396371 80.627786 1
127.449404 60.493378 88.355314 1
107.792800 121.568200 34.771100 1
107.930424 129.050699 37.988143 1
107.923213 138.606405 41.963919 1
107.569562 147.026550 47.191038 1
105.820206 164.857062 65.322465 1
106.029174 169.266229 71.622415 1
107.308657 183.166069 85.390825 1
102.653768 155.016188 53.859707 1
92.161748 163.012475 58.685046 1
91.245805 156.092469 57.437368 1
88.577993 135.936983 53.803331 1
93.192065 131.685574 58.697468 1
102.451487 123.153938 68.518919 1
102.451487 123.153938 68.518919 1
110.984410 155.517678 54.170298 1
122.002492 162.984943 58.659037 1
123.329070 156.108384 57.547611 1
127.192916 136.079444 54.310431 1
123.556377 130.716457 58.928945 1
116.258651 119.954129 68.197283 1
116.258651 119.954129 68.197283 1
100.562664 120.818215 33.322115 1
97.794890 116.171950 51.247860 1
94.367420 110.418251 73.446189 1
96.179983 87.406451 70.563319 1
97.688641 68.252935 68.163805 1
94.329819 61.295554 82.386676 1
93.512880 60.391927 90.182610 1
114.977284 120.591443 33.232909 1
118.052547 116.057575 51.137412 1
121.860761 110.443109 73.309220 1
121.922006 87.253159 69.646504 1
121.971955 68.340670 66.659388 1
126.287434 61.404814 80.632484 1
127.622293 60.501720 88.356731 1
107.810700 120.076900 33.611400 1
107.910041 127.680431 36.532452 1
107.851380 137.385498 40.127810 1
107.439533 146.005592 45.013611 1
105.519334 164.542208 62.404493 1
105.858316 169.218186 68.503191 1
107.129520 183.616340 81.750414 1
102.454668 154.234005 51.331430 1
92.050690 162.516004 55.856108 1
91.157294 155.546635 54.901190 1
88.555153 135.247371 52.119858 1
93.132990 131.187620 57.206954 1
102.319698 123.040600 67.415630 1
102.319698 123.040600 67.415630 1
110.781327 154.786087 51.662356 1
121.845889 162.329794 55.902041 1
123.235639 155.421978 55.106542 1
127.283483 135.302000 52.789541 1
123.580696 130.098994 57.536627 1
116.150024 119.657715 67.062980 1
116.150024 119.657715 67.062980 1
100.588650 119.244035 32.167369 1
97.760131 115.362836 50.264785 1
94.257437 110.556556 72.675702 1
95.999723 87.480955 70.304977 1
97.449886 68.274334 68.331738 1
93.957842 61.317190 82.522603 1
93.067828 60.413693 90.310548 1
115.004212 119.066878 32.138259 1
117.894734 115.268777 50.243611 1
121.474177 110.565440 72.664137 1
121.891694 87.322959 69.376924 1
122.232200 68.367628 66.696048 1
126.510667 61.433644 80.681450 1
127.822125 60.530528 88.409702 1
107.938400 118.745000 32.649800 1
107.999290 126.475454 35.217380 1
107.892837 136.336582 38.358270 1
107.437033 145.175075 42.832638 1
105.421133 164.510992 59.318831 1
105.745891 169.457260 65.201241 1
107.106296 184.457616 77.753148 1
102.410063 153.670912 48.750478 1
91.885865 162.090608 52.707363 1
91.031118 155.072396 52.163076 1
88.541549 134.630873 50.577764 1
93.113810 130.766164 55.819441 1
102.289327 123.010550 66.338325 1
102.289327 123.010550 66.338325 1
110.733812 154.279382 49.054643 1
121.813542 161.997938 52.923809 1
123.223851 155.058179 52.559245 1
127.331576 134.845160 51.497403 1
123.638659 129.759622 56.377607 1
116.227794 119.554074 66.171098 1
116.227794 119.554074 66.171098 1
100.723555 117.816291 31.228387 1
97.790476 114.599124 49.439031 1
94.158300 110.615148 71.990165 1
95.805214 87.504967 69.905339 1
97.175996 68.269565 68.170064 1
93.510680 61.312484 82.317197 1
92.525689 60.408955 90.093696 1
115.139745 117.698199 31.242059 1
118.018328 114.556356 49.474640 1
121.582985 110.665688 72.052720 1
121.950677 87.375975 69.112134 1
122.250547 68.382123 66.713949 1
126.638937 61.454074 80.668198 1
128.002568 60.551131 88.387435 1
107.988300 117.697400 31.785400 1
108.035906 125.550011 33.951118 1
107.905131 135.559082 36.581662 1
107.417026 144.612451 40.599740 1
105.294118 164.748343 56.084416 1
105.554091 169.952525 61.743275 1
106.993492 185.633455 73.424384 1
102.345905 153.377015 46.071180 1
91.613985 161.784138 49.455429 1
90.840234 154.735555 49.424859 1
88.586574 134.205574 49.335819 1
93.092039 130.529809 54.767784 1
102.133513 123.153363 65.668537 1
102.133513 123.153363 65.668537 1
110.666668 154.031852 46.360400 1
121.841118 161.792631 49.854531 1
123.229066 154.839535 49.955476 1
127.271663 134.587670 50.249493 1
123.625004 129.614959 55.278481 1
116.306967 119.635828 65.370552 1
116.306967 119.635828 65.370552 1
100.772970 116.680459 30.428291 1
97.764901 113.996620 48.712962 1
94.039862 110.673091 71.355768 1
95.586715 87.528682 69.599961 1
96.874214 68.264791 68.138540 1
93.086521 61.307621 82.253357 1
92.034097 60.404088 90.021018 1
115.189398 116.595641 30.418937 1
118.073044 113.983905 48.734173 1
121.643971 110.749689 71.414607 1
121.900400 87.416333 68.829700 1
122.109530 68.386889 66.721587 1
126.597892 61.461642 80.645395 1
128.012656 60.558721 88.355427 1
108.382700 117.132600 31.053900 1
108.367070 125.093112 32.781932 1
108.160362 135.228447 34.867748 1
107.609964 144.473450 38.413686 1
105.342919 165.331622 52.888949 1
105.610052 170.825326 58.266833 1
106.935462 187.088037 69.137861 1
102.482531 153.475922 43.427209 1
91.525661 161.789802 46.279118 1
90.880257 154.747524 46.800570 1
89.000426 134.235904 48.319371 1
93.349687 130.709418 53.973091 1
102.077692 123.632542 65.318854 1
102.077692 123.632542 65.318854 1
110.799528 154.173597 43.724460 1
122.151906 161.845608 46.818120 1
123.459516 154.901328 47.409105 1
127.268117 134.675140 49.130433 1
123.729199 129.796880 54.326137 1
116.627376 120.007291 64.752770 1
116.627376 120.007291 64.752770 1
101.174514 115.982243 29.767186 1
97.979220 113.634835 48.066379 1
94.022332 110.727924 70.727167 1
95.513921 87.555134 69.335682 1
96.755421 68.267620 68.177499 1
92.764370 61.310533 82.236210 1
91.599964 60.407032 89.987878 1
115.591124 116.016796 29.738412 1
118.312633 113.693493 48.117207 1
121.682781 110.816453 70.876348 1
121.977442 87.453757 68.576207 1
122.217752 68.400386 66.700334 1
126.637149 61.479209 80.648205 1
128.007963 60.576427 88.366189 1
108.533100 116.725900 30.391900 1
108.478498 124.762724 31.719520 1
108.226080 134.988575 33.296424 1
107.633971 144.396244 36.377309 1
105.259026 165.937051 49.797046 1
105.491499 171.694626 54.893131 1
106.667664 188.506787 64.912093 1
102.466061 153.624226 40.916864 1
91.376440 161.922566 43.254563 1
90.887392 154.928347 44.314696 1
89.462971 134.556709 47.402483 1
93.570409 131.069844 53.258031 1
101.813129 124.072480 65.008820 1
101.813129 124.072480 65.008820 1
110.780250 154.352470 41.219312 1
122.249259 162.012037 43.883865 1
123.432417 155.104871 44.967065 1
126.878533 134.986782 48.122039 1
123.504644 130.180523 53.491718 1
116.733997 120.535425 64.267480 1
116.733997 120.535425 64.267480 1
101.334487 115.481847 29.139224 1
98.001126 113.378339 47.443449 1
93.873263 110.773461 70.110468 1
95.330097 87.578898 69.096017 1
96.542669 68.273260 68.251653 1
92.400694 61.316148 82.266627 1
91.152992 60.412641 90.005325 1
115.750842 115.576526 29.159002 1
118.402766 113.478602 47.575040 1
121.686744 110.880657 70.380301 1
121.975355 87.491990 68.360408 1
122.210731 68.417438 66.713091 1
126.617518 61.500452 80.667030 1
127.975293 60.597755 88.387328 1
108.634800 116.306200 29.849900 1
108.573729 124.400059 30.767405 1
108.313462 134.691752 31.831212 1
107.712567 144.236781 34.453811 1
105.312254 166.377734 46.853519 1
105.468377 172.423363 51.607442 1
106.495180 189.809245 60.612360 1
102.534953 153.662946 38.553838 1
91.413953 162.048501 40.373952 1
91.081692 155.144028 41.955088 1
90.113933 135.033784 46.560368 1
93.970608 131.510358 52.562721 1
101.710102 124.439624 64.608117 1
101.710102 124.439624 64.608117 1
110.848424 154.409675 38.829784 1
122.301203 162.225980 41.076158 1
123.312412 155.395191 42.688584 1
126.257704 135.499564 47.385000 1
123.122913 130.618258 52.831343 1
116.832082 120.822559 63.760952 1
116.832082 120.822559 63.760952 1
101.438430 114.995293 28.653790 1
98.106638 113.130065 46.984114 1
93.980718 110.820261 69.683453 1
95.218616 87.603419 68.918532 1
96.248962 68.279238 68.281859 1
92.053279 61.322039 82.280806 1
90.775973 60.418462 90.014664 1
115.854692 115.100499 28.685275 1
118.472805 113.209203 47.128510 1
121.714915 110.867132 69.967451 1
122.049702 87.461859 68.158006 1
122.322738 68.373763 66.682319 1
126.676524 61.442857 80.645985 1
128.025173 60.539839 88.367845 1
108.737800 115.842900 29.313800 1
108.669937 123.969980 29.863402 1
108.399419 134.299403 30.453490 1
107.781892 143.956721 32.621798 1
105.312111 166.668074 43.928021 1
105.453675 172.979230 48.323821 1
106.495304 190.850212 56.320993 1
102.579802 153.564912 36.240007 1
91.435227 162.008360 37.586702 1
91.253569 155.233767 39.673332 1
90.724467 135.501816 45.750932 1
94.358930 131.938888 51.867544 1
101.652494 124.788881 64.142230 1
101.652494 124.788881 64.142230 1
110.891461 154.331912 36.514932 1
122.430898 162.126862 38.355340 1
123.308075 155.418163 40.478088 1
125.862977 135.878140 46.660887 1
122.907914 131.001206 52.210647 1
116.977758 121.214280 63.347789 1
116.977758 121.214280 63.347789 1
101.544740 114.474121 28.163480 1
98.130143 112.853252 46.501801 1
93.901679 110.846050 69.211042 1
95.096489 87.618013 68.798782 1
96.090970 68.284514 68.455642 1
91.800515 61.349439 82.436830 1
90.471460 60.457869 90.163358 1
115.960838 114.590682 28.219923 1
118.624558 112.968118 46.682218 1
121.923142 110.958828 69.544761 1
122.115641 87.531693 68.019866 1
122.272634 68.425769 66.776243 1
126.764998 61.511168 80.704051 1
128.166696 60.608517 88.416501 1
108.799700 115.402900 28.821000 1
108.741379 123.546362 29.012633 1
108.482482 133.892098 29.143356 1
107.869129 143.637683 30.873688 1
105.377851 166.841816 41.125412 1
105.554161 173.429578 45.093295 1
106.561727 191.739718 52.031257 1
102.663706 153.406750 34.026371 1
91.443533 161.813283 34.889442 1
91.386311 155.198893 37.444578 1
91.219644 135.933560 44.886768 1
94.649904 132.351090 51.108981 1
101.533678 125.161866 63.595587 1
101.533678 125.161866 63.595587 1
110.975053 154.174904 34.307449 1
122.604267 161.915753 35.772923 1
123.354341 155.360226 38.369961 1
125.539036 136.266341 45.934198 1
122.739489 131.356379 51.535226 1
117.121418 121.503172 62.775254 1
117.121418 121.503172 62.775254 1
101.607329 113.993674 27.716112 1
98.125217 112.630426 46.062696 1
93.813148 110.942249 68.782171 1
95.004005 87.711833 68.519702 1
95.995196 68.376354 68.301238 1
91.622572 61.583201 82.326576 1
90.253154 60.768179 90.054509 1
116.023414 114.094963 27.799158 1
118.553085 112.725823 46.300797 1
121.685673 111.030358 69.212062 1
122.109776 87.607085 67.674718 1
122.455653 68.504309 66.420943 1
127.014422 61.605580 80.335038 1
128.430327 60.703240 88.044929 1
108.796400 115.041700 28.212500 1
108.752081 123.185799 28.045808 1
108.519671 133.528288 27.733931 1
107.950621 143.338453 29.069418 1
105.613074 166.930720 38.433013 1
105.681991 173.791382 41.911569 1
106.717987 192.518447 47.624316 1
102.809052 153.252843 31.851441 1
91.417132 161.463250 32.198348 1
91.432201 155.035897 35.193518 1
91.476090 136.315332 43.917371 1
94.728236 132.710968 50.222037 1
101.254575 125.477808 62.874108 1
101.254575 125.477808 62.874108 1
111.125273 153.978846 32.098302 1
122.762876 161.766369 33.206299 1
123.375891 155.388012 36.243225 1
125.161386 136.810157 45.088697 1
122.576636 131.819184 50.721278 1
117.389615 121.803407 62.024624 1
117.389615 121.803407 62.024624 1
101.599485 113.597886 27.184533 1
98.086626 112.437496 45.539205 1
93.736480 111.000528 68.268697 1
94.915747 87.768175 68.348567 1
95.897291 68.431085 68.415045 1
91.452983 61.793267 82.492132 1
90.049529 61.061771 90.222316 1
116.015857 113.677377 27.235275 1
118.756280 112.439767 45.716152 1
122.149850 110.907181 68.601708 1
122.332906 87.446451 67.733601 1
122.482196 68.313127 67.025620 1
126.937381 61.367750 80.950057 1
128.363822 60.464480 88.657896 1
108.895500 114.740800 27.784500 1
108.867956 122.872089 27.297187 1
108.659151 133.195109 26.583028 1
108.120706 143.050679 27.544540 1
105.870256 166.983048 36.024709 1
105.921861 174.039890 39.086097 1
107.016499 193.106638 43.521482 1
103.016569 153.081602 29.952622 1
91.541638 161.182743 29.885845 1
91.649936 154.943938 33.254482 1
91.965368 136.772545 43.066109 1
94.983795 133.188195 49.497147 1
101.041112 125.995198 62.402817 1
101.041112 125.995198 62.402817 1
111.335431 153.783517 30.179352 1
123.034158 161.513543 31.012090 1
123.518622 155.306277 34.405803 1
124.929695 137.226749 44.290468 1
122.583232 132.191659 49.987721 1
117.874403 122.087348 61.420850 1
117.874403 122.087348 61.420850 1
101.692384 113.273762 26.835910 1
98.148716 112.284356 45.194673 1
93.760418 111.059126 67.929229 1
94.951831 87.828982 68.212415 1
95.943485 68.493730 68.448118 1
91.453173 61.966940 82.562472 1
90.028386 61.294950 90.294156 1
116.108980 113.322844 26.840039 1
118.939146 112.243491 45.317312 1
122.443847 110.906880 68.198403 1
122.496225 87.435894 67.647892 1
122.538942 68.294206 67.198925 1
127.038277 61.339900 81.104697 1
128.502733 60.436449 88.805383 1
108.958500 114.469700 27.351400 1
108.961558 122.579819 26.588472 1
108.793234 132.872557 25.516291 1
108.298047 142.758803 26.119307 1
106.151535 167.005359 33.684560 1
106.197089 174.217671 36.359305 1
107.384442 193.505249 39.674615 1
103.240592 152.899721 28.132863 1
91.712710 160.913919 27.699783 1
91.911487 154.870527 31.403841 1
92.490454 137.268305 42.192429 1
95.269116 133.648179 48.710898 1
100.845278 126.383386 61.792022 1
100.845278 126.383386 61.792022 1
111.562414 153.566600 28.356699 1
123.333031 161.209082 28.950004 1
123.697436 155.164886 32.640132 1
124.758821 137.560320 43.388144 1
122.471663 132.831488 49.365081 1
117.881846 123.341771 61.359474 1
117.881846 123.341771 61.359474 1
101.747608 112.999945 26.468362 1
98.203984 112.150016 44.834119 1
93.815740 111.097506 67.577337 1
95.014639 87.871510 68.082290 1
96.012524 68.539710 68.502578 1
91.506146 62.155554 82.676921 1
90.077627 61.559756 90.414161 1
116.164259 112.991875 26.440369 1
119.020133 112.050319 44.921221 1
122.556670 110.884347 67.806745 1
122.602341 87.408627 67.521328 1
122.639590 68.263078 67.288557 1
127.178163 61.305747 81.180058 1
128.669108 60.402274 88.875656 1
109.021000 114.357000 27.002500 1
109.058420 122.438720 25.982449 1
108.933593 132.693281 24.587185 1
108.486175 142.595738 24.883564 1
106.471863 167.073376 31.704404 1
106.492987 174.436008 33.932631 1
107.722332 193.871602 36.203784 1
103.481891 152.818435 26.593566 1
91.888571 160.713654 25.840290 1
92.155707 154.836187 29.798340 1
92.933779 137.717244 41.326715 1
95.535272 134.053459 47.893726 1
100.755894 126.701053 61.072263 1
100.755894 126.701053 61.072263 1
111.807264 153.450949 26.782320 1
123.620774 161.042965 27.112824 1
123.867397 155.141638 31.036554 1
124.585723 137.953199 42.464966 1
122.481601 133.054602 48.372008 1
118.259096 123.224204 60.226135 1
118.259096 123.224204 60.226135 1
101.799575 112.894472 26.196937 1
98.253890 112.110022 44.565210 1
93.863095 111.138599 67.311543 1
95.060730 87.915828 67.950155 1
96.057563 68.586713 68.481692 1
91.548970 62.296108 82.697098 1
90.122308 61.750222 90.438362 1
116.215773 112.816563 26.108524 1
119.116489 111.956793 44.586378 1
122.708554 110.892099 67.468189 1
122.614936 87.415644 67.267409 1
122.538587 68.269497 67.103664 1
127.148501 61.312355 80.971748 1
128.678600 60.408855 88.659654 1
109.092000 114.290100 26.740500 1
109.164168 122.335634 25.467603 1
109.072577 132.543299 23.760691 1
108.644317 142.451029 23.773618 1
106.649187 167.104197 29.936154 1
106.759140 174.576933 31.758219 1
107.990732 194.105508 32.995012 1
103.644772 152.716493 25.221133 1
92.113434 160.682504 24.284175 1
92.455238 154.913475 28.393142 1
93.450788 138.110371 40.361085 1
95.958443 134.420188 46.949782 1
100.990751 127.014808 60.171840 1
100.990751 127.014808 60.171840 1
111.970643 153.353407 25.368678 1
123.852518 160.844707 25.460550 1
124.013866 155.066179 29.567218 1
124.483818 138.235410 41.528464 1
122.454486 133.350288 47.472714 1
118.382068 123.546931 59.401511 1
118.382068 123.546931 59.401511 1
101.860769 112.838305 26.006677 1
98.323183 112.091085 44.378063 1
93.942415 111.165766 67.128252 1
95.137734 87.946390 67.883913 1
96.132638 68.620099 68.512874 1
91.630106 62.397706 82.760187 1
90.209059 61.888104 90.504956 1
116.276009 112.687348 25.869814 1
119.210071 111.887646 44.345099 1
122.843431 110.897338 67.223731 1
122.716322 87.420225 67.178849 1
122.612660 68.273540 67.142246 1
127.289210 61.316310 80.987957 1
128.856369 60.412798 88.668393 1
109.114300 114.188700 26.532100 1
109.241937 122.192089 25.020291 1
109.220486 132.347235 23.022565 1
108.869056 142.254941 22.776465 1
107.094280 167.064108 28.352438 1
107.180779 174.621011 29.787541 1
108.374468 194.189467 30.037299 1
103.956401 152.591481 23.998045 1
92.407628 160.510707 22.894109 1
92.782607 154.806098 27.089222 1
93.874786 138.190628 39.308074 1
96.383447 134.512271 45.902998 1
101.417775 127.130624 59.137552 1
101.417775 127.130624 59.137552 1
112.287572 153.165830 24.094324 1
124.110750 160.746700 23.871113 1
124.204346 155.078823 28.131224 1
124.476958 138.570338 40.539394 1
122.450341 133.684927 46.484333 1
118.383372 123.880989 58.414511 1
118.383372 123.880989 58.414511 1
101.868228 112.772909 25.878743 1
98.367217 112.066184 44.258736 1
94.031743 111.191012 67.019584 1
95.174860 87.970586 67.822286 1
96.126315 68.643422 68.490402 1
91.656814 62.462852 82.766291 1
90.255181 61.975445 90.516025 1
116.280930 112.504136 25.672703 1
119.246851 111.790595 44.146430 1
122.919664 110.906981 67.023132 1
122.806641 87.429979 67.126031 1
122.714466 68.283385 67.209951 1
127.479982 61.326191 81.025312 1
129.096435 60.422673 88.695524 1
109.205100 114.214600 26.360400 1
109.359326 122.176491 24.645583 1
109.365594 132.279837 22.400424 1
109.036483 142.180283 21.931885 1
107.306465 167.101793 26.997601 1
107.468459 174.716209 28.078436 1
108.663195 194.277088 27.481456 1
104.140280 152.546693 22.949355 1
92.595822 160.451478 21.705632 1
92.987595 154.801040 25.971920 1
94.128686 138.343352 38.398080 1
96.714191 134.672186 44.967283 1
101.902726 127.304969 58.150220 1
101.902726 127.304969 58.150220 1
112.472397 153.111290 23.017281 1
124.350121 160.593570 22.525210 1
124.436018 154.993344 26.874029 1
124.686206 138.681903 39.540575 1
122.612294 133.849120 45.512158 1
118.450414 124.150795 57.495807 1
118.450414 124.150795 57.495807 1
101.950836 112.812853 25.770770 1
98.493267 112.127879 44.159808 1
94.211588 111.279642 66.931855 1
95.072096 88.045755 67.696883 1
95.788326 68.707387 68.333641 1
91.324809 62.656442 82.666818 1
89.930994 62.237650 90.421971 1
116.361411 112.478996 25.516722 1
119.328341 111.779650 43.990830 1
123.002402 110.913615 66.868003 1
122.854127 87.437233 67.042683 1
122.733202 68.291145 67.185143 1
127.534249 61.334016 80.988229 1
129.170415 60.430527 88.654263 1
109.241600 114.260900 26.320100 1
109.426348 122.179066 24.416257 1
109.466705 132.229053 21.943506 1
109.166173 142.118930 21.275156 1
107.491819 167.130645 25.895411 1
107.752838 174.783937 26.625322 1
108.943199 194.307794 25.278557 1
104.292843 152.512523 22.108456 1
92.763064 160.409709 20.692262 1
93.162070 154.808337 25.022107 1
94.324232 138.493556 37.633387 1
96.997468 134.846717 44.180988 1
102.362062 127.528319 57.320577 1
102.362062 127.528319 57.320577 1
112.626188 153.060048 22.164392 1
124.536335 160.468757 21.411785 1
124.623114 154.932537 25.841782 1
124.875872 138.807522 38.744769 1
122.764503 134.014143 44.734957 1
118.527454 124.394894 56.755942 1
118.527454 124.394894 56.755942 1
101.979583 112.878189 25.783329 1
98.596163 112.171093 44.185317 1
94.406308 111.295461 66.973402 1
95.065743 88.054299 67.716888 1
95.614614 68.709875 68.335716 1
91.198412 62.699695 82.700665 1
89.831428 62.302496 90.461729 1
116.387775 112.473591 25.498750 1
119.355784 111.769646 43.972510 1
123.031182 110.897917 66.849252 1
122.876773 87.421975 67.071277 1
122.750846 68.276245 67.252349 1
127.591189 61.319192 81.041742 1
129.249128 60.415725 88.703100 1
109.256300 114.355400 26.318000 1
109.469390 122.232519 24.253614 1
109.542065 132.229527 21.575387 1
109.271545 142.104308 20.702340 1
107.667538 167.211960 24.797347 1
107.973930 174.878195 25.352991 1
109.223480 194.332643 23.261378 1
104.426221 152.525879 21.322168 1
92.852428 160.335084 19.782493 1
93.242389 154.788942 24.183672 1
94.378204 138.635027 37.002721 1
97.130528 135.001520 43.524918 1
102.653835 127.709878 56.613525 1
102.653835 127.709878 56.613525 1
112.761020 153.052588 21.357494 1
124.721187 160.362195 20.445887 1
124.814530 154.878686 24.940835 1
125.086406 138.907201 38.033001 1
122.953569 134.158697 44.051259 1
118.673438 124.629503 56.128574 1
118.673438 124.629503 56.128574 1
101.986684 112.994111 25.831718 1
98.665222 112.232238 44.242805 1
94.552094 111.288773 67.042158 1
95.117929 88.043542 67.733758 1
95.588893 68.695732 68.309399 1
91.223694 62.636576 82.669363 1
89.882831 62.213424 90.433611 1
116.392008 112.520372 25.511008 1
119.370032 111.801543 43.982583 1
123.057830 110.911382 66.856620 1
122.916947 87.435290 67.071665 1
122.802050 68.289438 67.247044 1
127.686146 61.332450 81.021035 1
129.368302 60.428986 88.677112 1
109.279900 114.445500 26.351500 1
109.521546 122.289776 24.168604 1
109.629026 132.244033 21.336717 1
109.396920 142.104281 20.303123 1
107.898286 167.285077 23.966142 1
108.201697 174.965953 24.259177 1
109.510060 194.349505 21.617620 1
104.594001 152.554345 20.748817 1
92.957278 160.234875 19.044963 1
93.333610 154.738463 23.509263 1
94.429730 138.729396 36.512161 1
97.258270 135.108121 43.008502 1
102.934524 127.841024 56.045221 1
102.934524 127.841024 56.045221 1
112.930873 153.048152 20.765053 1
124.926610 160.268807 19.637487 1
125.022513 154.829410 24.185663 1
125.301847 138.986406 37.432861 1
123.145901 134.307706 43.497379 1
118.819398 124.918592 55.667527 1
118.819398 124.918592 55.667527 1
102.001887 113.112089 25.916253 1
98.699513 112.277941 44.327641 1
94.610022 111.244974 67.127366 1
95.310339 88.004098 67.841841 1
95.893237 68.659913 68.436521 1
91.574564 62.526920 82.779197 1
90.256492 62.064667 90.545118 1
116.403295 112.564307 25.542019 1
119.384899 111.824882 44.012203 1
123.077131 110.909217 66.884518 1
122.902368 87.433575 67.122559 1
122.759841 68.288089 67.316693 1
127.671863 61.330937 81.080665 1
129.369736 60.427448 88.733270 1
109.319500 114.540700 26.377400 1
109.579472 122.356703 24.097355 1
109.706892 132.264002 21.106107 1
109.495956 142.097866 19.842256 1
108.053337 167.382719 22.728620 1
108.415374 175.055213 23.147611 1
109.787937 194.373036 20.089909 1
104.715348 152.566871 19.969556 1
92.941069 160.037187 18.276127 1
93.290508 154.597568 22.811606 1
94.308296 138.753914 36.021822 1
97.208255 135.144046 42.492974 1
103.027830 127.899840 55.479144 1
103.027830 127.899840 55.479144 1
113.053249 153.043248 19.963767 1
125.234710 159.955844 18.898410 1
125.358715 154.549635 23.485311 1
125.719900 138.803295 36.845303 1
123.534837 134.213167 42.966818 1
119.149902 125.001797 55.251345 1
119.149902 125.001797 55.251345 1
102.034978 113.228267 25.989906 1
98.730098 112.339396 44.398283 1
94.637503 111.238663 67.194280 1
95.348384 87.997629 67.893032 1
95.940074 68.653313 68.474626 1
91.635186 62.523325 82.822729 1
90.324540 62.062713 90.590004 1
116.432587 112.624087 25.560398 1
119.356495 111.854155 44.038558 1
122.977280 110.900710 66.920749 1
122.925371 87.424737 67.183445 1
122.883037 68.278983 67.397686 1
127.789953 61.321825 81.163478 1
129.485007 60.418341 88.816708 1
109.378800 114.621600 26.403200 1
109.648525 122.419736 24.063879 1
109.785698 132.291201 20.956836 1
109.590581 142.098110 19.496303 1
108.201772 167.457781 21.662961 1
108.672110 175.115330 22.223774 1
109.980050 194.389080 18.873612 1
104.831047 152.576176 19.330575 1
92.913758 159.813742 17.626802 1
93.229304 154.435235 22.237034 1
94.148375 138.769584 35.664980 1
97.094836 135.164047 42.117513 1
103.007731 127.928534 55.066321 1
103.007731 127.928534 55.066321 1
113.169870 153.035272 19.302199 1
125.522704 159.635157 18.227023 1
125.665523 154.278717 22.871407 1
126.081507 138.677340 36.398825 1
123.895133 134.100208 42.529595 1
119.507566 124.914919 54.832697 1
119.507566 124.914919 54.832697 1
102.088249 113.328307 26.068289 1
98.759556 112.405858 44.470723 1
94.637471 111.263543 67.259360 1
95.362688 88.022508 67.943176 1
95.966311 68.678191 68.512338 1
91.657964 62.604254 82.883222 1
90.347163 62.173352 90.652176 1
116.481213 112.677573 25.558576 1
119.374543 111.885325 44.040606 1
122.957462 110.904246 66.927588 1
122.923319 87.428090 67.176443 1
122.895474 68.282186 67.379396 1
127.811237 61.325032 81.142033 1
129.511188 60.421543 88.794176 1
109.449300 114.723100 26.344300 1
109.724956 122.512985 23.978332 1
109.871312 132.359170 20.792493 1
109.700630 142.139892 19.163063 1
108.410566 167.553382 20.655150 1
108.906667 175.195748 21.377593 1
110.179404 194.434854 17.821100 1
104.981024 152.628047 18.722129 1
92.882705 159.561772 17.030651 1
93.125730 154.237531 21.707781 1
93.833575 138.729935 35.330573 1
96.848306 135.111581 41.744279 1
102.898204 127.850344 54.615168 1
102.898204 127.850344 54.615168 1
113.321514 153.054185 18.675298 1
125.798622 159.415248 17.595662 1
125.951373 154.090994 22.276594 1
126.396284 138.583359 35.910463 1
124.197834 134.066887 42.081768 1
119.786033 125.003328 54.466215 1
119.786033 125.003328 54.466215 1
102.152944 113.449679 26.064143 1
98.784179 112.484413 44.457087 1
94.612473 111.289076 67.233971 1
95.368152 88.048716 67.907676 1
95.997130 68.704961 68.468421 1
91.680014 62.665868 82.851354 1
90.365753 62.253339 90.620721 1
116.540104 112.756037 25.456576 1
119.376771 111.932936 43.946040 1
122.889523 110.913653 66.842227 1
122.911983 87.437844 67.123109 1
122.930301 68.292223 67.352182 1
127.830983 61.334962 81.120142 1
129.522691 60.431462 88.774110 1
109.477300 114.797300 26.324400 1
109.755589 122.582791 23.944319 1
109.905141 132.407692 20.693578 1
109.749839 142.160863 18.905222 1
108.530779 167.608062 19.735916 1
109.039781 175.229362 20.647230 1
110.322212 194.442331 16.955495 1
105.058215 152.646910 18.196703 1
92.844941 159.387961 16.553191 1
93.008054 154.118055 21.294880 1
93.483144 138.768716 35.105715 1
96.580643 135.091266 41.445950 1
102.796638 127.711439 54.169399 1
102.796638 127.711439 54.169399 1
113.399767 153.048732 18.128796 1
125.968366 159.225689 17.041380 1
126.123410 153.937085 21.762478 1
126.574997 138.533287 35.513338 1
124.384686 134.021083 41.690657 1
119.989220 124.966090 54.087171 1
119.989220 124.966090 54.087171 1
102.176376 113.540304 26.093376 1
98.794712 112.530870 44.481581 1
94.607031 111.280839 67.252597 1
95.333154 88.039171 67.913551 1
95.937531 68.694327 68.463684 1
91.624238 62.670236 82.854053 1
90.312377 62.265689 90.624245 1
116.557678 112.812460 25.394048 1
119.329184 111.958234 43.891980 1
122.761244 110.900407 66.798654 1
122.868759 87.425277 67.114449 1
122.956443 68.280210 67.371994 1
127.834157 61.323059 81.148163 1
129.512948 60.419569 88.804976 1
109.547600 114.879300 26.290500 1
109.827498 122.668090 23.921428 1
109.979230 132.480111 20.632113 1
109.838980 142.206125 18.700360 1
108.692886 167.669635 18.879834 1
109.174136 175.263781 20.007279 1
110.455146 194.471232 16.286453 1
105.176245 152.683936 17.728309 1
92.833059 159.197922 16.140634 1
92.895517 153.991056 20.953823 1
93.077437 138.825330 34.972907 1
96.284303 135.082676 41.219928 1
102.719774 127.571999 53.756317 1
102.719774 127.571999 53.756317 1
113.518817 153.060042 17.641223 1
126.174230 159.055293 16.543740 1
126.361401 153.779656 21.278163 1
126.906565 138.413626 35.067833 1
124.684038 133.917218 41.245163 1
120.223922 124.893924 53.641700 1
120.223922 124.893924 53.641700 1
102.242289 113.639822 26.108771 1
98.844897 112.586375 44.491608 1
94.637741 111.281839 67.255975 1
95.360140 88.040417 67.929536 1
95.961417 68.695777 68.490162 1
91.651629 62.674022 82.882558 1
90.341833 62.270673 90.653161 1
116.616561 112.879417 25.307061 1
119.301934 111.993141 43.816187 1
122.627333 110.895625 66.736722 1
122.855678 87.424209 67.219934 1
123.041905 68.282171 67.614016 1
127.858959 61.325027 81.411517 1
129.504023 60.421532 89.075646 1
109.588800 114.942600 26.248300 1
109.869181 122.737985 23.901077 1
110.021330 132.542098 20.588288 1
109.894283 142.242562 18.531214 1
108.817215 167.706286 18.113150 1
109.238096 175.282742 19.375668 1
110.507160 194.503442 15.719724 1
105.259049 152.707301 17.316991 1
92.771709 158.938646 15.722100 1
92.750078 153.815306 20.624452 1
92.687074 138.892864 34.903241 1
95.981495 135.091784 41.068896 1
102.592668 127.463858 53.442001 1
102.592668 127.463858 53.442001 1
113.602528 153.058529 17.214291 1
126.304826 158.942051 16.055521 1
126.507803 153.695078 20.821045 1
127.099003 138.412538 34.701301 1
124.841253 133.924022 40.871593 1
120.310450 124.916566 53.254006 1
120.310450 124.916566 53.254006 1
102.279903 113.718642 26.111009 1
98.853272 112.627509 44.486218 1
94.609907 111.276305 67.241141 1
95.338796 88.035515 67.929358 1
95.945476 68.691401 68.502183 1
91.628568 62.714860 82.911283 1
90.316636 62.335300 90.682723 1
116.646976 112.931254 25.212185 1
119.281767 112.011644 43.726953 1
122.544527 110.872849 66.654476 1
122.826187 87.401131 67.092802 1
123.055894 68.258847 67.450278 1
127.854246 61.301717 81.254301 1
129.488868 60.398212 88.920663 1
109.627600 115.062200 26.251700 1
109.909524 122.866456 23.934329 1
110.061091 132.668222 20.614575 1
109.941141 142.347938 18.461576 1
108.905443 167.800712 17.556213 1
109.256511 175.373366 18.862144 1
110.493943 194.600664 15.230134 1
105.321890 152.795142 17.051276 1
92.716534 158.782001 15.448310 1
92.638912 153.717161 20.410517 1
92.412827 138.965105 34.863641 1
95.747709 135.135345 40.989669 1
102.440082 127.449863 53.283250 1
102.440082 127.449863 53.283250 1
113.665829 153.130490 16.933910 1
126.395029 158.943757 15.717211 1
126.612494 153.716559 20.503781 1
127.245893 138.491615 34.445335 1
124.964080 133.994851 40.600752 1
120.384988 124.970841 52.953314 1
120.384988 124.970841 52.953314 1
102.315581 113.853239 26.153216 1
98.865816 112.722065 44.521674 1
94.593803 111.321276 67.268237 1
95.344914 88.081443 67.964858 1
95.970089 68.738127 68.544677 1
91.654242 62.793361 82.967233 1
90.343306 62.430782 90.739652 1
116.675424 113.041135 25.165248 1
119.257411 112.086016 43.685657 1
122.454782 110.903249 66.620165 1
122.794161 87.432099 67.047857 1
123.070941 68.290277 67.396660 1
127.843479 61.332857 81.209483 1
129.464116 60.429312 88.878809 1
109.665900 115.167900 26.311400 1
109.933897 122.971065 23.988711 1
110.071144 132.761233 20.634291 1
109.949427 142.420505 18.391446 1
108.944828 167.858030 17.103357 1
109.214758 175.432871 18.415877 1
110.390074 194.639951 14.658426 1
105.342020 152.851104 16.827828 1
92.639006 158.628811 15.228294 1
92.532053 153.603733 20.230224 1
92.220537 138.967493 34.799042 1
95.554951 135.113333 40.910004 1
102.246382 127.378889 53.173353 1
102.246382 127.378889 53.173353 1
113.686266 153.174075 16.698148 1
126.439308 158.934662 15.480564 1
126.682174 153.710768 20.269519 1
127.389555 138.495446 34.218019 1
125.080474 133.990166 40.357018 1
120.446662 124.949066 52.676633 1
120.446662 124.949066 52.676633 1
102.354769 113.952028 26.234434 1
98.866838 112.775800 44.592852 1
94.547560 111.319220 67.326981 1
95.329140 88.080002 68.010458 1
95.979676 68.737197 68.579337 1
91.629422 62.786544 82.989122 1
90.300371 62.420637 90.758308 1
116.712498 113.152811 25.206060 1
119.255494 112.146653 43.729161 1
122.404581 110.900682 66.667003 1
122.774869 87.429283 67.053406 1
123.076857 68.287258 67.368536 1
127.823138 61.330140 81.190554 1
129.428856 60.426642 88.863023 1
109.695600 115.249200 26.400000 1
109.954419 123.054308 24.082802 1
110.081263 132.839061 20.712214 1
109.958190 142.483737 18.407486 1
108.976089 167.906160 16.835233 1
109.142349 175.485814 18.137149 1
110.216946 194.648520 14.131191 1
105.359289 152.900438 16.730297 1
92.549333 158.448683 15.171783 1
92.434685 153.445530 20.195472 1
92.100757 138.873147 34.827670 1
95.425490 135.011243 40.939016 1
102.097496 127.261255 53.203136 1
102.097496 127.261255 53.203136 1
113.703735 153.214196 16.591269 1
126.463590 158.954860 15.351159 1
126.728128 153.740295 20.149125 1
127.498637 138.552147 34.123871 1
125.164973 134.029688 40.240904 1
120.481829 124.954115 52.516439 1
120.481829 124.954115 52.516439 1
102.384769 114.030507 26.341322 1
98.868949 112.820337 44.692213 1
94.515135 111.321724 67.417020 1
95.341224 88.083380 68.077493 1
96.028806 68.741303 68.627224 1
91.660178 62.791489 83.031796 1
90.321268 62.426017 90.799310 1
116.740052 113.237765 25.274511 1
119.266762 112.198588 43.798017 1
122.395683 110.911727 66.736361 1
122.795023 87.440122 67.078816 1
123.120705 68.297929 67.358105 1
127.856350 61.340759 81.183745 1
129.456122 60.437219 88.857451 1
109.692500 115.252200 26.462900 1
109.962660 123.075007 24.207505 1
110.097412 132.875856 20.884320 1
109.980395 142.517322 18.565887 1
109.011998 167.927325 16.796696 1
109.076024 175.511908 18.078795 1
110.032048 194.616192 13.774832 1
105.386445 152.923354 16.810720 1
92.469572 158.233838 15.307348 1
92.350244 153.244871 20.345017 1
92.002683 138.713806 35.017932 1
95.319375 134.869958 41.145010 1
101.975244 127.156205 53.440702 1
101.975244 127.156205 53.440702 1
113.730980 153.231151 16.663919 1
126.509886 158.931564 15.434357 1
126.798428 153.720564 20.234811 1
127.638851 138.542797 34.216805 1
125.288808 134.022854 40.329425 1
120.572793 124.952330 52.596103 1
120.572793 124.952330 52.596103 1
102.377753 114.056142 26.434331 1
98.857724 112.814017 44.782279 1
94.498699 111.275833 67.503444 1
95.345791 88.036569 68.102022 1
96.050854 68.693726 68.600237 1
91.712990 62.681143 82.988033 1
90.388341 62.282638 90.756367 1
116.724517 113.228650 25.282698 1
119.238301 112.183895 43.807649 1
122.351215 110.890128 66.747782 1
122.783282 87.418946 67.079406 1
123.135655 68.277100 67.349861 1
127.879192 61.319658 81.172659 1
129.483822 60.416133 88.845352 1
109.705600 115.294300 26.510400 1
109.973734 123.125965 24.285714 1
110.103480 132.935390 20.987729 1
109.985100 142.576356 18.667285 1
109.023225 167.981164 16.821595 1
108.941570 175.577622 18.030290 1
109.779899 194.612287 13.405307 1
105.393418 152.978339 16.882436 1
92.394786 158.098165 15.423012 1
92.270503 153.096093 20.447549 1
91.908510 138.526861 35.082216 1
95.237837 134.717871 41.224194 1
101.919060 127.074072 53.549785 1
101.919060 127.074072 53.549785 1
113.737982 153.283311 16.731442 1
126.513631 158.994974 15.520385 1
126.826231 153.779981 20.314994 1
127.736723 138.590587 34.279964 1
125.390796 134.069557 40.393361 1
120.683043 124.996850 52.661598 1
120.683043 124.996850 52.661598 1
102.390055 114.102839 26.499421 1
98.864636 112.830526 44.844265 1
94.498936 111.254959 67.561586 1
95.365190 88.015529 68.125284 1
96.086202 68.672548 68.594467 1
91.757073 62.606021 82.962236 1
90.435128 62.179092 90.729520 1
116.732709 113.271224 25.300522 1
119.240404 112.206360 43.825154 1
122.345778 110.887691 66.764891 1
122.791037 87.416819 67.100968 1
123.154166 68.275225 67.375054 1
127.896748 61.318075 81.198327 1
129.500526 60.414599 88.871204 1
109.721200 115.323000 26.527300 1
109.991071 123.164777 24.338737 1
110.121251 132.988037 21.082210 1
110.002551 142.636282 18.792237 1
109.037497 168.044719 16.998894 1
108.821772 175.656231 18.090738 1
109.535883 194.615196 13.145090 1
105.409209 153.041436 17.030286 1
92.376274 158.076439 15.581730 1
92.254387 153.034817 20.566640 1
91.899375 138.350386 35.085887 1
95.241983 134.575483 41.241680 1
101.949859 127.000087 53.594995 1
101.949859 127.000087 53.594995 1
113.753689 153.347554 16.877009 1
126.497569 159.127594 15.655681 1
126.825874 153.898277 20.433611 1
127.782109 138.667164 34.349998 1
125.429868 134.143293 40.458867 1
120.709443 125.064887 52.718016 1
120.709443 125.064887 52.718016 1
102.404392 114.139279 26.532407 1
98.891402 112.853415 44.878691 1
94.541093 111.261066 67.597795 1
95.403852 88.021005 68.140415 1
96.121956 68.677498 68.592054 1
91.815599 62.575791 82.951767 1
90.504389 62.130401 90.719835 1
116.742541 113.298277 25.287071 1
119.247333 112.239364 43.812436 1
122.349112 110.928064 66.753082 1
122.821811 87.458053 67.111067 1
123.207320 68.317161 67.403021 1
127.951926 61.360143 81.225666 1
129.556687 60.456693 88.898340 1
109.735700 115.348200 26.526200 1
109.998141 123.187989 24.329626 1
110.119411 133.012420 21.076290 1
109.991882 142.667634 18.816360 1
109.001078 168.085226 17.173069 1
108.643415 175.708280 18.139975 1
109.273598 194.599208 12.929654 1
105.388002 153.078348 17.115828 1
92.350332 158.094634 15.645116 1
92.228130 152.998973 20.574765 1
91.872201 138.157146 34.933057 1
95.239373 134.426145 41.102214 1
101.996541 126.938852 53.482349 1
101.996541 126.938852 53.482349 1
113.732169 153.393826 16.964456 1
126.419455 159.293595 15.726531 1
126.758558 154.043067 20.480383 1
127.746244 138.750172 34.326642 1
125.386729 134.203296 40.415592 1
120.651708 125.078722 52.634771 1
120.651708 125.078722 52.634771 1
102.420107 114.156988 26.530517 1
98.920393 112.845886 44.877552 1
94.586526 111.222285 67.597586 1
95.416886 87.980610 68.121327 1
96.108024 68.635760 68.557253 1
91.800931 62.472996 82.890647 1
90.487727 61.995120 90.656447 1
116.759453 113.329396 25.289989 1
119.256284 112.247106 43.815078 1
122.348204 110.906858 66.755382 1
122.830767 87.437099 67.116704 1
123.224320 68.296413 67.411379 1
127.961630 61.340971 81.237319 1
129.562051 60.438294 88.910991 1
