77 35
102.839800 138.903600 12.891230 1
102.735297 145.709386 13.726776 1
102.447806 155.196840 14.015848 1
101.825302 164.269795 14.311522 1
99.401212 187.384148 16.926219 1
100.610867 194.283320 17.794438 1
100.135887 212.263867 17.485950 1
96.957503 173.638364 14.545510 1
86.157101 180.623611 13.732642 1
85.819427 175.401128 17.598117 1
84.835907 160.189940 28.856835 1
87.465535 154.573030 32.708954 1
92.742643 143.301084 40.439341 1
92.742643 143.301084 40.439341 1
104.570612 174.466975 14.278575 1
116.519133 178.804629 12.152371 1
118.108545 173.291646 15.220113 1
122.737924 157.234339 24.155325 1
121.670461 151.374495 28.377450 1
119.528285 139.615049 36.850350 1
119.528285 139.615049 36.850350 1
96.829513 137.792000 11.636013 1
95.711914 121.322997 16.396430 1
94.327939 100.928662 22.291475 1
95.027151 79.679225 20.411426 1
95.609128 61.992649 18.846603 1
93.332106 55.609364 32.060804 1
93.022345 54.780266 39.246262 1
108.955106 137.916189 12.141015 1
109.679711 121.239511 16.203704 1
110.577015 100.588219 21.234667 1
111.174584 79.320694 17.864420 1
111.661929 61.975989 15.115817 1
112.745051 55.593479 28.481321 1
112.432018 54.765337 35.666800 1
102.856500 138.835400 12.723130 1
102.749546 145.635579 13.602847 1
102.459595 155.120535 13.962785 1
101.842583 164.190667 14.344154 1
99.459727 187.277953 17.222590 1
100.689120 194.160627 18.188528 1
100.284723 212.144835 18.028693 1
96.988784 173.562737 14.698038 1
86.159641 180.514282 13.984734 1
85.777633 175.182471 17.693657 1
84.664982 159.652852 28.496398 1
87.242345 153.926038 32.219869 1
92.414569 142.433537 39.692088 1
92.414569 142.433537 39.692088 1
104.602125 174.383813 14.414928 1
116.532492 178.780969 12.309110 1
118.100272 173.207769 15.277571 1
122.666645 156.975072 23.923615 1
121.612323 151.051397 28.059078 1
119.496519 139.163854 36.358068 1
119.496519 139.163854 36.358068 1
96.844464 137.728269 11.472347 1
95.716733 121.282898 16.311421 1
94.320210 100.917827 22.303872 1
95.031390 79.669793 20.412493 1
95.623327 61.984385 18.838240 1
93.359052 55.601779 32.054959 1
93.055672 54.773244 39.240754 1
108.970934 137.856587 11.954758 1
109.702724 121.203751 16.112837 1
110.608927 100.581984 21.261924 1
111.194244 79.314001 17.892412 1
111.671598 61.968923 15.144410 1
112.766974 55.585699 28.508573 1
112.460452 54.757145 35.694286 1
102.867800 138.707500 12.502030 1
102.757611 145.498011 13.453136 1
102.466528 154.978157 13.922282 1
101.856518 164.042780 14.426218 1
99.515699 187.087029 17.661850 1
100.758521 193.953482 18.721499 1
100.369800 211.938581 18.798481 1
97.018859 173.416349 14.929747 1
86.190308 180.381198 14.349661 1
85.781898 174.958694 17.921762 1
84.592346 159.164920 28.325990 1
87.123479 153.349096 31.941649 1
92.202927 141.677970 39.197512 1
92.202927 141.677970 39.197512 1
104.633238 174.229039 14.650378 1
116.550680 178.688670 12.603581 1
118.091478 173.064395 15.488667 1
122.579262 156.682933 23.891867 1
121.513664 150.704311 27.944541 1
119.375232 138.706504 36.077391 1
119.375232 138.706504 36.077391 1
96.854381 137.609217 11.250096 1
95.700796 121.209342 16.235277 1
94.272257 100.900613 22.408658 1
95.089440 79.650735 20.581929 1
95.769608 61.963792 19.061486 1
93.487201 55.580414 32.274713 1
93.174030 54.751436 39.460037 1
108.981576 137.741183 11.712888 1
109.710617 121.127238 16.024200 1
110.613415 100.553631 21.363041 1
111.182652 79.289471 17.966753 1
111.646890 61.947511 15.196913 1
112.740132 55.564121 28.561173 1
112.432410 54.735461 35.746822 1
102.907500 138.641400 12.207830 1
102.794086 145.420528 13.236590 1
102.501114 154.893743 13.828506 1
101.895521 163.949470 14.476965 1
99.581220 186.931071 18.147963 1
100.847870 193.774446 19.322464 1
100.456409 211.755060 19.728789 1
97.069996 173.318552 15.151439 1
86.248321 180.305523 14.731089 1
85.838511 174.804142 18.180308 1
84.644886 158.780627 28.226625 1
87.160796 152.890282 31.730547 1
92.209697 141.069610 38.762178 1
92.209697 141.069610 38.762178 1
104.685940 174.125665 14.899967 1
116.602301 178.627199 12.940464 1
118.111348 172.957246 15.751988 1
122.506651 156.442742 23.940929 1
121.358555 150.419338 27.903763 1
119.054564 138.331661 35.856324 1
119.054564 138.331661 35.856324 1
96.894958 137.554962 10.941432 1
95.710596 121.194639 16.047875 1
94.243944 100.934887 22.371422 1
95.133436 79.680657 20.631145 1
95.873789 61.990092 19.182659 1
93.567752 55.606693 32.391772 1
93.241675 54.777721 39.576523 1
109.021945 137.686787 11.409680 1
109.748234 121.109224 15.859284 1
110.647623 100.580669 21.369378 1
111.197375 79.316228 17.971637 1
111.645723 61.974039 15.200613 1
112.720361 55.590682 28.566397 1
112.402684 54.762055 35.751616 1
102.991100 138.532800 11.837430 1
102.865882 145.295719 12.966602 1
102.563127 154.757739 13.712605 1
101.959950 163.799574 14.534088 1
99.681039 186.698688 18.708213 1
100.960311 193.513879 20.024373 1
100.566746 211.481916 20.808950 1
97.150150 173.160262 15.407958 1
86.340623 180.174117 15.156813 1
85.936178 174.602571 18.492160 1
84.758177 158.374687 28.206809 1
87.297701 152.415453 31.574565 1
92.393990 140.456535 38.332940 1
92.393990 140.456535 38.332940 1
104.767911 173.958840 15.185986 1
116.682864 178.511574 13.339467 1
118.138673 172.798933 16.092029 1
122.378917 156.160093 24.109238 1
121.161520 150.097344 27.990552 1
118.718461 137.930710 35.779518 1
118.718461 137.930710 35.779518 1
96.981327 137.455602 10.550168 1
95.745364 121.140794 15.788308 1
94.214813 100.937408 22.274942 1
95.101528 79.678131 20.595964 1
95.839570 61.983366 19.198499 1
93.512080 55.600030 32.403880 1
93.174565 54.771012 39.588097 1
109.107712 137.599984 11.030160 1
109.814619 121.061665 15.626503 1
110.690006 100.581708 21.318307 1
111.216154 79.312275 17.948190 1
111.645252 61.966014 15.199695 1
112.672314 55.581905 28.568859 1
112.328968 54.752841 35.752848 1
103.080000 138.350500 11.394130 1
102.936643 145.089233 12.657740 1
102.616625 154.533212 13.599467 1
102.011750 163.554403 14.622051 1
99.767759 186.351107 19.340202 1
101.040787 193.132976 20.823880 1
100.659541 211.077583 22.034903 1
97.215977 172.898690 15.719853 1
86.393522 179.896776 15.653640 1
85.998225 174.242947 18.848667 1
84.846867 157.775404 28.154617 1
87.404264 151.736330 31.362847 1
92.536418 139.617190 37.801088 1
92.536418 139.617190 37.801088 1
104.834835 173.691182 15.514357 1
116.748274 178.298140 13.797083 1
118.143548 172.543737 16.493433 1
122.207472 155.783260 24.346917 1
120.911269 149.684737 28.145793 1
118.310059 137.446314 35.769324 1
118.310059 137.446314 35.769324 1
97.074757 137.284715 10.076580 1
95.762838 121.033582 15.491207 1
94.138226 100.909045 22.196392 1
95.058656 79.647002 20.571459 1
95.824759 61.949934 19.218977 1
93.445289 55.566557 32.415070 1
93.079448 54.737530 39.597900 1
109.200041 137.448706 10.577649 1
109.875878 120.963795 15.366493 1
110.712793 100.549975 21.296678 1
111.205218 79.277294 17.942001 1
111.606814 61.928384 15.206098 1
112.561435 55.545030 28.580990 1
112.179263 54.716401 35.763068 1
103.191900 138.159500 10.880630 1
103.031879 144.867530 12.296439 1
102.697264 154.284973 13.470238 1
102.090566 163.273333 14.748807 1
99.856679 185.907682 20.196941 1
101.185522 192.640807 21.844621 1
100.823809 210.545142 23.554818 1
97.307893 172.590190 16.106200 1
86.565785 179.709343 16.273242 1
86.215001 173.980205 19.336603 1
85.193295 157.293317 28.259055 1
87.794779 151.188233 31.302683 1
93.015405 138.936624 37.410601 1
93.015405 138.936624 37.410601 1
104.930517 173.366620 16.005996 1
116.882748 177.950441 14.510709 1
118.215602 172.134273 17.104152 1
122.097720 155.193899 24.657905 1
120.683493 149.029373 28.305116 1
117.845436 136.658493 35.624289 1
117.845436 136.658493 35.624289 1
97.192532 137.112673 9.521769 1
95.792194 120.948389 15.169216 1
94.058090 100.931404 22.162714 1
95.066995 79.671006 20.569086 1
95.906739 61.975307 19.242660 1
93.449392 55.591916 32.424467 1
93.041085 54.762902 39.605009 1
109.315989 137.287921 10.061695 1
109.961677 120.880716 15.114299 1
110.761256 100.563122 21.371106 1
111.213964 79.296952 17.969880 1
111.583168 61.953351 15.196014 1
112.459128 55.569973 28.576277 1
112.034699 54.741319 35.755979 1
103.325400 137.860200 10.279330 1
103.142646 144.527627 11.873007 1
102.787104 153.906922 13.315369 1
102.175795 162.848815 14.884540 1
99.953416 185.272618 21.147145 1
101.321596 191.947462 22.988393 1
100.961408 209.788614 25.265316 1
97.406887 172.124479 16.539793 1
86.723831 179.322857 16.938296 1
86.419144 173.521905 19.868546 1
85.531699 156.625848 28.403298 1
88.177320 150.462959 31.288245 1
93.486522 138.095347 37.077724 1
93.486522 138.095347 37.077724 1
105.032351 172.879168 16.543574 1
117.008504 177.476586 15.303159 1
118.264842 171.590234 17.773529 1
121.924094 154.445437 24.968812 1
120.390266 148.207473 28.438501 1
117.312193 135.689219 35.401425 1
117.312193 135.689219 35.401425 1
97.333868 136.834990 8.870337 1
95.818235 120.793096 14.828452 1
93.941356 100.927670 22.206665 1
94.990782 79.669464 20.609962 1
95.864253 61.975590 19.280977 1
93.312614 55.592516 32.445010 1
92.853268 54.763552 39.622474 1
109.454739 137.026136 9.460602 1
110.063583 120.723381 14.844985 1
110.817538 100.535131 21.512646 1
111.212841 79.281985 18.023976 1
111.535227 61.949007 15.178795 1
112.311671 55.565481 28.565131 1
111.834253 54.736882 35.741510 1
103.507500 137.451000 9.533730 1
103.286124 144.059880 11.350729 1
102.891890 153.382323 13.115561 1
102.265468 162.260776 15.006090 1
100.046899 184.433913 22.106524 1
101.429007 191.031279 24.199413 1
101.063931 208.784985 27.079245 1
97.505503 171.478689 16.979189 1
86.846788 178.694615 17.631356 1
86.585291 172.817940 20.411024 1
85.823644 155.701328 28.507182 1
88.524572 149.477065 31.202914 1
93.944765 136.986289 36.612678 1
93.944765 136.986289 36.612678 1
105.132447 172.212668 17.070211 1
117.134781 176.803134 16.082931 1
118.333611 170.856722 18.435216 1
121.825367 153.536994 25.286563 1
120.272149 147.223371 28.607595 1
117.155167 134.553286 35.272195 1
117.155167 134.553286 35.272195 1
97.528195 136.447951 8.058408 1
95.873051 120.581193 14.433764 1
93.823410 100.932647 22.328664 1
94.758833 79.671079 20.706073 1
95.537416 61.974407 19.355540 1
92.903888 55.591045 32.503296 1
92.399573 54.762030 39.677734 1
109.644791 136.671768 8.720570 1
110.233231 120.511986 14.522060 1
110.961918 100.500785 21.706239 1
111.258251 79.265575 18.100500 1
111.499923 61.947225 15.159842 1
112.164950 55.563838 28.552242 1
111.627454 54.735181 35.724365 1
103.647700 136.857300 8.797430 1
103.390937 143.404510 10.821263 1
102.961112 152.662149 12.892340 1
102.315021 161.465645 15.100160 1
100.069133 183.344200 23.054466 1
101.525244 189.823386 25.445185 1
101.123062 207.443392 29.049972 1
97.552173 170.606861 17.396624 1
86.940099 177.851796 18.395582 1
86.747566 171.895032 21.005207 1
86.186785 154.545151 28.606091 1
88.957291 148.261707 31.085215 1
94.517112 135.652167 36.060295 1
94.517112 135.652167 36.060295 1
105.179151 171.322732 17.581068 1
117.223267 175.855200 16.874580 1
118.359447 169.847700 19.099282 1
121.668725 152.350046 25.579024 1
120.084572 145.961939 28.739107 1
116.905510 133.142381 35.080717 1
116.905510 133.142381 35.080717 1
97.682974 135.883314 7.245602 1
95.882891 120.249679 14.136744 1
93.653764 100.889821 22.670366 1
94.646515 79.644496 20.877966 1
95.472814 61.961344 19.386096 1
92.682807 55.577981 32.501537 1
92.092957 54.748995 39.669454 1
109.793455 136.122986 8.006702 1
110.402853 120.163711 14.336968 1
111.157492 100.400804 22.175949 1
111.330256 79.211668 18.301166 1
111.471151 61.930893 15.141090 1
112.052816 55.547595 28.537412 1
111.470706 54.718992 35.706058 1
103.867400 136.128300 7.987930 1
103.553901 142.598250 10.239430 1
103.061865 151.770532 12.648817 1
102.380745 160.475880 15.207414 1
100.099550 181.985268 24.102839 1
101.573713 188.348129 26.778000 1
101.230325 205.806304 31.104087 1
97.609163 169.510855 17.876036 1
87.020673 176.738722 19.197002 1
86.892789 170.705019 21.627707 1
86.520307 153.131044 28.707464 1
89.364225 146.795084 30.959392 1
95.071365 134.080156 35.478537 1
95.071365 134.080156 35.478537 1
105.235295 170.212231 18.135779 1
117.290139 174.750753 17.704883 1
118.354496 168.675043 19.774459 1
121.454580 150.978717 25.802378 1
119.726127 144.522545 28.740723 1
116.257487 131.566395 34.637352 1
116.257487 131.566395 34.637352 1
97.919221 135.170893 6.363951 1
95.853872 119.837261 13.830725 1
93.296254 100.848909 23.077179 1
94.367383 79.624861 21.088578 1
95.258918 61.959417 19.433403 1
92.331936 55.576084 32.518971 1
91.667265 54.747081 39.680335 1
110.022798 135.462302 7.211857 1
110.618880 119.747095 14.126986 1
111.357030 100.286424 22.690222 1
111.391353 79.156791 18.499666 1
111.419344 61.924545 15.082062 1
111.907839 55.541231 28.482097 1
111.275990 54.712652 35.646534 1
104.097600 135.332700 7.152730 1
103.751320 141.704470 9.664387 1
103.222781 150.765539 12.456463 1
102.529417 159.346391 15.402927 1
100.272765 180.409661 25.314151 1
101.742398 186.667991 28.227762 1
101.307836 203.927604 33.281251 1
97.769531 168.251661 18.494846 1
87.180423 175.407950 20.156603 1
87.138355 169.337743 22.497771 1
87.015826 151.657445 29.316739 1
89.908476 145.311203 31.475727 1
95.713413 132.575642 35.808361 1
95.713413 132.575642 35.808361 1
105.396485 168.926585 18.797056 1
117.390571 173.641054 18.659978 1
118.347170 167.501268 20.588241 1
121.133392 149.618312 26.204569 1
119.257741 143.110771 28.931732 1
115.493704 130.051535 34.404564 1
115.493704 130.051535 34.404564 1
98.152197 134.407710 5.500052 1
95.846940 119.412814 13.560916 1
92.992233 100.843934 23.543060 1
94.164751 79.644614 21.357632 1
95.140676 61.999753 19.538632 1
92.211743 55.616399 32.623754 1
91.545938 54.787411 39.785014 1
110.255347 134.733822 6.341393 1
110.828937 119.314305 13.894642 1
111.539234 100.219798 23.248083 1
111.470669 79.144951 18.790567 1
111.414749 61.957386 15.155244 1
111.880672 55.574050 28.556072 1
111.236710 54.745443 35.719426 1
104.344800 134.462300 6.281930 1
103.950702 140.752264 8.985414 1
103.365866 149.711934 12.077384 1
102.638317 158.167820 15.357949 1
100.351422 178.758716 26.210197 1
101.797069 184.893150 29.387376 1
101.324725 201.878049 35.295922 1
97.864364 166.915080 18.852962 1
87.236731 173.920332 20.873599 1
87.263024 167.783654 23.034787 1
87.339603 149.909748 29.329541 1
90.321499 143.525514 31.240896 1
96.305533 130.713708 35.076583 1
96.305533 130.713708 35.076583 1
105.490310 167.591266 19.176994 1
117.430344 172.440968 19.315230 1
118.296623 166.245672 21.103558 1
120.819780 148.201035 26.312304 1
118.754748 141.659970 28.813044 1
114.610666 128.533460 33.831493 1
114.610666 128.533460 33.831493 1
98.409616 133.549610 4.586242 1
95.936583 118.902258 13.216296 1
92.874110 100.763759 23.903295 1
94.091654 79.595361 21.458181 1
95.105054 61.976236 19.423037 1
92.130600 55.592878 32.497884 1
91.439928 54.763868 39.656786 1
110.508291 133.928262 5.468936 1
111.108948 118.802448 13.592423 1
111.852764 100.071643 23.652010 1
111.603859 79.060151 18.910855 1
111.400864 61.924254 15.044211 1
111.831751 55.540881 28.446194 1
111.168926 54.712207 35.607820 1
104.589800 133.541000 5.448530 1
104.145184 139.743814 8.339065 1
103.502110 148.593330 11.722930 1
102.738981 156.914003 15.325354 1
100.410441 177.003679 27.071374 1
101.851188 182.996342 30.510544 1
101.305449 199.664822 37.254783 1
97.950982 165.497099 19.188752 1
87.320738 172.402754 21.515325 1
87.425778 166.214464 23.521383 1
87.731720 148.190230 29.364301 1
90.812247 141.793847 31.067260 1
96.994214 128.957661 34.484739 1
96.994214 128.957661 34.484739 1
105.575625 166.159533 19.567280 1
117.466930 171.108748 20.020335 1
118.249667 164.859302 21.651899 1
120.529494 146.656946 26.404048 1
118.294595 140.082938 28.660423 1
113.809627 126.890317 33.188483 1
113.809627 126.890317 33.188483 1
98.667742 132.644156 3.699339 1
96.144763 118.369242 12.918886 1
93.020440 100.691950 24.335882 1
94.177788 79.551595 21.632546 1
95.141087 61.955812 19.382475 1
92.134969 55.572483 32.450092 1
91.426937 54.743496 39.607301 1
110.759924 133.069066 4.647517 1
111.461604 118.258363 13.324659 1
112.330521 99.917770 24.069856 1
111.816001 78.974825 19.054719 1
111.396384 61.894831 14.964629 1
111.791160 55.511469 28.367730 1
111.109108 54.682823 35.527553 1
104.828900 132.664100 4.653430 1
104.349194 138.781136 7.716032 1
103.661876 147.518315 11.372164 1
102.859541 155.696597 15.279262 1
100.436194 175.252906 27.875465 1
101.855623 181.093837 31.574706 1
101.239492 197.405567 39.135702 1
98.036515 164.095288 19.488857 1
87.418005 170.908023 22.122676 1
87.598029 164.672685 23.971565 1
88.122372 146.511417 29.356704 1
91.286809 140.104961 30.855733 1
97.637166 127.248561 33.863969 1
97.637166 127.248561 33.863969 1
105.657973 164.754122 19.932252 1
117.494858 169.793014 20.707390 1
118.211941 163.497632 22.185297 1
120.300541 145.161482 26.489902 1
117.899774 138.564551 28.494994 1
113.081941 125.325928 32.518785 1
113.081941 125.325928 32.518785 1
98.918953 131.798901 2.848234 1
96.355640 117.881679 12.588819 1
93.181369 100.647333 24.651040 1
94.249326 79.527945 21.753975 1
95.138220 61.949614 19.342657 1
92.092073 55.566270 32.400994 1
91.362182 54.737251 39.556003 1
111.004601 132.234088 3.872038 1
111.814925 117.745046 13.067316 1
112.818377 99.802778 24.454137 1
112.021287 78.922282 19.220321 1
111.371221 61.893218 14.951889 1
111.727780 55.509858 28.356061 1
111.025326 54.681218 35.513913 1
105.112500 131.851500 3.874730 1
104.589839 137.869090 7.121763 1
103.853160 146.478694 11.060039 1
103.021274 154.505075 15.264634 1
100.564941 173.526025 28.649553 1
101.931626 179.217404 32.593666 1
101.197075 195.149095 40.916073 1
98.187751 162.724863 19.802523 1
87.538579 169.384014 22.692846 1
87.769892 163.107002 24.388681 1
88.443621 144.824355 29.328033 1
91.674351 138.407816 30.629513 1
98.157743 125.531183 33.241309 1
98.157743 125.531183 33.241309 1
105.808003 163.361809 20.295806 1
117.563734 168.517303 21.447670 1
118.220871 162.177971 22.755834 1
120.134870 143.713810 26.566039 1
117.572720 137.096811 28.284843 1
112.431029 123.817916 31.734114 1
112.431029 123.817916 31.734114 1
99.215462 131.016177 2.014098 1
96.549178 117.442340 12.201371 1
93.247394 100.633224 24.816746 1
94.295504 79.526692 21.820445 1
95.167879 61.959060 19.326530 1
92.034486 55.575725 32.364212 1
91.256833 54.746688 39.514185 1
111.293848 131.473109 3.111491 1
112.196741 117.285038 12.756464 1
113.314826 99.715471 24.700156 1
112.237354 78.888230 19.306791 1
111.358622 61.902598 14.908237 1
111.662498 55.519238 28.313707 1
110.931926 54.690599 35.468744 1
105.345300 131.027000 3.101530 1
104.787961 136.939880 6.530087 1
104.006308 145.412085 10.747760 1
103.136280 153.272431 15.247921 1
100.594044 171.707774 29.413419 1
101.949433 177.267092 33.545313 1
101.145010 192.831973 42.529089 1
98.269638 161.283558 20.111864 1
87.641920 167.872813 23.232192 1
87.921448 161.552652 24.751297 1
88.735611 143.144329 29.175896 1
92.050017 136.726698 30.239921 1
98.701330 123.847872 32.375196 1
98.701330 123.847872 32.375196 1
105.886811 161.915456 20.656525 1
117.571834 167.151774 22.120881 1
118.208602 160.777123 23.256045 1
120.063275 142.210089 26.562364 1
117.321462 135.590928 27.966909 1
111.819225 122.307695 30.785531 1
111.819225 122.307695 30.785531 1
99.455956 130.221746 1.203645 1
96.705870 116.995465 11.816899 1
93.300310 100.616744 24.959787 1
94.284309 79.517779 21.889365 1
95.103324 61.956446 19.333757 1
91.929049 55.573045 32.361514 1
91.128693 54.744070 39.508989 1
111.529860 130.700765 2.340239 1
112.518361 116.816508 12.409617 1
113.742456 99.623165 24.878865 1
112.420386 78.843482 19.357980 1
111.342171 61.896636 14.855428 1
111.628254 55.513383 28.261341 1
110.888069 54.684761 35.415391 1
105.571900 130.220800 2.333000 1
104.990056 136.032445 5.926609 1
104.175357 144.369968 10.398742 1
103.272967 152.066991 15.166862 1
100.646380 169.929901 30.033054 1
101.980698 175.329327 34.378331 1
101.099604 190.521380 43.972393 1
98.373723 159.872059 20.324248 1
87.744484 166.337972 23.687930 1
88.052200 159.975046 25.010327 1
88.948463 141.442164 28.861987 1
92.365649 135.033482 29.607021 1
99.223217 122.172617 31.102150 1
99.223217 122.172617 31.102150 1
105.987765 160.497884 20.917533 1
117.605187 165.789108 22.689986 1
118.221073 159.384644 23.656308 1
120.014926 140.730778 26.470852 1
117.129651 134.115543 27.574222 1
111.339516 120.840187 29.788449 1
111.339516 120.840187 29.788449 1
99.691462 129.459418 0.389931 1
96.868830 116.562858 11.383117 1
93.373434 100.592446 24.996492 1
94.341400 79.495316 21.908420 1
95.147069 61.935509 19.338121 1
91.927907 55.552465 32.355033 1
91.103005 54.723655 39.499736 1
111.759959 129.927553 1.586876 1
112.743517 116.348124 12.064176 1
113.961492 99.532259 25.038567 1
112.515346 78.793434 19.396485 1
111.335942 61.879910 14.795091 1
111.588152 55.496553 28.201635 1
110.829946 54.667893 35.353793 1
105.804600 129.453300 1.594530 1
105.195125 135.160034 5.348129 1
104.346878 143.356876 10.067267 1
103.414597 150.884105 15.093709 1
100.714908 168.158853 30.626929 1
102.030441 173.410970 35.154654 1
101.064222 188.204107 45.345352 1
98.488881 158.481714 20.528224 1
87.892329 164.864122 24.145001 1
88.209533 158.461498 25.256774 1
89.133433 139.812990 28.494963 1
92.634381 133.417300 28.871706 1
99.660043 120.582504 29.627753 1
99.660043 120.582504 29.627753 1
106.100002 159.088422 21.176315 1
117.648825 164.409456 23.277361 1
118.254681 157.981836 24.082899 1
120.019320 139.260525 26.429139 1
116.952171 132.678282 27.184289 1
110.797053 119.469136 28.699711 1
110.797053 119.469136 28.699711 1
99.935677 128.739465 -0.400704 1
97.040551 116.168522 10.945145 1
93.455382 100.601337 24.995240 1
94.448468 79.500174 21.942899 1
95.275045 61.937012 19.402341 1
92.003950 55.554119 32.406374 1
91.150600 54.725369 39.547741 1
111.996954 129.189518 0.873462 1
112.947817 115.911773 11.733454 1
114.125305 99.469494 25.181746 1
112.573477 78.766095 19.438540 1
111.307884 61.881464 14.754673 1
111.531268 55.498115 28.161732 1
110.757747 54.669482 35.312253 1
105.986900 128.644200 0.846590 1
105.358775 134.232318 4.771661 1
104.489248 142.273728 9.747367 1
103.537671 149.623712 15.026161 1
100.782210 166.316393 31.173855 1
102.081635 171.417444 35.875601 1
101.055464 185.835888 46.584302 1
98.595535 157.025188 20.710680 1
88.066876 163.360927 24.597691 1
88.357736 156.917596 25.451588 1
89.204905 138.150525 27.938678 1
92.720060 131.751917 27.868495 1
99.774235 118.911266 27.727656 1
99.774235 118.911266 27.727656 1
106.203965 157.591037 21.424045 1
117.702197 162.890030 23.835365 1
118.321556 156.442116 24.444498 1
120.125524 137.661693 26.218680 1
116.858310 131.139879 26.526628 1
110.301705 118.052001 27.144614 1
110.301705 118.052001 27.144614 1
100.129005 127.996093 -1.202750 1
97.130460 115.742242 10.458748 1
93.417222 100.567728 24.899725 1
94.550503 79.460515 21.939437 1
95.493770 61.892317 19.475498 1
92.138010 55.508922 32.457693 1
91.238062 54.679926 39.593310 1
112.183104 128.399087 0.152512 1
113.112481 115.435564 11.387521 1
114.263360 99.382397 25.300209 1
112.642441 78.705752 19.480221 1
111.320501 61.842939 14.733736 1
111.529744 55.459597 28.141026 1
110.748704 54.630975 35.290731 1
106.173100 127.855900 0.121120 1
105.536519 133.333338 4.197910 1
104.658872 141.227003 9.403464 1
103.699292 148.405716 14.911525 1
100.907096 164.531146 31.619616 1
102.196117 169.476001 36.488135 1
101.132783 183.455279 47.760665 1
98.751400 155.625832 20.819874 1
88.305247 161.945648 24.947940 1
88.542054 155.471840 25.551245 1
89.231785 136.615998 27.308453 1
92.702236 130.214958 26.773576 1
99.666697 117.369427 25.700193 1
99.666697 117.369427 25.700193 1
106.357141 156.129170 21.605133 1
117.822128 161.358396 24.309277 1
118.459038 154.895849 24.709389 1
120.314123 136.072809 25.874769 1
116.886594 129.629135 25.688514 1
110.008273 116.698067 25.314741 1
110.008273 116.698067 25.314741 1
100.322266 127.272429 -1.967439 1
97.283197 115.357299 10.029743 1
93.519776 100.602237 24.886413 1
94.610366 79.496564 21.899232 1
95.518100 61.929648 19.412908 1
92.152722 55.546321 32.392647 1
91.247499 54.717358 39.527600 1
112.371603 127.622465 -0.556261 1
113.232834 114.997470 11.063114 1
114.299328 99.363513 25.451774 1
112.654373 78.720877 19.518898 1
111.312831 61.885801 14.680347 1
111.494202 55.502459 28.088043 1
110.698270 54.673827 35.236104 1
106.350100 126.980900 -0.562970 1
105.709984 132.360322 3.641772 1
104.834932 140.123721 9.040097 1
103.888784 147.154770 14.737693 1
101.153819 162.803347 31.902429 1
102.380115 167.587754 36.944382 1
101.221117 181.106577 48.756197 1
98.967385 154.221904 20.849628 1
88.539689 160.467898 25.133765 1
88.738925 153.981972 25.606330 1
89.319227 135.090836 26.982738 1
92.808471 128.709612 26.343533 1
99.810647 115.903847 25.060786 1
99.810647 115.903847 25.060786 1
106.574707 154.671121 21.652212 1
117.957286 159.904502 24.677396 1
118.601979 153.433888 24.891357 1
120.479732 134.587351 25.514545 1
116.927643 128.245089 24.834876 1
109.799354 115.517533 23.470927 1
109.799354 115.517533 23.470927 1
100.502928 126.452406 -2.676272 1
97.397535 114.895742 9.650070 1
93.551983 100.584586 24.914354 1
94.644346 79.485279 21.883176 1
95.553555 61.923661 19.360233 1
92.157570 55.540165 32.331914 1
91.235325 54.711177 39.464684 1
112.549735 126.758240 -1.233581 1
113.321057 114.489218 10.767180 1
114.276212 99.296075 25.628125 1
112.638258 78.690356 19.566383 1
111.302426 61.885386 14.622735 1
111.486628 55.502129 28.030434 1
110.692239 54.673554 35.178673 1
106.441100 126.029300 -1.210890 1
105.790164 131.328241 3.093211 1
104.910890 138.982322 8.644781 1
103.976040 145.886016 14.497858 1
101.302217 161.115501 32.044926 1
102.517874 165.765189 37.213894 1
101.380733 178.878045 49.476877 1
99.084091 152.823670 20.779425 1
88.740351 159.071993 25.259228 1
88.886038 152.574138 25.554020 1
89.310371 133.648256 26.412644 1
92.867253 127.303630 25.781974 1
100.005163 114.571310 24.516355 1
100.005163 114.571310 24.516355 1
106.692725 153.213737 21.600281 1
118.016276 158.428028 24.870068 1
118.701206 151.958278 24.928767 1
120.696159 133.114254 25.099735 1
117.043380 126.854267 24.220336 1
109.713030 114.291819 22.455571 1
109.713030 114.291819 22.455571 1
100.600983 125.545746 -3.354248 1
97.470107 114.381495 9.322336 1
93.592997 100.556283 25.020341 1
94.600699 79.465373 21.902632 1
95.439442 61.910744 19.307665 1
92.018515 55.527458 32.272895 1
91.082900 54.698464 39.403923 1
112.642883 125.814532 -1.863991 1
113.349553 113.929918 10.521431 1
114.224648 99.212800 25.858713 1
112.628641 78.648641 19.646512 1
111.327018 61.877567 14.580158 1
111.515229 55.494216 27.987755 1
110.722810 54.665532 35.136201 1
106.522100 124.998500 -1.741630 1
105.856376 130.229124 2.643021 1
104.964905 137.789624 8.319475 1
104.028020 144.583569 14.299274 1
101.365372 159.451211 32.155637 1
102.659554 164.020750 37.376752 1
101.523716 176.765148 50.022345 1
99.146107 151.407439 20.711920 1
88.921168 157.688664 25.412979 1
89.050924 151.185503 25.562331 1
89.428853 132.244166 25.997342 1
93.074838 125.951935 25.350774 1
100.391558 113.324759 24.053250 1
100.391558 113.324759 24.053250 1
106.753871 151.749027 21.561935 1
118.053959 156.919959 24.978452 1
118.801240 150.456962 24.939758 1
120.977797 131.632611 24.827057 1
117.206681 125.435697 24.002123 1
109.638853 112.999824 22.346657 1
109.638853 112.999824 22.346657 1
100.690749 124.552957 -3.916857 1
97.531386 113.811350 9.112916 1
93.619000 100.509518 25.248291 1
94.717287 79.439232 22.023562 1
95.631426 61.901769 19.339520 1
92.156340 55.518392 32.290294 1
91.190740 54.689415 39.417325 1
112.726439 124.789807 -2.372020 1
113.327163 113.325311 10.408690 1
114.071062 99.128439 26.235472 1
112.625409 78.607813 19.845065 1
111.446408 61.872241 14.633376 1
111.571216 55.488861 28.041700 1
110.745077 54.660187 35.186328 1
106.589500 123.927900 -2.237290 1
105.918522 129.115670 2.197190 1
105.024429 136.610785 7.959295 1
104.091028 143.315140 14.039906 1
101.450016 157.853793 32.168303 1
102.795436 162.350508 37.439455 1
101.663715 174.793117 50.382466 1
99.220780 150.030926 20.574368 1
89.128253 156.359387 25.493169 1
89.220961 149.853906 25.512349 1
89.490985 130.905812 25.568215 1
93.234695 124.662557 25.011595 1
100.747530 112.133665 23.894578 1
100.747530 112.133665 23.894578 1
106.828587 150.336570 21.437581 1
118.100743 155.473420 24.994879 1
118.907394 149.018423 24.882738 1
121.256874 130.217371 24.556110 1
117.373034 124.081948 23.797196 1
109.578994 111.769475 22.274215 1
109.578994 111.769475 22.274215 1
100.763545 123.511590 -4.432673 1
97.570435 113.214578 8.943209 1
93.616258 100.463307 25.507188 1
94.749401 79.424822 22.092481 1
95.692552 61.913829 19.250314 1
92.159708 55.530505 32.185477 1
91.162594 54.701457 39.308160 1
112.795265 123.717329 -2.852849 1
113.273041 112.677826 10.301739 1
113.864689 99.007237 26.591507 1
112.575334 78.562134 19.931280 1
111.523800 61.888155 14.499539 1
111.646819 55.504872 27.907926 1
110.819767 54.676264 35.052456 1
106.651100 122.652700 -2.543450 1
105.989663 127.810359 1.927437 1
105.115815 135.259127 7.752405 1
104.210600 141.899306 13.907245 1
101.664951 156.201236 32.236474 1
102.998848 160.637259 37.561703 1
101.900324 172.841703 50.732337 1
99.379827 148.542942 20.543963 1
89.382410 154.922342 25.589559 1
89.416109 148.416597 25.523287 1
89.514260 129.467734 25.330263 1
93.331899 123.259710 24.894944 1
100.993093 110.801521 24.021353 1
100.993093 110.801521 24.021353 1
106.990777 148.811060 21.391800 1
118.210653 153.956354 25.099016 1
119.055454 147.508068 24.908847 1
121.516053 128.726562 24.354956 1
117.477091 122.680759 23.692665 1
109.371755 110.548133 22.363589 1
109.371755 110.548133 22.363589 1
100.826030 122.267256 -4.746803 1
97.574995 112.480111 8.992965 1
93.549087 100.360233 26.007560 1
94.573111 79.377655 22.233321 1
95.425439 61.913195 19.091904 1
91.848447 55.529811 32.014899 1
90.826666 54.700855 39.134096 1
112.856840 122.430391 -3.155121 1
112.914599 111.882612 10.405230 1
112.986125 98.820942 27.197467 1
112.370168 78.481852 20.128852 1
111.867824 61.894332 14.364051 1
111.783884 55.511434 27.772923 1
110.846883 54.683108 34.903899 1
106.656200 121.607900 -3.122740 1
106.002075 126.724520 1.396120 1
105.144218 134.119718 7.291300 1
104.263494 140.703172 13.510294 1
101.797299 154.835634 31.981287 1
103.171662 159.215860 37.342294 1
102.157629 171.250368 50.675079 1
99.468430 147.303730 20.215538 1
89.589148 153.759290 25.395177 1
89.572752 147.254442 25.265045 1
89.524996 128.308193 24.886018 1
93.412216 122.135716 24.580296 1
101.213046 109.748861 23.966777 1
101.213046 109.748861 23.966777 1
107.081116 147.527711 21.060591 1
118.289276 152.640947 24.846761 1
119.203184 146.205020 24.574973 1
121.865066 127.459514 23.783354 1
117.659494 121.518297 23.218825 1
109.219809 109.595555 22.085932 1
109.219809 109.595555 22.085932 1
100.830784 121.251861 -5.330122 1
97.584644 111.890926 8.704626 1
93.564797 100.298844 26.084508 1
94.379545 79.332196 22.173251 1
95.057685 61.880994 18.917790 1
91.454211 55.497590 31.833415 1
90.417783 54.668643 38.950495 1
112.861661 121.381961 -3.735908 1
113.112822 111.234552 10.124434 1
113.423845 98.668673 27.288161 1
112.480550 78.397109 20.063399 1
111.711246 61.864660 14.171252 1
111.891646 55.481157 27.578885 1
111.095239 54.652454 34.726885 1
106.657200 120.611000 -3.649660 1
106.001766 125.711691 0.886985 1
105.148026 133.079378 6.817104 1
104.283685 139.619685 13.083740 1
101.898261 153.582340 31.693958 1
103.311050 157.943951 37.060151 1
102.405260 169.860114 50.506542 1
99.518724 146.160387 19.868626 1
89.745109 152.681366 25.165454 1
89.673152 146.178731 24.963451 1
89.463568 127.238927 24.375092 1
93.435762 121.115565 24.203185 1
101.407115 108.827276 23.858205 1
101.407115 108.827276 23.858205 1
107.134828 146.372955 20.685361 1
118.296391 151.530619 24.548149 1
119.291760 145.110753 24.194864 1
122.190909 126.412026 23.165874 1
117.822866 120.581676 22.685459 1
109.057134 108.881420 21.721367 1
109.057134 108.881420 21.721367 1
100.833034 120.264489 -5.861851 1
97.645151 111.342265 8.468884 1
93.697446 100.293458 26.215302 1
94.339476 79.341992 22.192127 1
94.873857 61.903427 18.843513 1
91.256474 55.520109 31.755293 1
90.212627 54.691122 38.871284 1
112.862971 120.385468 -4.259840 1
113.132539 110.659480 9.899065 1
113.466357 98.615462 27.432512 1
112.490512 78.385981 20.094999 1
111.694662 61.887852 14.110897 1
111.982051 55.504358 27.516668 1
111.242872 54.675715 34.670819 1
106.669400 119.592600 -4.212510 1
106.022775 124.692345 0.326461 1
105.181912 132.052204 6.268131 1
104.332900 138.570306 12.559947 1
102.002933 152.425879 31.257020 1
103.456130 156.749760 36.642920 1
102.667950 168.567059 50.183638 1
99.587079 145.068902 19.398495 1
89.925865 151.657322 24.816685 1
89.810769 145.156892 24.568881 1
89.475533 126.223509 23.847120 1
93.522149 120.147018 23.779342 1
101.642851 107.952789 23.643328 1
101.642851 107.952789 23.643328 1
107.205871 145.282807 20.189408 1
118.329385 150.487381 24.098749 1
119.413977 144.087041 23.663368 1
122.572996 125.445185 22.395260 1
118.045751 119.732654 21.977390 1
108.960537 108.268833 21.138810 1
108.960537 108.268833 21.138810 1
100.843701 119.254459 -6.421958 1
97.727293 110.772351 8.189014 1
93.868100 100.268561 26.282462 1
94.426763 79.327085 22.195342 1
94.891756 61.896835 18.793504 1
91.271289 55.513677 31.704498 1
90.225410 54.684895 38.820215 1
112.874573 119.359317 -4.825846 1
113.180732 110.062379 9.617675 1
113.559860 98.549666 27.503572 1
112.530494 78.355994 20.075296 1
111.690993 61.887068 14.017173 1
112.109340 55.504011 27.419704 1
111.439782 54.675494 34.580721 1
106.662900 118.584500 -4.802760 1
106.034509 123.691044 -0.268874 1
105.218772 131.055864 5.670149 1
104.390404 137.570806 11.967988 1
102.110391 151.392042 30.696606 1
103.592365 155.691715 36.094033 1
102.860563 167.400892 49.731498 1
99.662438 144.055641 18.831919 1
90.093816 150.709999 24.333203 1
89.926350 144.212562 24.040773 1
89.438582 125.287898 23.189032 1
93.581805 119.277287 23.287497 1
101.896377 107.215265 23.485097 1
101.896377 107.215265 23.485097 1
107.283422 144.270472 19.601154 1
118.367985 149.528351 23.549608 1
119.552262 143.152389 23.025349 1
123.001627 124.581537 21.498377 1
118.319953 118.990967 21.136397 1
108.924833 107.771895 20.409976 1
108.924833 107.771895 20.409976 1
100.832742 118.255642 -7.001824 1
97.776644 110.214682 7.869017 1
93.992137 100.257187 26.284272 1
94.491547 79.321251 22.161259 1
94.907223 61.895612 18.729546 1
91.282973 55.513630 31.640060 1
90.235116 54.685459 38.755557 1
112.866522 118.337746 -5.426431 1
113.213012 109.485493 9.292933 1
113.642084 98.523450 27.520414 1
112.562983 78.344164 20.060168 1
111.682923 61.886973 13.975972 1
112.232426 55.504308 27.373953 1
111.632950 54.675988 34.541200 1
106.661000 117.553000 -5.404270 1
106.049799 122.683095 -0.894686 1
105.259524 130.074762 5.014351 1
104.460098 136.609698 11.295193 1
102.267875 150.465120 30.009027 1
103.772809 154.756250 35.406899 1
103.085221 166.413226 49.091305 1
99.767152 143.114804 18.163973 1
90.290543 149.851491 23.724014 1
90.069744 143.356442 23.414442 1
89.426635 124.438734 22.512772 1
93.653548 118.491770 22.777837 1
102.136068 106.557474 23.309767 1
102.136068 106.557474 23.309767 1
107.390986 143.315686 18.908334 1
118.410690 148.657086 22.925634 1
119.692256 142.308259 22.309013 1
123.424994 123.816439 20.513022 1
118.619222 118.328607 20.209990 1
108.975064 107.315709 19.601864 1
108.975064 107.315709 19.601864 1
100.826720 117.224723 -7.592463 1
97.850935 109.644600 7.534502 1
94.165880 100.257780 26.266930 1
94.587873 79.324740 22.120630 1
94.939112 61.901511 18.669535 1
91.317043 55.518022 31.579916 1
90.270486 54.688987 38.695503 1
112.863128 117.291000 -6.036519 1
113.249790 108.903218 8.951399 1
113.728609 98.516345 27.511442 1
112.618625 78.345141 20.033892 1
111.713378 61.894540 13.935584 1
112.392507 55.512036 27.327697 1
111.862691 54.683897 34.500451 1
106.645400 116.518000 -6.046600 1
106.051245 121.698610 -1.592833 1
105.286185 129.151301 4.242413 1
104.514592 135.740244 10.470086 1
102.410811 149.724281 29.098209 1
103.938076 154.047639 34.463997 1
103.303186 165.757165 48.106018 1
99.854541 142.293721 17.315242 1
90.452363 149.112128 22.901966 1
90.170340 142.619909 22.582906 1
89.348909 123.710442 21.653600 1
93.647899 117.823621 22.062819 1
102.275064 106.010021 22.884035 1
102.275064 106.010021 22.884035 1
107.481717 142.497353 18.023756 1
118.477679 147.912630 22.007062 1
119.839074 141.584917 21.346080 1
123.804321 123.154597 19.420878 1
118.884501 117.764001 19.219814 1
109.011472 106.946237 18.816318 1
109.011472 106.946237 18.816318 1
100.807245 116.177592 -8.222570 1
97.892456 109.070171 7.143862 1
94.282937 100.268721 26.172832 1
94.645933 79.327990 22.059914 1
94.948067 61.898360 18.636604 1
91.311781 55.515012 31.543057 1
90.257511 54.686010 38.657510 1
112.846045 116.236403 -6.684941 1
113.280238 108.321091 8.556496 1
113.817916 98.519293 27.430480 1
112.665282 78.343849 19.970840 1
111.725251 61.889791 13.887139 1
112.534083 55.506395 27.271619 1
112.073750 54.677768 34.449111 1
106.631900 115.510500 -6.676267 1
106.070330 120.764556 -2.305075 1
105.348420 128.307745 3.418311 1
104.615168 134.981303 9.559924 1
102.605091 149.182391 28.033549 1
104.150878 153.546892 33.360587 1
103.669004 165.386819 46.895901 1
99.992313 141.622108 16.345882 1
90.687304 148.579000 21.924553 1
90.349369 142.088737 21.620373 1
89.365084 123.184966 20.734408 1
93.719659 117.349127 21.267413 1
102.458368 105.637834 22.337040 1
102.458368 105.637834 22.337040 1
107.622356 141.818819 17.024875 1
118.629039 147.285378 20.907243 1
120.045113 140.968436 20.258216 1
124.169619 122.569491 18.367836 1
119.174479 117.245559 18.278926 1
109.150300 106.561575 18.100498 1
109.150300 106.561575 18.100498 1
100.786031 115.156962 -8.829312 1
97.924809 108.514292 6.753595 1
94.381624 100.288363 26.050636 1
94.686141 79.335790 21.993666 1
94.939601 61.896303 18.616923 1
91.290945 55.512916 31.519866 1
90.229775 54.683921 38.633293 1
112.829517 115.195307 -7.328166 1
113.327583 107.762290 8.152283 1
113.944357 98.557733 27.322242 1
112.740127 78.363873 19.920815 1
111.758017 61.894794 13.884590 1
112.720564 55.511571 27.258977 1
112.342481 54.682954 34.441272 1
106.605500 114.491700 -7.343921 1
106.092561 119.834291 -3.075267 1
105.432908 127.492220 2.501379 1
104.747568 134.286809 8.514474 1
102.834184 148.845642 26.717921 1
104.417447 153.292358 31.965363 1
103.900336 165.323380 45.329791 1
100.162346 141.064731 15.189488 1
90.922074 148.177299 20.678737 1
90.494322 141.689824 20.433903 1
89.248436 122.794176 19.720790 1
93.613436 116.980734 20.394658 1
102.373068 105.314387 21.746969 1
102.373068 105.314387 21.746969 1
107.795395 141.262804 15.833390 1
118.798061 146.810420 19.610747 1
120.233887 140.488283 19.063724 1
124.415928 122.074205 17.470446 1
119.394506 116.774441 17.432935 1
109.317585 106.138956 17.357653 1
109.317585 106.138956 17.357653 1
100.748877 114.130308 -9.466214 1
97.902300 107.954732 6.310284 1
94.377250 100.307228 25.847059 1
94.610466 79.336862 21.878253 1
94.804580 61.882566 18.574891 1
91.131225 55.498983 31.470728 1
90.056102 54.669999 38.582061 1
112.798443 114.127025 -8.014179 1
113.360553 107.192525 7.693743 1
114.056635 98.605298 27.145391 1
112.813460 78.379377 19.838549 1
111.799589 61.884152 13.879462 1
112.925310 55.500973 27.241125 1
112.634846 54.672355 34.427497 1
106.579600 113.451600 -8.050774 1
106.120758 118.890114 -3.898689 1
105.533698 126.676348 1.505747 1
104.910733 133.616369 7.357367 1
103.132305 148.636967 25.195669 1
104.725418 153.188788 30.349169 1
104.387165 165.574636 43.391299 1
100.384046 140.587544 13.871362 1
91.220620 147.910848 19.210273 1
90.724452 141.424568 19.099638 1
89.279295 122.532401 18.777401 1
93.610523 116.713326 19.603398 1
102.302381 105.035677 21.261000 1
102.302381 105.035677 21.261000 1
108.019724 140.753662 14.492739 1
119.051207 146.347583 18.114556 1
120.500356 140.018866 17.693180 1
124.721201 121.585623 16.465864 1
119.638662 116.346311 16.610749 1
109.439094 105.832139 16.901498 1
109.439094 105.832139 16.901498 1
100.712670 113.086048 -10.143686 1
97.864576 107.405003 5.817289 1
94.337647 100.369900 25.582510 1
94.530656 79.373397 21.752143 1
94.691303 61.897347 18.564010 1
90.983218 55.514081 31.450059 1
89.889436 54.685095 38.558546 1
112.767237 113.027588 -8.734977 1
113.385804 106.633891 7.198638 1
114.151799 98.716359 26.929769 1
112.888776 78.440492 19.766158 1
111.858719 61.904534 13.923883 1
113.145875 55.521257 27.270915 1
112.942428 54.692629 34.460275 1
106.543300 112.409400 -8.772730 1
106.137231 117.966201 -4.774624 1
105.622880 125.906435 0.408630 1
105.065782 133.014870 6.061350 1
103.450290 148.554235 23.465501 1
105.064722 153.275533 28.457355 1
104.776349 166.047877 41.122460 1
100.604687 140.191130 12.395403 1
91.485757 147.711123 17.533294 1
90.921606 141.229674 17.586143 1
89.278441 122.351575 17.740070 1
93.566691 116.525779 18.727214 1
102.172301 104.834642 20.708203 1
102.172301 104.834642 20.708203 1
108.244410 140.343138 12.968818 1
119.271524 146.048080 16.427071 1
120.696216 139.705608 16.155866 1
124.845824 121.232301 15.365945 1
119.689721 116.074302 15.702440 1
109.342524 105.723309 16.377707 1
109.342524 105.723309 16.377707 1
100.670069 112.034986 -10.846314 1
97.846051 106.852435 5.287648 1
94.348938 100.434640 25.267087 1
94.456018 79.407028 21.607833 1
94.545145 61.905084 18.562121 1
90.806071 55.521788 31.439198 1
89.695139 54.692805 38.545026 1
112.726004 111.913788 -9.453400 1
113.358450 106.070605 6.689688 1
114.141632 98.834794 26.680217 1
112.922197 78.501755 19.672805 1
111.927687 61.919170 13.957917 1
113.352551 55.535788 27.290901 1
113.223494 54.707161 34.481982 1
106.529700 111.300600 -9.484500 1
106.170234 116.988775 -5.670941 1
105.721661 125.098086 -0.749979 1
105.224948 132.388536 4.671832 1
103.757707 148.481124 21.579287 1
105.413804 153.350953 26.412273 1
105.271169 166.601530 38.578730 1
100.825515 139.785258 10.791783 1
91.730871 147.501710 15.675117 1
91.120747 141.029761 15.943204 1
89.343678 122.179333 16.724046 1
93.593563 116.354199 17.868475 1
102.122184 104.664389 20.165102 1
102.122184 104.664389 20.165102 1
108.468157 139.916133 11.330450 1
119.546956 145.654162 14.561297 1
120.940476 139.299653 14.468746 1
124.999292 120.791286 14.199176 1
119.763387 115.728910 14.710278 1
109.256046 105.569810 15.735944 1
109.256046 105.569810 15.735944 1
100.650930 110.901671 -11.537715 1
97.892722 106.243686 4.766705 1
94.477105 100.475486 24.957229 1
94.377689 79.429337 21.405923 1
94.294943 61.911964 18.450059 1
90.518074 55.528598 31.316067 1
89.386110 54.699637 38.418577 1
112.707614 110.737099 -10.155781 1
113.340501 105.466229 6.183114 1
114.124228 98.939132 26.416116 1
112.961442 78.556221 19.545296 1
112.013131 61.932963 13.941806 1
113.572877 55.549646 27.259716 1
113.516334 54.720958 34.451725 1
106.594600 110.094100 -10.229220 1
106.269107 115.945474 -6.667864 1
105.870136 124.257234 -2.092552 1
105.430021 131.757398 3.040407 1
104.141756 148.462072 19.358509 1
105.808724 153.490461 24.022430 1
105.888487 167.288303 35.565134 1
101.100402 139.387745 8.918546 1
92.022624 147.294590 13.520595 1
91.379607 140.839778 14.022763 1
89.506733 122.039263 15.485395 1
93.715031 116.215259 16.779471 1
102.160196 104.527718 19.376406 1
102.160196 104.527718 19.376406 1
108.747296 139.512281 9.394759 1
119.867913 145.304982 12.374628 1
121.206956 138.939378 12.502304 1
125.107100 120.398697 12.874176 1
119.815359 115.418010 13.576897 1
109.195966 105.422845 14.987102 1
109.195966 105.422845 14.987102 1
100.709346 109.632062 -12.250379 1
97.939193 105.568612 4.210280 1
94.508782 100.536654 24.594281 1
94.694807 79.441888 21.348001 1
94.849643 61.884051 18.646020 1
91.002385 55.500224 31.490927 1
89.831394 54.671063 38.587083 1
112.768386 109.473914 -10.888392 1
113.370980 104.809940 5.635116 1
114.117194 99.034381 26.096731 1
113.067282 78.584076 19.410475 1
112.211025 61.905855 13.957507 1
113.893409 55.522858 27.260635 1
113.903308 54.694404 34.452887 1
106.330400 108.986400 -10.927470 1
106.066306 115.001741 -7.645137 1
105.756352 123.519566 -3.458421 1
105.392659 131.245080 1.335074 1
104.311752 148.647544 16.922635 1
105.979829 153.827638 21.417053 1
106.204863 168.067937 32.407233 1
101.137650 139.126455 6.929637 1
92.016894 147.179885 11.179012 1
91.337217 140.757169 11.964514 1
89.357566 122.050142 14.252396 1
93.482789 116.213973 15.744074 1
101.761238 104.502020 18.737558 1
101.761238 104.502020 18.737558 1
108.790042 139.269295 7.300815 1
119.930925 145.171427 9.974519 1
121.213520 138.804613 10.360380 1
124.949253 120.260410 11.484253 1
119.625892 115.365167 12.485258 1
108.943046 105.541469 14.494056 1
108.943046 105.541469 14.494056 1
100.449153 108.507692 -12.956398 1
97.704997 104.997058 3.635277 1
94.306780 100.649675 24.181524 1
94.504848 79.514987 21.207003 1
94.669707 61.923920 18.731217 1
90.768676 55.540968 31.560330 1
89.568545 54.712088 38.651649 1
112.498397 108.254984 -11.523805 1
113.197730 104.215769 5.159653 1
114.063739 99.213872 25.819339 1
113.110235 78.690671 19.345363 1
112.332604 61.952999 14.065519 1
114.236143 55.569674 27.338648 1
114.365725 54.741038 34.529718 1
106.467700 107.750300 -11.647270 1
106.196642 113.854533 -8.533968 1
105.891796 122.497448 -4.611583 1
105.574579 130.394849 -0.103384 1
104.722381 148.453370 14.734061 1
106.393394 153.767375 19.068193 1
106.791150 168.435552 29.475268 1
101.408130 138.526631 5.191436 1
92.249790 146.700749 9.117213 1
91.530628 140.328989 10.218906 1
89.435968 121.770376 13.427736 1
93.434942 115.909206 15.147715 1
101.460035 104.147080 18.599350 1
101.460035 104.147080 18.599350 1
109.064461 138.652671 5.477781 1
120.237598 144.619114 7.858054 1
121.493007 138.268046 8.504683 1
125.149559 119.769702 10.388080 1
119.785668 115.003517 11.735575 1
109.021486 105.438811 14.439702 1
109.021486 105.438811 14.439702 1
100.574064 107.184980 -13.617102 1
97.708511 104.299089 3.074180 1
94.159964 100.725356 23.743774 1
94.362251 79.553002 21.050720 1
94.530622 61.930584 18.809207 1
90.474633 55.547413 31.590066 1
89.188661 54.718452 38.666312 1
112.634818 107.033296 -12.269636 1
113.300229 103.619750 4.554366 1
114.124231 99.392639 25.388092 1
113.210388 78.761965 19.259185 1
112.465103 61.936644 14.260763 1
114.422090 55.566448 27.532426 1
114.580713 54.737599 34.722890 1
106.604200 106.802500 -12.336200 1
106.320626 112.955419 -9.321411 1
106.009332 121.676781 -5.577223 1
105.727203 129.703910 -1.301822 1
105.062524 148.321478 12.837857 1
106.813846 153.749366 16.995566 1
107.383172 168.821293 26.800346 1
101.635152 138.051808 3.706971 1
92.499281 146.369976 7.373993 1
91.787935 140.064556 8.811321 1
89.716043 121.699167 12.997731 1
93.559175 115.782368 14.875297 1
101.271528 103.908606 18.643176 1
101.271528 103.908606 18.643176 1
109.293854 138.153293 3.933368 1
120.588057 144.025639 5.948226 1
121.827898 137.712450 6.916054 1
125.439101 119.324434 9.734984 1
120.013209 114.686470 11.268788 1
109.124602 105.379074 14.346798 1
109.124602 105.379074 14.346798 1
100.691757 106.156662 -14.223178 1
97.738166 103.762337 2.530394 1
94.080595 100.797333 23.277123 1
94.269987 79.590130 20.872808 1
94.427624 61.938707 18.871621 1
90.276109 55.555149 31.621577 1
88.936699 54.726159 38.687900 1
112.768968 106.125211 -13.022994 1
113.420480 103.341726 3.917190 1
114.227270 99.894842 24.894790 1
113.344274 79.118356 19.275071 1
112.624146 62.174118 14.691916 1
114.589682 55.559233 27.842058 1
114.753583 54.730545 35.032422 1
106.305100 106.414000 -12.963160 1
106.057008 112.671158 -10.167771 1
105.798722 121.523883 -6.741320 1
105.577086 129.708564 -2.772024 1
105.133184 148.874990 10.623394 1
106.911219 154.432612 14.594172 1
107.652479 169.891882 23.763815 1
101.559140 138.241828 1.977694 1
92.333085 146.579120 5.364815 1
91.624631 140.346974 7.093603 1
89.561162 122.195009 12.128933 1
93.260641 116.240732 14.169491 1
100.684713 104.291761 18.264459 1
100.684713 104.291761 18.264459 1
109.220471 138.367484 2.051786 1
120.522313 144.334762 3.714038 1
121.679725 138.074112 5.053781 1
125.050845 119.839123 8.955961 1
119.642149 115.239970 10.658133 1
108.788054 106.010461 14.074020 1
108.788054 106.010461 14.074020 1
100.386177 105.730965 -14.816423 1
97.493917 103.550677 1.977024 1
93.912298 100.850725 22.773131 1
94.154996 79.610143 20.689659 1
94.357003 61.930938 18.955520 1
90.237444 55.547443 31.715868 1
88.915967 54.718408 38.785561 1
112.465238 105.682354 -13.635590 1
113.312504 103.298714 3.356834 1
114.361704 100.346971 24.399125 1
113.459610 79.435448 19.308179 1
112.723907 62.381081 15.156263 1
114.844590 55.552511 28.172391 1
115.094976 54.725193 35.360421 1
105.944500 106.321800 -13.461160 1
105.738031 112.701772 -10.954947 1
105.543636 121.698679 -7.922475 1
105.398669 130.040562 -4.291303 1
105.224945 149.703864 8.370078 1
107.031930 155.446881 12.053583 1
107.982902 171.375539 20.359865 1
101.481267 138.760511 0.196096 1
92.207495 147.160856 3.283892 1
91.554655 141.013360 5.311785 1
89.653170 123.107949 11.218298 1
93.240588 117.134755 13.398853 1
100.439777 105.147821 17.774766 1
100.439777 105.147821 17.774766 1
109.143048 138.865538 0.138114 1
120.487286 144.848374 1.409745 1
121.552552 138.646691 3.063405 1
124.655284 120.583452 7.879913 1
119.345251 115.968240 9.831052 1
108.689150 106.706502 13.746563 1
108.689150 106.706502 13.746563 1
100.017478 105.588300 -15.268689 1
97.224697 103.481359 1.550938 1
93.766265 100.872236 22.379465 1
94.008408 79.611162 20.516625 1
94.209952 61.914901 18.966126 1
90.130581 55.531767 31.739559 1
88.831293 54.702959 38.813391 1
112.098840 105.525036 -14.112341 1
113.199086 103.338005 2.892024 1
114.561560 100.629729 23.949102 1
113.601927 79.615487 19.311859 1
112.819298 62.477347 15.529960 1
115.138088 55.538251 28.453521 1
115.499543 54.712318 35.636981 1
106.227700 106.006300 -13.765740 1
105.970593 112.478643 -11.513974 1
105.710931 121.588920 -8.846870 1
105.569713 130.074244 -5.564681 1
105.566143 150.261664 6.244394 1
107.452218 156.175540 9.603624 1
108.589532 172.685620 16.656610 1
101.717959 138.991182 -1.420708 1
92.453080 147.501236 1.380027 1
91.895902 141.454358 3.715635 1
90.273046 123.842008 10.518410 1
93.809943 117.900298 12.861459 1
100.907748 105.976547 17.563463 1
100.907748 105.976547 17.563463 1
109.379204 139.068107 -1.549894 1
120.843962 144.901143 -0.751067 1
121.860594 138.777754 1.198502 1
124.821674 120.942556 6.876884 1
119.595008 116.363030 9.115965 1
109.106207 107.172907 13.609316 1
109.106207 107.172907 13.609316 1
100.261465 105.084269 -15.343292 1
97.288047 103.236058 1.475791 1
93.605925 100.947333 22.303647 1
93.602959 79.682253 20.471037 1
93.600491 61.982658 18.945700 1
89.277637 55.599054 31.638564 1
87.843726 54.769845 38.686292 1
112.372782 105.303043 -14.589248 1
113.418931 103.304884 2.441754 1
114.714414 100.830494 23.531815 1
113.639581 79.749508 19.235293 1
112.763001 62.556936 15.731269 1
115.052764 55.565629 28.631845 1
115.399577 54.739181 35.815969 1
106.437600 105.599500 -13.923700 1
106.111197 112.150994 -11.923907 1
105.768990 121.357456 -9.621308 1
105.605629 129.972560 -6.697830 1
105.699659 150.662731 4.206031 1
107.660317 156.745324 7.201615 1
108.902957 173.769377 12.881253 1
101.787079 139.063173 -2.916331 1
92.491331 147.624785 -0.388288 1
92.045172 141.691123 2.242843 1
90.745671 124.408531 9.906366 1
94.254117 118.537877 12.461685 1
101.294828 106.756718 17.589668 1
101.294828 106.756718 17.589668 1
109.446718 139.136201 -3.120956 1
121.012046 144.814735 -2.803838 1
121.975409 138.795762 -0.529163 1
124.781337 121.264690 6.096136 1
119.667972 116.733905 8.670831 1
109.406541 107.641592 13.837688 1
109.406541 107.641592 13.837688 1
100.464306 104.525360 -15.373099 1
97.398101 102.931477 1.455347 1
93.601076 100.957697 22.294796 1
93.557121 79.688970 20.505555 1
93.520538 61.986339 19.016314 1
89.017937 55.602921 31.646628 1
87.483851 54.773912 38.673255 1
112.580364 104.957786 -14.812198 1
113.647331 103.151470 2.238928 1
114.968593 100.914645 23.353910 1
113.823022 79.804640 19.221278 1
112.888751 62.588401 15.850913 1
115.187231 55.546240 28.722246 1
115.539428 54.721024 35.906249 1
106.289400 105.393000 -14.008510 1
105.948649 112.023032 -12.289690 1
105.587624 121.317339 -10.375658 1
105.409811 130.044199 -7.805883 1
105.493716 151.150362 2.269285 1
107.557830 157.363936 4.904922 1
108.828987 174.783990 9.211512 1
101.580441 139.263641 -4.362322 1
92.242748 147.845456 -2.068182 1
91.947597 142.038267 0.850670 1
91.087929 125.124046 9.352222 1
94.590195 119.345612 12.117589 1
101.618505 107.749520 17.667097 1
101.618505 107.749520 17.667097 1
109.238269 139.356194 -4.619980 1
120.917839 144.802771 -4.779812 1
121.847447 138.901436 -2.202930 1
124.555054 121.712999 5.302589 1
119.578420 117.268953 8.266902 1
109.591378 108.350709 14.215635 1
109.591378 108.350709 14.215635 1
100.317333 104.243326 -15.404015 1
97.286009 102.776608 1.442304 1
93.532179 100.960303 22.303887 1
93.386044 79.691394 20.522252 1
93.264411 61.988612 19.039341 1
88.695001 55.605407 31.645747 1
87.123877 54.776467 38.664193 1
112.432838 104.729052 -14.875756 1
113.622853 103.064958 2.181698 1
115.096489 101.004252 23.304517 1
113.941289 79.876091 19.268477 1
112.999166 62.645045 15.976888 1
115.410839 55.540188 28.792937 1
115.827183 54.715750 35.973597 1
106.248800 105.260700 -14.051110 1
105.884743 111.947720 -12.574963 1
105.487476 121.303258 -10.995692 1
105.272236 130.113341 -8.730841 1
105.257050 151.546408 0.629157 1
107.413927 157.882201 2.869971 1
108.635668 175.572935 5.897529 1
101.399456 139.424951 -5.597826 1
92.009008 148.001105 -3.506846 1
91.911511 142.348208 -0.287296 1
91.627537 125.883383 9.090080 1
95.140078 120.192533 12.019196 1
102.189004 108.772204 17.897310 1
102.189004 108.772204 17.897310 1
109.056708 139.545325 -5.861041 1
120.833546 144.750413 -6.423406 1
121.725762 138.966172 -3.581445 1
124.324461 122.118785 4.696153 1
119.511659 117.737451 8.004388 1
109.853391 108.945056 14.643303 1
109.853391 108.945056 14.643303 1
100.278634 104.037153 -15.390819 1
97.262879 102.668541 1.466547 1
93.528330 100.973725 22.341810 1
93.500428 79.701771 20.591021 1
93.477205 61.996454 19.133786 1
88.867985 55.613000 31.725564 1
87.274556 54.783969 38.738969 1
112.393115 104.589833 -14.906737 1
113.644076 103.024358 2.155692 1
115.193185 101.085777 23.284671 1
114.024865 79.943695 19.326052 1
113.072041 62.701295 16.097604 1
115.544063 55.539866 28.870596 1
115.994645 54.716288 36.049288 1
106.233000 105.244800 -14.151610 1
105.846536 111.978999 -12.915085 1
105.410897 121.382161 -11.662583 1
105.144078 130.260986 -9.690598 1
104.977789 151.976657 -1.007964 1
107.148545 158.419200 0.888638 1
108.226775 176.276618 2.778313 1
101.202051 139.632452 -6.834668 1
91.700234 148.138055 -4.970985 1
91.757765 142.626799 -1.513675 1
91.925331 126.574521 8.556209 1
95.474529 120.995529 11.651605 1
102.597020 109.799676 17.863410 1
102.597020 109.799676 17.863410 1
108.856814 139.811016 -7.134660 1
120.675241 144.874354 -8.023764 1
121.500299 139.198578 -4.952104 1
123.903392 122.667113 3.994520 1
119.237917 118.348949 7.584837 1
109.875303 109.683322 14.789829 1
109.875303 109.683322 14.789829 1
100.269595 103.957104 -15.460968 1
97.277961 102.634976 1.404403 1
93.573280 100.997722 22.289579 1
93.487121 79.723536 20.568046 1
93.415408 62.016362 19.135161 1
88.768446 55.632996 31.713104 1
87.154028 54.804001 38.721712 1
112.381254 104.561727 -14.968407 1
113.655449 103.022317 2.094674 1
115.233330 101.116012 23.224460 1
114.032923 79.968800 19.303018 1
113.053931 62.722216 16.104889 1
115.554087 55.550241 28.866482 1
116.020998 54.725907 36.044044 1
106.238800 105.199400 -14.279530 1
105.836972 111.967252 -13.248754 1
105.364833 121.402756 -12.286281 1
105.030342 130.336762 -10.593626 1
104.613387 152.314295 -2.606113 1
106.807824 158.814457 -0.948410 1
107.719601 176.755336 0.007818 1
100.981488 139.750028 -8.040684 1
91.405786 148.213388 -6.373176 1
91.634472 142.859890 -2.682918 1
92.300550 127.267102 8.065458 1
95.866425 121.756343 11.262254 1
103.022384 110.697420 17.677547 1
103.022384 110.697420 17.677547 1
108.634179 140.003766 -8.339364 1
120.522433 144.848458 -9.480198 1
121.298174 139.277001 -6.211048 1
123.557625 123.049378 3.310791 1
119.034720 118.795748 7.151825 1
109.958214 110.259628 14.859951 1
109.958214 110.259628 14.859951 1
100.281349 103.861556 -15.565504 1
97.299147 102.588664 1.305325 1
93.606147 101.012383 22.197260 1
93.540701 79.733814 20.529843 1
93.486229 62.022991 19.142001 1
88.811673 55.639591 31.709697 1
87.181845 54.810588 38.714737 1
112.390502 104.503291 -15.058486 1
113.665058 102.983001 2.006282 1
115.243385 101.100373 23.138158 1
114.039977 79.948471 19.243015 1
113.058538 62.698062 16.066336 1
115.573008 55.555211 28.841444 1
116.048131 54.731483 36.018536 1
106.248500 105.192600 -14.401870 1
105.836232 111.984915 -13.552003 1
105.340387 121.441511 -12.841422 1
104.960631 130.415577 -11.386992 1
104.369132 152.592743 -3.983641 1
106.480453 159.175967 -2.562675 1
107.222212 177.149310 -2.390787 1
100.839062 139.863608 -9.091848 1
91.169043 148.264486 -7.670901 1
91.533458 143.078093 -3.759537 1
92.594867 127.972020 7.632841 1
96.153353 122.501301 10.905736 1
103.294483 111.522729 17.473746 1
103.294483 111.522729 17.473746 1
108.490396 140.164377 -9.381508 1
120.393728 144.935611 -10.665697 1
121.108397 139.450477 -7.240378 1
123.189970 123.474285 2.736326 1
118.790099 119.282234 6.782488 1
109.960497 110.869691 14.902264 1
109.960497 110.869691 14.902264 1
100.296925 103.814612 -15.672570 1
97.345129 102.591028 1.207253 1
93.689783 101.075806 22.110324 1
93.640736 79.789305 20.546827 1
93.599913 62.071880 19.245479 1
88.927230 55.688441 31.813853 1
87.298417 54.859427 38.819127 1
112.403581 104.482910 -15.140852 1
113.677583 102.994890 1.926801 1
115.255224 101.152222 23.062251 1
114.076905 79.993954 19.194106 1
113.115927 62.738354 16.039444 1
115.649272 55.601874 28.814384 1
116.134781 54.778886 35.990866 1
106.227300 105.115400 -14.496860 1
105.826734 111.927941 -13.821132 1
105.331365 121.399596 -13.351684 1
104.915499 130.405838 -12.123641 1
104.145012 152.753984 -5.271422 1
106.134141 159.414784 -4.049637 1
106.684900 177.390386 -4.491474 1
100.718975 139.875912 -10.067630 1
90.921205 148.169314 -8.915977 1
91.377618 143.145537 -4.807012 1
92.706983 128.513107 7.160906 1
96.238348 123.072728 10.512798 1
103.325051 112.155042 17.239334 1
103.325051 112.155042 17.239334 1
108.368190 140.227907 -10.355539 1
120.266298 144.987788 -11.727283 1
120.916997 139.594634 -8.146678 1
122.812246 123.886343 2.282317 1
118.542765 119.735151 6.506380 1
109.974826 111.404600 14.983164 1
109.974826 111.404600 14.983164 1
100.277758 103.718226 -15.756079 1
97.357292 102.527758 1.131559 1
93.740743 101.053547 22.044309 1
93.690956 79.760321 20.575264 1
93.649518 62.037298 19.352532 1
88.985626 55.653766 31.924123 1
87.361572 54.824751 38.930502 1
112.383668 104.374173 -15.192916 1
113.672050 102.941898 1.878427 1
115.267498 101.168262 23.018445 1
114.142936 80.001980 19.178243 1
113.225799 62.739844 16.046370 1
115.803991 55.567910 28.792450 1
116.314494 54.744884 35.967193 1
106.190100 105.065600 -14.563600 1
105.785757 111.892137 -14.051078 1
105.281913 121.371744 -13.803683 1
104.843028 130.402199 -12.778157 1
103.972487 152.888299 -6.406061 1
105.813150 159.625215 -5.385483 1
106.192222 177.585739 -6.332424 1
100.607335 139.899518 -10.939644 1
90.679871 148.073504 -10.082584 1
91.189000 143.202728 -5.799292 1
92.671906 129.015936 6.676373 1
96.165199 123.604530 10.113962 1
103.175498 112.744984 17.012475 1
103.175498 112.744984 17.012475 1
108.256362 140.271361 -11.206827 1
120.115886 145.118959 -12.605256 1
120.705195 139.800008 -8.905023 1
122.421637 124.307845 1.872406 1
118.274616 120.197720 6.255632 1
109.952428 111.949584 15.051823 1
109.952428 111.949584 15.051823 1
100.247410 103.638181 -15.821251 1
97.333752 102.485260 1.070167 1
93.725633 101.057543 21.987599 1
93.686506 79.759578 20.588586 1
93.653941 62.032611 19.424144 1
88.967189 55.649279 31.987332 1
87.330614 54.820295 38.990801 1
112.350119 104.309075 -15.209050 1
113.670381 102.909036 1.862531 1
115.305307 101.175317 23.002844 1
114.172108 80.006173 19.181002 1
113.247927 62.741702 16.064103 1
115.860157 55.560461 28.798006 1
116.390130 54.737272 35.971319 1
106.146300 105.022600 -14.629460 1
105.736910 111.857935 -14.257461 1
105.221432 121.340013 -14.207629 1
104.753298 130.388781 -13.374512 1
103.752513 153.002144 -7.490604 1
105.494726 159.789815 -6.649255 1
105.705268 177.733294 -7.917348 1
100.467848 139.905329 -11.765001 1
90.437646 147.976506 -11.169795 1
90.982413 143.245355 -6.736999 1
92.569120 129.465235 6.174118 1
96.032616 124.103741 9.718411 1
102.983120 113.344359 16.831055 1
102.983120 113.344359 16.831055 1
108.116769 140.303573 -11.994559 1
119.970287 145.155297 -13.429129 1
120.525026 139.919506 -9.606956 1
122.140778 124.669555 1.525637 1
118.098406 120.437869 5.890915 1
109.986228 111.945786 14.651087 1
109.986228 111.945786 14.651087 1
100.211397 103.567517 -15.892166 1
97.277499 102.451462 0.998225 1
93.644316 101.069400 21.914385 1
93.632033 79.766733 20.588373 1
93.621810 62.035853 19.484694 1
88.898430 55.652135 32.033960 1
87.241509 54.822909 39.032614 1
112.310169 104.255788 -15.224008 1
113.664533 102.886681 1.847411 1
115.341689 101.191268 22.987522 1
114.197028 80.018949 19.186739 1
113.263499 62.751889 16.087013 1
115.904559 55.560113 28.809018 1
116.451539 54.737220 35.981088 1
106.092200 104.994800 -14.691310 1
105.673574 111.835712 -14.457959 1
105.143096 121.316069 -14.597343 1
104.647026 130.377834 -13.940243 1
103.535333 153.092984 -8.483847 1
105.187083 159.920747 -7.798997 1
105.242961 177.839762 -9.388532 1
100.318824 139.906258 -12.527410 1
90.210200 147.892837 -12.162175 1
90.779193 143.281454 -7.607876 1
92.436462 129.850177 5.657136 1
95.931164 124.654568 9.411618 1
102.944292 114.228082 16.946070 1
102.944292 114.228082 16.946070 1
107.967145 140.329442 -12.730858 1
119.814276 145.183045 -14.211108 1
120.345513 140.020774 -10.286952 1
121.892813 124.984963 1.142682 1
117.983235 120.792431 5.663905 1
110.137544 112.378923 14.737027 1
110.137544 112.378923 14.737027 1
100.166369 103.508049 -15.959722 1
97.185497 102.420730 0.924317 1
93.494145 101.074252 21.832611 1
93.568626 79.766868 20.586860 1
93.630620 62.032061 19.549984 1
88.855541 55.648809 32.079907 1
87.169753 54.819852 39.071696 1
112.260264 104.223378 -15.234143 1
113.646107 102.872668 1.836215 1
115.362245 101.200036 22.975012 1
114.220109 80.023291 19.198205 1
113.288639 62.752622 16.118033 1
115.955627 55.553890 28.830692 1
116.516610 54.730867 36.001665 1
106.029800 104.971500 -14.753700 1
105.604683 111.815121 -14.644549 1
105.058111 121.290264 -14.962240 1
104.523772 130.361244 -14.487641 1
103.250982 153.179277 -9.517375 1
104.865528 160.021690 -8.892661 1
104.769940 177.914273 -10.754690 1
100.131541 139.890248 -13.293202 1
89.959302 147.801704 -13.099462 1
90.539428 143.293797 -8.444091 1
92.229121 130.163907 5.115305 1
95.732399 125.093257 9.029252 1
102.762738 114.917538 16.883717 1
102.762738 114.917538 16.883717 1
107.777855 140.356683 -13.476490 1
119.670762 145.073220 -15.030897 1
120.198771 139.987564 -11.007521 1
121.736670 125.174901 0.711105 1
117.937061 121.038944 5.375910 1
110.312055 112.738967 14.737171 1
110.312055 112.738967 14.737171 1
100.112238 103.457309 -16.028244 1
97.071741 102.397670 0.846921 1
93.306552 101.085471 21.744225 1
93.531276 79.774006 20.589649 1
93.718321 62.035803 19.628660 1
88.891254 55.652704 32.138726 1
87.176628 54.823769 39.123501 1
112.201369 104.195834 -15.248525 1
113.600892 102.872484 1.822859 1
115.333971 101.233734 22.962928 1
114.223413 80.052027 19.204568 1
113.317697 62.777312 16.139441 1
115.999755 55.554251 28.835118 1
116.570075 54.731644 36.005403 1
105.961000 104.932900 -14.794550 1
105.535522 111.777351 -14.779104 1
104.983314 121.246499 -15.235515 1
104.426076 130.322715 -14.911141 1
103.041328 153.221790 -10.361305 1
104.612978 160.081526 -9.823172 1
104.387897 177.952997 -11.867846 1
99.991082 139.854080 -13.909034 1
89.771151 147.706143 -13.873845 1
90.362012 143.293127 -9.129752 1
92.082976 130.439620 4.688061 1
95.599701 125.480113 8.730258 1
102.657025 115.527433 16.842093 1
102.657025 115.527433 16.842093 1
107.636240 140.347835 -14.067261 1
119.560089 144.964329 -15.683718 1
120.070844 139.939675 -11.582226 1
121.558486 125.304693 0.363924 1
117.833562 121.228066 5.139867 1
110.358430 113.047155 14.724157 1
110.358430 113.047155 14.724157 1
100.049029 103.401490 -16.074454 1
96.976935 102.384760 0.797628 1
93.172618 101.125695 21.691114 1
93.468862 79.812787 20.580139 1
93.715436 62.073383 19.655440 1
88.851184 55.689778 32.150835 1
87.115290 54.860739 39.130344 1
112.134656 104.150925 -15.252002 1
113.532917 102.871084 1.822803 1
115.264433 101.286213 22.967108 1
114.169769 80.101630 19.220312 1
113.277016 62.824569 16.164617 1
115.963537 55.590217 28.852919 1
116.536971 54.767812 36.022978 1
105.914500 104.876900 -14.894140 1
105.489874 111.720722 -14.992020 1
104.936438 121.181129 -15.602276 1
104.367692 130.260598 -15.420079 1
102.928659 153.222114 -11.214828 1
104.430732 160.103942 -10.767761 1
104.090089 177.955358 -12.965883 1
99.910899 139.796080 -14.564573 1
89.622295 147.557182 -14.678765 1
90.232741 143.213970 -9.873132 1
92.010745 130.563776 4.123925 1
95.588040 125.677556 8.202067 1
102.766915 115.871949 16.386035 1
102.766915 115.871949 16.386035 1
107.555092 140.304294 -14.723689 1
119.481663 144.885563 -16.418384 1
119.960316 139.926427 -12.234115 1
121.354458 125.482273 -0.046864 1
117.688839 121.470935 4.829198 1
110.332721 113.421042 14.614405 1
110.332721 113.421042 14.614405 1
100.007202 103.325222 -16.171205 1
96.906964 102.338781 0.697527 1
93.067795 101.117225 21.586864 1
93.436582 79.800139 20.582930 1
93.743535 62.057256 19.747324 1
88.854873 55.673420 32.233071 1
87.105120 54.844332 39.209112 1
112.089736 104.087124 -15.315439 1
113.516175 102.829260 1.758669 1
115.282585 101.271602 22.902109 1
114.144274 80.079035 19.213932 1
113.215924 62.795463 16.206042 1
115.926194 55.573389 28.896288 1
116.512365 54.750744 36.065290 1
105.858000 104.874100 -14.927840 1
105.438124 111.715000 -15.159291 1
104.887527 121.162681 -15.944254 1
104.308192 130.243249 -15.911050 1
102.815954 153.259086 -12.034114 1
104.269586 160.155186 -11.651481 1
103.853930 177.989560 -13.971640 1
99.828500 139.778973 -15.188117 1
89.488237 147.468656 -15.413598 1
90.118530 143.185788 -10.556642 1
91.954343 130.711356 3.589899 1
95.556553 125.899127 7.733564 1
102.785427 116.242003 16.049023 1
102.785427 116.242003 16.049023 1
107.471257 140.303748 -15.361790 1
119.397368 144.853861 -17.141530 1
119.846079 139.962988 -12.874416 1
121.153012 125.717658 -0.445868 1
117.549197 121.771123 4.528160 1
110.317106 113.851276 14.509964 1
110.317106 113.851276 14.509964 1
99.955804 103.301315 -16.202675 1
96.871163 102.328362 0.669699 1
93.051307 101.123509 21.563547 1
93.434898 79.804011 20.618079 1
93.754173 62.059121 19.831136 1
88.860467 55.675869 32.315206 1
87.108461 54.846904 39.290696 1
112.034653 104.073062 -15.304753 1
113.457468 102.833925 1.771026 1
115.219388 101.299459 22.916537 1
114.138572 80.099353 19.254481 1
113.257112 62.809632 16.267896 1
115.980689 55.574063 28.947601 1
116.575185 54.751721 36.115952 1
105.811900 104.869300 -14.972400 1
105.376333 111.705808 -15.288970 1
104.805840 121.141972 -16.189724 1
104.206871 130.221016 -16.264835 1
102.660689 153.276685 -12.654903 1
104.088235 160.183131 -12.374253 1
103.629766 178.004115 -14.787373 1
99.706593 139.755269 -15.660018 1
89.324373 147.384134 -15.996255 1
89.983735 143.154613 -11.096598 1
91.904214 130.835562 3.174317 1
95.542585 126.096226 7.370075 1
102.844027 116.585384 15.790072 1
102.844027 116.585384 15.790072 1
107.348608 140.293558 -15.824746 1
119.294087 144.762423 -17.678901 1
119.727728 139.933364 -13.340424 1
120.990768 125.868074 -0.704022 1
117.436424 121.979706 4.350759 1
110.303613 114.176589 14.494619 1
110.303613 114.176589 14.494619 1
99.916583 103.266766 -16.242006 1
96.846209 102.325258 0.634753 1
93.044021 101.159345 21.534032 1
93.414477 79.837353 20.640997 1
93.722820 62.090389 19.897697 1
88.814250 55.707321 32.376024 1
87.054162 54.878380 39.349482 1
111.991340 104.078555 -15.324559 1
113.386195 102.858151 1.754876 1
115.113492 101.346883 22.904914 1
114.076802 80.139026 19.275128 1
113.231330 62.842983 16.314860 1
115.933260 55.598799 28.994278 1
116.515406 54.776545 36.163652 1
105.829200 104.781900 -15.039510 1
105.412762 111.613546 -15.467258 1
104.854967 121.034498 -16.522030 1
104.237284 130.109835 -16.745980 1
102.578545 153.213512 -13.512579 1
103.987612 160.123528 -13.226474 1
103.486772 177.930631 -15.731881 1
99.686518 139.627849 -16.278803 1
89.241295 147.167468 -16.671964 1
89.932249 142.982193 -11.738780 1
91.944745 130.792014 2.629786 1
95.622043 126.109264 6.855039 1
103.001603 116.711979 15.334228 1
103.001603 116.711979 15.334228 1
107.324571 140.205497 -16.487952 1
119.253816 144.676615 -18.438677 1
119.672388 139.924143 -14.014984 1
120.891533 126.081926 -1.130381 1
117.369766 122.243197 3.984782 1
110.302328 114.539695 14.249815 1
110.302328 114.539695 14.249815 1
99.934536 103.174321 -16.305763 1
96.906587 102.232609 0.578649 1
93.156937 101.066444 21.487403 1
93.482622 79.742530 20.623282 1
93.753700 61.993965 19.904047 1
88.862093 55.610743 32.388955 1
87.111335 54.781769 39.364757 1
112.007830 103.969782 -15.355364 1
113.414966 102.777346 1.725039 1
115.157472 101.300710 22.876275 1
114.137374 80.082490 19.302782 1
113.305433 62.777997 16.388423 1
116.029563 55.503785 29.045880 1
116.625263 54.682104 36.214206 1
105.862100 104.818100 -15.065080 1
105.402181 111.643018 -15.551652 1
104.786982 121.050358 -16.692479 1
104.123977 130.119748 -17.008750 1
102.390324 153.252877 -14.035711 1
103.753861 160.173598 -13.790708 1
103.214530 177.970459 -16.360081 1
99.536195 139.623524 -16.620425 1
88.995705 147.026779 -17.059741 1
89.704047 142.882513 -12.094506 1
91.767189 130.811777 2.367412 1
95.475546 126.180812 6.622489 1
102.917433 116.887447 15.161530 1
102.917433 116.887447 15.161530 1
107.169992 140.230561 -16.892303 1
119.090288 144.678617 -18.947655 1
119.503482 140.004286 -14.440977 1
120.706965 126.389665 -1.314667 1
117.219267 122.586128 3.849889 1
110.220199 114.953248 14.214044 1
110.220199 114.953248 14.214044 1
99.974916 103.162886 -16.304477 1
96.962994 102.257094 0.584766 1
93.233191 101.135408 21.499503 1
93.454487 79.810358 20.630412 1
93.638679 62.060847 19.907041 1
88.716689 55.677923 32.380154 1
86.949231 54.849016 39.351752 1
112.044994 104.041665 -15.387180 1
113.405483 102.861541 1.697856 1
115.090224 101.400152 22.854831 1
114.081291 80.167567 19.364459 1
113.258455 62.851358 16.517890 1
115.919375 55.559369 29.178564 1
116.479128 54.737945 36.349816 1
105.922200 104.936000 -15.070330 1
105.439799 111.749611 -15.678421 1
104.784977 121.135322 -16.965917 1
104.069506 130.196653 -17.382825 1
102.208813 153.338849 -14.560984 1
103.498337 160.276514 -14.414095 1
102.914094 178.063533 -17.041151 1
99.417599 139.669359 -16.998246 1
88.814397 146.978462 -17.500498 1
89.532156 142.875458 -12.502455 1
91.622726 130.924904 2.055019 1
95.340592 126.353296 6.365622 1
102.801565 117.179048 15.016089 1
102.801565 117.179048 15.016089 1
107.041751 140.330064 -17.389467 1
118.926456 144.804358 -19.588922 1
119.333295 140.214807 -14.995367 1
120.518271 126.847119 -1.616015 1
117.074136 123.064894 3.593234 1
110.162489 115.474782 14.047078 1
110.162489 115.474782 14.047078 1
100.041785 103.239166 -16.285339 1
97.020121 102.300021 0.600341 1
93.278254 101.137035 21.510667 1
93.437408 79.810865 20.655544 1
93.569877 62.060423 19.943799 1
88.608499 55.677425 32.401260 1
86.818957 54.848498 39.367219 1
112.107970 104.174858 -15.373131 1
113.466199 102.952947 1.709147 1
115.148141 101.439812 22.862707 1
114.129082 80.203539 19.397811 1
113.297989 62.884321 16.572018 1
115.942154 55.553278 29.213634 1
116.493028 54.732576 36.385657 1
105.973200 105.001900 -15.056370 1
105.470545 111.805903 -15.749669 1
104.779771 121.173746 -17.144068 1
104.017820 130.227164 -17.642553 1
102.044125 153.378034 -14.972730 1
103.277674 160.327400 -14.955105 1
102.592354 178.104647 -17.623560 1
99.310122 139.672739 -17.269726 1
88.643581 146.886285 -17.810806 1
89.364121 142.823314 -12.780565 1
91.462792 130.989359 1.870694 1
95.166307 126.479490 6.258004 1
102.598478 117.429139 15.062406 1
102.598478 117.429139 15.062406 1
106.924161 140.378941 -17.764668 1
118.759608 144.907624 -20.113360 1
119.171350 140.386988 -15.452399 1
120.370608 127.220023 -1.876718 1
116.970035 123.453038 3.372045 1
110.145809 115.893511 13.905183 1
110.145809 115.893511 13.905183 1
100.098067 103.272441 -16.250757 1
97.052909 102.319778 0.629945 1
93.281947 101.140050 21.534105 1
93.413173 79.813902 20.673727 1
93.522397 62.063478 19.957607 1
88.520082 55.680018 32.398449 1
86.707208 54.850990 39.358361 1
112.161262 104.255520 -15.348904 1
113.537087 103.001280 1.729623 1
115.240818 101.448110 22.878537 1
114.167230 80.216284 19.402864 1
113.291665 62.900695 16.568282 1
115.931908 55.549141 29.198802 1
116.481035 54.728773 36.370997 1
106.008600 105.048600 -15.019370 1
105.486657 111.843912 -15.780350 1
104.766454 121.195525 -17.265831 1
103.971711 130.241364 -17.844297 1
101.926280 153.406470 -15.358295 1
103.134034 160.360327 -15.387512 1
102.418737 178.121614 -18.152630 1
99.228715 139.670795 -17.512460 1
88.497216 146.786941 -18.058809 1
89.216796 142.771004 -12.990801 1
91.312669 131.074042 1.770455 1
94.993513 126.629326 6.242514 1
102.380190 117.709723 15.216990 1
102.380190 117.709723 15.216990 1
106.835218 140.403312 -18.079739 1
118.647910 144.932261 -20.539830 1
119.070983 140.469633 -15.824301 1
120.303239 127.471627 -2.089686 1
116.939724 123.709892 3.186648 1
110.189866 116.160900 13.775116 1
110.189866 116.160900 13.775116 1
100.138903 103.290479 -16.198537 1
97.058337 102.331769 0.675397 1
93.243529 101.144554 21.571176 1
93.402294 79.819158 20.696904 1
93.534440 62.069360 19.969221 1
88.488072 55.685968 32.392294 1
86.650581 54.856966 39.345750 1
112.198889 104.317156 -15.302366 1
113.609748 103.031618 1.770975 1
115.356864 101.439692 22.913466 1
114.189499 80.216143 19.417537 1
113.237455 62.907303 16.566435 1
115.882820 55.551303 29.193295 1
116.434769 54.730950 36.365275 1
106.040900 105.064500 -14.980420 1
105.503024 111.853582 -15.784681 1
104.758150 121.193580 -17.329868 1
103.937058 130.232897 -17.970173 1
101.831193 153.410095 -15.653058 1
103.046974 160.362268 -15.722405 1
102.290744 178.110571 -18.559075 1
99.165611 139.649472 -17.684314 1
88.404099 146.718679 -18.249370 1
89.120263 142.746871 -13.146224 1
91.206186 131.178441 1.717377 1
94.872198 126.785713 6.252542 1
102.229110 117.970438 15.353658 1
102.229110 117.970438 15.353658 1
106.766295 140.401768 -18.301505 1
118.582517 144.865921 -20.861066 1
119.026406 140.450890 -16.102841 1
120.319291 127.591513 -2.243866 1
116.992912 123.837959 3.061755 1
110.317578 116.305385 13.708997 1
110.317578 116.305385 13.708997 1
100.174792 103.285382 -16.145874 1
97.057266 102.330413 0.721483 1
93.196688 101.147831 21.609117 1
93.383850 79.823279 20.720001 1
93.539632 62.074183 19.979962 1
88.451620 55.690987 32.386138 1
86.591274 54.861930 39.333507 1
112.232741 104.345483 -15.261290 1
113.669756 103.036507 1.808088 1
115.449261 101.415556 22.945672 1
114.201993 80.198317 19.439050 1
113.184783 62.894623 16.579227 1
115.832053 55.550764 29.212752 1
116.384856 54.730132 36.384635 1
106.062800 105.066600 -14.933700 1
105.509429 111.851496 -15.762401 1
104.743889 121.183582 -17.344842 1
103.904232 130.218042 -18.028184 1
101.754186 153.403681 -15.839664 1
102.995266 160.350892 -15.947466 1
102.219080 178.089228 -18.840529 1
99.114357 139.626625 -17.791609 1
88.346759 146.686396 -18.358702 1
89.067199 142.751309 -13.227786 1
91.165578 131.289837 1.716703 1
94.810039 126.944292 6.314265 1
102.123702 118.223706 15.540599 1
102.123702 118.223706 15.540599 1
106.713076 140.390463 -18.418744 1
118.556191 144.740714 -21.049156 1
119.033000 140.363424 -16.259351 1
120.421771 127.613974 -2.308397 1
117.140675 123.865295 3.028774 1
110.556212 116.342504 13.739329 1
110.556212 116.342504 13.739329 1
100.199247 103.270599 -16.086046 1
97.042393 102.328571 0.774722 1
93.133114 101.162015 21.654198 1
93.348593 79.838462 20.747707 1
93.527944 62.090198 19.993208 1
88.401835 55.706727 32.383549 1
86.519614 54.877708 39.325029 1
112.255860 104.359849 -15.218814 1
113.701214 103.040885 1.849091 1
115.491047 101.407566 22.984851 1
114.202329 80.197458 19.450196 1
113.151316 62.899579 16.567511 1
115.794113 55.563089 29.206253 1
116.344286 54.742284 36.378318 1
106.114700 105.004400 -14.896810 1
105.546860 111.788037 -15.726031 1
104.764657 121.117319 -17.316834 1
103.917756 130.149317 -18.023382 1
101.756289 153.343069 -15.934330 1
103.062455 160.277941 -16.065167 1
102.283843 178.012909 -18.978158 1
99.126155 139.558293 -17.844416 1
88.397789 146.676265 -18.427316 1
89.126288 142.767919 -13.277134 1
91.248140 131.384335 1.723467 1
94.880806 127.071718 6.361194 1
102.170797 118.417211 15.668129 1
102.170797 118.417211 15.668129 1
106.727503 140.320413 -18.441031 1
118.624428 144.506193 -21.095375 1
119.129585 140.159891 -16.280323 1
120.600921 127.500699 -2.255833 1
117.350408 123.747453 3.096820 1
110.827319 116.215497 13.838443 1
110.827319 116.215497 13.838443 1
100.251407 103.197439 -16.033232 1
97.056129 102.279826 0.821644 1
93.099267 101.143504 21.693823 1
93.345844 79.820959 20.771678 1
93.551078 62.073534 20.004149 1
88.391039 55.690190 32.380464 1
86.490166 54.861113 39.316852 1
112.308260 104.308785 -15.197980 1
113.751920 102.991812 1.870222 1
115.539655 101.360958 23.006350 1
114.217027 80.157841 19.442393 1
113.138358 62.865665 16.535811 1
115.774313 55.545218 29.185280 1
116.319954 54.724135 36.357659 1
106.171400 104.937600 -14.865970 1
105.589477 111.722133 -15.677918 1
104.790389 121.051596 -17.259242 1
103.935356 130.081346 -17.984478 1
101.753057 153.283682 -16.015883 1
103.137957 160.203440 -16.136858 1
102.391100 177.940239 -19.047013 1
99.139006 139.488976 -17.875694 1
88.440118 146.649854 -18.474653 1
89.176199 142.764940 -13.307847 1
91.320133 131.449605 1.741173 1
94.938135 127.169793 6.420565 1
102.198698 118.581118 15.811113 1
102.198698 118.581118 15.811113 1
106.743182 140.251594 -18.434439 1
118.702809 144.252264 -21.092463 1
119.228856 139.930547 -16.257561 1
120.761038 127.342959 -2.175254 1
117.531119 123.595412 3.193833 1
111.049358 116.074892 13.968436 1
111.049358 116.074892 13.968436 1
100.306493 103.123784 -15.982981 1
97.070379 102.240116 0.865917 1
93.062948 101.145828 21.730693 1
93.308613 79.823948 20.793066 1
93.513088 62.077075 20.012651 1
88.320828 55.693833 32.375535 1
86.401541 54.864939 39.306873 1
112.364806 104.252546 -15.193387 1
113.785600 102.953799 1.878130 1
115.545019 101.345516 23.018363 1
114.222577 80.147899 19.421768 1
113.144061 62.860208 16.488569 1
115.765314 55.544788 29.144000 1
116.302977 54.723615 36.316971 1
106.223600 104.875800 -14.842600 1
105.628050 111.660965 -15.639242 1
104.815335 120.991096 -17.209641 1
103.960076 130.020057 -17.944378 1
101.782918 153.229299 -16.053025 1
103.246996 160.132983 -16.159207 1
102.536157 177.870359 -19.074857 1
99.172078 139.432471 -17.901570 1
88.515049 146.654824 -18.508589 1
89.264303 142.790030 -13.328605 1
91.446604 131.533293 1.758798 1
95.057837 127.280755 6.468187 1
102.304818 118.746813 15.918935 1
102.304818 118.746813 15.918935 1
106.781645 140.186482 -18.394758 1
118.803718 144.016062 -21.022916 1
119.346088 139.701450 -16.183474 1
120.925817 127.134558 -2.087943 1
117.701863 123.392702 3.288692 1
111.232072 115.883602 14.078444 1
111.232072 115.883602 14.078444 1
100.357219 103.055023 -15.940376 1
97.082337 102.199566 0.902486 1
93.026899 101.140214 21.759787 1
93.293854 79.819244 20.807398 1
93.516050 62.073130 20.014695 1
88.292188 55.689753 32.364190 1
86.355285 54.860746 39.290612 1
112.416742 104.200994 -15.195315 1
113.824698 102.916828 1.878369 1
115.568219 101.326600 23.021285 1
114.221770 80.134737 19.399781 1
113.123673 62.851738 16.446266 1
115.738012 55.539684 29.105072 1
116.271628 54.718455 36.278339 1
106.252000 104.761900 -14.817270 1
105.649543 111.553051 -15.555577 1
104.831852 120.892679 -17.065786 1
103.981353 129.923620 -17.781460 1
101.805176 153.137145 -15.942249 1
103.353668 160.022576 -16.035317 1
102.710283 177.766507 -18.926647 1
99.202476 139.340735 -17.805339 1
88.598370 146.637981 -18.442738 1
89.361759 142.802131 -13.243339 1
91.585234 131.629701 1.900612 1
95.185791 127.416235 6.653098 1
102.411348 118.960702 16.190330 1
102.411348 118.960702 16.190330 1
106.818022 140.086766 -18.210518 1
118.902195 143.762534 -20.772668 1
119.461528 139.437293 -15.944658 1
121.090662 126.839442 -1.882426 1
117.865399 123.105068 3.498624 1
111.392981 115.610984 14.297237 1
111.392981 115.610984 14.297237 1
100.383398 102.946345 -15.911820 1
97.101499 102.139578 0.932079 1
93.037371 101.140521 21.790665 1
93.289281 79.820246 20.818827 1
93.498955 62.074709 20.009938 1
88.271887 55.691679 32.358255 1
86.333361 54.862803 39.284239 1
112.444445 104.094242 -15.194935 1
113.814829 102.854918 1.885118 1
115.511823 101.320219 23.035922 1
114.191106 80.128502 19.404099 1
113.113996 62.845623 16.442170 1
115.701149 55.540531 29.110577 1
116.219254 54.719247 36.284975 1
106.235800 104.660600 -14.822770 1
105.635934 111.457420 -15.509194 1
104.826038 120.806139 -16.966429 1
103.986549 129.839288 -17.667082 1
101.817010 153.057667 -15.882100 1
103.442034 159.925771 -15.946034 1
102.820060 177.671332 -18.832040 1
99.219126 139.261818 -17.756034 1
88.655310 146.616278 -18.404749 1
89.433758 142.800673 -13.192703 1
91.701090 131.687207 1.988087 1
95.296240 127.502558 6.770036 1
102.510947 119.104855 16.366395 1
102.510947 119.104855 16.366395 1
106.839548 139.998616 -18.077864 1
118.978957 143.536077 -20.572706 1
119.558513 139.197775 -15.758821 1
121.246546 126.561880 -1.737729 1
118.014226 122.824208 3.636793 1
111.527646 115.323504 14.422303 1
111.527646 115.323504 14.422303 1
100.367459 102.855330 -15.935579 1
97.123772 102.078966 0.917148 1
93.106964 101.117558 21.786666 1
93.295987 79.799468 20.754485 1
93.453318 62.055751 19.895368 1
88.246727 55.672311 32.252122 1
86.319226 54.843371 39.181174 1
112.428320 103.993969 -15.201018 1
113.799391 102.791211 1.881594 1
115.497236 101.301793 23.035566 1
114.185068 80.111682 19.391297 1
113.114929 62.830112 16.419218 1
115.700120 55.523598 29.087205 1
116.217085 54.701824 36.261629 1
106.176500 104.647500 -14.809080 1
105.582911 111.450328 -15.439134 1
104.780668 120.809444 -16.832460 1
103.945565 129.845679 -17.497666 1
101.746391 153.059400 -15.688534 1
103.456751 159.906531 -15.772871 1
102.851019 177.656194 -18.637021 1
99.177156 139.267229 -17.627895 1
88.718272 146.767069 -18.311479 1
89.527511 142.967240 -13.092601 1
91.884529 131.899724 2.108085 1
95.484269 127.740612 6.908823 1
102.708185 119.394156 16.542890 1
102.708185 119.394156 16.542890 1
106.800951 140.006610 -17.847737 1
118.986658 143.441792 -20.258380 1
119.588224 139.074089 -15.473870 1
121.340368 126.352562 -1.538339 1
118.103201 122.608792 3.829018 1
111.606896 115.095850 14.600148 1
111.606896 115.095850 14.600148 1
100.308000 102.856421 -15.943766 1
97.079019 102.104121 0.912877 1
93.080422 101.172513 21.787243 1
93.262631 79.853993 20.762766 1
93.414290 62.109917 19.910062 1
88.223439 55.726329 32.273360 1
86.304840 54.897278 39.204869 1
112.368915 103.979013 -15.185768 1
113.741834 102.807852 1.898891 1
115.441967 101.357562 23.055398 1
114.140544 80.166386 19.413473 1
113.079168 62.883947 16.443305 1
115.665320 55.579656 29.112378 1
116.182599 54.758183 36.286814 1
106.182500 104.531600 -14.822250 1
105.592921 111.339888 -15.394428 1
104.798102 120.708832 -16.724527 1
103.969431 129.747750 -17.360687 1
101.755251 152.960629 -15.559068 1
103.538956 159.789101 -15.636609 1
102.939234 177.541338 -18.486037 1
99.205094 139.170586 -17.538334 1
88.816650 146.766151 -18.238863 1
89.646852 142.976005 -13.016239 1
92.064926 131.936691 2.195361 1
95.672778 127.790673 7.001333 1
102.912975 119.470494 16.645901 1
102.912975 119.470494 16.645901 1
106.831087 139.908233 -17.670210 1
119.058935 143.246220 -20.002739 1
119.685502 138.855717 -15.242367 1
121.510462 126.067781 -1.377140 1
118.258820 122.309564 3.971337 1
111.733465 114.767631 14.704581 1
111.733465 114.767631 14.704581 1
100.313460 102.753538 -15.974481 1
97.102796 102.030658 0.886947 1
93.126882 101.135481 21.767239 1
93.299768 79.816729 20.745978 1
93.443667 62.072460 19.895951 1
88.270652 55.689216 32.266899 1
86.362391 54.860236 39.201270 1
112.374693 103.862910 -15.202211 1
113.754451 102.728534 1.884378 1
115.463052 101.323796 23.043277 1
114.164939 80.131619 19.405991 1
113.106263 62.848365 16.439606 1
115.696422 55.543589 29.107581 1
116.215539 54.722244 36.281898 1
106.155300 104.477500 -14.828510 1
105.570335 111.290324 -15.349119 1
104.783485 120.667651 -16.623718 1
103.961212 129.708768 -17.236499 1
101.738090 152.922143 -15.452369 1
103.575553 159.736542 -15.510164 1
102.975476 177.491763 -18.340865 1
99.201228 139.132956 -17.454545 1
88.854334 146.784425 -18.161601 1
89.699684 142.999602 -12.937546 1
92.161878 131.975794 2.278221 1
95.775654 127.838745 7.087470 1
103.027739 119.536565 16.738615 1
103.027739 119.536565 16.738615 1
106.828281 139.868468 -17.520602 1
119.087798 143.133438 -19.789378 1
119.731730 138.717091 -15.055302 1
121.607270 125.853881 -1.266667 1
118.349167 122.094193 4.076843 1
111.810847 114.549310 14.800118 1
111.810847 114.549310 14.800118 1
100.286312 102.711856 -15.999944 1
97.097263 102.010547 0.866496 1
93.148114 101.142084 21.752995 1
93.307068 79.823059 20.735170 1
93.439371 62.078563 19.888004 1
88.284776 55.695338 32.266648 1
86.386856 54.866362 39.203857 1
112.347456 103.807998 -15.207643 1
113.734350 102.706773 1.880537 1
115.451789 101.343087 23.041406 1
114.165012 80.150284 19.403740 1
113.115580 62.866519 16.437046 1
115.710808 55.550974 29.097767 1
116.233652 54.729808 36.271834 1
106.115500 104.434100 -14.827530 1
105.534103 111.250791 -15.299208 1
104.753188 120.635710 -16.520470 1
103.936575 129.678947 -17.109062 1
101.707251 152.892353 -15.333084 1
103.583278 159.696419 -15.362192 1
102.992442 177.455940 -18.167749 1
99.181823 139.104915 -17.361591 1
88.870503 146.804503 -18.065955 1
89.733597 143.021106 -12.843769 1
92.247476 132.001451 2.366554 1
95.872754 127.866749 7.169160 1
103.147920 119.569279 16.806975 1
103.147920 119.569279 16.806975 1
106.809419 139.837748 -17.365634 1
119.095775 143.046574 -19.568363 1
119.754925 138.606768 -14.858384 1
121.674789 125.675234 -1.139936 1
118.408667 121.907160 4.192760 1
111.854254 114.345446 14.894334 1
111.854254 114.345446 14.894334 1
100.245650 102.679971 -16.011873 1
97.070109 102.002358 0.858084 1
93.137688 101.163238 21.748938 1
93.298240 79.844154 20.732600 1
93.431874 62.099609 19.886672 1
88.293692 55.716051 32.271967 1
86.404642 54.887007 39.211588 1
112.307325 103.764117 -15.211194 1
113.701232 102.695283 1.878473 1
115.427355 101.371708 23.041181 1
114.147613 80.177766 19.407671 1
113.103920 62.893073 16.444366 1
115.704995 55.573980 29.101836 1
116.230945 54.752889 36.275685 1
106.115600 104.369800 -14.838460 1
105.537219 111.189134 -15.274287 1
104.762221 120.579749 -16.454852 1
103.951323 129.624920 -17.021208 1
101.721935 152.837308 -15.232069 1
103.619356 159.635490 -15.244793 1
103.020513 177.402717 -17.999397 1
99.202592 139.053416 -17.291991 1
88.917505 146.788118 -17.995189 1
89.791313 143.006545 -12.773464 1
92.336398 131.992203 2.435517 1
95.966027 127.863582 7.240068 1
103.249924 119.578314 16.881784 1
103.249924 119.578314 16.881784 1
106.830409 139.782654 -17.248390 1
119.133029 142.964785 -19.398434 1
119.800090 138.502427 -14.710935 1
121.742993 125.505208 -1.057960 1
118.475741 121.734399 4.272109 1
111.919059 114.167197 14.968412 1
111.919059 114.167197 14.968412 1
100.245733 102.624361 -16.035490 1
97.083749 101.960920 0.837577 1
93.168117 101.139349 21.732281 1
93.321469 79.819778 20.725083 1
93.449110 62.074828 19.886761 1
88.325452 55.691158 32.278014 1
86.444386 54.862107 39.219803 1
112.307377 103.699352 -15.222095 1
113.706223 102.651022 1.868438 1
115.438462 101.352838 23.032220 1
114.163996 80.158266 19.400530 1
113.124604 62.873058 16.438710 1
115.729217 55.550714 29.093572 1
116.257341 54.729684 36.267268 1
106.116300 104.343300 -14.846750 1
105.541219 111.164336 -15.259702 1
104.769135 120.558434 -16.414179 1
103.959757 129.604661 -16.965654 1
101.723151 152.815444 -15.164729 1
103.627964 159.611553 -15.149426 1
103.011743 177.383636 -17.868644 1
99.211429 139.033127 -17.244410 1
88.935622 146.780501 -17.943761 1
89.814842 142.997151 -12.724233 1
92.375689 131.977630 2.478350 1
96.009430 127.848913 7.279710 1
103.301579 119.563453 16.915022 1
103.301579 119.563453 16.915022 1
106.839019 139.762731 -17.174867 1
119.150263 142.932296 -19.293886 1
119.822979 138.455599 -14.620891 1
121.782358 125.416613 -1.010161 1
118.512576 121.642471 4.315996 1
111.950817 114.068579 15.004449 1
111.950817 114.068579 15.004449 1
100.246651 102.604520 -16.054493 1
97.093993 101.946840 0.820543 1
93.189908 101.132405 21.717688 1
93.337937 79.812434 20.718174 1
93.461146 62.067152 19.886248 1
88.345988 55.682604 32.280560 1
86.469564 54.853104 39.223551 1
112.308095 103.671477 -15.227670 1
113.707373 102.632567 1.863403 1
115.440148 101.346047 23.027853 1
114.169834 80.150988 19.397555 1
113.133830 62.865383 16.436869 1
115.735608 55.544089 29.092922 1
116.262492 54.723094 36.266713 1
