82 35
101.717200 139.558800 22.175230 1
101.650835 145.512395 21.825671 1
101.574393 154.291156 20.660939 1
101.525365 162.739474 19.867143 1
101.446886 184.545624 20.322588 1
101.594500 190.365630 23.393597 1
102.360346 205.826657 29.860912 1
97.928105 171.874539 19.091899 1
86.164341 174.311751 18.724457 1
84.917020 168.468554 19.781053 1
81.284021 151.449411 22.858536 1
79.469172 144.979627 23.957117 1
75.827169 131.996196 26.161726 1
75.827169 131.996196 26.161726 1
105.073904 171.898888 19.157421 1
116.081282 176.617196 18.139406 1
117.069836 170.664978 18.778958 1
119.949139 153.328300 20.641744 1
121.482941 146.729369 21.320256 1
124.560938 133.486791 22.681877 1
124.560938 133.486791 22.681877 1
96.460065 138.441472 21.423966 1
95.782806 122.476054 22.578092 1
94.944121 102.705280 24.007304 1
95.690413 82.823465 23.402737 1
96.311571 66.275262 22.899539 1
93.339974 60.609439 35.182840 1
92.556154 60.003973 41.861492 1
107.014197 138.565814 21.537983 1
107.502793 122.657588 23.375943 1
108.107841 102.957860 25.651953 1
107.976909 82.968760 23.655291 1
107.870127 66.666733 22.026921 1
109.655336 60.873871 34.479520 1
109.747603 60.175469 41.194398 1
101.619500 139.544300 21.693530 1
101.570915 145.500421 21.386702 1
101.504590 154.289627 20.302931 1
101.452415 162.747742 19.621644 1
101.353535 184.542579 20.456560 1
101.648065 190.216669 23.779707 1
102.590459 205.302202 31.059449 1
97.834958 171.889807 19.049507 1
86.103258 174.500229 18.930799 1
84.910144 168.626392 19.874026 1
81.435027 151.518008 22.621310 1
79.678241 145.014179 23.607502 1
76.152757 131.962428 25.586572 1
76.152757 131.962428 25.586572 1
104.980986 171.923075 19.027388 1
116.031003 176.519834 17.919190 1
116.950148 170.555459 18.548927 1
119.627289 153.183372 20.383125 1
121.083971 146.565692 21.048849 1
124.007209 133.285486 22.384809 1
124.007209 133.285486 22.384809 1
96.349892 138.451192 20.995938 1
95.720209 122.489550 22.226680 1
94.940441 102.723451 23.750770 1
95.689254 82.840030 23.204976 1
96.312512 66.290491 22.750697 1
93.561451 60.664947 35.103687 1
92.895710 60.081889 41.797130 1
106.905021 138.536853 20.987414 1
107.415765 122.655092 23.036138 1
108.048238 102.988136 25.573146 1
107.927847 82.990301 23.665262 1
107.829661 66.681150 22.109295 1
109.758703 60.946060 34.567182 1
109.924455 60.277343 41.283671 1
101.572100 139.536100 21.100430 1
101.534536 145.494862 20.848174 1
101.465213 154.296419 19.869976 1
101.396682 162.765134 19.338222 1
101.247637 184.534290 20.681138 1
101.727546 190.048342 24.243479 1
102.895742 204.720418 32.294662 1
97.744124 171.906136 19.035560 1
86.061544 174.726580 19.189132 1
84.987018 168.798434 19.908608 1
81.857308 151.531870 22.004185 1
80.230006 144.963665 22.758671 1
76.964368 131.782727 24.272756 1
76.964368 131.782727 24.272756 1
104.888792 171.963275 18.902264 1
115.974741 176.455187 17.725135 1
116.836265 170.483202 18.364148 1
119.345575 153.088949 20.225364 1
120.738286 146.458529 20.901152 1
123.533147 133.152758 22.257310 1
123.533147 133.152758 22.257310 1
96.289861 138.462441 20.471551 1
95.727381 122.505325 21.790385 1
95.030835 102.744831 23.423563 1
95.763253 82.858968 22.949195 1
96.372864 66.307396 22.554366 1
93.895130 60.739542 34.991056 1
93.377846 60.187446 41.700226 1
106.843884 138.521991 20.306603 1
107.369234 122.671682 22.582608 1
108.019795 103.043675 25.401065 1
107.901334 83.035403 23.605805 1
107.804721 66.717741 22.141689 1
109.887385 61.041638 34.601857 1
110.133336 60.403775 41.318888 1
101.421900 139.507400 20.496330 1
101.402292 145.469340 20.332704 1
101.342845 154.285910 19.499855 1
101.270931 162.763433 19.135112 1
101.100368 184.495971 20.976157 1
101.799287 189.840792 24.753690 1
103.155167 204.109699 33.472401 1
97.599254 171.901645 19.084606 1
85.963490 174.886090 19.488670 1
84.970464 168.925434 20.036070 1
82.078132 151.564180 21.630452 1
80.539998 144.956692 22.208309 1
77.453299 131.696922 23.367940 1
77.453299 131.696922 23.367940 1
104.741712 171.976079 18.867673 1
115.874578 176.329404 17.615062 1
116.720307 170.357923 18.279383 1
119.183613 152.965138 20.214312 1
120.558531 146.333596 20.915061 1
123.317686 133.025572 22.321306 1
123.317686 133.025572 22.321306 1
96.129100 138.460767 19.912282 1
95.670788 122.509734 21.340476 1
95.103237 102.756772 23.109081 1
95.846264 82.869347 22.725351 1
96.464705 66.316475 22.405963 1
94.272988 60.810935 34.923824 1
93.906797 60.293326 41.645678 1
106.680694 138.487644 19.627154 1
107.231611 122.665470 22.085560 1
107.913833 103.072302 25.129890 1
107.830133 83.048089 23.519975 1
107.761871 66.717426 22.207016 1
109.960995 61.138063 34.690844 1
110.264368 60.550381 41.410105 1
101.270100 139.461100 19.845630 1
101.269922 145.425103 19.795145 1
101.237087 154.256631 19.137774 1
101.201946 162.740302 18.957006 1
101.171768 184.424299 21.307562 1
101.870688 189.641652 25.259283 1
103.586998 203.495670 34.563932 1
97.580899 171.896601 19.159252 1
85.936219 174.817715 19.733431 1
85.009082 168.838045 20.179674 1
82.308666 151.421409 21.479419 1
80.843182 144.789096 21.952116 1
77.902278 131.479505 22.900715 1
77.902278 131.479505 22.900715 1
104.720992 171.938081 18.868267 1
115.839430 176.325797 17.607535 1
116.649760 170.350881 18.284960 1
119.009962 152.948090 20.258056 1
120.345927 146.310637 20.977931 1
123.026913 132.990752 22.422558 1
123.026913 132.990752 22.422558 1
95.967887 138.443450 19.296806 1
95.626862 122.501487 20.853341 1
95.204554 102.759759 22.780877 1
95.926616 82.870096 22.482623 1
96.527607 66.315362 22.234380 1
94.632834 60.861264 34.823028 1
94.426446 60.370987 41.553733 1
106.516010 138.440430 18.902792 1
107.082650 122.648927 21.547752 1
107.784342 103.093740 24.823100 1
107.748644 83.056323 23.384856 1
107.719528 66.714890 22.211903 1
110.003011 61.250380 34.731338 1
110.345742 60.722250 41.453650 1
101.165700 139.418200 19.210230 1
101.178658 145.382387 19.224036 1
101.159552 154.221788 18.682076 1
101.137334 162.707368 18.650064 1
101.151067 184.334487 21.476600 1
101.943769 189.415149 25.585597 1
103.935284 202.948039 35.299030 1
97.529490 171.861094 19.078380 1
85.898565 174.801381 19.811489 1
85.055382 168.804485 20.187569 1
82.599491 151.337673 21.282957 1
81.226744 144.681108 21.688400 1
78.471942 131.322851 22.502034 1
78.471942 131.322851 22.502034 1
104.667464 171.900895 18.739166 1
115.806139 176.243861 17.502339 1
116.585715 170.264882 18.180011 1
118.856341 152.850259 20.153825 1
120.158322 146.206361 20.876513 1
122.771107 132.873544 22.326785 1
122.771107 132.873544 22.326785 1
95.857570 138.418129 18.686872 1
95.670424 122.480200 20.309411 1
95.438672 102.743465 22.318682 1
96.085055 82.850587 22.064502 1
96.623058 66.293176 21.852943 1
94.993267 60.869690 34.491812 1
94.935761 60.393264 41.226428 1
106.402718 138.396298 18.220463 1
106.975118 122.621382 20.961422 1
107.683942 103.086736 24.355650 1
107.712518 83.039877 23.055452 1
107.735822 66.690744 21.995082 1
110.070151 61.328450 34.549290 1
110.433243 60.852593 41.274436 1
101.006800 139.347600 18.481930 1
101.057273 145.305840 18.744066 1
101.081958 154.159514 18.541766 1
101.088713 162.641836 18.780021 1
101.150659 184.190445 22.152766 1
102.014445 189.145898 26.398083 1
104.233947 202.408257 36.430017 1
97.497645 171.787126 19.457217 1
85.870315 174.695656 20.355457 1
85.103702 168.685662 20.683232 1
82.870831 151.180701 21.637923 1
81.582944 144.504687 21.999662 1
78.998437 131.107400 22.725594 1
78.998437 131.107400 22.725594 1
104.633967 171.824921 19.084671 1
115.789654 176.149307 17.939457 1
116.540474 170.164437 18.597308 1
118.727344 152.732656 20.513392 1
119.997675 146.080785 21.218854 1
122.546948 132.731966 22.634559 1
122.546948 132.731966 22.634559 1
95.689897 138.402402 17.945804 1
95.696778 122.492188 19.830031 1
95.705298 102.789776 22.163362 1
96.233451 82.892326 22.016443 1
96.673048 66.331111 21.894159 1
95.404918 60.938009 34.587375 1
95.553378 60.473098 41.321405 1
106.232186 138.336122 17.422430 1
106.802919 122.614835 20.456213 1
107.509679 103.146598 24.213054 1
107.592720 83.089844 23.078313 1
107.660442 66.732642 22.152880 1
109.983524 61.506419 34.766417 1
110.334023 61.100865 41.496836 1
100.818100 139.239600 17.648430 1
100.915074 145.186886 18.086914 1
100.998777 154.042292 18.149093 1
101.044105 162.513391 18.644087 1
101.160153 183.948098 22.676660 1
102.103870 188.768427 27.058348 1
104.467545 201.771888 37.391745 1
97.475112 171.641768 19.606235 1
85.858998 174.531419 20.691118 1
85.151822 168.513096 20.999086 1
83.092072 150.983874 21.896086 1
81.870310 144.294872 22.247106 1
79.418502 130.871519 22.951525 1
79.418502 130.871519 22.951525 1
104.611055 171.674664 19.226022 1
115.802389 175.938847 18.210174 1
116.531307 169.947605 18.833763 1
118.654385 152.497264 20.650054 1
119.900610 145.837349 21.321816 1
122.401504 132.472388 22.669890 1
122.401504 132.472388 22.669890 1
95.493198 138.351594 17.094220 1
95.756056 122.476137 19.235723 1
96.081567 102.816766 21.887653 1
96.461605 82.915496 21.823894 1
96.777920 66.351101 21.770827 1
95.862899 60.946951 34.489684 1
96.216263 60.469983 41.215231 1
106.033811 138.219854 16.549904 1
106.638754 122.556628 19.864393 1
107.387878 103.160290 23.968841 1
107.537926 83.099099 22.922880 1
107.660295 66.738279 22.069851 1
110.002016 61.642539 34.733230 1
110.354033 61.303336 41.467241 1
100.606000 139.056600 16.718930 1
100.755112 144.985016 17.354171 1
100.902200 153.832456 17.715082 1
100.984087 162.280788 18.506016 1
101.133810 183.555279 23.311783 1
102.148081 188.181045 27.883315 1
104.667458 200.848210 38.590868 1
97.428267 171.372695 19.803736 1
85.840122 174.292858 21.087752 1
85.183589 168.269046 21.400521 1
83.271346 150.723841 22.311505 1
82.106365 144.025733 22.681422 1
79.768503 130.584108 23.423763 1
79.768503 130.584108 23.423763 1
104.563645 171.410622 19.413533 1
115.800452 175.586122 18.541444 1
116.512608 169.588280 19.119267 1
118.586864 152.118712 20.802259 1
119.814627 145.450797 21.427010 1
122.278475 132.069782 22.680744 1
122.278475 132.069782 22.680744 1
95.272397 138.232855 16.149365 1
95.778375 122.411182 18.619971 1
96.404952 102.818413 21.679447 1
96.659157 82.915039 21.689476 1
96.870738 66.348892 21.697825 1
96.305586 60.908404 34.421548 1
96.859892 60.406487 41.131702 1
105.810205 138.029493 15.573683 1
106.448573 122.452018 19.264649 1
107.239089 103.161870 23.835303 1
107.462162 83.098227 22.851245 1
107.644086 66.735406 22.048701 1
110.005251 61.774594 34.761949 1
110.358327 61.503508 41.498990 1
100.419700 138.831800 15.728830 1
100.606907 144.735332 16.556567 1
100.795144 153.564292 17.222238 1
100.888135 161.975972 18.336507 1
100.994558 183.028959 24.035818 1
102.142481 187.432135 28.791833 1
104.790792 199.636132 39.994732 1
97.313547 170.997416 20.017742 1
85.793835 174.080320 21.518777 1
85.187002 168.052887 21.860789 1
83.419514 150.497135 22.856945 1
82.311113 143.792421 23.277583 1
80.086794 130.337541 24.121712 1
80.086794 130.337541 24.121712 1
104.448688 171.066974 19.627566 1
115.754957 175.076138 18.881866 1
116.462377 169.072696 19.404744 1
118.522841 151.586819 20.927698 1
119.745382 144.912593 21.492419 1
122.198748 131.518913 22.625688 1
122.198748 131.518913 22.625688 1
95.080167 138.060166 15.142104 1
95.797165 122.310731 17.992800 1
96.685060 102.807419 21.522960 1
96.830185 82.903031 21.580483 1
96.950977 66.336041 21.628362 1
96.669869 60.880021 34.354879 1
97.387837 60.364806 41.048490 1
105.615588 137.810274 14.541599 1
106.245685 122.331795 18.629156 1
107.025958 103.164237 23.690923 1
107.342260 83.098422 22.779369 1
107.600217 66.733830 22.035955 1
109.926989 61.900463 34.804515 1
110.250907 61.692581 41.545267 1
100.452400 138.522600 14.463830 1
100.634712 144.378280 15.581710 1
100.804830 153.164755 16.676245 1
100.883787 161.514656 18.186054 1
100.987284 182.285838 24.839553 1
102.184332 186.389559 29.844740 1
105.065304 198.109699 41.497824 1
97.297456 170.433201 20.328126 1
85.826009 173.578766 22.052218 1
85.256852 167.548216 22.403905 1
83.599103 149.983382 23.428246 1
82.534239 143.273265 23.874404 1
80.397290 129.807539 24.769745 1
80.397290 129.807539 24.769745 1
104.425947 170.553755 19.840889 1
115.773159 174.467911 19.223371 1
116.469042 168.457960 19.683160 1
118.495900 150.953127 21.022361 1
119.705725 144.271263 21.520179 1
122.133573 130.862255 22.519190 1
122.133573 130.862255 22.519190 1
95.107001 137.761647 13.917986 1
95.953780 122.121894 17.289391 1
97.002388 102.754407 21.464369 1
97.014308 82.849414 21.474677 1
97.024228 66.281919 21.483258 1
97.034281 60.880271 34.236043 1
97.919591 60.388163 40.911326 1
105.633012 137.580365 13.150918 1
106.140280 122.215343 17.661711 1
106.768450 103.188283 23.247586 1
107.209822 83.115989 22.557575 1
107.569779 66.746113 21.994840 1
109.815502 62.038162 34.824624 1
110.083123 61.891059 41.569445 1
100.452100 138.166500 13.095130 1
100.672895 143.953546 14.521046 1
100.871623 152.668704 16.081690 1
100.951504 160.925624 18.037065 1
101.019268 181.308162 25.800395 1
102.245982 185.177289 30.982132 1
105.349580 196.387669 43.071428 1
97.338422 169.686775 20.716347 1
85.917349 172.865756 22.694817 1
85.391665 166.829621 23.017141 1
83.860535 149.248522 23.955958 1
82.846192 142.529419 24.384254 1
80.810628 129.045662 25.243749 1
80.810628 129.045662 25.243749 1
104.456681 169.890437 20.119502 1
115.791960 173.860224 19.657541 1
116.457662 167.840467 20.024330 1
118.396614 150.307072 21.092653 1
119.573051 143.612825 21.494955 1
121.933899 130.178965 22.302286 1
121.933899 130.178965 22.302286 1
95.095148 137.446501 12.610415 1
96.092401 121.954514 16.571358 1
97.327350 102.770012 21.476392 1
97.215603 82.865498 21.393593 1
97.122592 66.298402 21.324678 1
97.481527 60.993144 34.112830 1
98.559432 60.547296 40.762994 1
105.604331 137.285616 11.636075 1
105.975695 122.085918 16.687781 1
106.435570 103.263585 22.943488 1
107.017092 83.189223 22.443743 1
107.491347 66.817661 22.036178 1
109.712984 62.093511 34.864200 1
109.952796 61.931894 41.609735 1
100.460600 137.756100 11.764230 1
100.717424 143.468350 13.460146 1
100.956207 152.096182 15.443218 1
101.065024 160.239991 17.825051 1
101.200561 180.162892 26.700942 1
102.356545 183.717338 32.118964 1
105.594231 194.500317 44.556842 1
97.474032 168.834457 21.023587 1
86.061201 171.810737 23.336637 1
85.560436 165.769764 23.603174 1
84.101888 148.174573 24.379502 1
83.117163 141.447990 24.756419 1
81.141037 127.949221 25.512808 1
81.141037 127.949221 25.512808 1
104.585082 169.081370 20.360776 1
115.877395 173.194047 20.185443 1
116.480362 167.161005 20.417827 1
118.236590 149.588916 21.094681 1
119.343201 142.876016 21.361488 1
121.563923 129.404725 21.896911 1
121.563923 129.404725 21.896911 1
95.096042 137.075318 11.307795 1
96.225062 121.745260 15.824421 1
97.623184 102.761284 21.417584 1
97.392438 82.857985 21.297414 1
97.200382 66.291900 21.197395 1
97.798910 61.091303 34.019524 1
99.010658 60.695993 40.649814 1
105.592832 136.930581 10.205706 1
105.838356 121.917055 15.793390 1
106.142399 103.325265 22.712819 1
106.827436 83.250558 22.389097 1
107.386113 66.878715 22.125088 1
109.545662 62.153112 34.963174 1
109.741679 61.986242 41.709995 1
100.526900 137.293800 10.522030 1
100.780102 142.935609 12.439781 1
101.020253 151.472429 14.783733 1
101.140340 159.492329 17.553819 1
101.328100 178.906344 27.492761 1
102.458582 182.189257 33.084705 1
105.672524 192.441320 45.969652 1
97.572202 167.911760 21.210630 1
86.158569 170.625339 23.823416 1
85.667211 164.581191 24.028362 1
84.236061 146.976752 24.625296 1
83.263381 140.245294 24.941579 1
81.311424 126.736742 25.576289 1
81.311424 126.736742 25.576289 1
104.684249 168.173751 20.564519 1
115.929859 172.413575 20.710493 1
116.443184 166.367887 20.746707 1
117.938314 148.758961 20.852185 1
118.944656 142.025299 20.914380 1
120.964161 128.512342 21.039191 1
120.964161 128.512342 21.039191 1
95.163298 136.631563 10.028574 1
96.392932 121.497802 15.141550 1
97.915650 102.756909 21.473203 1
97.572222 82.855524 21.312033 1
97.286376 66.291034 21.177888 1
97.933339 61.165722 34.027948 1
99.179769 60.805449 40.653803 1
105.662299 136.529414 8.942892 1
105.751900 121.694706 14.993665 1
105.862859 103.324352 22.486554 1
106.638808 83.251376 22.282952 1
107.271629 66.880944 22.116905 1
109.234666 62.130695 34.977427 1
109.317634 61.946864 41.726145 1
100.587600 136.688000 9.327030 1
100.834467 142.246204 11.475822 1
101.074425 150.676189 14.178945 1
101.205475 158.564272 17.304254 1
101.443934 177.489301 28.144374 1
102.546928 180.484697 33.900793 1
105.730923 190.209709 47.195242 1
97.660847 166.816484 21.344959 1
86.221295 169.178130 24.177002 1
85.736049 163.131738 24.321352 1
84.322698 145.520762 24.741793 1
83.357542 138.785516 24.993980 1
81.420684 125.269362 25.500064 1
81.420684 125.269362 25.500064 1
104.775285 167.080932 20.726775 1
116.009773 171.332203 21.144076 1
116.454962 165.282985 20.989405 1
117.751639 147.663777 20.538906 1
118.681540 140.920339 20.397025 1
120.547645 127.387765 20.112302 1
120.547645 127.387765 20.112302 1
95.225730 136.047839 8.787749 1
96.547245 121.154035 14.542179 1
98.183743 102.710294 21.668177 1
97.745972 82.811428 21.439022 1
97.381602 66.249033 21.248291 1
98.046776 61.164681 34.113684 1
99.310233 60.822437 40.737270 1
105.728516 135.987940 7.736061 1
105.690131 121.366252 14.285354 1
105.642599 103.259689 22.395577 1
106.493355 83.188903 22.307851 1
107.187183 66.820258 22.236306 1
108.968728 62.063252 35.120731 1
108.947556 61.872172 41.869725 1
100.485500 136.001100 8.102030 1
100.776980 141.461613 10.483147 1
101.077913 149.768048 13.539561 1
101.257669 157.516309 16.994809 1
101.594018 175.966155 28.622870 1
102.662198 178.716446 34.506768 1
105.823402 187.999821 48.118593 1
97.754936 165.606399 21.384797 1
86.290489 167.712523 24.315986 1
85.825092 161.663120 24.373425 1
84.469557 144.043378 24.540726 1
83.526846 137.302061 24.697600 1
81.635031 123.773724 25.012412 1
81.635031 123.773724 25.012412 1
104.869735 165.865190 20.768383 1
116.070257 170.174096 21.433824 1
116.454979 164.128671 21.087435 1
117.575536 146.520512 20.078527 1
118.437358 139.775499 19.730869 1
120.166844 126.239765 19.033198 1
120.166844 126.239765 19.033198 1
95.117984 135.422155 7.549870 1
96.539860 120.795946 13.932466 1
98.300639 102.683581 21.836354 1
97.820513 82.786766 21.527700 1
97.420890 66.226079 21.270799 1
98.189145 61.134269 34.127496 1
99.508583 60.786994 40.739896 1
105.617677 135.332672 6.469779 1
105.651564 121.008789 13.647083 1
105.693528 103.271008 22.534995 1
106.471372 83.197291 22.441536 1
107.105737 66.826254 22.365317 1
108.938480 62.024498 35.225939 1
108.951653 61.813056 41.974346 1
100.139400 135.294300 6.917430 1
100.543687 140.657794 9.494516 1
100.982609 148.839062 12.856551 1
101.244245 156.446338 16.607217 1
101.664971 174.417649 28.959413 1
102.700456 177.002013 34.923823 1
105.904190 185.905185 48.777546 1
97.775513 164.361044 21.331201 1
86.314242 166.337744 24.363212 1
85.893751 160.285290 24.284727 1
84.669013 142.656662 24.056128 1
83.777257 135.906599 24.065456 1
81.987698 122.360710 24.084175 1
81.987698 122.360710 24.084175 1
104.888078 164.632087 20.694599 1
116.045472 169.019035 21.548072 1
116.375176 162.983770 21.016996 1
117.335483 145.405207 19.470160 1
118.135331 138.665862 18.922176 1
119.740446 125.141504 17.822495 1
119.740446 125.141504 17.822495 1
94.757706 134.819962 6.404929 1
96.379022 120.467842 13.338415 1
98.386778 102.694894 21.924498 1
97.851587 82.801270 21.516671 1
97.406132 66.243239 21.177227 1
98.440777 61.129603 34.006555 1
99.900608 60.769667 40.588704 1
105.242464 134.606737 5.203874 1
105.412127 120.623492 13.022348 1
105.622229 103.307536 22.704245 1
106.420374 83.234513 22.636179 1
107.071297 66.864043 22.580668 1
109.101540 62.022163 35.396507 1
109.215038 61.788200 42.143229 1
99.752800 134.507700 5.771830 1
100.285355 139.773274 8.521738 1
100.875434 147.830277 12.150181 1
101.222275 155.306996 16.148303 1
101.721813 172.864586 29.079012 1
102.731892 175.228561 35.138445 1
105.972310 183.772740 49.208013 1
97.781762 163.054544 21.161192 1
86.326784 164.806365 24.351139 1
85.959961 158.755067 24.101349 1
84.891537 141.129803 23.373800 1
84.060544 134.374330 23.195744 1
82.392924 120.817585 22.838427 1
82.392924 120.817585 22.838427 1
104.887546 163.362716 20.468240 1
116.018201 167.779157 21.500104 1
116.285795 161.757491 20.805054 1
117.065201 144.218535 18.780623 1
117.795098 137.488094 18.054520 1
119.259840 123.981604 16.597392 1
119.259840 123.981604 16.597392 1
94.356122 134.130054 5.343427 1
96.203196 120.052530 12.766157 1
98.490520 102.619630 21.958093 1
97.908874 82.728546 21.493876 1
97.424754 66.172629 21.107497 1
98.786123 61.012330 33.887536 1
100.417330 60.626849 40.427866 1
104.813029 133.804584 3.941531 1
105.121385 120.155312 12.325490 1
105.503236 103.252927 22.707645 1
106.375176 83.182886 22.741024 1
107.086281 66.814848 22.768246 1
109.374255 62.064103 35.574768 1
109.613615 61.874039 42.319578 1
99.715800 133.802700 4.770530 1
100.269430 138.983341 7.673346 1
100.882156 146.925693 11.542803 1
101.252993 154.271867 15.773973 1
101.839301 171.395528 29.270575 1
102.812497 173.577512 35.403860 1
106.104153 181.790984 49.657278 1
97.842902 161.835782 21.079552 1
86.404949 163.462115 24.394586 1
86.098322 157.418214 23.955936 1
85.205225 139.814498 22.678307 1
84.442569 133.059562 22.293771 1
82.912085 119.503896 21.522092 1
82.912085 119.503896 21.522092 1
104.938857 162.195744 20.314596 1
116.004729 166.733043 21.506476 1
116.214408 160.727423 20.667592 1
116.825129 143.235203 18.224225 1
117.489524 136.516488 17.343174 1
118.822819 123.033528 15.575099 1
118.822819 123.033528 15.575099 1
94.315178 133.423086 4.397090 1
96.300977 119.647174 12.332208 1
98.760091 102.587773 22.158661 1
98.070158 82.702698 21.595813 1
97.495907 66.151782 21.127340 1
98.979984 60.966750 33.883687 1
100.683536 60.564620 40.404542 1
104.754722 133.170073 2.857593 1
105.076947 119.803644 11.685005 1
105.475970 103.251513 22.616306 1
106.362081 83.182556 22.756577 1
107.084743 66.815401 22.870976 1
109.416858 62.078971 35.674838 1
109.676871 61.895361 42.419062 1
99.625700 133.165200 3.782230 1
100.211253 138.258171 6.830288 1
100.864405 146.081726 10.928393 1
101.274437 153.295148 15.378676 1
101.975525 169.986914 29.400629 1
102.906766 171.978779 35.604710 1
106.198913 179.865885 50.041170 1
97.908979 160.684929 20.951423 1
86.480296 162.115753 24.386410 1
86.210589 156.086320 23.763222 1
85.425029 138.524742 21.948102 1
84.704363 131.779860 21.359990 1
83.258144 118.244369 20.179781 1
83.258144 118.244369 20.179781 1
104.997061 161.076433 20.130977 1
115.991890 165.734372 21.501561 1
116.155353 159.747226 20.530729 1
116.631462 142.308811 17.703041 1
117.243236 135.605141 16.680621 1
118.470930 122.152372 14.628854 1
118.470930 122.152372 14.628854 1
94.221386 132.797780 3.452563 1
96.364338 119.308359 11.826840 1
99.018063 102.603734 22.197125 1
98.214074 82.723899 21.601491 1
97.544890 66.177344 21.105730 1
99.155839 61.052973 33.871194 1
100.932181 60.678389 40.374243 1
104.644678 132.588091 1.800543 1
105.024032 119.480403 11.005599 1
105.493801 103.248680 22.404550 1
106.409082 83.182565 22.689497 1
107.155534 66.817728 22.921884 1
109.560711 62.086231 35.714049 1
109.854949 61.903425 42.456888 1
99.559300 132.472200 2.751730 1
100.176693 137.474040 5.941136 1
100.873483 145.174257 10.259727 1
101.327792 152.253362 14.916600 1
102.157897 168.521110 29.421532 1
103.018465 170.351600 35.685244 1
106.268985 177.900624 50.310647 1
98.014468 159.476988 20.733111 1
86.595875 160.704036 24.278708 1
86.353498 154.694069 23.480769 1
85.647538 137.189186 21.156657 1
84.958102 130.460664 20.375419 1
83.574554 116.958003 18.807649 1
83.574554 116.958003 18.807649 1
105.096107 159.887425 19.867517 1
116.026998 164.636785 21.423269 1
116.143028 158.670861 20.323523 1
116.480983 141.294258 17.120357 1
117.038659 134.608419 15.959601 1
118.157791 121.191433 13.630224 1
118.157791 121.191433 13.630224 1
94.151981 132.120815 2.455562 1
96.409955 118.931998 11.267026 1
99.206118 102.599627 22.178704 1
98.286797 82.724738 21.584837 1
97.521619 66.182301 21.090547 1
99.218478 61.087797 33.856835 1
101.049198 60.723812 40.345389 1
104.561240 131.946867 0.713373 1
104.998500 119.134627 10.322940 1
105.539976 103.268769 22.222813 1
106.479632 83.205649 22.617970 1
107.245963 66.843254 22.940240 1
109.707873 62.127345 35.727367 1
110.028478 61.951263 42.469183 1
99.457500 131.675800 1.646730 1
100.098163 136.593390 4.960148 1
100.831046 144.177053 9.474573 1
101.324274 151.126411 14.319131 1
102.265150 166.977815 29.271373 1
103.101975 168.714216 35.565020 1
106.219247 175.924401 50.389051 1
98.058066 158.196243 20.347402 1
86.653962 159.269076 23.988367 1
86.434768 153.279782 23.042075 1
85.796333 135.835113 20.285863 1
85.133503 129.124897 19.341234 1
83.803349 115.658972 17.445573 1
83.803349 115.658972 17.445573 1
105.138227 158.604685 19.468876 1
115.982667 163.473526 21.244734 1
116.054879 157.529016 20.031167 1
116.265209 140.214787 16.496480 1
116.772340 133.546795 15.216047 1
117.790038 120.165625 12.646503 1
117.790038 120.165625 12.646503 1
94.048384 131.346963 1.357568 1
96.420142 118.514990 10.652755 1
99.357208 102.624517 22.163449 1
98.364075 82.754242 21.535047 1
97.537461 66.215645 21.012012 1
99.270638 61.137112 33.779785 1
101.126079 60.778495 40.261612 1
104.452092 131.188550 -0.418923 1
104.935843 118.689112 9.591996 1
105.534890 103.210606 21.988875 1
106.489653 83.149768 22.456996 1
107.268304 66.789236 22.838771 1
109.755402 62.057893 35.615318 1
110.087399 61.872868 42.356343 1
99.329600 130.881000 0.506340 1
100.002874 135.720023 3.927223 1
100.784445 143.194349 8.612593 1
101.318901 150.022145 13.622798 1
102.343686 165.483690 28.972463 1
103.116768 167.119191 35.301194 1
106.175831 174.062094 50.264291 1
98.090602 156.956178 19.826664 1
86.697505 157.929822 23.529438 1
86.497158 151.961010 22.457846 1
85.913617 134.575999 19.336683 1
85.272343 127.884611 18.253739 1
83.985446 114.456471 16.080511 1
83.985446 114.456471 16.080511 1
105.173629 157.344775 18.962353 1
115.960383 162.273146 20.916392 1
116.006361 156.348387 19.608616 1
116.140279 139.091685 15.799533 1
116.616883 132.441458 14.418905 1
117.573322 119.095939 11.648293 1
117.573322 119.095939 11.648293 1
93.918430 130.594849 0.210298 1
96.406843 118.162113 10.004181 1
99.488369 102.766035 22.132435 1
98.327173 82.905445 21.486197 1
97.360677 66.374909 20.948316 1
99.108137 61.330671 33.727731 1
100.987110 60.982204 40.203330 1
104.321010 130.405918 -1.569812 1
104.827264 118.254261 8.859444 1
105.454178 103.206425 21.774366 1
106.451086 83.150441 22.350236 1
107.264109 66.793868 22.819884 1
109.767227 62.050943 35.589006 1
110.101794 61.857301 42.329662 1
99.232100 129.905600 -0.632740 1
99.944618 134.670514 2.882911 1
100.778165 142.043273 7.717858 1
101.339829 148.762171 12.870288 1
102.364616 163.884844 28.553920 1
103.145310 165.469742 34.894581 1
106.071316 172.150018 50.003136 1
98.114900 155.576922 19.206667 1
86.719061 156.534506 22.905187 1
86.499840 150.581099 21.754517 1
85.861325 133.240954 18.403028 1
85.198511 126.566640 17.231328 1
83.868388 113.172764 14.879986 1
83.868388 113.172764 14.879986 1
105.203802 155.949308 18.384402 1
115.962755 160.874086 20.494535 1
116.034057 154.978005 19.064043 1
116.241736 137.804832 14.897533 1
116.746341 131.186304 13.381203 1
117.758971 117.904395 10.338266 1
117.758971 117.904395 10.338266 1
93.818984 129.675145 -0.941525 1
96.453218 117.674288 9.340765 1
99.715321 102.813026 22.073839 1
98.386104 82.961542 21.473194 1
97.279757 66.438584 20.973261 1
99.048288 61.437357 33.766675 1
100.955545 61.102628 40.234725 1
104.222069 129.425175 -2.711124 1
104.684542 117.727856 8.227217 1
105.257240 103.242644 21.772558 1
106.335345 83.194337 22.458869 1
107.214588 66.844025 23.018587 1
109.710695 62.129709 35.799671 1
110.030350 61.946343 42.541338 1
99.174800 128.703400 -1.853370 1
99.913845 133.410704 1.733689 1
100.789135 140.704156 6.680253 1
101.386082 147.338837 11.936798 1
102.477694 162.204030 27.860246 1
103.165839 163.677863 34.238304 1
106.008426 170.200741 49.431322 1
98.193216 154.075212 18.372444 1
86.774453 155.041030 21.997388 1
86.520364 149.087501 20.854544 1
85.780294 131.747002 17.525849 1
85.079971 125.075439 16.360320 1
83.674575 111.687082 14.021361 1
83.674575 111.687082 14.021361 1
105.286616 154.410370 17.573281 1
116.044214 159.267674 19.840848 1
116.183039 153.387232 18.352125 1
116.587386 136.259611 14.016010 1
117.167112 129.661885 12.437173 1
118.330494 116.421721 9.268800 1
118.330494 116.421721 9.268800 1
93.760877 128.517054 -2.177395 1
96.479565 117.028128 8.653051 1
99.846252 102.800816 22.064933 1
98.463252 82.952494 21.481474 1
97.312140 66.432168 20.995845 1
99.058725 61.456798 33.802350 1
100.960932 61.132334 40.272410 1
104.165915 128.217199 -3.927655 1
104.589420 117.052034 7.554861 1
105.113863 103.225806 21.774073 1
106.241495 83.181121 22.486093 1
107.161129 66.833762 23.066778 1
109.648728 62.109451 35.845830 1
109.956936 61.917787 42.587799 1
99.124000 127.219100 -3.201800 1
99.876513 131.885757 0.435221 1
100.777663 139.122232 5.460203 1
101.399273 145.694999 10.791144 1
102.540557 160.367440 26.888930 1
103.170717 161.838587 33.273598 1
105.843817 168.231397 48.552425 1
98.231946 152.380205 17.292433 1
86.832790 153.576188 20.910448 1
86.569943 147.617732 19.795601 1
85.804365 130.262886 16.548451 1
85.093991 123.586423 15.417575 1
83.668426 110.188234 13.148155 1
83.668426 110.188234 13.148155 1
105.330540 152.672217 16.523007 1
116.043037 157.515463 19.022315 1
116.219516 151.642985 17.506392 1
116.733538 134.538560 13.091052 1
117.352411 127.949941 11.489209 1
118.594352 114.728055 8.274668 1
118.594352 114.728055 8.274668 1
93.710517 127.070187 -3.551529 1
96.485042 116.218341 7.903806 1
99.920874 102.779958 22.089520 1
98.519938 82.932105 21.533516 1
97.353898 66.412171 21.070739 1
99.032887 61.488943 33.906403 1
100.903281 61.189729 40.386946 1
104.121192 126.722021 -5.258806 1
104.545207 116.213358 6.827413 1
105.070281 103.200101 21.794211 1
106.220323 83.157526 22.529403 1
107.158234 66.811888 23.128985 1
109.651617 62.055191 35.894889 1
109.959567 61.844985 42.636317 1
99.111100 125.442800 -4.653400 1
99.883987 130.070026 -0.970560 1
100.810977 137.258289 4.118512 1
101.441191 143.792837 9.495231 1
102.558396 158.385477 25.667073 1
103.231283 159.957090 32.023378 1
105.671393 166.136220 47.428580 1
98.265184 150.450759 16.020240 1
86.938647 152.001360 19.730545 1
86.631367 146.047247 18.603919 1
85.736372 128.705050 15.322460 1
84.977940 122.035137 14.184170 1
83.455934 108.650091 11.899874 1
83.455934 108.650091 11.899874 1
105.366239 150.736804 15.271563 1
116.043210 155.578457 17.921441 1
116.270884 149.709384 16.399172 1
116.934018 132.614874 11.965348 1
117.610702 126.032374 10.361728 1
118.968656 112.822768 7.143620 1
118.968656 112.822768 7.143620 1
93.697153 125.323226 -5.007190 1
96.498675 115.252880 7.134674 1
99.967940 102.782267 22.170550 1
98.548042 82.935168 21.636143 1
97.366220 66.415861 21.191342 1
98.966192 61.544694 34.056926 1
100.799167 61.270602 40.549262 1
104.106949 124.941939 -6.712748 1
104.530787 115.215227 6.011242 1
105.055642 103.170289 21.767814 1
106.216133 83.131236 22.578710 1
107.162565 66.788470 23.240033 1
109.687662 62.017959 35.994543 1
110.010590 61.799675 42.735013 1
99.159400 123.511000 -6.124510 1
99.924767 128.123327 -2.421465 1
100.839669 135.293372 2.695418 1
101.456257 141.813525 8.091159 1
102.531141 156.377234 24.291923 1
103.176313 157.962039 30.647826 1
105.455718 164.080008 46.101978 1
98.262993 148.458884 14.620551 1
87.098226 150.533328 18.558295 1
86.780931 144.594416 17.356710 1
85.856765 127.296491 13.856924 1
85.091755 120.640144 12.645944 1
83.556546 107.282323 10.215775 1
83.556546 107.282323 10.215775 1
105.365746 148.748021 13.889379 1
116.004908 153.611809 16.648541 1
116.378700 147.765431 15.068887 1
117.467423 130.737025 10.467924 1
118.306497 124.189293 8.800000 1
119.990330 111.049458 5.452850 1
119.990330 111.049458 5.452850 1
93.746268 123.394185 -6.491450 1
96.521183 114.202734 6.334396 1
99.957499 102.820501 22.217283 1
98.520810 82.972638 21.761979 1
97.325012 66.452696 21.383018 1
98.783194 61.669954 34.298533 1
100.547310 61.439213 40.811596 1
104.159940 123.017102 -8.174132 1
104.520550 114.137399 5.156633 1
104.967109 103.141342 21.664598 1
106.152023 83.108330 22.582396 1
107.118373 66.770492 23.330903 1
109.624642 62.005087 36.091034 1
109.933518 61.787696 42.832192 1
99.222600 121.489600 -7.649894 1
99.975297 126.103734 -3.946503 1
100.873112 133.281776 1.162188 1
101.471540 139.821929 6.535723 1
102.491973 154.480177 22.654540 1
103.095752 156.030893 29.022906 1
105.246507 162.200771 44.474861 1
98.256364 146.505364 13.015309 1
87.199194 148.927446 17.056805 1
86.895298 142.988519 15.851830 1
86.010156 125.690554 12.342171 1
85.245982 119.032272 11.141340 1
83.712453 105.670569 8.731539 1
83.712453 105.670569 8.731539 1
105.361549 146.790242 12.306436 1
116.055188 151.549490 15.037153 1
116.576748 145.711787 13.467325 1
118.095865 128.708649 8.894976 1
119.101120 122.182737 7.233430 1
121.118444 109.086689 3.899079 1
121.118444 109.086689 3.899079 1
93.810879 121.374411 -8.037575 1
96.479415 113.085852 5.410993 1
99.783997 102.821716 22.065026 1
98.425288 82.965636 21.750358 1
97.294396 66.438853 21.488452 1
98.581718 61.774440 34.465257 1
100.252872 61.606560 41.004708 1
104.230813 120.992866 -9.680003 1
104.538787 113.016061 4.211152 1
104.920163 103.138095 21.413068 1
106.114460 83.112499 22.469993 1
107.088462 66.780708 23.331964 1
109.581760 62.016826 36.095205 1
109.881677 61.799307 42.836763 1
99.287400 119.386000 -9.172366 1
100.041493 124.042685 -5.522913 1
100.944221 131.279083 -0.498101 1
101.537192 137.880869 4.800143 1
102.501213 152.722659 20.753629 1
103.025937 154.286287 27.125841 1
105.020401 160.610251 42.536410 1
98.303828 144.657395 11.173112 1
87.342205 147.418027 15.257583 1
87.050910 141.451483 14.194256 1
86.202473 124.073078 11.097166 1
85.470040 117.385677 10.047938 1
84.000208 103.965537 7.942369 1
84.000208 103.965537 7.942369 1
105.416194 144.895911 10.521439 1
116.058840 149.738229 13.304820 1
116.683352 143.895737 11.791401 1
118.502332 126.878651 7.383353 1
119.622201 120.355089 5.787159 1
121.869528 107.263757 2.583954 1
121.869528 107.263757 2.583954 1
93.878155 119.299984 -9.600099 1
96.376267 111.962118 4.421328 1
99.469804 102.875272 21.784761 1
98.225317 83.009438 21.690457 1
97.189495 66.474536 21.611965 1
98.276165 61.938882 34.652610 1
99.836985 61.840180 41.220673 1
104.307611 118.831511 -11.157387 1
104.534305 111.853269 3.262780 1
104.815029 103.211860 21.119791 1
106.069350 83.200392 22.359050 1
107.092305 66.880123 23.369723 1
109.591624 62.188230 36.158427 1
109.885928 62.004792 42.901246 1
99.515900 117.260200 -10.674350 1
100.239964 122.039379 -7.180490 1
101.108934 129.434013 -2.385349 1
101.676299 136.182207 2.728023 1
102.577413 151.404456 18.322666 1
103.059112 152.999123 24.690582 1
104.816325 159.537051 40.040623 1
98.421648 143.125512 8.907704 1
87.579865 146.346918 12.974576 1
87.270891 140.348876 12.112495 1
86.370959 122.878726 9.601562 1
85.602406 116.168533 8.740572 1
84.060087 102.702655 7.012756 1
84.060087 102.702655 7.012756 1
105.539968 143.318471 8.308030 1
116.084376 148.319753 11.182714 1
116.767283 142.444228 9.831043 1
118.756346 125.330929 5.894113 1
119.939883 118.775514 4.485365 1
122.314977 105.620259 1.658323 1
122.314977 105.620259 1.658323 1
94.111132 117.165556 -11.153734 1
96.311926 110.850993 3.405389 1
99.037280 103.031354 21.434678 1
97.941181 83.157058 21.575936 1
97.028866 66.615114 21.693510 1
97.795617 62.166972 34.786927 1
99.183407 62.117788 41.394269 1
104.555086 116.631772 -12.587976 1
104.651415 110.677100 2.285526 1
104.770705 103.303214 20.703919 1
106.088520 83.308605 22.134604 1
107.163257 67.002084 23.301393 1
109.632150 62.398485 36.128039 1
109.900111 62.256899 42.872965 1
99.561900 115.056100 -11.982880 1
100.296055 120.001087 -8.730188 1
101.178026 127.612966 -4.290536 1
101.748294 134.574036 0.528686 1
102.625264 150.386017 15.526484 1
103.059079 152.168674 21.847820 1
104.605537 158.993886 37.095148 1
98.485888 141.756931 6.423888 1
87.735220 145.454275 10.324394 1
87.091549 139.592535 8.895812 1
85.216766 122.519383 4.734864 1
84.778976 115.734920 5.106431 1
83.900426 102.119997 5.852087 1
83.900426 102.119997 5.852087 1
105.606603 141.913599 5.842344 1
116.145523 146.980123 8.621310 1
116.833715 141.027690 7.667323 1
118.838171 123.690383 4.888701 1
120.038601 117.065160 3.876679 1
122.447596 103.769817 1.845778 1
122.447596 103.769817 1.845778 1
94.157716 114.955740 -12.467657 1
96.272342 109.782422 2.547349 1
98.890990 103.376044 21.141180 1
97.699317 83.510025 21.502053 1
96.707454 66.974970 21.802418 1
97.244724 62.655712 34.950299 1
98.529327 62.665762 41.578650 1
104.602356 114.316202 -13.852810 1
104.693320 109.390344 1.392389 1
104.805967 103.290475 20.271068 1
106.145423 83.308162 21.846162 1
107.237810 67.011669 23.130723 1
109.797788 62.428487 35.946822 1
110.109874 62.295926 42.690033 1
99.568500 113.308900 -13.170190 1
100.295677 118.397730 -10.145804 1
101.174563 126.201997 -6.053120 1
101.750719 133.367350 -1.543979 1
102.659888 149.803726 12.764785 1
103.025688 151.827141 19.017571 1
104.427878 159.060490 34.089684 1
98.504282 140.806808 4.033278 1
87.738603 144.593023 7.805002 1
86.901286 138.806538 6.183072 1
84.462480 121.952581 1.458969 1
84.209208 115.266571 2.720631 1
83.700944 101.849223 5.252509 1
83.700944 101.849223 5.252509 1
105.626315 140.914707 3.456807 1
116.231038 146.012621 5.908806 1
117.031657 140.078377 4.929556 1
119.363576 122.794052 2.077354 1
120.489232 116.080598 1.931653 1
122.748173 102.608194 1.639264 1
122.748173 102.608194 1.639264 1
94.165886 113.189763 -13.668041 1
96.149016 109.100587 1.695263 1
98.604826 104.036757 20.720409 1
97.412824 84.180572 21.441582 1
96.420687 67.653703 22.041836 1
96.737348 63.556300 35.267660 1
97.912642 63.677217 41.915172 1
104.614584 112.480645 -14.987142 1
104.772279 108.531534 0.539226 1
104.967560 103.641206 19.766086 1
106.302863 83.689217 21.690416 1
107.391863 67.417456 23.259796 1
110.052733 63.009143 36.116622 1
110.417886 62.968466 42.858348 1
99.618800 112.446000 -14.236940 1
100.342030 117.715383 -11.538344 1
101.233935 125.740843 -7.901643 1
101.853024 133.106170 -3.733276 1
102.939027 150.037984 9.972782 1
103.281805 152.333631 16.132154 1
104.497070 160.024722 30.992379 1
98.686068 140.774259 1.573464 1
87.737096 144.399418 4.955683 1
86.875552 138.565590 3.527627 1
84.366181 121.573735 -0.631788 1
84.086538 115.011933 1.163543 1
83.525356 101.843841 4.766378 1
83.525356 101.843841 4.766378 1
105.808347 140.789602 0.990174 1
116.377807 146.075398 3.182901 1
117.217336 140.123894 2.352269 1
119.662584 122.789293 -0.067065 1
120.716443 116.080639 0.425022 1
122.831304 102.617870 1.412533 1
122.831304 102.617870 1.412533 1
94.217610 112.300160 -14.743065 1
96.051227 108.998478 0.826842 1
98.321886 104.909840 20.107836 1
97.105405 85.076435 21.276275 1
96.092893 68.568526 22.248801 1
96.200552 64.721561 35.552961 1
97.275611 64.965950 42.214033 1
104.669543 111.500180 -15.982136 1
105.007740 108.328277 -0.281399 1
105.426544 104.400394 19.161387 1
106.755526 84.500328 21.567438 1
107.839370 68.270912 23.529682 1
110.657392 64.159432 36.451211 1
111.105498 64.274305 43.187076 1
99.579100 112.138300 -15.135670 1
100.355348 117.533462 -12.714607 1
101.304022 125.722415 -9.478843 1
101.945975 133.264312 -5.642924 1
103.019925 150.730126 7.376821 1
103.440656 153.301846 13.421206 1
104.574263 161.513434 28.006843 1
98.769050 141.121625 -0.626903 1
87.774470 144.782929 2.562960 1
86.952420 138.870021 1.478100 1
84.558085 121.647839 -1.681709 1
84.255824 115.153860 0.342035 1
83.649253 102.121875 4.403244 1
83.649253 102.121875 4.403244 1
105.888097 141.146924 -1.248064 1
116.401200 146.674840 0.589864 1
117.088812 140.646423 0.613032 1
119.091581 123.087802 0.680511 1
120.243755 116.383069 0.959544 1
122.555912 102.928169 1.519501 1
122.555912 102.928169 1.519501 1
94.172368 111.995876 -15.579793 1
95.875603 109.079159 0.081529 1
97.984803 105.467243 19.475727 1
96.665211 85.664412 20.997430 1
95.566877 69.181950 22.263989 1
95.570764 65.556653 35.630688 1
96.606084 65.906033 42.293374 1
104.607077 111.078508 -16.881113 1
105.185466 108.516502 -1.076366 1
105.901707 105.343875 18.495222 1
107.211397 85.510430 21.408481 1
108.279508 69.335346 23.784378 1
111.328506 65.534706 36.748566 1
111.900956 65.813100 43.470223 1
99.478300 111.925100 -15.682460 1
100.261899 117.428244 -13.520686 1
101.215014 125.762624 -10.681889 1
101.845932 133.484132 -7.219686 1
102.849996 151.581669 4.912617 1
103.386399 154.455163 10.810130 1
104.429922 163.402525 24.963285 1
98.640128 141.576585 -2.612549 1
87.643341 145.322242 0.469966 1
86.920062 139.326500 -0.115782 1
84.813409 121.863049 -1.821856 1
84.460284 115.377247 0.219797 1
83.751638 102.361673 4.316944 1
83.751638 102.361673 4.316944 1
105.760963 141.584293 -3.213363 1
116.306197 147.173161 -1.790777 1
116.938341 141.152041 -1.388697 1
118.779551 123.614675 -0.217582 1
119.908497 116.921633 0.318583 1
122.174041 103.490193 1.394547 1
122.174041 103.490193 1.394547 1
94.071861 111.771690 -16.126493 1
95.698859 108.928909 -0.443485 1
97.713651 105.408551 18.977567 1
96.305513 85.628070 20.697664 1
95.133480 69.164210 22.129351 1
95.045443 65.633528 35.521063 1
96.044856 66.025270 42.186876 1
104.506400 110.773837 -17.368607 1
105.344982 108.442469 -1.539837 1
106.383431 105.555451 18.061499 1
107.652490 85.758571 21.230246 1
108.687465 69.613309 23.814504 1
111.914696 66.006286 36.790859 1
112.587868 66.388679 43.498056 1
99.537700 111.424700 -16.015160 1
100.312057 116.989446 -14.013697 1
101.234765 125.422148 -11.470621 1
101.818384 133.304696 -8.383321 1
102.674402 152.114354 2.625120 1
103.328205 155.294276 8.351026 1
104.290472 165.160792 21.885499 1
98.542433 141.624648 -4.255701 1
87.542265 145.445063 -1.278809 1
86.918691 139.409804 -1.323207 1
85.102443 121.831257 -1.452523 1
84.674000 115.355062 0.605146 1
83.814209 102.358767 4.734434 1
83.814209 102.358767 4.734434 1
105.659480 141.676536 -4.897783 1
116.363668 147.065647 -3.981812 1
116.990457 141.072773 -3.269239 1
118.816070 123.617678 -1.193769 1
119.939392 116.959720 -0.317101 1
122.193650 103.598686 1.442175 1
122.193650 103.598686 1.442175 1
94.128982 111.235877 -16.415660 1
95.646805 108.503318 -0.702144 1
97.526401 105.119452 18.756688 1
96.063407 85.345911 20.510466 1
94.845715 68.887828 21.970187 1
94.653228 65.374588 35.365391 1
95.604974 65.772901 42.037788 1
104.558786 110.248179 -17.704769 1
105.562177 107.987406 -1.875348 1
106.804713 105.187809 17.726794 1
107.983720 85.395853 20.960425 1
108.945252 69.254607 23.597601 1
112.277335 65.660261 36.550952 1
113.019238 66.055583 43.250144 1
99.739900 110.914000 -16.293590 1
100.484658 116.539841 -14.458616 1
101.373493 125.059445 -12.210191 1
101.969439 133.072030 -9.480736 1
103.000634 152.452726 0.471500 1
103.495759 156.050058 5.961438 1
104.315865 166.790768 18.823033 1
98.758425 141.603961 -5.754314 1
87.615955 145.231881 -3.081348 1
87.071665 139.207580 -2.605211 1
85.486343 121.660949 -1.218392 1
84.955663 115.238504 0.979165 1
83.890706 102.350075 5.389177 1
83.890706 102.350075 5.389177 1
105.862939 141.621350 -6.524305 1
116.459926 147.255280 -5.873249 1
117.051469 141.286685 -4.956123 1
118.774423 123.902307 -2.284863 1
119.865638 117.274143 -1.173339 1
122.055464 103.972897 1.057243 1
122.055464 103.972897 1.057243 1
94.328525 110.661630 -16.615481 1
95.676272 108.192853 -0.842910 1
97.345256 105.135643 18.689051 1
95.922871 85.367104 20.530433 1
94.738979 68.913184 22.063068 1
94.421869 65.471682 35.474516 1
95.304087 65.909347 42.153998 1
104.749746 109.739353 -18.017519 1
105.832920 107.593702 -2.177336 1
107.174255 104.936663 17.438131 1
108.187570 85.141890 20.710450 1
109.013974 68.998345 23.379176 1
112.370835 65.361796 36.314338 1
113.148158 65.744990 43.010218 1
99.776200 110.611200 -16.594790 1
100.493761 116.319817 -15.023587 1
101.348819 124.939466 -13.179780 1
101.927884 133.076278 -10.842351 1
102.959017 152.928892 -1.868376 1
103.501593 156.876740 3.370466 1
104.262306 168.359849 15.577659 1
98.715800 141.780655 -7.539771 1
87.494078 145.334344 -5.109670 1
87.130963 139.420479 -3.802187 1
86.073338 122.195509 0.006043 1
85.368170 115.712346 1.963083 1
83.953052 102.702068 5.890431 1
83.953052 102.702068 5.890431 1
105.819058 141.764995 -8.321312 1
116.476251 147.321243 -8.205044 1
117.087738 141.401320 -7.023622 1
118.868781 124.158704 -3.582563 1
119.988065 117.589017 -2.187852 1
122.234217 104.405122 0.611019 1
122.234217 104.405122 0.611019 1
94.366042 110.317597 -16.901834 1
95.601111 108.064216 -1.087848 1
97.130559 105.273742 18.495400 1
95.867733 85.510516 20.502688 1
94.816646 69.061019 22.173413 1
94.427273 65.707358 35.605195 1
95.254852 66.197676 42.288013 1
104.791281 109.382312 -18.264843 1
105.967641 107.434367 -2.405771 1
107.424372 105.022155 17.233087 1
108.326177 85.245003 20.641745 1
109.061639 69.115830 23.421662 1
112.455455 65.549374 36.366692 1
113.267015 65.975165 43.055933 1
99.863800 110.397000 -16.942480 1
100.541487 116.183119 -15.664412 1
101.349545 124.888175 -14.250862 1
101.903370 133.127368 -12.297514 1
102.916478 153.357169 -4.207363 1
103.477036 157.619578 0.776912 1
104.266004 169.719746 12.370855 1
98.685042 141.969742 -9.391402 1
87.401066 145.488940 -7.212343 1
87.134600 139.692309 -5.439427 1
86.358482 122.808799 -0.275558 1
85.641028 116.365586 1.805049 1
84.201255 103.435477 5.980371 1
84.201255 103.435477 5.980371 1
105.790306 141.918451 -10.152921 1
116.481909 147.400746 -10.461525 1
117.096260 141.544109 -8.999494 1
118.885647 124.485822 -4.741121 1
119.995467 117.986320 -3.043011 1
122.222629 104.943271 0.364715 1
122.222629 104.943271 0.364715 1
94.456694 110.054914 -17.253062 1
95.603724 108.004666 -1.404842 1
97.024150 105.465740 18.220800 1
95.775230 85.722296 20.422080 1
94.735719 69.289263 22.254270 1
94.226842 66.048788 35.709818 1
94.991804 66.596894 42.395606 1
104.892437 109.114588 -18.529462 1
106.108131 107.400888 -2.646333 1
107.613571 105.278750 17.022317 1
108.440364 85.538650 20.657255 1
109.114649 69.439694 23.621714 1
112.508034 66.022313 36.607008 1
113.328337 66.528674 43.289565 1
99.970600 110.136600 -17.285010 1
100.625735 115.971916 -16.240131 1
101.399062 124.730411 -15.181921 1
101.921968 133.046147 -13.575149 1
102.868147 153.608642 -6.363334 1
103.391848 158.077852 -1.559454 1
104.313481 170.731390 9.417549 1
98.672966 141.991760 -11.043217 1
87.338023 145.436425 -9.014787 1
87.071692 139.680295 -7.114469 1
86.295964 122.914752 -1.579526 1
85.582197 116.521775 0.651853 1
84.149823 103.692481 5.129740 1
84.149823 103.692481 5.129740 1
105.776597 141.937185 -11.819598 1
116.403834 147.516442 -12.447992 1
116.996171 141.715858 -10.769443 1
118.721436 124.820835 -5.880431 1
119.817720 118.386914 -3.940941 1
122.017719 105.475471 -0.048819 1
122.017719 105.475471 -0.048819 1
94.564386 109.759259 -17.569171 1
95.673016 107.922318 -1.692085 1
97.045889 105.647541 17.969303 1
95.767444 85.924955 20.334514 1
94.703357 69.509284 22.303149 1
94.121143 66.380092 35.782043 1
94.851711 66.982490 42.467007 1
105.001375 108.813485 -18.831280 1
106.215435 107.347133 -2.923284 1
107.718851 105.531295 16.776160 1
108.567971 85.837435 20.648989 1
109.260466 69.776190 23.807459 1
112.671634 66.507481 36.826326 1
113.498957 67.089350 43.501867 1
100.051400 109.926500 -17.571300 1
100.666934 115.805683 -16.778706 1
101.392012 124.605140 -16.091015 1
101.884804 132.980804 -14.821370 1
102.791149 153.807721 -8.407336 1
103.313095 158.499451 -3.820333 1
104.208127 171.598073 6.623855 1
98.620257 142.014287 -12.646601 1
87.224168 145.336705 -10.761967 1
86.979034 139.627326 -8.722834 1
86.265049 122.997950 -2.783567 1
85.557552 116.659406 -0.400090 1
84.137760 103.939344 4.383026 1
84.137760 103.939344 4.383026 1
105.726171 141.937019 -13.399819 1
116.452100 147.285913 -14.297012 1
117.006023 141.526240 -12.470950 1
118.619405 124.750377 -7.152284 1
119.680194 118.359453 -5.057141 1
121.808960 105.534297 -0.852657 1
121.808960 105.534297 -0.852657 1
94.648667 109.503197 -17.856911 1
95.742647 107.887573 -1.954765 1
97.097378 105.886864 17.737655 1
95.827422 86.181329 20.245267 1
94.770400 69.779850 22.332425 1
94.108375 66.726394 35.824999 1
94.797281 67.367330 42.510802 1
105.095763 108.569150 -19.041771 1
106.264773 107.300867 -3.113390 1
107.712401 105.730305 16.611298 1
108.682871 86.060744 20.577970 1
109.474332 70.019315 23.812973 1
112.900184 66.828397 36.847273 1
113.720556 67.444165 43.520630 1
99.847100 109.797200 -17.797760 1
100.473734 115.702616 -17.245243 1
101.211045 124.521709 -16.914988 1
101.699062 132.941847 -15.982412 1
102.542295 154.009320 -10.399196 1
103.047321 158.874096 -5.994168 1
103.953856 172.344185 3.965296 1
98.410630 142.049911 -14.187953 1
86.958023 145.232936 -12.408258 1
86.717298 139.557530 -10.275892 1
86.016152 123.027106 -4.065073 1
85.324248 116.724044 -1.584882 1
83.935747 104.075190 3.392317 1
83.935747 104.075190 3.392317 1
105.520776 141.953436 -14.897762 1
116.299180 147.161900 -15.974365 1
116.800354 141.420079 -14.078190 1
118.260093 124.696211 -8.555310 1
119.247997 118.318450 -6.385746 1
121.230499 105.519707 -2.031915 1
121.230499 105.519707 -2.031915 1
94.444811 109.375227 -18.093565 1
95.572492 108.057947 -2.166281 1
96.968955 106.426692 17.557270 1
95.806039 86.715323 20.070948 1
94.838110 70.308988 22.163155 1
94.173195 67.243090 35.652765 1
94.849033 67.883313 42.339970 1
104.895336 108.368411 -19.184901 1
106.064025 107.342267 -3.239066 1
107.511257 106.071554 16.507235 1
108.676470 86.395993 20.390855 1
109.626753 70.349672 23.558126 1
113.168396 67.100896 36.547108 1
114.027566 67.678325 43.219009 1
99.904700 109.656900 -18.061950 1
100.442759 115.584791 -17.684486 1
101.058825 124.419117 -17.619346 1
101.455545 132.868891 -16.948134 1
102.135943 154.109818 -12.040809 1
102.740951 159.165289 -7.869294 1
103.624054 172.974262 1.616929 1
98.095485 142.002115 -15.436546 1
86.645341 145.316968 -13.897995 1
86.454168 139.702758 -11.604687 1
85.897349 123.350575 -4.925102 1
85.257466 117.115939 -2.264551 1
83.973360 104.604399 3.074588 1
83.973360 104.604399 3.074588 1
105.204604 141.941644 -16.160476 1
116.142237 146.734396 -17.523886 1
116.598201 141.029414 -15.508831 1
117.926261 124.412846 -9.639698 1
118.866550 118.069317 -7.351841 1
120.753501 105.339270 -2.760622 1
120.753501 105.339270 -2.760622 1
94.508781 109.144748 -18.330351 1
95.615689 108.221218 -2.373938 1
96.986429 107.077566 17.385685 1
95.841757 87.347911 19.760445 1
94.889013 70.926357 21.737027 1
94.073988 67.767856 35.197005 1
94.670607 68.364244 41.895790 1
104.970850 108.264553 -19.420544 1
106.045616 107.482953 -3.454253 1
107.376539 106.515069 16.317379 1
108.651754 86.807329 19.997971 1
109.691749 70.734765 22.999663 1
113.222409 67.281216 35.938707 1
114.062492 67.747364 42.621733 1
99.874700 109.575300 -18.236260 1
100.360683 115.515515 -18.013650 1
100.910414 124.352741 -18.187776 1
101.268984 132.820166 -17.762641 1
101.918423 154.204380 -13.518190 1
102.523267 159.420667 -9.549580 1
103.385793 173.562359 -0.564891 1
97.895389 141.990800 -16.534225 1
86.409991 145.288660 -15.241577 1
86.263914 139.728122 -12.817893 1
85.838445 123.532266 -5.758572 1
85.252381 117.354312 -2.957128 1
84.076280 104.956522 2.664754 1
84.076280 104.956522 2.664754 1
105.004318 141.918752 -17.258968 1
116.025501 146.471892 -18.763496 1
116.453697 140.827653 -16.578463 1
117.700877 124.388004 -10.214245 1
118.611103 118.109901 -7.741246 1
120.437723 105.511152 -2.778489 1
120.437723 105.511152 -2.778489 1
94.483423 109.008924 -18.488522 1
95.589353 108.409211 -2.516593 1
96.958881 107.666556 17.262245 1
95.831711 87.898100 19.298580 1
94.893535 71.444249 20.993481 1
93.942038 68.008277 34.376312 1
94.467387 68.467418 41.091857 1
104.952535 108.192600 -19.560651 1
105.970138 107.640437 -3.581037 1
107.230274 106.956672 16.207094 1
108.678066 87.165486 19.334522 1
109.858805 71.024868 21.885084 1
113.470879 67.146309 34.680439 1
114.335009 67.383441 41.372444 1
99.804500 109.567600 -18.396570 1
100.260694 115.514047 -18.337048 1
100.778505 124.345165 -18.752142 1
101.124089 132.821506 -18.555098 1
101.781715 154.310618 -14.879866 1
102.379977 159.687188 -11.130207 1
103.256149 174.158957 -2.688865 1
97.755301 142.024136 -17.578597 1
86.251234 145.345236 -16.535569 1
86.149914 139.830182 -14.007907 1
85.854805 123.766805 -6.645733 1
85.319825 117.636808 -3.731010 1
84.246235 105.335257 2.118196 1
84.246235 105.335257 2.118196 1
104.865728 141.927448 -18.285561 1
115.948376 146.294261 -19.887755 1
116.317380 140.692919 -17.584721 1
117.392157 124.378216 -10.876807 1
118.235934 118.143535 -8.273807 1
119.929206 105.631925 -3.050168 1
119.929206 105.631925 -3.050168 1
94.416622 108.967579 -18.643610 1
95.534653 108.548633 -2.666759 1
96.919166 108.029831 17.118173 1
95.805316 88.219997 18.711556 1
94.878226 71.731708 20.037775 1
93.811224 67.927122 33.311737 1
94.277025 68.200924 40.041775 1
104.891849 108.174248 -19.672397 1
105.855913 107.862652 -3.682964 1
107.049749 107.476789 16.117325 1
108.578082 87.614378 18.708992 1
109.824507 71.415671 20.822614 1
113.501321 67.141989 33.472836 1
114.390731 67.167266 40.165681 1
99.733800 109.556600 -18.526070 1
100.173830 115.504414 -18.568117 1
100.676489 124.327318 -19.144996 1
101.025325 132.805789 -19.124067 1
101.736912 154.372723 -15.948731 1
102.282075 159.887960 -12.397631 1
103.238281 174.695012 -4.568650 1
97.679555 142.036950 -18.361068 1
86.152806 145.336143 -17.518124 1
86.096122 139.851496 -14.923785 1
85.931022 123.876683 -7.367404 1
85.443354 117.777537 -4.380556 1
84.464712 105.537894 1.613389 1
84.464712 105.537894 1.613389 1
104.789598 141.906207 -19.066405 1
115.889348 146.203333 -20.737164 1
116.191335 140.632554 -18.351710 1
117.070916 124.406871 -11.403736 1
117.839871 118.202536 -8.706750 1
119.382994 105.751821 -3.294501 1
119.382994 105.751821 -3.294501 1
94.347544 108.937815 -18.761933 1
95.476211 108.612726 -2.783645 1
96.873896 108.210153 17.003068 1
95.770625 88.364089 18.064001 1
94.852340 71.845644 18.947048 1
93.688271 67.615918 32.083478 1
94.104062 67.673142 38.822112 1
104.824765 108.155502 -19.778782 1
105.736678 108.076521 -3.783450 1
106.865934 107.978715 16.024144 1
108.459571 88.056731 18.059537 1
109.759252 71.809441 19.719493 1
113.504123 67.119668 32.201216 1
114.422844 66.920219 38.887175 1
99.684500 109.590000 -18.642570 1
100.112240 115.537097 -18.787360 1
100.607303 124.348751 -19.521359 1
100.967905 132.825633 -19.659277 1
101.757703 154.448084 -16.908346 1
102.263946 160.098472 -13.570353 1
103.291707 175.185670 -6.305631 1
97.655769 142.082177 -19.078895 1
86.092936 145.278763 -18.341394 1
86.044568 139.828861 -15.674675 1
85.903690 123.955248 -7.907477 1
85.424754 117.893311 -4.844439 1
84.463632 105.728339 1.302404 1
84.463632 105.728339 1.302404 1
104.765443 141.911609 -19.779428 1
115.845625 146.256529 -21.456456 1
116.074350 140.705418 -19.017603 1
116.740545 124.537017 -11.914096 1
117.427206 118.352252 -9.150769 1
118.805183 105.940809 -3.605389 1
118.805183 105.940809 -3.605389 1
94.299605 108.956063 -18.869100 1
95.432377 108.649388 -2.890738 1
96.835144 108.269617 16.896065 1
95.736970 88.400675 17.373769 1
94.822927 71.863188 17.771377 1
93.556114 67.166463 30.738542 1
93.919834 66.982118 37.477910 1
104.778723 108.178005 -19.869536 1
105.640646 108.345087 -3.872110 1
106.707997 108.551989 15.938078 1
108.365025 88.581204 17.348729 1
109.716406 72.294114 18.499180 1
113.542647 67.147998 30.774716 1
114.497993 66.698936 37.443414 1
99.684700 109.616200 -18.750070 1
100.092472 115.562039 -18.979433 1
100.568208 124.362900 -19.844078 1
100.932892 132.836248 -20.119718 1
101.792677 154.501267 -17.751288 1
102.205455 160.269896 -14.608376 1
103.338154 175.587114 -7.858868 1
97.650135 142.111894 -19.699515 1
86.051017 145.183857 -19.003327 1
85.994146 139.769914 -16.264503 1
85.828501 124.001038 -8.287292 1
85.340283 117.978683 -5.148574 1
84.360536 105.893143 1.150139 1
84.360536 105.893143 1.150139 1
104.758536 141.906777 -20.403702 1
115.787858 146.366851 -22.113367 1
115.978039 140.838874 -19.619281 1
116.531969 124.737858 -12.354900 1
117.174955 118.579179 -9.523639 1
118.465287 106.220085 -3.841930 1
118.465287 106.220085 -3.841930 1
94.301745 108.961236 -18.962448 1
95.424953 108.707355 -2.982486 1
96.815878 108.392961 16.806300 1
95.661380 88.521601 16.878635 1
94.700458 71.982101 16.938842 1
93.312909 66.942836 29.764283 1
93.622068 66.575682 36.498893 1
104.782485 108.203905 -19.961804 1
105.584796 108.705742 -3.968277 1
106.578329 109.327184 15.837084 1
108.204980 89.320723 16.651608 1
109.531587 73.004537 17.315890 1
113.401645 67.400066 29.375077 1
114.384146 66.701798 36.018343 1
99.659300 109.573700 -18.808270 1
100.069289 115.515913 -19.114693 1
100.554070 124.303545 -20.100397 1
100.936277 132.770875 -20.506390 1
101.862772 154.470296 -18.506771 1
102.202572 160.303844 -15.476983 1
103.374506 175.799859 -9.155898 1
97.682361 142.062528 -20.245810 1
86.038026 144.948355 -19.509164 1
85.960394 139.575919 -16.690287 1
85.734278 123.927937 -8.479908 1
85.221058 117.952240 -5.257126 1
84.191139 105.960335 1.210288 1
84.191139 105.960335 1.210288 1
104.790396 141.823274 -20.942885 1
115.773278 146.382936 -22.688434 1
115.962621 140.878260 -20.143271 1
116.514109 124.845112 -12.730121 1
117.155696 118.714488 -9.838301 1
118.443217 106.411696 -4.035064 1
118.443217 106.411696 -4.035064 1
94.276220 108.917900 -19.014819 1
95.415319 108.681423 -3.035714 1
96.825922 108.388581 16.752010 1
95.649445 88.520234 17.023540 1
94.670228 71.983242 17.249545 1
93.295683 67.065740 30.123558 1
93.614389 66.761170 36.860843 1
104.757187 108.144004 -19.998986 1
105.534235 108.871486 -4.012885 1
106.496484 109.772352 15.783279 1
108.108882 89.751135 16.128220 1
109.423864 73.422916 16.409536 1
113.346828 67.455655 28.276026 1
114.360678 66.557337 34.890480 1
99.634500 109.562100 -18.775470 1
100.037969 115.499118 -19.176613 1
100.522699 124.270005 -20.301627 1
100.918611 132.729327 -20.839899 1
101.910155 154.454046 -19.174017 1
102.175755 160.348651 -16.257093 1
103.326428 175.976473 -10.265167 1
97.694417 142.034377 -20.733559 1
86.005909 144.722871 -19.951296 1
85.919343 139.398917 -17.042142 1
85.667205 123.892144 -8.568818 1
85.143016 117.970187 -5.250036 1
84.091082 106.086124 1.410029 1
84.091082 106.086124 1.410029 1
104.803739 141.761356 -21.404623 1
115.742326 146.387628 -23.250184 1
115.955115 140.919027 -20.630207 1
116.574896 124.990949 -12.999151 1
117.242528 118.903338 -10.023574 1
118.582317 106.686862 -4.052255 1
118.582317 106.686862 -4.052255 1
94.252834 108.896134 -18.986292 1
95.411092 108.763830 -3.007363 1
96.845420 108.599991 16.780144 1
95.683699 88.731919 17.125301 1
94.716765 72.195155 17.412587 1
93.338237 67.278538 30.286512 1
93.653806 66.974912 37.023988 1
104.737453 108.119932 -19.928858 1
105.505472 108.875426 -3.943620 1
106.456540 109.810979 15.851476 1
108.054724 89.792601 16.379016 1
109.358115 73.466697 16.809249 1
113.242615 67.663562 28.769421 1
114.236476 66.857141 35.398734 1
99.621900 109.599300 -18.744670 1
100.004285 115.529698 -19.250682 1
100.470536 124.280504 -20.529387 1
100.866724 132.729260 -21.213605 1
101.897719 154.477268 -19.916311 1
102.126801 160.392228 -17.037749 1
103.257242 176.105416 -11.269399 1
97.662151 142.041447 -21.281277 1
85.926475 144.486994 -20.412730 1
85.836440 139.196251 -17.443708 1
85.574200 123.786211 -8.796009 1
85.046080 117.899322 -5.416025 1
83.986258 106.085633 1.366857 1
83.986258 106.085633 1.366857 1
104.773760 141.742168 -21.915920 1
115.720565 146.312099 -23.850957 1
115.955271 140.879507 -21.158927 1
116.638888 125.056314 -13.318009 1
117.331317 119.009841 -10.265221 1
118.720867 106.875922 -4.138956 1
118.720867 106.875922 -4.138956 1
94.243667 108.908786 -18.963958 1
95.406312 108.919270 -2.984802 1
96.846073 108.932252 16.802984 1
95.700041 89.063365 17.153650 1
94.746166 72.525923 17.445520 1
93.333866 67.590350 30.308527 1
93.630802 67.277234 37.046415 1
104.734736 108.156509 -19.852617 1
105.501283 108.940510 -3.868681 1
106.450528 109.911364 15.924802 1
108.044563 89.890581 16.366632 1
109.344569 73.562714 16.726964 1
113.228289 67.693522 28.655113 1
114.222527 66.850840 35.279858 1
99.654100 109.632700 -18.733370 1
99.988427 115.559528 -19.310276 1
100.402085 124.296374 -20.697899 1
100.776526 132.736134 -21.495923 1
101.817835 154.500147 -20.513486 1
102.034590 160.454829 -17.717036 1
103.147160 176.241133 -12.148300 1
97.579307 142.048510 -21.715324 1
85.812542 144.331122 -20.824196 1
85.730471 139.069002 -17.804507 1
85.491424 123.742332 -9.009234 1
84.971631 117.885240 -5.576604 1
83.928518 106.131346 1.311928 1
83.928518 106.131346 1.311928 1
104.693561 141.735075 -22.312365 1
115.662091 146.209668 -24.344740 1
115.907602 140.802945 -21.602073 1
116.622690 125.055096 -13.613663 1
117.327690 119.036634 -10.508845 1
118.742468 106.958925 -4.278169 1
118.742468 106.958925 -4.278169 1
94.282725 108.894076 -18.963696 1
95.430352 108.934726 -2.983503 1
96.851515 108.985064 16.805568 1
95.674356 89.118638 17.190867 1
94.694572 72.583245 17.511563 1
93.219511 67.662557 30.373229 1
93.487451 67.355463 37.112609 1
104.782992 108.219863 -19.805117 1
105.541201 108.940804 -3.817815 1
106.480119 109.833570 15.979836 1
108.086676 89.812312 16.348789 1
109.396895 73.484058 16.649687 1
113.259979 67.579127 28.566892 1
114.241374 66.715926 35.190911 1
99.754000 109.665500 -18.660170 1
100.037006 115.589425 -19.291759 1
100.392003 124.314239 -20.768475 1
100.737964 132.745006 -21.667962 1
101.771248 154.520907 -20.986627 1
102.013844 160.506810 -18.259821 1
103.126879 176.385101 -12.959157 1
97.539825 142.052601 -22.030275 1
85.754302 144.240622 -21.149826 1
85.678562 139.002865 -18.087912 1
85.457957 123.747153 -9.169651 1
84.944773 117.915667 -5.692714 1
83.914923 106.213162 1.284731 1
83.914923 106.213162 1.284731 1
104.656406 141.732590 -22.595236 1
115.653885 146.112111 -24.677644 1
115.902717 140.723952 -21.898976 1
116.627475 125.030176 -13.805712 1
117.336547 119.031335 -10.664070 1
118.759497 106.993000 -4.359494 1
118.759497 106.993000 -4.359494 1
94.390072 108.876733 -18.897665 1
95.529060 108.909820 -2.916837 1
96.939527 108.950794 16.873021 1
95.684188 89.089530 17.277210 1
94.639333 72.558434 17.613628 1
93.104549 67.685881 30.486627 1
93.349925 67.399984 37.227799 1
104.898177 108.288635 -19.705145 1
105.664644 108.873340 -3.712675 1
106.613790 109.597400 16.091377 1
108.204618 89.575778 16.505895 1
109.502009 73.247227 16.843953 1
113.323702 67.365795 28.786098 1
114.285546 66.517299 35.414883 1
99.837900 109.684600 -18.690170 1
100.066109 115.606149 -19.364750 1
100.354787 124.320875 -20.913722 1
100.664752 132.743276 -21.900468 1
101.675509 154.527017 -21.489631 1
101.949743 160.548574 -18.845582 1
103.064715 176.526626 -13.854115 1
97.457457 142.042368 -22.380923 1
85.666373 144.206271 -21.515460 1
85.596513 138.987261 -18.421560 1
85.393036 123.786154 -9.410138 1
84.886260 117.974950 -5.898478 1
83.869269 106.313145 1.148650 1
83.869269 106.313145 1.148650 1
104.574764 141.722612 -22.936820 1
115.594772 146.024486 -25.061549 1
115.839784 140.654114 -22.248325 1
116.553415 125.012143 -14.054408 1
117.258464 119.031998 -10.876425 1
118.673341 107.031183 -4.498922 1
118.673341 107.031183 -4.498922 1
94.481350 108.844837 -18.919188 1
95.596163 108.837144 -2.936623 1
96.976693 108.827618 16.855386 1
95.650002 88.971434 17.280683 1
94.545758 72.444565 17.634672 1
92.942819 67.599285 30.509658 1
93.160563 67.323921 37.252217 1
104.994057 108.347574 -19.727805 1
105.745058 108.832798 -3.731274 1
106.675050 109.433668 16.077807 1
108.245757 89.409992 16.469216 1
109.526738 73.079766 16.788430 1
113.300431 67.191804 28.742616 1
114.238461 66.341038 35.374521 1
100.000700 109.700100 -18.725270 1
100.174120 115.618707 -19.440745 1
100.395109 124.322905 -21.058514 1
100.668006 132.736392 -22.128730 1
101.657025 154.524482 -21.977923 1
101.963898 160.585336 -19.428955 1
103.092005 176.656456 -14.748944 1
97.450729 142.025888 -22.716175 1
85.654294 144.173154 -21.882788 1
85.586816 138.971125 -18.760369 1
85.390275 123.819477 -9.665880 1
84.885960 118.026608 -6.123705 1
83.873909 106.401598 0.984660 1
83.873909 106.401598 0.984660 1
104.567754 141.706702 -23.275988 1
115.609969 145.912584 -25.476264 1
115.858738 140.568054 -22.614573 1
116.583311 125.001352 -14.279491 1
117.292888 119.048879 -11.050967 1
118.716851 107.103595 -4.572041 1
118.716851 107.103595 -4.572041 1
94.651380 108.810806 -18.935540 1
95.744892 108.809251 -2.951501 1
97.099042 108.807324 16.842332 1
95.696615 88.957269 17.308714 1
94.529334 72.435500 17.696899 1
92.858182 67.624115 30.575922 1
93.048782 67.362471 37.319850 1
105.166184 108.402287 -19.766298 1
105.873513 108.877381 -3.767472 1
106.749426 109.465705 16.044450 1
108.326121 89.443335 16.476475 1
109.611985 73.114174 16.828811 1
113.335017 67.257173 28.814051 1
114.244568 66.423379 35.452076 1
100.012900 109.634000 -18.774170 1
100.179115 115.547340 -19.533557 1
100.396334 124.238031 -21.222873 1
100.681854 132.640195 -22.375572 1
101.746241 154.425038 -22.472994 1
101.976858 160.551018 -20.076218 1
103.133972 176.701568 -15.685676 1
97.496222 141.933505 -23.066097 1
85.678482 143.999809 -22.336317 1
85.599539 138.817274 -19.181914 1
85.369606 123.722404 -9.994268 1
84.851797 117.949554 -6.421490 1
83.812666 106.364717 0.748289 1
83.812666 106.364717 0.748289 1
104.611661 141.583341 -23.627552 1
115.587296 145.894773 -25.953097 1
115.830907 140.576833 -23.041855 1
116.540461 125.087577 -14.562452 1
117.244057 119.165984 -11.276347 1
118.656018 107.282668 -4.681869 1
118.656018 107.282668 -4.681869 1
94.664012 108.738105 -18.966672 1
95.800430 108.830525 -2.985894 1
97.207713 108.944973 16.803902 1
95.698670 89.106444 17.407692 1
94.442650 72.594269 17.910244 1
92.760917 67.881069 30.824149 1
92.958370 67.664886 37.569490 1
105.177447 108.333460 -19.816443 1
105.858452 108.920857 -3.820205 1
106.701766 109.648250 15.988514 1
108.376583 89.637175 16.554013 1
109.742471 73.317227 17.015203 1
113.489756 67.558851 29.040609 1
114.400563 66.773763 35.684399 1
100.034300 109.585600 -18.893070 1
100.189940 115.493173 -19.698205 1
100.397157 124.167953 -21.468610 1
100.683769 132.554897 -22.727031 1
101.777196 154.334025 -23.169491 1
101.975376 160.489157 -20.845608 1
103.148298 176.708967 -16.722737 1
97.511037 141.840258 -23.567590 1
85.667150 143.766062 -22.878544 1
85.567675 138.598493 -19.700259 1
85.277939 123.547214 -10.443054 1
84.736400 117.788928 -6.850347 1
83.649647 106.233316 0.359422 1
83.649647 106.233316 0.359422 1
104.626441 141.471851 -24.117697 1
115.607434 145.746182 -26.486042 1
115.854381 140.457076 -23.523014 1
116.573650 125.051804 -14.892775 1
117.281035 119.162617 -11.549738 1
118.700600 107.344336 -4.841010 1
118.700600 107.344336 -4.841010 1
94.686954 108.678843 -19.077360 1
95.903637 108.934479 -3.104271 1
97.410316 109.251045 16.676004 1
95.713906 89.437839 17.552422 1
94.301934 72.946743 18.281891 1
92.609468 68.440215 31.267968 1
92.823066 68.321145 38.015230 1
105.200892 108.286117 -19.926488 1
105.830475 109.027472 -3.934537 1
106.610112 109.945517 15.868871 1
108.433248 89.951913 16.575879 1
109.920098 73.646212 17.152477 1
113.699165 67.986781 29.214853 1
114.608936 67.247224 35.864006 1
100.022100 109.507900 -18.966570 1
100.168707 115.410483 -19.809125 1
100.371210 124.070998 -21.648573 1
100.675668 132.442605 -23.001386 1
101.875837 154.207359 -23.760886 1
101.937202 160.410130 -21.559245 1
103.112845 176.703614 -17.738739 1
97.547235 141.730493 -23.970266 1
85.670232 143.479475 -23.388007 1
85.550754 138.330785 -20.179912 1
85.202755 123.334493 -10.835880 1
84.638015 117.593939 -7.218455 1
83.504703 106.073911 0.040921 1
83.504703 106.073911 0.040921 1
104.659655 141.318824 -24.528237 1
115.579546 145.717914 -26.950043 1
115.807469 140.449898 -23.948173 1
116.471325 125.106056 -15.204800 1
117.156963 119.242060 -11.813302 1
118.532886 107.474331 -5.007323 1
118.532886 107.474331 -5.007323 1
94.674973 108.594833 -19.124142 1
95.994823 109.069884 -3.164268 1
97.629258 109.658163 16.599642 1
95.665106 89.884580 17.764347 1
94.030286 73.426462 18.733766 1
92.313520 69.147911 31.793556 1
92.545112 69.131645 38.541256 1
105.185876 108.207000 -20.012207 1
105.719118 109.165404 -4.028291 1
106.379453 110.352229 15.765168 1
108.423217 90.386479 16.636827 1
110.089999 74.103495 17.347705 1
113.912421 68.551912 29.446483 1
114.819116 67.858269 36.101003 1
100.030300 109.445100 -19.005970 1
100.179251 115.339536 -19.903367 1
100.387329 123.980298 -21.832882 1
100.705087 132.333448 -23.292506 1
101.962510 154.080981 -24.381308 1
101.950715 160.316355 -22.272915 1
103.111686 176.681575 -18.767524 1
97.600171 141.614122 -24.396718 1
85.699697 143.221353 -23.890051 1
85.571824 138.086434 -20.660281 1
85.199374 123.130252 -11.253119 1
84.624728 117.401887 -7.617974 1
83.471538 105.906320 -0.323039 1
83.471538 105.906320 -0.323039 1
104.710646 141.174878 -24.958431 1
115.620914 145.583765 -27.405661 1
115.836859 140.338066 -24.364087 1
116.465829 125.059224 -15.505070 1
117.137917 119.220520 -12.067536 1
118.486648 107.503546 -5.169172 1
118.486648 107.503546 -5.169172 1
94.682126 108.534721 -19.142108 1
96.137385 109.236880 -3.202395 1
97.939505 110.106399 16.536548 1
95.646151 90.371016 17.746586 1
93.737327 73.944692 18.753737 1
91.961396 69.692124 31.814103 1
92.200044 69.669694 38.561539 1
105.190543 108.130636 -20.052089 1
105.637884 109.378066 -4.085491 1
106.191844 110.922803 15.686523 1
108.438663 90.980088 16.585339 1
110.271044 74.715891 17.318365 1
114.169225 69.168589 29.394914 1
115.092903 68.464614 36.046013 1
100.011200 109.457400 -19.001370 1
100.147397 115.339888 -19.975877 1
100.345598 123.953159 -22.025604 1
100.670357 132.282435 -23.614404 1
101.984706 154.004938 -25.072865 1
101.898018 160.262633 -23.033480 1
103.066561 176.689122 -19.830200 1
97.591112 141.550480 -24.884163 1
85.674800 143.053397 -24.432591 1
85.524363 137.939882 -21.170001 1
85.086193 123.046043 -11.667245 1
84.485970 117.339803 -8.001564 1
83.281454 105.888636 -0.645349 1
83.281454 105.888636 -0.645349 1
104.701639 141.084080 -25.422858 1
115.587497 145.532206 -27.907499 1
115.792733 140.310015 -24.825006 1
116.390511 125.099643 -15.846807 1
117.050369 119.288092 -12.361227 1
118.374558 107.625608 -5.366447 1
118.374558 107.625608 -5.366447 1
94.665060 108.533583 -19.126408 1
96.236577 109.423649 -3.207131 1
98.182665 110.525863 16.506504 1
95.566106 90.816430 17.455674 1
93.388269 74.411707 18.245695 1
91.486547 69.957778 31.220956 1
91.697187 69.810814 37.967761 1
105.174505 108.140672 -20.029374 1
105.532411 109.619995 -4.080331 1
105.975620 111.451893 15.669942 1
108.348849 91.517799 16.423337 1
110.284324 75.260632 17.037765 1
114.229900 69.586643 29.039836 1
115.164008 68.804473 35.680733 1
100.032700 109.483100 -18.967870 1
100.158655 115.355889 -20.000523 1
100.344973 123.944748 -22.151305 1
100.662440 132.248785 -23.868509 1
101.965487 153.940130 -25.741840 1
101.858029 160.213957 -23.753650 1
103.031525 176.691339 -20.825369 1
97.579606 141.488600 -25.322000 1
85.646318 142.859007 -24.897970 1
85.480085 137.767039 -21.602611 1
84.995907 122.935961 -12.004408 1
84.377755 117.251317 -8.308279 1
83.137258 105.843488 -0.890962 1
83.137258 105.843488 -0.890962 1
104.691441 141.016791 -25.838256 1
115.619122 145.334531 -28.368883 1
115.835394 140.148020 -25.227467 1
116.465318 125.041571 -16.077648 1
117.137950 119.268873 -12.530491 1
118.487772 107.684357 -5.412139 1
118.487772 107.684357 -5.412139 1
94.688349 108.548208 -19.086939 1
96.317776 109.519138 -3.178215 1
98.335577 110.721490 16.522354 1
95.483914 91.025121 16.883041 1
93.110393 74.631271 17.183252 1
91.045710 69.753018 29.979781 1
91.198858 69.368442 36.718771 1
105.199054 108.165802 -19.979699 1
105.497920 109.748741 -4.039391 1
105.868020 111.708950 15.700068 1
108.295271 91.771631 16.123970 1
110.274803 75.511834 16.469682 1
114.268936 69.571678 28.326025 1
115.223411 68.638059 34.944424 1
100.049200 109.582300 -18.920070 1
100.165235 115.448506 -19.990605 1
100.342810 124.018455 -22.216258 1
100.661021 132.299001 -24.043248 1
101.984884 153.952488 -26.300612 1
101.797894 160.258817 -24.424284 1
102.962901 176.785732 -21.786128 1
97.589000 141.513333 -25.670965 1
85.633881 142.680420 -25.253563 1
85.460556 137.619546 -21.911008 1
84.955720 122.879032 -12.175342 1
84.329450 117.225405 -8.433290 1
83.072662 105.879821 -0.923817 1
83.072662 105.879821 -0.923817 1
104.701988 141.027716 -26.157679 1
115.644325 145.288814 -28.720778 1
115.866647 140.119840 -25.551008 1
116.514193 125.064470 -16.318602 1
117.193791 119.310844 -12.741909 1
118.557594 107.764602 -5.564284 1
118.557594 107.764602 -5.564284 1
94.706693 108.636761 -19.037791 1
96.301267 109.503364 -3.119512 1
98.275908 110.576521 16.592887 1
95.311254 90.895110 16.344118 1
92.843686 74.513709 16.137062 1
90.622086 69.213101 28.737834 1
90.706192 68.596583 35.460793 1
105.218878 108.268051 -19.918802 1
105.499951 109.735956 -3.967165 1
105.848016 111.553714 15.786321 1
108.262076 91.610289 15.781691 1
110.230852 75.345512 15.777915 1
114.252312 69.099360 27.466579 1
115.223223 67.994682 34.056184 1
100.063000 109.611600 -18.794770 1
100.178464 115.472095 -19.896203 1
100.356200 124.026433 -22.181109 1
100.677369 132.287754 -24.092657 1
102.014532 153.907942 -26.642414 1
101.786873 160.256695 -24.919956 1
102.885569 176.837114 -22.609412 1
97.611748 141.480615 -25.848780 1
85.645367 142.538613 -25.464663 1
85.469776 137.513606 -22.068542 1
84.958341 122.877561 -12.176858 1
84.329492 117.261719 -8.378761 1
83.067530 105.991963 -0.756819 1
83.067530 105.991963 -0.756819 1
104.725026 140.984990 -26.320942 1
115.669460 145.204173 -28.943735 1
115.896554 140.054127 -25.743638 1
116.557998 125.053887 -16.422903 1
117.243116 119.320843 -12.814354 1
118.617996 107.815904 -5.572804 1
118.617996 107.815904 -5.572804 1
94.720590 108.664916 -18.907603 1
96.213019 109.493372 -2.977394 1
98.061169 110.519292 16.749780 1
95.231571 90.819571 16.398497 1
92.876415 74.422930 16.106115 1
90.620007 69.049355 28.669742 1
90.670693 68.402297 35.390166 1
105.232829 108.292627 -19.786468 1
105.582002 109.462864 -3.811578 1
106.014397 110.912009 15.970702 1
108.365952 90.963590 15.656559 1
110.283752 74.694740 15.400361 1
114.326524 68.263838 26.980987 1
115.316993 67.058698 33.550042 1
100.030700 109.599700 -18.584670 1
100.161188 115.451310 -19.730756 1
100.360596 123.985369 -22.088544 1
100.698489 132.225891 -24.085097 1
102.065024 153.811908 -26.895471 1
101.795735 160.193338 -25.304811 1
102.811552 176.830413 -23.399062 1
97.646808 141.399949 -25.959822 1
85.672515 142.365688 -25.579252 1
85.468448 137.374827 -22.134716 1
84.874072 122.838238 -12.102016 1
84.213395 117.259799 -8.254523 1
82.887562 106.065104 -0.533453 1
82.887562 106.065104 -0.533453 1
104.760530 140.890921 -26.410558 1
115.706055 145.079213 -29.077926 1
115.942281 139.948246 -25.847983 1
116.630323 125.003575 -16.440315 1
117.325771 119.291831 -12.800105 1
118.721380 107.829636 -5.495015 1
118.721380 107.829636 -5.495015 1
94.686266 108.664498 -18.697408 1
96.086682 109.509640 -2.759723 1
97.820887 110.556221 16.976710 1
95.186363 90.830441 16.574348 1
92.993573 74.412110 16.239451 1
90.732239 68.962637 28.769457 1
90.758569 68.287054 35.487212 1
105.198766 108.261260 -19.559325 1
105.679227 109.340277 -3.581424 1
106.274201 110.676459 16.204587 1
108.637519 90.729713 15.872996 1
110.564911 74.462227 15.602569 1
114.704129 68.064201 27.167324 1
115.746981 66.876465 33.731440 1
99.958200 109.552900 -18.353590 1
100.107042 115.396594 -19.537216 1
100.332978 123.911818 -21.959818 1
100.689389 132.131373 -24.037913 1
102.078962 153.680034 -27.111358 1
101.801815 160.074356 -25.574740 1
102.642667 176.759265 -24.037598 1
97.650495 141.282690 -26.040213 1
85.667132 142.108757 -25.618541 1
85.438428 137.144868 -22.136780 1
84.772295 122.686837 -11.995656 1
84.084150 117.136925 -8.111895 1
82.703192 105.999476 -0.318042 1
82.703192 105.999476 -0.318042 1
104.765855 140.764899 -26.453560 1
115.746493 144.854961 -29.129033 1
115.999397 139.736993 -25.879786 1
116.736015 124.830186 -16.415892 1
117.450421 119.131978 -12.758180 1
118.884074 107.696948 -5.417970 1
118.884074 107.696948 -5.417970 1
94.612004 108.629664 -18.480513 1
95.991317 109.379106 -2.536201 1
97.699388 110.307178 17.208437 1
95.007876 90.592026 16.681596 1
92.767652 74.182542 16.243092 1
90.467037 68.673344 28.739785 1
90.478962 67.962013 35.453890 1
105.126688 108.195883 -19.299908 1
105.755499 109.409361 -3.336808 1
106.534178 110.912054 16.430872 1
108.866221 90.963917 15.982151 1
110.768107 74.695298 15.616199 1
115.050048 68.178966 27.062326 1
116.176735 66.925242 33.600264 1
100.020800 109.675700 -18.091990 1
100.166819 115.510285 -19.320069 1
100.392585 124.005195 -21.812984 1
100.755257 132.204249 -23.969504 1
102.171936 153.716671 -27.275634 1
101.867744 160.123493 -25.797308 1
102.579633 176.838633 -24.550969 1
97.730341 141.335094 -26.083325 1
85.738694 142.020245 -25.644979 1
85.490788 137.076385 -22.136139 1
84.768725 122.676693 -11.916144 1
84.059262 117.146976 -8.007492 1
82.635525 106.050054 -0.163689 1
82.635525 106.050054 -0.163689 1
104.846712 140.807652 -26.465929 1
115.855211 144.827109 -29.133901 1
116.120406 139.722115 -25.865283 1
116.892825 124.853094 -16.344969 1
117.621143 119.168915 -12.668222 1
119.082714 107.762037 -5.289813 1
119.082714 107.762037 -5.289813 1
94.675662 108.746787 -18.222027 1
96.056091 109.401005 -2.273620 1
97.765545 110.211156 17.476088 1
94.825361 90.532647 16.909853 1
92.378161 74.153662 16.438561 1
89.967833 68.643329 28.914056 1
89.949755 67.915059 35.626331 1
105.192269 108.316049 -19.018028 1
105.913839 109.476369 -3.054900 1
106.807386 110.913234 16.712816 1
109.168783 90.971535 16.146816 1
111.094609 74.708165 15.685218 1
115.469769 68.145742 27.069593 1
116.644682 66.862912 33.593380 1
100.062900 109.717600 -17.839270 1
100.193146 115.540902 -19.121483 1
100.398215 124.012242 -21.695089 1
100.747132 132.189989 -23.933235 1
102.142449 153.668247 -27.463010 1
101.819191 160.080523 -26.012641 1
102.481742 176.807830 -24.910695 1
97.713700 141.294846 -26.144697 1
85.716406 141.872681 -25.706286 1
85.453641 136.944636 -22.176344 1
84.688302 122.591005 -11.894888 1
83.962414 117.076990 -7.967116 1
82.505716 106.011579 -0.084942 1
82.505716 106.011579 -0.084942 1
104.830946 140.771400 -26.516360 1
115.886502 144.681276 -29.152401 1
116.172592 139.593113 -25.859391 1
117.005868 124.773117 -16.268033 1
117.757763 119.107179 -12.567951 1
119.266647 107.736908 -5.142713 1
119.266647 107.736908 -5.142713 1
94.720036 108.774003 -17.956353 1
96.084708 109.354106 -2.003723 1
97.774651 110.072478 17.751216 1
94.560396 90.439269 17.107234 1
91.885078 74.097989 16.571231 1
89.332870 68.578603 29.014463 1
89.270796 67.826610 35.723860 1
105.237070 108.362512 -18.756867 1
106.047683 109.333154 -2.785354 1
107.051497 110.535135 16.992745 1
109.515636 90.612594 16.225737 1
111.525252 74.364848 15.600207 1
116.014296 67.731785 26.898984 1
117.239994 66.400454 33.403682 1
100.077700 109.773600 -17.654420 1
100.201695 115.585475 -18.988069 1
100.399245 124.033006 -21.639347 1
100.740872 132.188794 -23.957323 1
102.112454 153.630888 -27.709275 1
101.769103 160.038995 -26.245161 1
102.428591 176.770631 -25.209077 1
97.699290 141.265114 -26.272468 1
85.699165 141.741437 -25.791537 1
85.429324 136.815896 -22.258635 1
84.643371 122.469560 -11.968557 1
83.909768 116.956350 -8.041088 1
82.437585 105.892554 -0.159523 1
82.437585 105.892554 -0.159523 1
104.818293 140.748946 -26.619866 1
115.909081 144.561959 -29.249795 1
116.218534 139.488583 -25.936147 1
117.119859 124.711658 -16.284677 1
117.898070 119.061599 -12.565802 1
119.459765 107.723193 -5.102852 1
119.459765 107.723193 -5.102852 1
94.736488 108.820915 -17.773307 1
96.079737 109.331958 -1.816497 1
97.743149 109.964808 17.943617 1
94.311947 90.370557 17.235660 1
91.456058 74.061702 16.646407 1
88.788764 68.545813 29.067033 1
88.690283 67.780327 35.774467 1
105.255645 108.418247 -18.550070 1
106.203962 109.328576 -2.582588 1
107.378298 110.455866 17.190518 1
109.917307 90.546807 16.324087 1
111.987982 74.310056 15.617472 1
116.623436 67.645370 26.838255 1
117.921648 66.289235 33.323732 1
100.066600 109.768700 -17.479040 1
100.179255 115.570333 -18.857534 1
100.362342 123.996230 -21.577799 1
100.690911 132.131156 -23.969787 1
102.025880 153.537057 -27.935521 1
101.664126 159.936288 -26.437411 1
102.339509 176.666732 -25.392363 1
97.635856 141.176747 -26.385283 1
85.633996 141.505470 -25.829880 1
85.349752 136.586882 -22.288431 1
84.521849 122.260798 -11.973458 1
83.772460 116.753085 -8.041259 1
82.268599 105.700321 -0.150203 1
82.268599 105.700321 -0.150203 1
104.756902 140.672865 -26.707965 1
115.868122 144.429368 -29.332969 1
116.202848 139.371367 -25.998340 1
117.177788 124.639224 -16.285758 1
117.984335 119.006575 -12.546567 1
119.602895 107.703108 -5.042845 1
119.602895 107.703108 -5.042845 1
94.727889 108.802384 -17.600207 1
95.998391 109.251495 -1.635578 1
97.571716 109.807651 18.134219 1
94.013872 90.238770 17.353402 1
91.052576 73.951032 16.703506 1
88.265158 68.412984 29.087841 1
88.117162 67.626088 35.791887 1
105.249375 108.418795 -18.354758 1
106.360756 109.266262 -2.394335 1
107.737020 110.315709 17.370031 1
110.250130 90.407298 16.417462 1
112.299684 74.171077 15.640598 1
117.046675 67.467098 26.791121 1
118.410396 66.088725 33.258441 1
100.159800 109.819500 -17.291250 1
100.272715 115.614428 -18.697645 1
100.452227 124.027174 -21.458545 1
100.768343 132.150929 -23.889855 1
102.046023 153.540804 -27.959567 1
101.650918 159.945724 -26.494559 1
102.358656 176.675198 -25.455406 1
97.689594 141.175974 -26.351674 1
85.685961 141.401165 -25.783121 1
85.399239 136.484228 -22.239579 1
84.564119 122.162954 -11.918510 1
83.812225 116.654932 -7.987222 1
82.303339 105.601548 -0.097994 1
82.303339 105.601548 -0.097994 1
104.812239 140.690490 -26.667174 1
115.937511 144.386326 -29.318643 1
116.300260 139.340316 -25.968813 1
117.356818 124.643097 -16.211958 1
118.194789 119.023661 -12.459818 1
119.876410 107.746709 -4.930113 1
119.876410 107.746709 -4.930113 1
94.821366 108.851674 -17.412593 1
95.949323 109.258806 -1.436134 1
97.346127 109.762977 18.348312 1
93.804663 90.193696 17.505512 1
90.857000 73.905625 16.804027 1
87.966206 68.356661 29.159743 1
87.761231 67.564443 35.861662 1
105.343599 108.466290 -18.155736 1
106.639659 109.270889 -2.207027 1
108.244619 110.267252 17.542833 1
110.658544 90.350366 16.513986 1
112.627209 74.107232 15.674914 1
117.477949 67.334156 26.738692 1
118.912542 65.921449 33.183231 1
100.202400 109.825600 -17.169000 1
100.301808 115.612273 -18.609980 1
100.457630 124.008938 -21.420818 1
100.743387 132.119267 -23.900236 1
101.921410 153.490401 -28.096504 1
101.525110 159.884536 -26.585435 1
102.212848 176.616268 -25.569459 1
97.622721 141.115052 -26.415784 1
85.620764 141.299229 -25.799122 1
85.336348 136.381914 -22.255919 1
84.507948 122.059537 -11.935838 1
83.758729 116.550170 -8.005926 1
82.255210 105.494084 -0.119458 1
82.255210 105.494084 -0.119458 1
104.747600 140.661063 -26.727723 1
115.915380 144.269895 -29.319671 1
116.309556 139.228853 -25.965915 1
117.457651 124.546102 -16.197625 1
118.330804 118.932229 -12.445180 1
120.083027 107.666441 -4.914861 1
120.083027 107.666441 -4.914861 1
94.866161 108.844907 -17.283367 1
95.884431 109.308397 -1.301078 1
97.145404 109.882361 18.490589 1
93.474625 90.339111 17.598513 1
90.419330 74.072706 16.856013 1
87.354720 68.510660 29.163865 1
87.072359 67.700772 35.860857 1
105.389088 108.479068 -18.026557 1
106.827816 109.263639 -2.089086 1
108.609445 110.235199 17.646857 1
110.927919 90.309982 16.561349 1
112.818739 74.060054 15.676067 1
117.736624 67.241271 26.681976 1
119.220371 65.807367 33.110684 1
100.224400 109.831300 -17.027140 1
100.320962 115.612401 -18.490502 1
100.470938 123.999384 -21.330418 1
100.747737 132.103394 -23.831418 1
101.893466 153.468425 -28.067512 1
101.446251 159.863082 -26.572948 1
102.073551 176.597269 -25.558293 1
97.613450 141.089780 -26.363569 1
85.609689 141.194456 -25.763619 1
85.297460 136.293727 -22.199839 1
84.388047 122.019658 -11.819823 1
83.608070 116.528107 -7.871004 1
82.042826 105.507775 0.053405 1
82.042826 105.507775 0.053405 1
104.738990 140.645920 -26.674977 1
115.909106 144.247096 -29.267506 1
116.317125 139.203002 -25.920000 1
117.505536 124.511362 -16.169913 1
118.394162 118.894262 -12.425941 1
120.177437 107.621996 -4.912624 1
120.177437 107.621996 -4.912624 1
94.888642 108.847556 -17.137667 1
95.774946 109.316150 -1.147665 1
96.872500 109.896434 18.653552 1
93.256214 90.344968 17.719902 1
90.246274 74.071725 16.942800 1
87.087344 68.478536 29.212633 1
86.748673 67.654751 35.905318 1
105.411742 108.484002 -17.879523 1
106.988161 109.259334 -1.954630 1
108.940298 110.219454 17.765738 1
111.174447 90.287408 16.629936 1
112.996497 74.031911 15.703637 1
117.976421 67.180262 26.661131 1
119.505457 65.732031 33.076000 1
100.207400 109.835600 -16.997920 1
100.299792 115.612376 -18.478531 1
100.443250 123.990687 -21.344262 1
100.714161 132.086514 -23.872261 1
101.845622 153.436994 -28.184866 1
101.337798 159.810039 -26.619050 1
101.879749 176.549528 -25.643435 1
97.573783 141.061771 -26.436143 1
85.570340 141.123968 -25.824059 1
85.240240 136.230448 -22.251993 1
84.278778 121.977375 -11.847845 1
83.479036 116.493603 -7.892176 1
81.874129 105.488881 0.045981 1
81.874129 105.488881 0.045981 1
104.699570 140.621384 -26.746841 1
115.881526 144.220861 -29.290222 1
116.297585 139.170486 -25.953193 1
117.509415 124.460552 -16.233620 1
118.407006 118.836920 -12.501609 1
120.208270 107.551548 -5.012297 1
120.208270 107.551548 -5.012297 1
94.872056 108.848816 -17.101091 1
95.650570 109.333274 -1.105952 1
96.614643 109.933202 18.701628 1
93.094905 90.367202 17.705578 1
90.165326 74.081861 16.876539 1
86.940797 68.402614 29.089646 1
86.556677 67.537748 35.774690 1
105.394722 108.488416 -17.850605 1
107.205928 109.249126 -1.949998 1
109.448811 110.191139 17.740296 1
111.457275 90.232055 16.659107 1
113.095268 73.954508 15.777349 1
118.133168 67.123880 26.721457 1
119.721679 65.701604 33.127676 1
100.245100 109.884000 -16.908200 1
100.334650 115.655740 -18.408492 1
100.471625 124.025840 -21.298433 1
100.731602 132.117515 -23.840836 1
101.821914 153.467219 -28.167855 1
101.331980 159.837813 -26.586446 1
101.769283 176.582047 -25.640159 1
97.573911 141.084990 -26.410673 1
85.568828 141.165220 -25.833875 1
85.234027 136.273001 -22.260464 1
84.258873 122.023719 -11.852399 1
83.453905 116.541523 -7.895604 1
81.838510 105.539966 0.044812 1
81.838510 105.539966 0.044812 1
104.700523 140.658089 -26.721278 1
115.907881 144.178484 -29.263543 1
116.337282 139.126938 -25.929977 1
117.587971 124.413594 -16.220493 1
118.500536 118.787432 -12.495935 1
120.331849 107.496983 -5.021578 1
120.331849 107.496983 -5.021578 1
94.910276 108.894111 -17.008512 1
95.624303 109.367996 -1.010048 1
96.508518 109.954831 18.801650 1
93.016204 90.385932 17.766780 1
90.109451 74.098178 16.905430 1
86.844269 68.401147 29.099439 1
86.435182 67.528202 35.781950 1
105.433200 108.536599 -17.755794 1
107.306753 109.270340 -1.861145 1
109.626843 110.178957 17.821772 1
111.604728 90.219035 16.700416 1
113.217781 73.940805 15.785900 1
118.293131 67.075173 26.690731 1
119.907174 65.634280 33.086399 1
100.268000 109.888900 -16.846430 1
100.356546 115.656842 -18.361318 1
100.492629 124.021142 -21.268046 1
100.752788 132.109734 -23.820218 1
101.845584 153.457563 -28.155857 1
101.357043 159.820710 -26.544320 1
101.725803 176.569854 -25.657635 1
97.596385 141.076289 -26.394844 1
85.590180 141.151627 -25.841188 1
85.249590 136.262839 -22.263631 1
84.257572 122.023550 -11.843490 1
83.446205 116.545078 -7.882847 1
81.817969 105.550993 0.065291 1
81.817969 105.550993 0.065291 1
104.723075 140.648896 -26.702966 1
115.941290 144.138225 -29.240169 1
116.372365 139.083227 -25.912057 1
117.627934 124.359828 -16.218459 1
118.542395 118.729145 -12.501205 1
120.377514 107.429623 -5.041506 1
120.377514 107.429623 -5.041506 1
94.933307 108.897995 -16.943618 1
95.622607 109.365881 -0.943892 1
96.476202 109.945287 18.869367 1
92.992079 90.376532 17.804604 1
90.092144 74.088898 16.918372 1
86.808333 68.374800 29.099386 1
86.388354 67.492915 35.780048 1
105.456195 108.540105 -17.691220 1
107.363789 109.263252 -1.800134 1
109.726034 110.158749 17.878369 1
111.675238 90.197277 16.734634 1
113.264902 73.917781 15.801866 1
118.355287 67.030959 26.686308 1
119.981778 65.579539 33.076440 1
100.288100 109.915400 -16.806240 1
100.372126 115.680611 -18.331746 1
100.504124 124.040633 -21.250941 1
100.765032 132.127494 -23.808518 1
101.870271 153.475416 -28.140543 1
101.380534 159.834224 -26.512334 1
101.711325 176.589213 -25.726845 1
97.614501 141.095662 -26.384718 1
85.606702 141.166875 -25.866203 1
85.263464 136.279910 -22.286409 1
84.263736 122.045930 -11.859753 1
83.449482 116.569200 -7.897294 1
81.815451 105.578609 0.054488 1
81.815451 105.578609 0.054488 1
104.741276 140.665390 -26.686800 1
115.958851 144.147025 -29.237368 1
116.386974 139.089548 -25.912644 1
117.633946 124.358927 -16.228912 1
118.545127 118.724987 -12.515789 1
120.373664 107.418930 -5.064381 1
120.373664 107.418930 -5.064381 1
94.954189 108.920124 -16.901646 1
95.648524 109.368875 -0.901590 1
96.508353 109.924585 18.912078 1
93.003644 90.360286 17.833075 1
90.086574 74.076361 16.934991 1
86.796800 68.359269 29.112990 1
86.375988 67.474244 35.793184 1
105.477362 108.569131 -17.648503 1
107.371104 109.281446 -1.755271 1
109.716196 110.163531 17.925889 1
111.665822 90.203182 16.763408 1
113.255829 73.924603 15.815353 1
118.337210 67.024332 26.695483 1
119.958444 65.565032 33.085156 1
100.269600 109.899800 -16.795270 1
100.344029 115.664221 -18.324254 1
100.462246 124.023409 -21.246428 1
100.711745 132.110986 -23.802878 1
101.793175 153.462882 -28.121303 1
101.355969 159.822156 -26.480010 1
101.676860 176.581142 -25.780404 1
97.550566 141.077934 -26.370265 1
85.542103 141.164461 -25.869767 1
85.202601 136.276570 -22.290881 1
84.213752 122.039895 -11.866867 1
83.403629 116.562163 -7.904946 1
81.777889 105.569564 0.045758 1
81.777889 105.569564 0.045758 1
104.677481 140.654579 -26.678750 1
115.924694 144.034511 -29.235590 1
116.359978 138.978869 -25.909004 1
117.627807 124.253595 -16.219850 1
118.547026 118.619866 -12.508389 1
120.391695 107.314231 -5.060317 1
120.391695 107.314231 -5.060317 1
94.936983 108.897050 -16.884583 1
95.649271 109.325965 -0.884772 1
96.531332 109.857112 18.928593 1
92.996302 90.299025 17.835964 1
90.053996 74.020271 16.926540 1
86.762346 68.300457 29.102754 1
86.343942 67.411821 35.782620 1
105.459858 108.560253 -17.642098 1
107.301789 109.258838 -1.742170 1
109.582720 110.123918 17.947284 1
111.549035 90.166043 16.770532 1
113.152653 73.889481 15.810837 1
118.200499 66.980589 26.701103 1
119.800847 65.515599 33.094737 1
100.338300 109.953500 -16.786510 1
100.407781 115.717010 -18.319156 1
100.522513 124.075154 -21.244453 1
100.776236 132.162964 -23.799752 1
101.887320 153.516264 -28.103684 1
101.436940 159.876219 -26.468605 1
101.758208 176.637867 -25.836159 1
97.627978 141.135562 -26.363274 1
85.618506 141.207694 -25.885195 1
85.276740 136.321137 -22.304704 1
84.281295 122.088347 -11.876014 1
83.468715 116.611768 -7.913003 1
81.838045 105.621480 0.039887 1
81.838045 105.621480 0.039887 1
104.754541 140.703393 -26.667652 1
115.992853 144.089427 -29.255368 1
116.423624 139.033618 -25.928448 1
117.678306 124.307857 -16.238323 1
118.592495 118.673583 -12.526447 1
120.427069 107.366855 -5.077542 1
120.427069 107.366855 -5.077542 1
95.006409 108.946662 -16.873139 1
95.739128 109.375016 -0.874236 1
96.646490 109.905468 18.938005 1
93.088162 90.351838 17.841246 1
90.126462 74.076794 16.928383 1
86.840769 68.359148 29.107224 1
86.428211 67.470111 35.787400 1
105.529244 108.617345 -17.634491 1
107.328176 109.304506 -1.729142 1
109.555859 110.155442 17.967024 1
111.537973 90.199829 16.778465 1
113.154476 73.925112 15.809141 1
118.176768 67.009742 26.707106 1
119.760708 65.540208 33.103783 1
100.369700 109.963100 -16.774180 1
100.433711 115.725117 -18.312667 1
100.538846 124.080838 -21.245238 1
100.781220 132.167785 -23.804367 1
101.858004 153.522488 -28.110056 1
101.455408 159.878358 -26.446868 1
101.770817 176.643161 -25.901056 1
97.618064 141.135601 -26.366281 1
85.608107 141.237128 -25.906064 1
85.269483 136.350391 -22.325518 1
84.283193 122.117080 -11.896671 1
83.474050 116.640573 -7.932856 1
81.850277 105.650430 0.021646 1
81.850277 105.650430 0.021646 1
104.745058 140.713932 -26.675263 1
116.008305 144.001410 -29.281587 1
116.446359 138.951557 -25.946581 1
117.722255 124.243146 -16.232904 1
118.644579 118.613743 -12.515654 1
120.495476 107.316789 -5.055964 1
120.495476 107.316789 -5.055964 1
95.038533 108.952059 -16.856257 1
95.771295 109.373409 -0.857170 1
96.678711 109.895188 18.955298 1
93.101063 90.345299 17.854712 1
90.123284 74.073368 16.938664 1
86.829304 68.358723 29.116675 1
86.414462 67.469930 35.796743 1
105.561112 108.630101 -17.624262 1
107.331351 109.311578 -1.715449 1
109.523504 110.155474 17.985005 1
111.516004 90.201426 16.787585 1
113.140978 73.927985 15.811035 1
118.146097 67.008256 26.714133 1
119.718753 65.535529 33.112860 1
100.380900 109.968900 -16.759950 1
100.441047 115.731533 -18.296286 1
100.544243 124.088077 -21.226578 1
100.792470 132.175034 -23.785114 1
101.904568 153.527450 -28.093169 1
101.480426 159.867077 -26.374279 1
101.790095 176.633331 -25.871405 1
97.644273 141.147658 -26.348618 1
85.634227 141.221558 -25.885459 1
85.291410 136.334516 -22.305730 1
84.292905 122.100313 -11.879262 1
83.479174 116.623120 -7.917335 1
81.846194 105.631602 0.033381 1
81.846194 105.631602 0.033381 1
104.770625 140.714404 -26.656374 1
116.026396 144.014469 -29.279037 1
116.461177 138.961021 -25.949055 1
117.727542 124.242135 -16.250007 1
118.646217 118.608569 -12.538165 1
120.489794 107.303261 -5.089326 1
120.489794 107.303261 -5.089326 1
95.050264 108.954913 -16.840167 1
95.764528 109.367615 -0.840018 1
96.649037 109.878686 18.973765 1
93.082115 90.327299 17.864983 1
90.113264 74.054122 16.942112 1
86.806863 68.333597 29.113995 1
86.384113 67.442256 35.793227 1
105.572697 108.639121 -17.612719 1
107.350283 109.312197 -1.704368 1
109.551532 110.145690 17.995515 1
111.531283 90.190740 16.791988 1
113.145859 73.916563 15.810457 1
118.150608 66.990859 26.709931 1
119.724574 65.515430 33.107713 1
100.361200 109.968800 -16.740090 1
100.423553 115.728948 -18.285629 1
100.527623 124.081844 -21.226272 1
100.773736 132.167483 -23.789174 1
101.873194 153.521215 -28.093949 1
101.486902 159.848236 -26.320550 1
101.763535 176.615768 -25.841624 1
97.619851 141.139021 -26.349491 1
85.609452 141.219788 -25.896776 1
85.264867 136.335092 -22.314017 1
84.261216 122.107721 -11.878721 1
83.445505 116.633281 -7.913398 1
81.808552 105.647287 0.044132 1
81.808552 105.647287 0.044132 1
104.746260 140.709321 -26.660891 1
116.013227 143.965120 -29.290796 1
116.452046 138.913346 -25.958803 1
117.730171 124.199336 -16.253901 1
118.653342 118.566854 -12.541530 1
120.505941 107.263719 -5.091631 1
120.505941 107.263719 -5.091631 1
95.030018 108.957378 -16.816271 1
95.710903 109.366878 -0.814585 1
96.554078 109.873983 19.001102 1
93.006372 90.319889 17.878501 1
90.053514 74.044459 16.944129 1
86.729566 68.312834 29.106007 1
86.295179 67.416641 35.783843 1
105.551938 108.635044 -17.593098 1
107.364811 109.301936 -1.688469 1
109.609759 110.127771 18.006805 1
111.562788 90.170616 16.796196 1
113.155571 73.894642 15.808890 1
118.174203 66.963236 26.698351 1
119.759475 65.486117 33.092951 1
