62 35
109.226900 155.112600 63.766400 1
109.310987 163.258010 63.727857 1
109.326263 173.570794 62.853435 1
109.184892 183.469208 62.263430 1
108.451255 208.926181 63.331320 1
109.042608 216.247251 65.617369 1
108.897581 235.300079 70.241268 1
104.686270 194.047401 61.684880 1
92.598912 200.787076 59.280811 1
91.468354 194.198679 61.646611 1
88.175437 175.009054 68.537332 1
87.236553 167.720989 71.590088 1
85.352419 153.095456 77.716296 1
85.352419 153.095456 77.716296 1
113.033162 194.293331 61.556552 1
125.308365 200.876719 59.743999 1
126.697832 194.259983 61.881797 1
130.744862 174.987786 68.108438 1
131.221527 167.521405 70.818170 1
132.178092 152.538028 76.256001 1
132.178092 152.538028 76.256001 1
101.995237 153.799339 62.809689 1
100.487276 135.174734 64.005854 1
98.619894 112.110971 65.487123 1
97.912760 88.910442 63.946132 1
97.324188 69.599839 62.663514 1
94.272260 62.912097 77.083526 1
93.778076 62.096279 84.916197 1
116.410504 153.649886 62.674065 1
117.585849 134.986803 63.618709 1
119.041323 111.875616 64.788490 1
119.734068 88.547772 62.234117 1
120.299033 69.522824 60.150907 1
123.031517 62.590286 74.519286 1
123.376993 61.660482 82.347273 1
109.257000 155.110300 63.719800 1
109.346581 163.255692 63.691166 1
109.368062 173.570078 62.835980 1
109.232267 183.470386 62.277267 1
108.516784 208.922857 63.458733 1
109.093880 216.235311 65.775793 1
108.960021 235.270313 70.472869 1
104.738754 194.053726 61.755973 1
92.657714 200.820082 59.395495 1
91.499824 194.222715 61.722762 1
88.127299 175.006960 68.501250 1
87.094628 167.678209 71.423530 1
85.022284 152.971029 77.287900 1
85.022284 152.971029 77.287900 1
113.085464 194.295192 61.608728 1
125.346176 200.904233 59.791456 1
126.752888 194.279632 61.893316 1
130.850144 174.984528 68.015285 1
131.395244 167.509184 70.687140 1
132.489141 152.507822 76.048964 1
132.489141 152.507822 76.048964 1
102.023257 153.803128 62.770508 1
100.512472 135.178589 63.964154 1
98.641592 112.114910 65.442303 1
97.939300 88.912906 63.921429 1
97.354758 69.601076 62.655553 1
94.324697 62.916677 77.081725 1
93.841475 62.103053 84.915308 1
116.438238 153.644054 62.616696 1
117.611936 134.981399 63.571776 1
119.065371 111.870740 64.754478 1
119.762717 88.541296 62.216026 1
120.331434 69.515042 60.145800 1
123.078641 62.587534 74.513798 1
123.431442 61.659765 82.341699 1
109.298400 155.100800 63.622800 1
109.384639 163.246274 63.614183 1
109.400412 173.563229 62.790440 1
109.258856 183.465772 62.274409 1
108.529787 208.910885 63.597576 1
109.122228 216.203120 65.973731 1
108.987823 235.201896 70.815237 1
104.758695 194.049207 61.816189 1
92.696522 200.861954 59.492951 1
91.534211 194.247552 61.769100 1
88.148809 174.982180 68.398697 1
87.109090 167.624584 71.245007 1
85.022600 152.859517 76.956921 1
85.022600 152.859517 76.956921 1
113.105114 194.296369 61.662052 1
125.367095 200.909330 59.867746 1
126.809317 194.279815 61.929669 1
131.010005 174.970399 67.935311 1
131.669822 167.487718 70.560350 1
132.993930 152.471631 75.828223 1
132.993930 152.471631 75.828223 1
102.063549 153.793027 62.682824 1
100.510180 135.170442 63.852033 1
98.586567 112.109181 65.299922 1
97.914783 88.901632 63.851609 1
97.355634 69.585185 62.646130 1
94.312185 62.898796 77.068560 1
93.817445 62.085840 84.901494 1
116.478305 153.640223 62.503612 1
117.634069 134.975007 63.430092 1
119.065296 111.861178 64.577379 1
119.757489 88.522284 62.125864 1
120.322005 69.488324 60.126538 1
123.063967 62.552583 74.491566 1
123.414703 61.621654 82.319185 1
109.342500 155.136200 63.522600 1
109.428250 163.281661 63.541869 1
109.441290 173.601985 62.761421 1
109.294448 183.507219 62.301553 1
108.544810 208.941637 63.806374 1
109.155572 216.215459 66.233775 1
109.025670 235.154790 71.302953 1
104.785825 194.090039 61.918508 1
92.755823 200.967389 59.618924 1
91.599022 194.334033 61.842107 1
88.229669 175.013457 68.317433 1
87.183069 167.637252 71.112597 1
85.082772 152.834840 76.721872 1
85.082772 152.834840 76.721872 1
113.132057 194.344998 61.766950 1
125.387768 200.975455 59.994504 1
126.837106 194.330364 62.000540 1
131.058521 174.975580 67.843405 1
131.724039 167.472581 70.408323 1
133.059587 152.415721 75.555544 1
133.059587 152.415721 75.555544 1
102.106881 153.831211 62.584662 1
100.553484 135.209383 63.765821 1
98.629836 112.149058 65.228508 1
97.945930 88.939213 63.823299 1
97.376691 69.620856 62.653697 1
94.355711 62.951488 77.088727 1
93.874020 62.147424 84.923391 1
116.521479 153.679920 62.391934 1
117.664206 135.015331 63.346759 1
119.079289 111.902276 64.529147 1
119.774157 88.559779 62.112950 1
120.340853 69.522881 60.142428 1
123.068497 62.594373 74.513671 1
123.411789 61.665929 82.341915 1
109.335000 155.144200 63.434800 1
109.417541 163.289703 63.449952 1
109.428842 173.610810 62.679904 1
109.276492 183.517734 62.259981 1
108.500334 208.940079 63.944625 1
109.140547 216.164785 66.507348 1
109.014345 235.016116 71.894661 1
104.758322 194.098746 61.945598 1
92.764146 201.054099 59.693983 1
91.619762 194.406200 61.879839 1
88.286574 175.043265 68.246445 1
87.249899 167.656368 71.016962 1
85.169520 152.832500 76.576778 1
85.169520 152.832500 76.576778 1
113.104519 194.362667 61.808159 1
125.371309 200.985429 60.084250 1
126.829809 194.323509 62.026826 1
131.077905 174.919709 67.684855 1
131.737269 167.393065 70.181167 1
133.060466 152.288754 75.190714 1
133.060466 152.288754 75.190714 1
102.102949 153.835900 62.474236 1
100.557992 135.214627 63.675059 1
98.644797 112.154990 65.162095 1
97.962993 88.942562 63.799171 1
97.395503 69.622055 62.664763 1
94.340650 62.967485 77.099494 1
93.840472 62.171494 84.933825 1
116.518150 153.690097 62.328076 1
117.659048 135.024214 63.259515 1
119.071865 111.909557 64.412941 1
119.772709 88.560748 62.060295 1
120.344278 69.518702 60.141602 1
123.028890 62.587396 74.519597 1
123.348988 61.658732 82.348797 1
109.343400 155.141700 63.206700 1
109.425502 163.287090 63.253032 1
109.437142 173.611892 62.534222 1
109.285914 183.521610 62.185926 1
108.509843 208.926821 64.111808 1
109.131428 216.089865 66.846443 1
109.007399 234.795699 72.719100 1
104.770315 194.106010 61.961586 1
92.810117 201.131157 59.746199 1
91.681460 194.470504 61.901188 1
88.394078 175.070423 68.177893 1
87.377723 167.680602 70.948142 1
85.338119 152.850866 76.507419 1
85.338119 152.850866 76.507419 1
113.116872 194.369635 61.847394 1
125.367591 201.035936 60.177870 1
126.827009 194.360263 62.071938 1
131.077782 174.916407 67.588679 1
131.725425 167.370658 70.029776 1
133.025102 152.228010 74.928517 1
133.025102 152.228010 74.928517 1
102.112955 153.836746 62.229630 1
100.578159 135.218662 63.491388 1
98.677546 112.162975 65.053885 1
97.988160 88.947695 63.744389 1
97.414361 69.624815 62.654451 1
94.365855 62.997616 77.103109 1
93.869681 62.216245 84.939166 1
116.528379 153.692149 62.105893 1
117.667424 135.027942 63.072532 1
119.077948 111.915362 64.269549 1
119.772670 88.558903 61.992225 1
120.339248 69.510618 60.134960 1
122.981802 62.581437 74.521768 1
123.280822 61.654307 82.351984 1
109.358200 155.138400 62.910900 1
109.427258 163.283611 62.994772 1
109.423828 173.612756 62.341244 1
109.258563 183.525172 62.089479 1
108.439518 208.901514 64.349237 1
109.068469 215.945721 67.375351 1
108.988099 234.406083 73.979916 1
104.729243 194.105594 61.987339 1
92.806745 201.219360 59.853015 1
91.704128 194.548521 61.989900 1
88.492594 175.118768 68.213873 1
87.517703 167.725106 70.988772 1
85.561309 152.887663 76.557380 1
85.561309 152.887663 76.557380 1
113.075820 194.381830 61.910502 1
125.329800 201.066305 60.340548 1
126.782282 194.377183 62.192019 1
131.012851 174.894154 67.584691 1
131.643952 167.330079 69.972827 1
132.910435 152.150654 74.765288 1
132.910435 152.150654 74.765288 1
102.131917 153.826526 61.912545 1
100.594385 135.215518 63.271621 1
98.690385 112.168595 64.954632 1
98.002260 88.949570 63.712608 1
97.429510 69.623573 62.678829 1
94.362560 63.036289 77.141830 1
93.856213 62.276628 84.979371 1
116.547781 153.705269 61.818672 1
117.670552 135.041964 62.821098 1
119.060924 111.930501 64.062432 1
119.737529 88.562136 61.904953 1
120.289332 69.504140 60.145427 1
122.856220 62.563043 74.540188 1
123.117756 61.632940 82.371393 1
109.336100 155.122800 62.464300 1
109.409552 163.267084 62.610942 1
109.407986 173.602212 62.060041 1
109.231015 183.517022 61.950898 1
108.339780 208.843855 64.688284 1
109.002518 215.717690 68.077232 1
108.955150 233.798747 75.659110 1
104.675794 194.086507 62.031251 1
92.806826 201.330663 60.042089 1
91.748919 194.647932 62.164370 1
88.667609 175.183543 68.345807 1
87.769621 167.779867 71.119957 1
85.967555 152.922327 76.687063 1
85.967555 152.922327 76.687063 1
113.021897 194.384309 61.993244 1
125.275587 201.106075 60.588997 1
126.708552 194.400364 62.395109 1
130.882278 174.869014 67.655667 1
131.480482 167.282922 69.981621 1
132.680948 152.059312 74.649297 1
132.680948 152.059312 74.649297 1
102.112492 153.822967 61.431430 1
100.578289 135.221132 62.914204 1
98.678409 112.185566 64.750397 1
98.004109 88.959918 63.630648 1
97.442865 69.628408 62.698644 1
94.374619 63.103841 77.189771 1
93.865644 62.378931 85.030433 1
116.528520 153.693779 61.385460 1
117.649638 135.037936 62.519952 1
119.037962 111.935714 63.924827 1
119.716967 88.558969 61.860916 1
120.270727 69.494139 60.177699 1
122.763743 62.580653 74.598707 1
122.989284 61.651171 82.431105 1
109.314100 155.098900 61.871200 1
109.388063 163.241723 62.083864 1
109.382778 173.582726 61.657261 1
109.187307 183.497400 61.745070 1
108.206472 208.735326 65.183257 1
108.900731 215.387082 68.984038 1
108.843261 232.979510 77.639378 1
104.597396 194.045951 62.107421 1
92.798090 201.459947 60.342201 1
91.805269 194.763393 62.452321 1
88.913531 175.258742 68.598335 1
88.159336 167.835210 71.362223 1
86.645831 152.937823 76.908735 1
86.645831 152.937823 76.908735 1
112.942550 194.371364 62.099409 1
125.205389 201.127959 60.968839 1
126.603588 194.396073 62.703414 1
130.676052 174.788488 67.755612 1
131.192604 167.166745 69.982476 1
132.229212 151.871593 74.451300 1
132.229212 151.871593 74.451300 1
102.094179 153.808596 60.801270 1
100.556561 135.220014 62.438654 1
98.652455 112.200860 64.466306 1
98.000731 88.967583 63.502294 1
97.458280 69.629722 62.699915 1
94.383964 63.197259 77.230879 1
93.868861 62.523296 85.075683 1
116.510261 153.677492 60.807355 1
117.633251 135.034265 62.131517 1
119.023893 111.947665 63.771267 1
119.708352 88.561946 61.813546 1
120.266560 69.489798 60.216933 1
122.677534 62.642970 74.683620 1
122.860164 61.747059 82.521047 1
109.263900 155.063800 61.061700 1
109.330800 163.204174 61.355129 1
109.309520 173.550617 61.092404 1
109.079165 183.458309 61.454717 1
107.956081 208.534579 65.888162 1
108.737150 214.912014 70.118060 1
108.742144 231.830620 80.026263 1
104.432419 193.960110 62.223108 1
92.786455 201.688262 60.825203 1
91.891281 194.971835 62.915756 1
89.283952 175.409303 69.004781 1
88.717628 167.946471 71.707028 1
87.581138 152.970220 77.129841 1
87.581138 152.970220 77.129841 1
112.775722 194.329105 62.249546 1
125.054932 201.107183 61.484290 1
126.403357 194.340989 63.122083 1
130.330844 174.633476 67.892390 1
130.727601 166.965631 69.981279 1
131.523808 151.577963 74.173216 1
131.523808 151.577963 74.173216 1
102.048417 153.778707 59.956149 1
100.506798 135.210730 61.809344 1
98.597736 112.217093 64.104245 1
97.953007 88.977057 63.314121 1
97.416377 69.633571 62.656475 1
94.362245 63.300338 77.235204 1
93.851341 62.682598 85.084910 1
116.464507 153.658408 60.006694 1
117.580436 135.031115 61.543929 1
118.962335 111.964247 63.447536 1
119.662851 88.564593 61.670319 1
120.234153 69.481081 60.220915 1
122.540610 62.731620 74.750262 1
122.667184 61.888556 82.594654 1
109.369900 155.022400 59.964800 1
109.442019 163.154633 60.431540 1
109.414675 173.504365 60.457293 1
109.152002 183.388036 61.225884 1
107.886865 208.180141 67.012682 1
108.676828 214.287013 71.623091 1
108.751862 230.385481 82.814401 1
104.443614 193.804145 62.569855 1
92.890392 201.739361 61.641216 1
92.085534 194.988505 63.656232 1
89.741264 175.325694 69.525243 1
89.348114 167.830498 72.168004 1
88.559146 152.789298 77.471441 1
88.559146 152.789298 77.471441 1
112.784577 194.222317 62.601843 1
125.075213 201.015806 62.292418 1
126.375836 194.211098 63.804475 1
130.164095 174.391404 68.208555 1
130.422774 166.668201 70.106429 1
130.941888 151.169440 73.915041 1
130.941888 151.169440 73.915041 1
102.155105 153.766343 58.822015 1
100.624693 135.232281 60.996204 1
98.729508 112.280644 63.688608 1
98.072079 89.033970 63.141616 1
97.524879 69.684960 62.686337 1
94.599231 63.461918 77.338682 1
94.145351 62.908237 85.196668 1
116.571022 153.634583 58.890227 1
117.688652 135.056521 60.937406 1
119.072657 112.050616 63.472495 1
119.905652 88.648196 61.791469 1
120.584998 69.562427 60.420513 1
122.753521 62.969616 75.042730 1
122.801013 62.208983 82.896420 1
109.198800 154.897000 58.594800 1
109.269269 163.010639 59.316018 1
109.221712 173.351924 59.733065 1
108.905898 183.182229 61.002736 1
107.428838 207.542696 68.359499 1
108.377204 213.356719 73.306370 1
108.524163 228.557149 85.689304 1
104.106678 193.448390 63.013685 1
92.778970 201.750434 62.756647 1
92.135584 194.930833 64.590013 1
90.261622 175.067790 69.929943 1
90.103615 167.543591 72.514160 1
89.786526 152.444188 77.700113 1
89.786526 152.444188 77.700113 1
112.443597 193.939311 63.061947 1
124.780606 200.653769 63.207705 1
126.028426 193.803610 64.549447 1
129.662889 173.851539 68.457462 1
129.761318 166.085131 70.186604 1
129.958845 150.499668 73.656608 1
129.958845 150.499668 73.656608 1
101.984807 153.676209 57.409524 1
100.449873 135.206557 60.073469 1
98.549089 112.334680 63.372363 1
97.885964 89.084672 63.002739 1
97.334021 69.732885 62.695090 1
94.578146 63.623323 77.427886 1
94.198174 63.137090 85.294252 1
116.400710 153.544650 57.481003 1
117.500731 135.043875 60.144780 1
118.862931 112.133678 63.443426 1
119.851541 88.729612 61.873275 1
120.657797 69.642502 60.592743 1
122.597377 63.183442 75.306528 1
122.534663 62.499421 83.167154 1
109.130000 154.723400 57.092900 1
109.196021 162.805312 58.110054 1
109.135336 173.118399 58.978915 1
108.796317 182.857384 60.818461 1
107.266521 206.614674 69.928179 1
108.276186 212.081180 75.245290 1
108.559753 226.367311 88.670557 1
103.963446 192.922040 63.614272 1
92.714891 201.320380 64.109099 1
92.229013 194.429600 65.710100 1
90.813815 174.359238 70.373239 1
90.922216 166.794416 72.838686 1
91.139750 151.613492 77.786293 1
91.139750 151.613492 77.786293 1
112.297618 193.459746 63.611543 1
124.645935 200.114878 64.343138 1
125.809697 193.219050 65.515832 1
129.199325 173.133959 68.931471 1
129.103722 165.338413 70.524278 1
128.911867 149.694476 73.720688 1
128.911867 149.694476 73.720688 1
101.914771 153.541181 55.876460 1
100.435247 135.128432 58.936261 1
98.603080 112.327022 62.725364 1
97.908671 89.075041 62.676350 1
97.330691 69.721612 62.635555 1
94.804384 63.766104 77.472218 1
94.536705 63.365764 85.348042 1
116.330867 153.418214 55.917783 1
117.491975 134.979910 58.961665 1
118.929819 112.147074 62.731010 1
119.933184 88.721215 61.541303 1
120.751475 69.616331 60.571040 1
122.619705 63.269664 75.342852 1
122.530405 62.650117 83.208565 1
109.051600 154.534900 55.360900 1
109.100048 162.559499 56.760801 1
109.009641 172.809767 58.189853 1
108.643579 182.399251 60.690752 1
107.076705 205.323690 71.724839 1
108.164005 210.441055 77.364355 1
108.613560 223.909647 91.605375 1
103.785236 192.173141 64.342885 1
92.646760 200.623631 65.695862 1
92.300519 193.662113 66.999524 1
91.292032 173.385721 70.796621 1
91.697533 165.793285 73.143361 1
92.511282 150.556945 77.852751 1
92.511282 150.556945 77.852751 1
112.116121 192.758631 64.309480 1
124.477082 199.319399 65.521886 1
125.556466 192.378171 66.489503 1
128.700333 172.160846 69.307823 1
128.406590 164.349909 70.797685 1
127.817113 148.675086 73.787510 1
127.817113 148.675086 73.787510 1
101.832422 153.388339 54.133802 1
100.422084 135.131470 58.042558 1
98.675592 112.523094 62.882962 1
97.777614 89.278805 62.693356 1
97.030196 69.931780 62.535542 1
94.732435 64.256199 77.518364 1
94.627566 63.987118 85.403611 1
116.248795 153.310514 54.080995 1
117.427041 134.962160 57.621343 1
118.886109 112.240711 62.005479 1
119.957079 88.799100 61.272737 1
120.830504 69.681369 60.675151 1
122.567918 63.522869 75.542267 1
122.418464 63.006880 83.414540 1
108.926100 154.210400 53.526700 1
108.972492 162.143494 55.376059 1
108.876061 172.284672 57.441385 1
108.508724 181.661235 60.649472 1
106.971922 203.545650 73.628173 1
108.112868 208.317928 79.552478 1
108.668932 220.982213 94.509698 1
103.655413 191.069950 65.165216 1
92.598545 199.434893 67.419185 1
92.368923 192.415805 68.399909 1
91.700108 171.971730 71.256402 1
92.443354 164.366559 73.475787 1
93.934880 149.104663 77.929603 1
93.934880 149.104663 77.929603 1
111.984434 191.680732 65.121564 1
124.346295 198.125714 66.840163 1
125.332496 191.141149 67.564914 1
128.204958 170.797601 69.675855 1
127.670535 162.979300 71.056169 1
126.598067 147.289698 73.826155 1
126.598067 147.289698 73.826155 1
101.701808 153.123979 52.275226 1
100.387962 134.981378 56.713757 1
98.760963 112.514507 62.210208 1
97.852491 89.270451 62.376977 1
97.096339 69.923620 62.515787 1
95.132684 64.341995 77.581191 1
95.186401 64.128995 85.468666 1
116.117772 153.070787 52.141767 1
117.359471 134.846775 56.256134 1
118.897115 112.279304 61.351099 1
120.036461 88.831845 61.017049 1
120.965649 69.709346 60.744616 1
122.591048 63.709211 75.688957 1
122.398304 63.283025 83.565662 1
108.727500 153.802200 51.657100 1
108.765356 161.613237 53.968492 1
108.655503 171.600102 56.683048 1
108.277309 180.705154 60.594785 1
106.729554 201.367084 75.441507 1
107.946313 205.824059 81.592008 1
108.604825 217.668628 97.202399 1
103.416369 189.671384 65.928498 1
92.459433 197.852298 69.141776 1
92.363312 190.787641 69.744702 1
92.083334 170.210839 71.500810 1
93.238020 162.634482 73.641422 1
95.555215 147.430408 77.937160 1
95.555215 147.430408 77.937160 1
111.743910 190.303433 65.917023 1
124.083648 196.619441 68.185475 1
124.976565 189.598772 68.626951 1
127.577320 169.150063 69.912812 1
126.775589 161.338156 71.196575 1
125.166695 145.661386 73.772802 1
125.166695 145.661386 73.772802 1
101.501926 152.778058 50.361292 1
100.263126 134.794124 55.423323 1
98.729059 112.523735 61.691883 1
97.855663 89.282653 62.169917 1
97.128705 69.938296 62.567801 1
95.390908 64.464063 77.700207 1
95.554712 64.310304 85.587542 1
115.917582 152.758717 50.190553 1
117.299042 134.685305 54.883929 1
119.009758 112.304327 60.695903 1
120.114496 88.852841 60.714603 1
121.015462 69.727056 60.729854 1
122.592637 63.878153 75.739175 1
122.391289 63.537898 83.619844 1
108.471000 153.315000 49.884600 1
108.522056 160.991782 52.608692 1
108.418192 170.799149 55.913707 1
108.034212 179.597472 60.473175 1
106.452921 198.921874 77.020172 1
107.749048 203.099809 83.347786 1
108.532211 214.120595 99.544720 1
103.156027 188.062189 66.557778 1
92.261959 195.930459 70.646367 1
92.324542 188.844401 70.903277 1
92.506815 168.205266 71.651564 1
94.053296 160.667947 73.679849 1
97.156740 145.542217 77.750171 1
97.156740 145.542217 77.750171 1
111.481323 188.722815 66.581862 1
123.788492 194.866627 69.426879 1
124.579109 187.821743 69.589762 1
126.881900 167.302505 70.064182 1
125.787906 159.508578 71.236615 1
123.592503 143.867892 73.589430 1
123.592503 143.867892 73.589430 1
101.238685 152.360592 48.573257 1
100.067406 134.561146 54.264348 1
98.616954 112.519219 61.311905 1
97.801121 89.282507 62.039152 1
97.122076 69.941788 62.644467 1
95.640274 64.522603 77.823847 1
95.918452 64.404874 85.708596 1
115.653268 152.351909 48.327558 1
117.173102 134.475493 53.685568 1
119.055171 112.338461 60.320582 1
120.200106 88.890377 60.584172 1
121.133853 69.767367 60.799141 1
122.690401 64.043107 75.858586 1
122.494733 63.774364 83.742161 1
108.226500 152.687100 48.130900 1
108.288983 160.193715 51.293666 1
108.189797 169.778740 55.196974 1
107.808631 178.239501 60.356134 1
106.245890 196.231058 78.344957 1
107.431309 200.082940 84.897177 1
108.512779 210.343647 101.569311 1
102.931223 186.188501 67.101116 1
92.104429 193.739170 71.904749 1
92.295850 186.650888 71.862902 1
92.853384 166.005274 71.741016 1
94.779038 158.522134 73.641326 1
98.643397 143.505126 77.454831 1
98.643397 143.505126 77.454831 1
111.253411 186.887176 67.125308 1
123.497258 192.875007 70.522520 1
124.184097 185.817845 70.440571 1
126.184619 165.262845 70.201884 1
124.820410 157.499857 71.293515 1
122.082746 141.921256 73.484177 1
122.082746 141.921256 73.484177 1
100.984095 151.793284 46.832607 1
99.843739 134.227532 53.214192 1
98.431580 112.474999 61.116822 1
97.701544 89.241019 62.004771 1
97.093910 69.902574 62.743844 1
95.876285 64.507041 77.955106 1
96.265982 64.411363 85.835430 1
115.395785 151.832284 46.455328 1
117.054132 134.194922 52.518148 1
119.107727 112.353920 60.025956 1
120.260186 88.910124 60.529204 1
121.200069 69.790611 60.939625 1
122.786533 64.163321 76.032459 1
122.617963 63.949508 83.918341 1
107.937200 151.947200 46.501100 1
108.035665 159.277705 50.052194 1
107.975737 168.631089 54.482654 1
107.628918 176.756103 60.158087 1
106.145265 193.475477 79.341345 1
107.281700 196.987843 86.090093 1
108.463281 206.571421 103.153815 1
102.782589 184.229305 67.447454 1
91.999260 191.398311 72.890994 1
92.304404 184.321896 72.554274 1
93.193168 163.710848 71.573531 1
95.447906 156.295815 73.376349 1
99.972663 141.415482 76.994206 1
99.972663 141.415482 76.994206 1
111.105620 184.916861 67.491918 1
123.279655 190.741260 71.387586 1
123.870676 183.680771 71.100915 1
125.592118 163.116079 70.265946 1
123.979978 155.393385 71.304073 1
120.744771 139.895645 73.387366 1
120.744771 139.895645 73.387366 1
100.684742 151.135230 45.205163 1
99.598357 133.822394 52.252587 1
98.253033 112.383061 60.979758 1
97.654043 89.151330 62.012794 1
97.155484 69.814758 62.872627 1
96.159109 64.434574 78.105412 1
96.641333 64.355048 85.980795 1
115.093753 151.168856 44.736214 1
117.032089 133.812698 51.488327 1
119.432404 112.319919 59.849712 1
120.445406 88.875172 60.564310 1
121.271556 69.754883 61.147097 1
123.035484 64.227010 76.256964 1
122.974436 64.070504 84.145756 1
107.574700 151.138600 44.917700 1
107.702650 158.281245 48.832099 1
107.676720 167.391226 53.743913 1
107.358197 175.187173 59.865061 1
105.934529 190.735182 80.013725 1
107.042370 193.933021 86.921713 1
108.292183 202.879722 104.323042 1
102.536523 182.219907 67.595689 1
91.789918 189.071249 73.501327 1
92.168509 182.017311 72.884263 1
93.271201 161.471730 71.086979 1
95.858626 154.147131 72.810983 1
101.051013 139.448280 76.270680 1
101.051013 139.448280 76.270680 1
110.860742 182.890703 67.666234 1
122.975003 188.559864 71.957185 1
123.526550 181.509251 71.440801 1
125.133018 160.973327 69.936761 1
123.287434 153.308007 71.010732 1
119.583757 137.925407 73.165953 1
119.583757 137.925407 73.165953 1
100.316548 150.411226 43.603526 1
99.231314 133.402364 51.356048 1
97.887417 112.339457 60.956376 1
97.439186 89.107773 62.064170 1
97.066108 69.771239 62.986226 1
96.214629 64.368023 78.219647 1
96.742693 64.287141 86.092075 1
114.724254 150.431631 43.095347 1
116.951686 133.419759 50.593292 1
119.709999 112.353323 59.878269 1
120.551869 88.903969 60.660607 1
121.238453 69.779924 61.298641 1
123.161413 64.296692 76.405370 1
123.196062 64.168015 84.294825 1
107.303500 150.143600 43.488500 1
107.447890 157.107272 47.712561 1
107.444719 165.985501 53.031902 1
107.147923 173.478830 59.521018 1
105.775172 187.984831 80.435787 1
106.826526 190.911385 87.471675 1
108.093294 199.285417 105.154509 1
102.349049 180.123315 67.601372 1
91.635661 186.686822 73.882349 1
92.054277 179.662692 73.005702 1
93.273547 159.203933 70.452352 1
96.157473 151.981337 72.135737 1
101.944873 137.487183 75.513922 1
101.944873 137.487183 75.513922 1
110.675280 180.764456 67.703188 1
122.702639 186.234687 72.470386 1
123.220131 179.201193 71.732705 1
124.727406 158.715132 69.584103 1
122.704329 151.104337 70.724132 1
118.644464 135.831153 73.011919 1
118.644464 135.831153 73.011919 1
100.044099 149.493161 42.141306 1
98.916676 132.888787 50.720607 1
97.520533 112.326778 61.344776 1
97.284773 89.086729 62.336643 1
97.088541 69.743233 63.162209 1
96.233713 64.330387 78.392024 1
96.754273 64.246582 86.264921 1
114.452032 149.498974 41.639219 1
116.882608 132.889169 49.933258 1
119.892482 112.320626 60.204067 1
120.633739 88.865801 60.921486 1
121.238269 69.737292 61.506574 1
123.244592 64.201937 76.583424 1
123.327966 64.047833 84.472058 1
107.010100 149.034200 42.031900 1
107.186609 155.835198 46.512026 1
107.219558 164.500635 52.171309 1
106.942246 171.716551 58.968392 1
105.572381 185.269204 80.513348 1
106.552433 187.996146 87.639152 1
107.871157 195.846513 105.556865 1
102.148112 178.006797 67.330186 1
91.459967 184.334181 73.890272 1
91.852100 177.347954 72.740922 1
92.994234 156.999590 69.393284 1
96.160890 149.913371 71.146707 1
102.515668 135.692895 74.665440 1
102.515668 135.692895 74.665440 1
110.476255 178.613139 67.478289 1
122.407536 183.957809 72.615022 1
122.945412 176.954172 71.644581 1
124.512062 156.555072 68.818031 1
122.294798 149.024135 70.116280 1
117.845242 133.911211 72.721578 1
117.845242 133.911211 72.721578 1
99.748804 148.472659 40.655257 1
98.490214 132.341017 50.076870 1
96.931641 112.364414 61.744115 1
96.903549 89.116958 62.577310 1
96.880167 69.767295 63.270807 1
95.981225 64.474492 78.540222 1
96.477688 64.453137 86.415093 1
114.157088 148.420983 40.166042 1
116.707932 132.271621 49.291596 1
119.866738 112.273263 60.592101 1
120.574306 88.815414 61.241477 1
121.151360 69.684441 61.771073 1
123.249046 64.044252 76.796547 1
123.374092 63.833014 84.683309 1
106.770200 147.674800 40.678400 1
106.970230 154.347253 45.346871 1
107.032817 162.843431 51.256980 1
106.762185 169.839317 58.280586 1
105.329645 182.638256 80.277655 1
106.309697 185.197995 87.465216 1
107.568930 192.660787 105.552028 1
101.952495 175.872656 66.820855 1
91.338900 182.070673 73.621087 1
91.674164 175.124459 72.235502 1
92.650659 154.892638 68.199796 1
96.038609 147.946253 70.093533 1
102.837473 134.006394 73.893848 1
102.837473 134.006394 73.893848 1
110.283877 176.402499 67.055142 1
122.143295 181.607808 72.492597 1
122.746053 174.647208 71.280688 1
124.501677 154.373458 67.750830 1
122.107104 146.937807 69.265369 1
117.301728 132.016100 72.304714 1
117.301728 132.016100 72.304714 1
99.514172 147.210536 39.239160 1
98.154941 131.646286 49.558429 1
96.471738 112.372313 62.337287 1
96.630361 89.116349 62.860937 1
96.762389 69.759605 63.296790 1
95.760646 64.409585 78.539843 1
96.204450 64.358542 86.417720 1
113.924577 147.055667 38.843064 1
116.536661 131.491217 48.918248 1
119.771303 112.217177 61.394716 1
120.410984 88.751526 61.778222 1
120.932673 69.614191 62.090989 1
123.096820 63.763080 77.026110 1
123.257392 63.441021 84.908480 1
106.533600 145.902600 39.425600 1
106.763366 152.496323 44.203286 1
106.858354 160.886660 50.262295 1
106.581219 167.742420 57.422493 1
104.999203 180.052177 79.686886 1
105.917519 182.441118 86.941087 1
107.232859 189.706141 105.104266 1
101.726122 173.634649 66.035284 1
91.219107 179.836795 72.995384 1
91.455633 172.932417 71.396709 1
92.144539 152.822450 66.740349 1
95.713637 146.033016 68.857385 1
102.876025 132.408125 73.105811 1
102.876025 132.408125 73.105811 1
110.059068 174.062685 66.390732 1
121.853744 179.159023 72.066992 1
122.553842 172.261527 70.578233 1
124.592985 152.171575 66.242011 1
121.968183 144.891145 68.092001 1
116.700789 130.280931 71.804523 1
116.700789 130.280931 71.804523 1
99.286802 145.543043 37.911820 1
97.822047 130.703949 49.235974 1
96.008169 112.327971 63.259230 1
96.487286 89.070732 63.361735 1
96.886071 69.712927 63.447054 1
95.703401 64.189234 78.615013 1
96.055042 64.047628 86.496435 1
113.697709 145.232855 37.646868 1
116.390491 130.444332 48.810780 1
119.725065 112.131150 62.635460 1
120.261967 88.659872 62.573415 1
120.699835 69.517946 62.522815 1
122.999937 63.393448 77.327440 1
123.232995 62.926715 85.200756 1
106.325000 143.668400 38.327600 1
106.583473 150.249074 43.121782 1
106.704463 158.617185 49.210989 1
106.413164 165.432631 56.409012 1
104.663509 177.568086 78.756394 1
105.684186 179.947156 86.000153 1
106.744821 187.054939 104.242033 1
101.502455 171.290855 65.013467 1
91.101558 177.616565 72.021584 1
91.208080 170.756359 70.230391 1
91.518331 150.775050 65.013295 1
95.236261 144.168947 67.432616 1
102.697323 130.911960 72.287660 1
102.697323 130.911960 72.287660 1
109.833689 171.650110 65.470659 1
121.539416 176.711335 71.358523 1
122.426529 169.898002 69.605376 1
125.010382 150.053190 64.499085 1
122.126492 142.951665 66.636428 1
116.339164 128.700476 70.925605 1
116.339164 128.700476 70.925605 1
99.083486 143.371261 36.775479 1
97.514936 129.433976 49.180010 1
95.572523 112.174751 64.541150 1
96.399545 88.931725 64.075284 1
97.087903 69.585750 63.687528 1
95.710530 63.798754 78.740448 1
95.962476 63.519153 86.622001 1
113.492581 142.944489 36.584432 1
116.246798 129.083043 48.866901 1
119.657449 111.917896 64.076732 1
120.094240 88.450357 63.550593 1
120.450462 69.311480 63.121501 1
122.902765 62.824913 77.746396 1
123.231712 62.169776 85.602849 1
106.122400 141.044800 37.335300 1
106.394774 147.655564 42.087128 1
106.531247 156.059680 48.126216 1
106.248376 162.911774 55.289698 1
104.494610 175.141576 77.585265 1
105.440483 177.611831 84.808627 1
106.400458 184.707975 103.060611 1
101.338788 168.815895 63.863367 1
90.974782 175.303231 70.777760 1
90.900139 168.499288 68.782031 1
90.682722 148.681853 62.969198 1
94.604914 142.336926 65.739582 1
102.475886 129.604062 71.299132 1
102.475886 129.604062 71.299132 1
109.670160 169.158155 64.330971 1
121.237792 174.354987 70.371648 1
122.290858 167.631760 68.378843 1
125.358068 148.049394 62.574515 1
122.212895 141.179433 65.070158 1
115.901231 127.392940 70.078362 1
115.901231 127.392940 70.078362 1
98.879350 140.749442 35.790021 1
97.234646 127.874071 49.284482 1
95.197928 111.929868 65.995334 1
96.355990 88.719995 64.946550 1
97.319885 69.401616 64.073611 1
95.768554 63.304448 78.986519 1
95.930605 62.861180 86.862925 1
113.287604 140.298182 35.591938 1
116.087346 127.507320 48.976246 1
119.554372 111.667914 65.550526 1
119.872467 88.211541 64.606919 1
120.131888 69.081772 63.837363 1
122.758370 62.263583 78.280036 1
123.195385 61.434302 86.114739 1
105.867600 138.374100 36.342400 1
106.147005 145.028838 41.032032 1
106.293205 153.490001 46.990699 1
106.023548 160.413419 54.085787 1
104.306919 172.877612 76.254078 1
105.203407 175.514261 83.424725 1
106.108109 182.810333 101.600549 1
101.129415 166.411782 62.602688 1
90.815277 173.074793 69.423964 1
90.547114 166.330908 67.249050 1
89.766044 146.688401 60.914314 1
93.843358 140.633291 64.080997 1
102.025623 128.482027 70.435831 1
102.025623 128.482027 70.435831 1
109.461640 166.750705 63.057343 1
120.900038 172.162743 69.154873 1
122.119511 165.537817 66.940095 1
125.671408 146.241767 60.489239 1
122.266724 139.632817 63.325894 1
115.434277 126.370114 69.018433 1
115.434277 126.370114 69.018433 1
98.620137 138.056212 34.822489 1
96.977320 126.307483 49.308662 1
94.942939 111.758455 67.247600 1
96.342098 88.588994 65.712130 1
97.506666 69.304249 64.434107 1
95.840246 62.914503 79.211491 1
95.942265 62.315741 87.078612 1
113.028224 137.619551 34.583702 1
115.976378 125.987047 48.956513 1
119.627189 111.582080 66.754892 1
119.840729 88.150493 65.302944 1
120.014880 69.040938 64.118813 1
122.910368 62.072899 78.438013 1
123.496647 61.163069 86.254006 1
105.653000 135.692200 35.263500 1
105.927062 142.392033 39.888799 1
106.068238 150.915141 45.758642 1
105.804249 157.923750 52.769805 1
104.130577 170.692005 74.767681 1
105.022104 173.565490 81.847374 1
105.877193 181.135304 99.913322 1
100.925727 164.035784 61.214541 1
90.660437 170.872547 67.936851 1
90.189479 164.182507 65.633873 1
88.817743 144.696829 58.926135 1
93.006256 138.964944 62.520375 1
101.411674 127.462318 69.733223 1
101.411674 127.462318 69.733223 1
109.258745 164.386925 61.644731 1
120.562323 170.063598 67.753044 1
121.952793 163.548805 65.322804 1
126.002741 144.573533 58.244382 1
122.468667 138.197126 61.433185 1
115.376561 125.401087 67.832406 1
115.376561 125.401087 67.832406 1
98.403071 135.343280 33.762273 1
96.733670 124.724042 49.092817 1
94.666368 111.573718 68.077381 1
96.260992 88.440776 66.216356 1
97.588253 69.186428 64.667361 1
95.784022 62.560297 79.323964 1
95.812934 61.835071 87.181046 1
112.811584 134.937231 33.496696 1
115.923022 124.476226 48.710860 1
119.776032 111.521970 67.551118 1
119.896885 88.122821 65.638460 1
119.995445 69.039721 64.078598 1
123.159382 62.083200 78.346507 1
123.892294 61.179646 86.150845 1
105.431900 133.000300 34.150300 1
105.694240 139.761444 38.686198 1
105.818325 148.368103 44.433231 1
105.533383 155.490343 51.328098 1
103.796492 168.659097 73.083631 1
104.774961 171.711649 80.076364 1
105.610581 179.670945 97.975053 1
100.628658 161.748952 59.649395 1
90.559260 168.871563 66.371195 1
89.895178 162.222526 63.998131 1
87.960940 142.856272 57.086255 1
92.265712 137.395198 60.954371 1
100.904436 126.436030 68.716826 1
100.904436 126.436030 68.716826 1
108.960250 162.121664 60.088958 1
120.206152 168.015970 66.096772 1
121.689764 161.559670 63.567526 1
126.011003 142.754768 56.200735 1
122.474472 136.596183 59.789814 1
115.377436 124.237265 66.992302 1
115.377436 124.237265 66.992302 1
98.184298 132.625358 32.644118 1
96.447945 123.166176 48.709287 1
94.297733 111.452406 68.603573 1
96.116384 88.352678 66.545826 1
97.630109 69.125975 64.833094 1
95.656356 62.340678 79.394719 1
95.594172 61.529888 87.243239 1
112.593484 132.227795 32.403344 1
115.917591 122.964093 48.331890 1
120.033958 111.492501 68.056795 1
119.923489 88.117387 65.869363 1
119.833395 69.053888 64.085409 1
123.305622 62.096675 78.281102 1
124.208496 61.193118 86.067607 1
105.303200 130.354500 33.001400 1
105.514055 137.198128 37.414626 1
105.581099 145.913605 42.996231 1
105.263946 153.177062 49.740732 1
103.509662 166.830825 71.193782 1
104.562204 170.091979 78.080785 1
105.424414 178.424259 95.807642 1
100.348549 159.606936 57.924013 1
90.450206 167.014213 64.591999 1
89.607600 160.382814 62.226263 1
87.153384 141.067937 55.335732 1
91.624713 135.919665 59.436858 1
100.597679 125.588224 67.666913 1
100.597679 125.588224 67.666913 1
108.679384 160.016893 58.344336 1
119.844609 166.209925 64.200196 1
121.423514 159.782483 61.655192 1
126.022309 141.061632 54.242506 1
122.497012 135.118806 58.188620 1
115.422523 123.192869 66.107599 1
115.422523 123.192869 66.107599 1
98.059750 129.901463 31.496712 1
96.203815 121.628169 48.190687 1
93.905520 111.382943 68.863655 1
95.966201 88.304476 66.795518 1
97.681377 69.095469 65.074137 1
95.492706 62.227773 79.566251 1
95.314184 61.372578 87.408272 1
112.471579 129.600956 31.274144 1
115.909557 121.503249 47.802662 1
120.166933 111.475552 68.270535 1
119.943577 88.113279 65.958106 1
119.761419 69.060253 64.072212 1
123.435673 62.102984 78.216934 1
124.449533 61.199421 85.989767 1
105.201100 127.814000 31.795100 1
105.352380 134.742778 36.075918 1
105.348033 143.575282 41.470845 1
104.984072 151.007170 48.026854 1
103.187242 165.289736 69.062913 1
104.315043 168.763254 75.833181 1
105.216017 177.592897 93.315669 1
100.042249 157.640694 56.029681 1
90.227083 165.264322 62.575656 1
89.199119 158.644784 60.250331 1
86.205021 139.364451 53.477503 1
90.874614 134.532061 57.738913 1
100.245455 124.834525 66.290623 1
100.245455 124.834525 66.290623 1
108.370691 158.133040 56.406787 1
119.462001 164.648320 62.049567 1
121.140881 158.225358 59.557796 1
126.030869 139.517558 52.300159 1
122.444870 133.818513 56.540231 1
115.248565 122.381790 65.049118 1
115.248565 122.381790 65.049118 1
97.960540 127.263986 30.308939 1
95.942324 120.171820 47.519653 1
93.443068 111.389244 68.832525 1
95.712716 88.318982 66.895793 1
97.601822 69.116804 65.283786 1
95.183243 62.307989 79.767135 1
94.880360 61.484635 87.608746 1
112.374301 127.094952 30.073165 1
115.840611 120.120335 47.100315 1
120.133072 111.483401 68.185664 1
119.837255 88.110081 65.996269 1
119.596001 69.048046 64.210714 1
123.410638 62.090884 78.318277 1
124.501672 61.187374 86.080659 1
105.256800 125.553000 30.494700 1
105.318746 132.619529 34.546440 1
105.210388 141.624020 39.647985 1
104.776736 149.265056 45.954585 1
102.900743 164.226156 66.506524 1
104.109042 167.950383 73.127999 1
105.005520 177.367469 90.301425 1
99.794073 156.117637 53.744687 1
90.030043 163.952204 60.115735 1
88.841541 157.333411 57.866028 1
85.379855 138.055250 51.313448 1
90.246960 133.561611 55.721988 1
100.014160 124.543874 64.568954 1
100.014160 124.543874 64.568954 1
108.118576 156.697323 54.082561 1
119.123329 163.525673 59.520947 1
120.895319 157.072665 57.175583 1
126.056503 138.277349 50.344378 1
122.350322 132.832162 54.808778 1
114.912838 121.904874 63.767842 1
114.912838 121.904874 63.767842 1
98.024593 124.863955 29.025925 1
95.867756 118.864880 46.631033 1
93.196840 111.435931 68.432303 1
95.643502 88.363174 66.758687 1
97.679944 69.158921 65.365680 1
95.015427 62.440839 79.848243 1
94.580480 61.666227 87.688607 1
112.439481 124.867917 28.798628 1
115.889509 118.904284 46.208878 1
120.161810 111.519289 67.768634 1
119.846359 88.122363 65.850990 1
119.589093 69.041075 64.287061 1
123.491050 62.083887 78.370709 1
124.630093 61.180342 86.126188 1
105.228600 123.516900 29.241000 1
105.207367 130.744241 32.998839 1
104.999115 139.947860 37.728361 1
104.481552 147.831747 43.721954 1
102.432256 163.576786 63.662621 1
103.735023 167.538096 70.126722 1
104.638384 177.567987 86.949236 1
99.425023 154.949969 51.220815 1
89.679820 163.040066 57.294392 1
88.409850 156.368486 55.254946 1
84.710877 136.936576 49.314783 1
89.756662 132.740982 53.815199 1
99.882437 124.321353 62.846542 1
99.882437 124.321353 62.846542 1
107.744079 155.602052 51.560881 1
118.707972 162.712775 56.712350 1
120.539516 156.193223 54.609285 1
125.874157 137.204089 48.483809 1
122.139522 131.953066 53.152425 1
114.644936 121.415425 62.521304 1
114.644936 121.415425 62.521304 1
98.009206 122.698527 27.775561 1
95.788263 117.713860 45.686485 1
93.037960 111.541103 67.866460 1
95.566144 88.453826 66.552988 1
97.670439 69.237488 65.459740 1
94.812138 62.653386 79.966862 1
94.273874 61.950716 87.807592 1
112.424208 122.831828 27.600634 1
115.891516 117.804461 45.300572 1
120.185214 111.578878 67.219058 1
119.861212 88.154504 65.674154 1
119.596972 69.050830 64.414211 1
123.594898 62.093673 78.470933 1
124.786794 61.190139 86.218466 1
105.192500 121.601600 27.947200 1
105.113787 128.999846 31.355428 1
104.828057 138.415993 35.641791 1
104.233220 146.568632 41.256711 1
101.998689 163.206457 60.438101 1
103.335114 167.504386 66.676335 1
104.111224 178.280388 83.037483 1
99.096194 153.981399 48.407399 1
89.396643 162.349951 54.168737 1
88.091810 155.604080 52.415804 1
84.291294 135.955787 47.310148 1
89.450960 132.116852 51.995993 1
99.805266 124.412960 61.399449 1
99.805266 124.412960 61.399449 1
107.408186 154.725933 48.729898 1
118.298314 162.147155 53.591744 1
120.138196 155.522974 51.854777 1
125.497124 136.229093 46.795614 1
121.824240 131.148050 51.695577 1
114.453576 120.951519 61.528719 1
114.453576 120.951519 61.528719 1
97.982788 120.666645 26.504007 1
95.759090 116.652316 44.656721 1
93.005377 111.681174 67.136117 1
95.416609 88.562261 66.219027 1
97.423561 69.319590 65.455703 1
94.448931 62.953319 80.036480 1
93.850709 62.367142 87.882437 1
112.397072 120.886390 26.359903 1
115.869690 116.739806 44.285617 1
120.169962 111.604930 66.483690 1
119.876914 88.153775 65.411106 1
119.637919 69.028260 64.536362 1
123.729791 62.071182 78.566064 1
124.973457 61.167680 86.305459 1
105.136200 119.860100 26.773900 1
105.005771 127.444034 29.744286 1
104.652798 137.090632 33.477504 1
103.985624 145.545178 38.617759 1
101.559288 163.210524 56.832713 1
102.872997 167.841615 62.832791 1
103.483338 179.590518 78.517258 1
98.769408 153.310278 45.323339 1
88.992729 161.962518 50.506223 1
87.743417 155.092851 49.269683 1
84.104613 135.083984 45.668095 1
89.336696 131.502609 50.475982 1
99.836328 124.315583 60.124349 1
99.836328 124.315583 60.124349 1
107.074918 154.127249 45.637361 1
117.910628 161.885582 50.076127 1
119.723287 155.136742 48.872208 1
125.002926 135.479775 45.365626 1
121.429837 130.514956 50.454863 1
114.259441 120.551663 60.667836 1
114.259441 120.551663 60.667836 1
97.939607 118.810539 25.344084 1
95.731253 115.700015 43.675164 1
92.996540 111.848101 66.375440 1
95.322853 88.708627 65.834809 1
97.259125 69.448843 65.384824 1
94.153204 63.234052 80.003529 1
93.486749 62.728461 87.849594 1
112.353495 119.085624 25.274655 1
115.859321 115.782832 43.368444 1
120.200716 111.692855 65.774652 1
119.946329 88.226109 65.111239 1
119.738864 69.087880 64.570194 1
123.962162 62.130769 78.560878 1
125.278495 61.227291 86.288249 1
105.002700 118.197600 25.719300 1
104.890244 125.955461 28.201075 1
104.552936 135.821634 31.309647 1
103.875984 144.589872 35.892924 1
101.365350 163.395899 52.915442 1
102.525382 168.386049 58.653606 1
102.995255 181.178605 73.504244 1
98.627555 152.767065 42.062041 1
88.596217 161.508962 46.562980 1
87.451114 154.539943 45.927649 1
84.115838 134.241699 44.077166 1
89.373856 130.916851 49.038552 1
99.925535 124.244618 58.994956 1
99.925535 124.244618 58.994956 1
106.931059 153.612622 42.352568 1
117.725329 161.685766 46.304155 1
119.531241 154.855218 45.700595 1
124.791226 134.960263 43.942642 1
121.275811 130.107463 49.177994 1
114.221154 120.368967 59.684188 1
114.221154 120.368967 59.684188 1
97.809869 117.090296 24.314325 1
95.729601 114.767727 42.776688 1
93.153503 111.891576 65.639538 1
95.466976 88.745101 65.472837 1
97.392559 69.479489 65.334087 1
94.290264 63.442284 80.027786 1
93.628316 63.030890 87.879735 1
112.225047 117.298342 24.317181 1
115.821276 114.779372 42.519004 1
120.274621 111.660029 65.058995 1
120.107339 88.184546 64.800681 1
119.970912 69.039191 64.590014 1
124.402788 62.082165 78.516074 1
125.834192 61.178651 86.222954 1
105.192600 117.351200 24.795000 1
105.121028 125.287191 26.631077 1
104.813297 135.366780 28.960361 1
104.125348 144.433336 32.919018 1
101.462576 164.242397 48.738210 1
102.492175 169.595118 54.166110 1
102.696695 183.342275 68.144149 1
98.820284 152.964276 38.535945 1
88.369266 161.592688 42.228332 1
87.402535 154.567997 42.264333 1
84.586788 134.107605 42.369200 1
89.806950 131.017472 47.518734 1
100.282659 124.816261 57.852712 1
100.282659 124.816261 57.852712 1
107.120315 153.839825 38.836673 1
118.057874 161.960666 42.261396 1
119.819600 155.092019 42.265662 1
124.950886 135.086100 42.278092 1
121.510563 130.327708 47.648250 1
114.606598 120.778667 58.424970 1
114.606598 120.778667 58.424970 1
97.987928 116.159940 23.525942 1
95.854475 114.306540 42.035236 1
93.212515 112.011383 64.956203 1
95.441612 88.856390 65.085362 1
97.296967 69.583688 65.192867 1
94.086440 63.728665 79.936955 1
93.369616 63.413443 87.788535 1
112.403498 116.311838 23.431336 1
115.966698 114.246185 41.696634 1
120.379143 111.688203 64.315229 1
120.202809 88.211370 64.330495 1
120.058999 69.064914 64.342945 1
124.641398 62.107804 78.220161 1
126.156353 61.204309 85.911056 1
105.137300 117.074800 23.963100 1
105.240746 125.104999 25.327452 1
105.095414 135.308382 27.056102 1
104.459822 144.599533 30.464506 1
101.624793 165.320302 45.036686 1
102.507948 171.031366 50.113848 1
102.494892 185.673976 63.152465 1
99.090818 153.440696 35.512092 1
88.290539 161.932674 38.435660 1
87.578022 154.908995 39.100785 1
85.502712 134.451549 41.038062 1
90.523602 131.476966 46.447242 1
100.599417 125.507637 57.302272 1
100.599417 125.507637 57.302272 1
107.386282 154.353286 35.828333 1
118.632243 162.265268 38.698152 1
120.274492 155.394430 39.311831 1
125.057786 135.382128 41.099261 1
121.752025 130.699448 46.618424 1
115.118094 121.302345 57.694164 1
115.118094 121.302345 57.694164 1
97.892473 115.949737 22.875162 1
95.735099 114.235531 41.395095 1
93.063518 112.112747 64.329237 1
95.311985 88.961741 64.667764 1
97.183462 69.692359 64.949533 1
94.049334 64.083114 79.805189 1
93.376605 63.897094 87.664791 1
112.305001 115.818459 22.555061 1
115.915839 113.973298 40.834603 1
120.387275 111.688358 63.470837 1
120.241306 88.219349 64.085098 1
120.122261 69.079273 64.586056 1
124.903844 62.122240 78.395945 1
126.529203 61.218755 86.064269 1
105.018900 116.715600 23.216700 1
105.296344 124.802983 24.151320 1
105.322678 135.087328 25.313187 1
104.763572 144.569696 28.162534 1
101.893517 166.178393 41.374766 1
102.608248 172.261291 46.028936 1
102.302151 187.922944 57.820062 1
99.379239 153.706646 32.634177 1
88.423802 162.239727 34.748868 1
87.990488 155.271404 35.988567 1
86.728392 134.975190 39.599369 1
91.382845 131.927489 45.288332 1
100.723302 125.811429 56.704823 1
100.723302 125.811429 56.704823 1
107.673035 154.653432 32.887341 1
118.949125 162.691174 35.243494 1
120.402941 155.858665 36.462197 1
124.637396 135.958001 40.011847 1
121.567998 131.219178 45.618903 1
115.408398 121.709408 56.871023 1
115.408398 121.709408 56.871023 1
97.743931 115.684401 22.242865 1
95.620004 114.130741 40.780820 1
92.989842 112.206767 63.737279 1
95.231096 89.059400 64.298922 1
97.096570 69.793046 64.766399 1
94.057564 64.429373 79.732104 1
93.438531 64.371596 87.598106 1
112.147664 115.238521 21.825349 1
115.873070 113.644115 40.105493 1
120.486380 111.669696 62.742472 1
120.384350 88.215207 63.776663 1
120.301138 69.086974 64.620093 1
125.329301 62.129727 78.342016 1
127.091942 61.226191 85.979947 1
104.933000 116.245300 22.637300 1
105.366681 124.360963 23.188833 1
105.553174 134.689270 23.828884 1
105.075495 144.324022 26.128897 1
102.216178 166.743015 37.916566 1
102.813522 173.163531 42.111080 1
102.192352 189.741258 52.561192 1
99.697592 153.737671 29.993076 1
88.576333 162.212520 31.335276 1
88.383950 155.365712 33.170036 1
87.823599 135.423427 38.514037 1
92.113589 132.303915 44.445423 1
100.722650 126.043748 56.348406 1
100.722650 126.043748 56.348406 1
107.992386 154.687061 30.199485 1
119.248102 162.879015 32.072374 1
120.480555 156.141214 33.906796 1
124.070259 136.516403 39.249815 1
121.191636 131.698002 44.890140 1
115.414878 122.028539 56.209025 1
115.414878 122.028539 56.209025 1
97.636010 115.308027 21.735989 1
95.575557 113.941966 40.295867 1
93.023996 112.250307 63.279475 1
95.234382 89.104623 64.008032 1
97.074162 69.839671 64.614436 1
94.140364 64.631685 79.655932 1
93.578165 64.654966 87.526377 1
112.026973 114.568996 21.294745 1
115.847409 113.256542 39.577692 1
120.578397 111.631273 62.218143 1
120.515940 88.194675 63.601966 1
120.465002 69.081032 64.730537 1
125.704880 62.123948 78.373101 1
127.585345 61.220453 85.982885 1
104.856700 115.747100 22.249400 1
105.436381 123.869345 22.471600 1
105.780741 134.211915 22.647732 1
105.394919 143.960204 24.427810 1
102.590631 167.081446 34.785427 1
103.060657 173.795855 38.509614 1
102.262014 191.110635 47.673254 1
100.047346 153.624300 27.664972 1
88.615082 161.763793 28.264100 1
88.583211 155.087304 30.652746 1
88.490376 135.641101 37.610015 1
92.548330 132.545361 43.714614 1
100.691743 126.332897 55.965194 1
100.691743 126.332897 55.965194 1
108.346053 154.539370 27.869112 1
119.657077 162.753680 29.244910 1
120.662472 156.165847 31.668058 1
123.590835 136.977840 38.725827 1
120.829611 132.116745 44.388168 1
115.288444 122.361602 55.751234 1
115.288444 122.361602 55.751234 1
97.544850 114.905547 21.374453 1
95.599808 113.740458 39.960471 1
93.191168 112.297672 62.976449 1
95.318198 89.148785 63.839034 1
97.088598 69.881167 64.556994 1
94.282393 64.784693 79.660902 1
93.788040 64.865791 87.535517 1
111.920536 113.890128 20.988139 1
115.855580 112.870204 39.265436 1
120.728493 111.607186 61.898891 1
120.648634 88.187355 63.541491 1
120.583505 69.087387 64.881108 1
126.025474 62.131272 78.444822 1
128.018704 61.228291 86.025911 1
104.840200 115.278000 21.984300 1
105.544470 123.393393 21.958557 1
106.029833 133.729937 21.761974 1
105.745154 143.554633 23.081439 1
103.097544 167.257959 32.074691 1
103.307487 174.216697 35.346643 1
102.393908 192.122415 43.281528 1
100.464811 153.429294 25.742180 1
88.518300 160.817381 25.678873 1
88.565712 154.335787 28.554429 1
88.703800 135.457238 36.929892 1
92.612103 132.417615 43.159063 1
100.455201 126.317766 55.659634 1
100.455201 126.317766 55.659634 1
108.769782 154.293737 25.908768 1
120.166459 162.456848 26.795528 1
120.921441 156.064825 29.771102 1
123.120444 137.447139 38.437891 1
120.550519 132.498975 44.114850 1
115.393250 122.569104 55.507253 1
115.393250 122.569104 55.507253 1
97.516173 114.522389 21.133078 1
95.673658 113.514834 39.738740 1
93.391981 112.267129 62.779044 1
95.419437 89.114829 63.778894 1
97.106958 69.844370 64.611105 1
94.423330 64.817361 79.760501 1
93.993543 64.934366 87.638452 1
111.874531 113.275230 20.782634 1
115.885666 112.503848 39.055570 1
120.852804 111.548609 61.683624 1
120.711070 88.141999 63.501183 1
120.595479 69.052813 64.983487 1
126.187333 62.140370 78.508507 1
128.262311 61.261086 86.070424 1
104.913500 115.030700 21.774000 1
105.738983 123.131035 21.530243 1
106.360312 133.448693 21.002771 1
106.168424 143.322651 21.905446 1
103.648070 167.480868 29.636193 1
103.660245 174.626928 32.483554 1
102.655257 193.028506 39.175615 1
100.944273 153.356163 24.028508 1
88.704357 160.227653 23.505018 1
88.895784 153.957881 26.811896 1
89.453333 135.696293 36.443647 1
93.141642 132.657945 42.806157 1
100.543260 126.560654 55.574309 1
100.543260 126.560654 55.574309 1
109.254134 154.175949 24.175871 1
120.670745 162.346939 24.626310 1
121.169407 156.187917 28.104784 1
122.621839 138.248880 38.236342 1
120.376360 133.085266 43.858764 1
115.870182 122.723036 55.141723 1
115.870182 122.723036 55.141723 1
97.580502 114.361435 20.927755 1
95.831582 113.446664 39.547238 1
93.665809 112.313858 62.604658 1
95.662190 89.164156 63.720460 1
97.323848 69.895859 64.649182 1
94.756094 64.875943 79.820997 1
94.386553 64.996627 87.701948 1
111.919216 112.891619 20.642110 1
116.042325 112.332599 38.897846 1
121.148125 111.640336 61.504601 1
121.020504 88.237424 63.370197 1
120.916422 69.151255 64.891678 1
126.690218 62.326178 78.384584 1
128.862164 61.494059 85.924576 1
104.924500 114.866700 21.642200 1
105.838700 122.951168 21.239869 1
106.566338 133.245398 20.453908 1
106.459588 143.146731 21.000633 1
104.102701 167.657851 27.587449 1
104.009706 174.975968 29.956058 1
102.922002 193.743102 35.525914 1
101.305939 153.306790 22.638801 1
88.919666 159.877064 21.791022 1
89.279195 153.824607 25.468065 1
90.326363 136.195983 36.177971 1
93.780322 133.027315 42.608090 1
100.711652 126.668500 55.511917 1
100.711652 126.668500 55.511917 1
109.621351 154.071231 22.769544 1
121.001496 162.305247 22.753264 1
121.297260 156.413510 26.687975 1
122.158723 139.252978 38.148389 1
120.190381 133.863826 43.661953 1
116.240357 123.048990 54.726457 1
116.240357 123.048990 54.726457 1
97.586077 114.260578 20.795401 1
95.900738 113.409545 39.423768 1
93.813700 112.355668 62.492189 1
95.679107 89.195929 63.626207 1
97.231750 69.919278 64.570091 1
94.736631 64.929418 79.763924 1
94.404951 65.065650 87.646306 1
111.908368 112.629592 20.566170 1
116.102966 112.204741 38.809231 1
121.297294 111.678623 61.400290 1
121.232187 88.278269 63.300858 1
121.179089 69.194184 64.850861 1
127.081002 62.423756 78.315838 1
129.321178 61.620983 85.839031 1
104.998600 114.781700 21.582300 1
105.968589 122.854058 21.079882 1
106.765052 133.127030 20.105176 1
106.726522 143.040851 20.352873 1
104.551924 167.823640 25.904501 1
104.387197 175.280378 27.786974 1
103.257311 194.322216 32.319470 1
101.645905 153.296194 21.571800 1
89.146295 159.612210 20.487978 1
89.668734 153.796354 24.511038 1
91.190401 136.856862 36.228769 1
94.349599 133.519249 42.724654 1
100.689408 126.821400 55.760460 1
100.689408 126.821400 55.760460 1
109.966605 154.008228 21.652494 1
121.351054 162.221898 21.165765 1
121.488949 156.618070 25.508587 1
121.890594 140.296116 38.157680 1
120.076248 134.787662 43.605780 1
116.435259 123.733414 54.538914 1
116.435259 123.733414 54.538914 1
97.655036 114.216526 20.751912 1
95.987211 113.391989 39.383047 1
93.921862 112.370923 62.454895 1
95.705202 89.204896 63.592493 1
97.189539 69.923010 64.539357 1
94.734176 64.952959 79.746154 1
94.423232 65.099422 87.629198 1
111.965302 112.482872 20.525255 1
116.264305 112.077089 38.744430 1
121.587920 111.574585 61.305910 1
121.184045 88.180427 63.240657 1
120.854665 69.101396 64.818533 1
126.814389 62.138697 78.159425 1
129.098882 61.232406 85.657491 1
105.040700 114.735200 21.542500 1
106.048955 122.796876 20.951683 1
106.896880 133.049064 19.815015 1
106.920011 142.966027 19.811501 1
104.941618 167.943443 24.496660 1
104.752470 175.505709 25.893137 1
103.616783 194.772523 29.344485 1
101.916462 153.293985 20.688017 1
89.317898 159.380079 19.445992 1
89.949812 153.779753 23.749384 1
91.790339 137.468024 36.283617 1
94.786728 133.979601 42.777404 1
100.799815 126.979109 55.809000 1
100.799815 126.979109 55.809000 1
110.242215 153.948787 20.712849 1
121.647111 162.106311 19.882112 1
121.711688 156.750944 24.529463 1
121.899784 141.152666 38.065541 1
120.109833 135.570378 43.446140 1
116.517797 124.367961 54.243813 1
116.517797 124.367961 54.243813 1
97.692831 114.197060 20.732483 1
96.013171 113.379040 39.362842 1
93.933165 112.366046 62.433729 1
95.715017 89.200515 63.583701 1
97.198113 69.919042 64.540863 1
94.754012 64.937351 79.745665 1
94.448970 65.077756 87.629050 1
111.994012 112.391160 20.496633 1
116.327509 112.021631 38.708406 1
121.693841 111.564022 61.260720 1
121.302732 88.177384 63.286856 1
120.983764 69.104487 64.939265 1
126.990494 62.146466 78.261503 1
129.300381 61.242440 85.752058 1
105.082200 114.711600 21.589900 1
106.108823 122.764713 20.919324 1
106.990960 132.998472 19.650313 1
107.071271 142.913290 19.458965 1
105.301224 168.015426 23.519233 1
105.085155 175.655136 24.392120 1
104.019580 195.099964 26.666968 1
102.152795 153.300383 20.081376 1
89.528906 159.298336 18.678180 1
90.196914 153.882752 23.206685 1
92.142571 138.109107 36.396591 1
95.092792 134.467303 42.827001 1
101.013230 127.159009 55.731413 1
101.013230 127.159009 55.731413 1
110.483616 153.887728 20.081950 1
121.903000 161.992210 18.976502 1
121.927858 156.820554 23.827827 1
122.000268 141.757361 37.958009 1
120.235629 136.113820 43.282783 1
116.694389 124.788484 53.968426 1
116.694389 124.788484 53.968426 1
97.731919 114.183232 20.795483 1
96.021093 113.364096 39.422957 1
93.902493 112.349719 62.490271 1
95.696576 89.184441 63.626226 1
97.189853 69.903179 64.571722 1
94.729403 64.903460 79.767967 1
94.415531 65.034640 87.651164 1
112.028403 112.340844 20.557096 1
116.435891 111.991926 38.751510 1
121.893848 111.559839 61.282329 1
121.418251 88.176514 63.328530 1
121.030378 69.106318 64.997302 1
127.102198 62.163401 78.297895 1
129.447590 61.267478 85.778385 1
105.107200 114.751400 21.586300 1
106.133045 122.799278 20.854478 1
107.032674 133.018898 19.487585 1
107.171305 142.929580 19.162234 1
105.657557 168.115498 22.783582 1
105.370652 175.794427 23.137873 1
104.486534 195.352284 24.196314 1
102.357214 153.374417 19.609908 1
89.725531 159.330103 18.100815 1
90.370498 154.056784 22.797437 1
92.249046 138.697505 36.477009 1
95.208335 134.895463 42.809765 1
101.146971 127.265605 55.518206 1
101.146971 127.265605 55.518206 1
110.693439 153.878773 19.586787 1
122.147265 161.901827 18.264881 1
122.156718 156.850237 23.241158 1
122.184258 142.136752 37.735284 1
120.461010 136.462678 43.041131 1
117.002833 125.076067 53.688793 1
117.002833 125.076067 53.688793 1
97.754585 114.218504 20.816897 1
95.992908 113.379779 39.438759 1
93.811336 112.341146 62.499123 1
95.625014 89.177181 63.630754 1
97.134602 69.897013 64.572651 1
94.633560 64.866705 79.752166 1
94.298801 64.981945 87.634753 1
112.050058 112.372085 20.550692 1
116.543549 112.009917 38.723799 1
122.108006 111.561423 61.228231 1
121.471548 88.187323 63.335206 1
120.952485 69.124650 65.053542 1
127.079107 62.209115 78.343266 1
129.454122 61.328166 85.816184 1
105.164300 114.837200 21.646700 1
106.176867 122.880905 20.853117 1
107.072227 133.088710 19.397985 1
107.236084 142.994987 18.967272 1
105.860587 168.232705 22.269042 1
105.702188 175.923491 22.246265 1
104.897934 195.512858 22.099337 1
102.478667 153.470505 19.285080 1
89.944611 159.619080 17.736062 1
90.564819 154.437916 22.537418 1
92.371249 139.347053 36.522042 1
95.328337 135.391227 42.760935 1
101.262556 127.452761 55.281015 1
101.262556 127.452761 55.281015 1
110.817471 153.929520 19.250410 1
122.391992 161.757010 17.812416 1
122.404119 156.769680 22.853090 1
122.439446 142.243363 37.534777 1
120.785096 136.578227 42.872012 1
117.465182 125.209552 53.582660 1
117.465182 125.209552 53.582660 1
97.810156 114.288740 20.903290 1
95.975866 113.412811 39.516425 1
93.704375 112.328105 62.565984 1
95.573304 89.168046 63.687589 1
97.128879 69.891127 64.621141 1
94.573065 64.839019 79.784284 1
94.209813 64.942945 87.665766 1
112.107297 112.459801 20.607629 1
116.620293 112.055183 38.775006 1
122.208905 111.554121 61.272342 1
121.531683 88.179265 63.358121 1
120.979377 69.115975 65.059172 1
127.113419 62.180911 78.335290 1
129.493540 61.289310 85.805318 1
105.241200 114.972900 21.721400 1
106.212415 123.015820 20.870258 1
107.075063 133.215752 19.341998 1
107.252882 143.118386 18.839098 1
106.030720 168.387847 21.953060 1
106.009831 176.074626 21.658486 1
105.352548 195.627653 20.370520 1
102.557175 153.623598 19.086810 1
90.134656 159.997230 17.549010 1
90.722132 154.856364 22.397567 1
92.433227 139.882874 36.519672 1
95.353200 135.790330 42.687455 1
101.212940 127.577499 55.064832 1
101.212940 127.577499 55.064832 1
110.898429 154.033644 19.033090 1
122.606605 161.645609 17.521939 1
122.620275 156.692620 22.596357 1
122.660096 142.266328 37.376329 1
121.071742 136.604423 42.736989 1
117.884268 125.242232 53.494648 1
117.884268 125.242232 53.494648 1
97.886325 114.385371 21.016050 1
95.942827 113.459832 39.615698 1
93.536098 112.313693 62.648553 1
95.467258 89.157203 63.737991 1
97.074628 69.883257 64.644768 1
94.421452 64.806940 79.783082 1
94.007220 64.898395 87.662205 1
112.190337 112.621004 20.665473 1
116.693643 112.145561 38.833539 1
122.270256 111.556793 61.331728 1
121.570692 88.179664 63.384394 1
121.000165 69.114520 65.058438 1
127.119725 62.175537 78.339191 1
129.491732 61.281743 85.811538 1
105.346100 115.136800 21.773200 1
106.261708 123.181869 20.881690 1
107.074686 133.378396 19.304270 1
107.255112 143.278617 18.756768 1
106.172309 168.567345 21.764070 1
106.319565 176.242030 21.262753 1
105.853134 195.712559 19.006056 1
102.614037 153.808761 18.973579 1
90.302977 160.404757 17.477718 1
90.856742 155.257808 22.323788 1
92.469649 140.266599 36.438647 1
95.321208 136.079818 42.575111 1
101.043654 127.677877 54.889639 1
101.043654 127.677877 54.889639 1
110.957064 154.175771 18.891325 1
122.797371 161.568275 17.321305 1
122.804439 156.634807 22.414716 1
122.825032 142.265370 37.250008 1
121.247581 136.683221 42.696840 1
118.081987 125.481083 53.627427 1
118.081987 125.481083 53.627427 1
97.990680 114.500615 21.117487 1
95.923601 113.517161 39.700832 1
93.363836 112.299303 62.713499 1
95.366195 89.147890 63.782080 1
97.032828 69.878168 64.671498 1
94.269567 64.789783 79.786048 1
93.797914 64.874986 87.662011 1
112.302885 112.823573 20.682776 1
116.763474 112.255848 38.858729 1
122.287188 111.552804 61.366685 1
121.572512 88.173251 63.386285 1
120.989659 69.106133 65.033363 1
127.058976 62.158091 78.332423 1
129.403474 61.259469 85.812869 1
105.471600 115.324600 21.833300 1
106.329304 123.371352 20.900351 1
107.087432 133.565383 19.280063 1
107.260856 143.464364 18.708406 1
106.278219 168.759354 21.697379 1
106.603982 176.418613 21.062231 1
106.412328 195.781519 17.987677 1
102.659060 154.011682 18.927574 1
90.460680 160.826540 17.490836 1
90.999631 155.664480 22.322482 1
92.569390 140.629259 36.395330 1
95.333028 136.356085 42.512438 1
100.879037 127.780771 54.788121 1
100.879037 127.780771 54.788121 1
111.003159 154.347931 18.825135 1
122.940583 161.570352 17.199860 1
122.948106 156.644809 22.300935 1
122.970024 142.298457 37.158552 1
121.386777 136.790606 42.678843 1
118.209551 125.737568 53.756848 1
118.209551 125.737568 53.756848 1
98.116273 114.638215 21.229195 1
95.909642 113.586484 39.792744 1
93.177062 112.284073 62.780896 1
95.242310 89.137231 63.828606 1
96.961287 69.871313 64.700653 1
94.076526 64.767852 79.787393 1
93.541254 64.845286 87.659369 1
112.435831 113.051342 20.706943 1
116.833622 112.379847 38.894658 1
122.279570 111.548301 61.417179 1
121.560975 88.166110 63.404573 1
120.974926 69.096838 65.025385 1
126.980044 62.139357 78.348631 1
129.289095 61.235660 85.839484 1
105.600600 115.547800 21.911300 1
106.400526 123.594299 20.926292 1
107.101027 133.784591 19.257279 1
107.257137 143.682977 18.670535 1
106.325893 168.974854 21.702004 1
106.819689 176.618674 20.993505 1
106.945107 195.867855 17.269924 1
102.675431 154.238530 18.912948 1
90.580778 161.245944 17.526408 1
91.101301 156.057442 22.331680 1
92.617386 140.945204 36.327709 1
95.330660 136.617438 42.428963 1
100.775598 127.932570 54.672831 1
100.775598 127.932570 54.672831 1
111.020005 154.559307 18.800064 1
123.037938 161.643261 17.158770 1
123.055169 156.708065 22.250483 1
123.105364 142.333595 37.080829 1
121.526954 136.835101 42.611823 1
118.359435 125.800840 53.711306 1
118.359435 125.800840 53.711306 1
98.246547 114.810247 21.353788 1
95.919343 113.675226 39.897696 1
93.037452 112.269674 62.861527 1
95.175358 89.128387 63.885953 1
96.954811 69.867093 64.738619 1
93.959692 64.738633 79.795346 1
93.366503 64.803118 87.663287 1
112.572894 113.313091 20.758006 1
116.910878 112.529331 38.955590 1
122.282764 111.558762 61.490332 1
121.561940 88.172702 63.430847 1
120.974073 69.100275 65.013427 1
126.919220 62.143088 78.363695 1
129.194477 61.239525 85.864898 1
105.745500 115.763900 21.984500 1
106.490557 123.808912 20.945783 1
107.133968 133.995152 19.229715 1
107.267458 143.893493 18.636647 1
106.357488 169.176068 21.751032 1
106.950755 176.814376 21.059597 1
107.402405 195.949752 16.811640 1
102.693596 154.451483 18.917934 1
90.667330 161.589346 17.603851 1
91.176709 156.366031 22.372462 1
92.660337 141.152396 36.261711 1
95.345978 136.791638 42.351689 1
100.735464 128.040564 54.572931 1
100.735464 128.040564 54.572931 1
111.038280 154.766647 18.797605 1
123.114923 161.754321 17.174618 1
123.145466 156.787893 22.235809 1
123.234434 142.322455 36.977256 1
121.641737 136.842635 42.522669 1
118.445549 125.845848 53.651086 1
118.445549 125.845848 53.651086 1
98.392788 114.978626 21.476692 1
95.958663 113.762108 40.001697 1
92.944366 112.255633 62.942119 1
95.111283 89.116276 63.949035 1
96.914883 69.856589 64.787126 1
93.817079 64.694477 79.811543 1
93.169783 64.741506 87.675341 1
112.724047 113.564275 20.801949 1
117.001029 112.670550 39.008901 1
122.297376 111.563809 61.555245 1
121.574407 88.175495 63.467591 1
120.984792 69.101230 65.027198 1
126.866542 62.143885 78.405436 1
129.106317 61.240279 85.917304 1
105.896400 115.979900 22.059500 1
106.588668 124.021633 20.960613 1
107.175904 134.202849 19.195294 1
107.283567 144.101684 18.605237 1
106.372284 169.367127 21.855321 1
107.060194 176.998830 21.178798 1
107.745001 196.036621 16.541419 1
102.709230 154.657816 18.942904 1
90.732978 161.887385 17.674165 1
91.224654 156.629906 22.406956 1
92.656720 141.316766 36.191875 1
95.320516 136.938097 42.278596 1
100.666162 128.151077 54.493298 1
100.666162 128.151077 54.493298 1
111.053909 154.973978 18.824872 1
123.152226 161.936386 17.255610 1
123.198321 156.918100 22.265268 1
123.332585 142.301619 36.856619 1
121.727821 136.804865 42.381757 1
118.507414 125.774097 53.469486 1
118.507414 125.774097 53.469486 1
98.545409 115.148958 21.601933 1
96.023293 113.852639 40.109747 1
92.900033 112.247345 63.028881 1
95.074187 89.108052 64.021569 1
96.883810 69.848418 64.847819 1
93.698640 64.662857 79.845870 1
93.005187 64.697747 87.705795 1
112.880255 113.812161 20.849716 1
117.106878 112.808067 39.062675 1
122.340863 111.564651 61.616458 1
121.595472 88.174097 63.492454 1
120.987570 69.098005 65.022417 1
126.817674 62.140925 78.423380 1
129.028228 61.237386 85.943907 1
106.047900 116.190900 22.118900 1
106.692984 124.229523 20.969697 1
107.227954 134.406934 19.166236 1
107.307137 144.306695 18.587311 1
106.369763 169.551523 21.986733 1
107.139378 177.179230 21.354627 1
107.946170 196.142958 16.441595 1
102.722435 154.856231 18.985174 1
90.779649 162.149677 17.767604 1
91.250833 156.833240 22.436183 1
92.623212 141.348377 36.034074 1
95.277255 136.979454 42.132047 1
100.603330 128.211992 54.369333 1
100.603330 128.211992 54.369333 1
111.066865 155.181118 18.873431 1
123.173754 162.145787 17.382258 1
123.245372 157.057876 22.320884 1
123.453977 142.238603 36.705344 1
121.818751 136.764259 42.243783 1
118.537214 125.778464 53.358207 1
118.537214 125.778464 53.358207 1
98.698589 115.320495 21.710334 1
96.121336 113.943397 40.204713 1
92.929797 112.238069 63.107210 1
95.082702 89.096004 64.081416 1
96.874640 69.834063 64.892284 1
93.626216 64.611697 79.863974 1
92.899150 64.627442 87.720923 1
113.035240 114.051244 20.879605 1
117.209781 112.941788 39.098462 1
122.379270 111.567900 61.659547 1
121.620474 88.175331 63.504805 1
121.001639 69.097597 65.009699 1
126.784235 62.140459 78.431200 1
128.968064 61.236863 85.959525 1
106.192200 116.396900 22.160100 1
106.794135 124.431759 20.962193 1
107.281419 134.605604 19.125407 1
107.335629 144.506752 18.567715 1
106.378516 169.724665 22.156155 1
107.174234 177.354639 21.586841 1
108.039275 196.275068 16.519220 1
102.742921 155.049573 19.043584 1
90.814386 162.371820 17.859636 1
91.263271 156.987755 22.452292 1
92.570702 141.305916 35.829047 1
95.224330 136.967680 41.949071 1
100.549572 128.261803 54.230606 1
100.549572 128.261803 54.230606 1
111.087131 155.381534 18.936294 1
123.189811 162.375159 17.550174 1
123.313051 157.164781 22.358372 1
123.672012 141.988805 36.362941 1
121.974348 136.604995 41.970903 1
118.567512 125.800878 53.224841 1
118.567512 125.800878 53.224841 1
98.844476 115.491554 21.802040 1
96.232176 114.037166 40.285583 1
92.997237 112.236126 63.174659 1
95.092952 89.088135 64.132653 1
96.837288 69.821262 64.930025 1
93.540507 64.568851 79.880620 1
92.787544 64.568999 87.735145 1
113.181257 114.281436 20.889356 1
117.305665 113.069003 39.113068 1
122.413073 111.567595 61.680167 1
121.634569 88.174386 63.509019 1
120.999662 69.096129 65.000534 1
126.732148 62.139253 78.443649 1
128.888123 61.235890 85.980026 1
106.332000 116.582900 22.186600 1
106.896394 124.613547 20.943045 1
107.341029 134.784081 19.077327 1
107.369932 144.686797 18.546225 1
106.376825 169.873276 22.339781 1
107.186805 177.506671 21.840773 1
108.082316 196.405248 16.697468 1
102.763215 155.219507 19.103608 1
90.861159 162.588801 17.945361 1
91.280374 157.136226 22.459320 1
92.501385 141.254840 35.606858 1
95.118051 137.021840 41.815843 1
100.369117 128.527148 54.275903 1
100.369117 128.527148 54.275903 1
111.107096 155.562977 19.007541 1
123.210335 162.574699 17.721333 1
123.396291 157.248460 22.398790 1
123.937920 141.735025 36.022557 1
122.204526 136.407614 41.673287 1
118.725989 125.716679 53.013053 1
118.725989 125.716679 53.013053 1
98.985978 115.647549 21.873574 1
96.343170 114.121985 40.347039 1
93.070450 112.232804 63.223637 1
95.135029 89.082084 64.183293 1
96.853450 69.812939 64.982049 1
93.516905 64.529675 79.912938 1
92.742483 64.513803 87.765361 1
113.322126 114.487506 20.888769 1
117.397794 113.188829 39.117504 1
122.444846 111.580621 61.690823 1
121.661772 88.186257 63.502876 1
121.023137 69.107058 64.980689 1
126.713283 62.168571 78.451269 1
128.844675 61.275210 85.995826 1
106.472800 116.737700 22.255500 1
107.005159 124.764698 20.974813 1
107.412696 134.932932 19.088204 1
107.418862 144.837215 18.586380 1
106.389931 169.991471 22.578968 1
107.200954 177.630278 22.173185 1
108.094154 196.525273 17.016336 1
102.798309 155.359408 19.222345 1
90.913047 162.760180 18.092706 1
91.311992 157.221365 22.502299 1
92.473965 141.088793 35.345857 1
95.183675 136.867694 41.522953 1
100.621462 128.396884 53.919019 1
100.621462 128.396884 53.919019 1
111.141854 155.714033 19.138337 1
123.249017 162.737873 17.959672 1
123.504393 157.284695 22.485115 1
124.248220 141.401531 35.666119 1
122.480804 136.150084 41.377096 1
118.933992 125.611592 52.837765 1
118.933992 125.611592 52.837765 1
99.128636 115.776771 21.978425 1
96.449866 114.185387 40.441154 1
93.132615 112.214697 63.304458 1
95.226903 89.067228 64.278047 1
96.970052 69.800789 65.088400 1
93.600640 64.487149 80.001118 1
92.808675 64.455382 87.851743 1
113.464156 114.659770 20.936392 1
117.531115 113.283862 39.161406 1
122.567382 111.580015 61.730117 1
121.704050 88.185277 63.500408 1
120.999963 69.105774 64.944162 1
126.676946 62.166677 78.419980 1
128.801027 61.272995 85.966560 1
106.559900 116.848900 22.295200 1
107.073055 124.873316 20.990717 1
107.457948 135.040934 19.096048 1
107.449729 144.946889 18.628418 1
106.395401 170.068816 22.813302 1
107.208227 177.712224 22.510954 1
108.042152 196.614972 17.372625 1
102.818746 155.459376 19.344044 1
90.940451 162.879321 18.268171 1
91.327553 157.271802 22.591136 1
92.455031 140.939122 35.182379 1
95.164860 136.782437 41.402951 1
100.602886 128.440893 53.886264 1
100.602886 128.440893 53.886264 1
111.161954 155.822801 19.264363 1
123.271885 162.852163 18.148739 1
123.573903 157.319970 22.574303 1
124.453584 141.206660 35.464394 1
122.698934 135.958163 41.182016 1
119.177742 125.425590 52.656018 1
119.177742 125.425590 52.656018 1
99.216455 115.874210 22.048834 1
96.518981 114.233984 40.504564 1
93.178567 112.202811 63.359200 1
95.248201 89.052062 64.307184 1
96.970829 69.782893 65.096225 1
93.582830 64.432467 79.991569 1
92.780496 64.381531 87.841040 1
113.549857 114.779782 20.954993 1
117.625258 113.344571 39.173547 1
122.671980 111.567289 61.734257 1
121.720580 88.173062 63.465734 1
120.944669 69.093976 64.877834 1
126.621693 62.141899 78.346943 1
128.746389 61.241156 85.892511 1
106.616700 116.927100 22.317900 1
107.118228 124.950728 21.004081 1
107.488987 135.119248 19.111436 1
107.470718 145.026489 18.672189 1
106.394456 170.124116 22.995017 1
107.243070 177.768187 22.847319 1
107.985398 196.692770 17.775746 1
102.830786 155.531006 19.444615 1
90.981897 163.007254 18.436390 1
91.364528 157.351717 22.696747 1
92.478985 140.879177 35.105633 1
95.182455 136.755724 41.351040 1
100.607719 128.480869 53.884192 1
100.607719 128.480869 53.884192 1
111.173704 155.901833 19.368805 1
123.287170 162.932007 18.297554 1
123.595236 157.371543 22.687126 1
124.492527 141.175894 35.472386 1
122.764208 135.915107 41.186732 1
119.295856 125.357871 52.654160 1
119.295856 125.357871 52.654160 1
99.273697 115.944480 22.090596 1
96.560724 114.272386 40.541194 1
93.201117 112.201750 63.389475 1
95.264377 89.050310 64.334489 1
96.981700 69.780566 65.121057 1
93.579875 64.406414 80.004705 1
92.769570 64.343212 87.853267 1
113.605503 114.863944 20.962570 1
117.684998 113.396417 39.177633 1
122.736790 111.579116 61.734020 1
121.759625 88.184658 63.447936 1
120.962701 69.105383 64.845714 1
126.637641 62.164502 78.321474 1
128.760513 61.269799 85.868273 1
106.634300 116.955700 22.370100 1
107.132558 124.981788 21.070137 1
107.499445 135.154495 19.199363 1
107.479673 145.063035 18.790545 1
106.405233 170.143263 23.213643 1
107.256430 177.788461 23.199178 1
107.900215 196.758016 18.284580 1
102.840066 155.564388 19.606716 1
91.008561 163.076374 18.661987 1
91.386390 157.392261 22.884575 1
92.486860 140.836488 35.183453 1
95.196502 136.725395 41.434330 1
100.634153 128.475340 53.978458 1
100.634153 128.475340 53.978458 1
111.182952 155.935529 19.528860 1
123.302733 162.953708 18.450416 1
123.612046 157.377711 22.820151 1
124.512972 141.136818 35.547633 1
122.788106 135.887744 41.273781 1
119.326682 125.354013 52.764893 1
119.326682 125.354013 52.764893 1
99.291500 115.971098 22.144825 1
96.576472 114.277417 40.593151 1
93.214320 112.180049 63.438619 1
95.282007 89.027955 64.357560 1
97.003014 69.757666 65.122428 1
93.598542 64.337734 79.988860 1
92.786161 64.250620 87.836978 1
113.623075 114.897199 21.007570 1
117.722506 113.409839 39.216547 1
122.798985 111.567978 61.765398 1
121.783241 88.173071 63.450514 1
120.954853 69.093430 64.824805 1
126.634980 62.136931 78.290323 1
128.761510 61.233744 85.835082 1
