55 35
109.161500 153.128700 7.529700 1
109.322227 160.584022 8.209216 1
109.542552 170.503991 8.100659 1
109.819071 180.003769 7.816790 1
110.723448 204.416531 8.491709 1
111.083938 211.658553 9.839733 1
110.926826 230.336800 7.727610 1
106.187607 190.398908 7.093884 1
93.101155 193.556055 6.712631 1
92.113529 187.119872 8.667327 1
89.236932 168.373604 14.360648 1
89.547227 161.191313 16.914237 1
90.169919 146.778058 22.038719 1
90.169919 146.778058 22.038719 1
114.188922 190.104707 7.013980 1
126.642299 194.950268 5.340033 1
127.788116 188.287584 6.058577 1
131.125472 168.881573 8.151440 1
132.829054 161.524144 9.232386 1
136.247760 146.759425 11.401606 1
136.247760 146.759425 11.401606 1
102.486104 152.074295 6.665039 1
103.204727 134.143630 7.153272 1
104.094631 111.939279 7.757872 1
105.550463 89.730764 6.310409 1
106.762194 71.245973 5.105642 1
106.488962 64.684583 19.165910 1
107.150419 63.924866 26.663699 1
115.730227 151.824177 6.276553 1
116.155919 133.927564 7.617132 1
116.683071 111.765604 9.277214 1
115.410535 89.382724 7.263290 1
114.372718 71.128325 5.620829 1
116.162723 64.649634 19.607969 1
116.299038 63.921879 27.136848 1
109.092800 153.153000 7.167800 1
109.249103 160.602326 7.911106 1
109.462723 170.523011 7.888360 1
109.737192 180.024980 7.688186 1
110.655097 204.430205 8.581924 1
110.995924 211.677500 9.906527 1
110.835021 230.374328 7.966077 1
106.107234 190.427727 7.075582 1
93.007097 193.533953 6.750114 1
92.074117 187.096589 8.727634 1
89.356684 168.346880 14.487433 1
89.840810 161.206922 17.131107 1
90.812343 146.878619 22.436372 1
90.812343 146.878619 22.436372 1
114.108008 190.131080 6.958981 1
126.579199 194.955340 5.357710 1
127.703956 188.303713 6.201117 1
130.979972 168.929906 8.657659 1
132.510201 161.559588 9.898310 1
135.581026 146.769005 12.388018 1
135.581026 146.769005 12.388018 1
102.415709 152.100092 6.314470 1
103.125116 134.171633 6.889478 1
104.003605 111.970013 7.601536 1
105.463732 89.759139 6.195173 1
106.679038 71.272385 5.024615 1
106.445056 64.751560 19.104449 1
107.126368 64.013773 26.602650 1
115.658794 151.865236 5.883388 1
116.131708 133.978015 7.329348 1
116.717335 111.827686 9.119926 1
115.449201 89.436550 7.197046 1
114.414975 71.175419 5.628837 1
116.258862 64.725034 19.622059 1
116.422850 64.012114 27.151805 1
109.077200 153.144100 6.632600 1
109.195531 160.582095 7.487950 1
109.366420 170.502938 7.605455 1
109.612133 180.007440 7.522433 1
110.485099 204.403546 8.673198 1
110.946271 211.643563 10.001161 1
110.774957 230.351984 8.176798 1
105.964713 190.409622 7.012563 1
92.873374 193.556678 6.727897 1
91.988891 187.127402 8.753431 1
89.412715 168.401250 14.653078 1
90.102131 161.288097 17.323313 1
91.485635 147.013586 22.681879 1
91.485635 147.013586 22.681879 1
113.966188 190.128306 6.906552 1
126.503765 194.809631 5.402386 1
127.637121 188.183404 6.416869 1
130.938179 168.883578 9.371696 1
132.281946 161.503120 10.759331 1
134.978585 146.692188 13.544007 1
134.978585 146.692188 13.544007 1
102.405764 152.070339 5.761220 1
103.125243 134.151357 6.571131 1
104.016207 111.961473 7.574079 1
105.439764 89.751586 6.115600 1
106.624632 71.265654 4.901666 1
106.380760 64.765455 18.990866 1
107.060897 64.037442 26.490130 1
115.649984 151.909086 5.331226 1
116.154614 134.028219 6.843536 1
116.779514 111.885758 8.716278 1
115.505100 89.481221 6.960951 1
114.465752 71.209161 5.529390 1
116.268259 64.820272 19.556175 1
116.411503 64.140863 27.089441 1
109.051900 153.151900 6.042900 1
109.130818 160.580583 6.979833 1
109.254823 170.499677 7.229473 1
109.470757 180.004857 7.317466 1
110.316490 204.369595 9.020579 1
110.774051 211.631464 10.224706 1
110.750919 230.341691 8.411006 1
105.805237 190.410221 7.069691 1
92.746329 193.696405 6.885064 1
91.914629 187.262745 8.919023 1
89.492188 168.523825 14.843206 1
90.340539 161.400298 17.438982 1
92.042991 147.104968 22.648126 1
92.042991 147.104968 22.648126 1
113.806234 190.144013 6.904924 1
126.346973 194.823641 5.421981 1
127.434029 188.211885 6.572431 1
130.600237 168.954205 9.923281 1
131.788198 161.574748 11.451272 1
134.172168 146.765823 14.517610 1
134.172168 146.765823 14.517610 1
102.383938 152.049819 5.180333 1
103.057390 134.143047 6.256208 1
103.891356 111.968283 7.588512 1
105.380630 89.762269 6.136707 1
106.620196 71.279560 4.928327 1
106.354954 64.809088 19.030818 1
107.014540 64.099598 26.533692 1
115.627439 151.968738 4.707706 1
116.153096 134.097215 6.319997 1
116.804037 111.966325 8.316549 1
115.547131 89.546013 6.761437 1
114.522061 71.261087 5.493163 1
116.315328 64.937717 19.550788 1
116.451793 64.292918 27.087221 1
109.049900 153.113000 5.296600 1
109.091442 160.528414 6.335495 1
109.161628 170.442464 6.751215 1
109.332366 179.944116 7.054998 1
110.092404 204.252912 9.455222 1
110.593895 211.526443 10.568002 1
110.637903 230.216357 8.556087 1
105.622392 190.336335 7.138031 1
92.595746 193.753057 7.111992 1
91.809724 187.307279 9.125648 1
89.520329 168.533063 14.990696 1
90.482335 161.373462 17.443665 1
92.412867 147.005741 22.366227 1
92.412867 147.005741 22.366227 1
113.622784 190.109624 6.900752 1
126.220552 194.662302 5.508797 1
127.249615 188.052974 6.724679 1
130.246909 168.802369 10.266108 1
131.357336 161.426245 11.866780 1
133.585711 146.624010 15.078970 1
133.585711 146.624010 15.078970 1
102.383521 151.983981 4.456939 1
103.086721 134.102661 5.880826 1
103.957525 111.959417 7.644091 1
105.418736 89.754329 6.150210 1
106.634944 71.272391 4.906808 1
106.449788 64.852510 19.033679 1
107.153388 64.169486 26.535010 1
115.624316 151.986748 3.907736 1
116.143072 134.135821 5.735964 1
116.785466 112.030435 7.999917 1
115.536121 89.597670 6.629241 1
114.517218 71.302587 5.511382 1
116.298026 65.010199 19.584485 1
116.427226 64.381825 27.122434 1
108.984900 152.997700 4.367700 1
109.025683 160.393485 5.538211 1
109.087619 170.296590 6.163351 1
109.248997 179.786299 6.730995 1
110.001525 203.998430 9.965607 1
110.506860 211.272338 11.074170 1
110.454957 229.890822 8.483417 1
105.525098 190.162438 7.218168 1
92.506319 193.600457 7.462312 1
91.738269 187.126815 9.391753 1
89.501216 168.271440 15.011515 1
90.478306 161.061160 17.304889 1
92.439107 146.591739 21.907180 1
92.439107 146.591739 21.907180 1
113.522502 189.959001 6.880376 1
126.192042 194.341058 5.596435 1
127.184758 187.735612 6.862596 1
130.076182 168.496316 10.550469 1
131.101297 161.106846 12.146490 1
133.158471 146.277830 15.349346 1
133.158471 146.277830 15.349346 1
102.313470 151.874828 3.560538 1
103.087713 134.032915 5.385429 1
104.046493 111.938469 7.645273 1
105.484544 89.733467 6.127833 1
106.681476 71.251600 4.864822 1
106.668007 64.904144 19.025587 1
107.462147 64.259659 26.521287 1
115.549505 151.905226 2.907295 1
116.055627 134.097652 5.121181 1
116.682376 112.045953 7.862707 1
115.451327 89.603247 6.646957 1
114.447345 71.300057 5.655449 1
116.254666 65.004168 19.723605 1
116.395825 64.373242 27.261126 1
108.891200 152.726400 3.159300 1
108.948030 160.086393 4.536495 1
109.021812 169.964760 5.473808 1
109.185252 179.425470 6.407125 1
109.936053 203.465191 10.741223 1
110.500874 210.749971 11.744710 1
110.173546 229.240132 8.372853 1
105.452193 189.761702 7.404928 1
92.490611 193.372547 7.977086 1
91.729398 186.848192 9.730377 1
89.512260 167.845108 14.837079 1
90.399892 160.562262 16.928650 1
92.181170 145.947216 21.125966 1
92.181170 145.947216 21.125966 1
113.446263 189.588252 6.982171 1
126.205749 193.737935 5.822932 1
127.208219 187.147270 7.156624 1
130.128058 167.951021 11.041191 1
131.059388 160.568642 12.725088 1
132.928357 145.753856 16.104294 1
132.928357 145.753856 16.104294 1
102.214034 151.634362 2.357279 1
103.103180 133.882204 4.873991 1
104.204250 111.898906 7.990549 1
105.548817 89.704048 6.254710 1
106.667939 71.230624 4.809921 1
106.837407 64.854042 18.956586 1
107.735629 64.191984 26.438993 1
115.446373 151.667688 1.633140 1
115.803429 133.949072 4.495002 1
116.245586 112.007530 8.038937 1
115.079158 89.555193 6.943213 1
114.127878 71.244149 6.049593 1
115.814160 64.893395 20.108114 1
115.883662 64.231009 27.643937 1
108.689700 152.159200 1.670300 1
108.776292 159.473127 3.272915 1
108.897824 169.307658 4.589484 1
109.111196 178.703144 6.032446 1
109.981288 202.378838 12.029177 1
110.554004 209.710679 12.586054 1
109.945519 228.048504 8.497464 1
105.437671 188.972225 7.711795 1
92.570536 192.867243 8.507930 1
91.793319 186.295413 10.066029 1
89.529570 167.154053 14.604207 1
90.349327 159.800802 16.464340 1
91.994395 145.044468 20.197213 1
91.994395 145.044468 20.197213 1
113.433975 188.770526 7.347905 1
126.175208 193.016067 6.345646 1
127.163441 186.421976 7.673018 1
130.041811 167.215751 11.539177 1
130.898511 159.833502 13.262796 1
132.617715 145.018975 16.721714 1
132.617715 145.018975 16.721714 1
102.012183 151.128579 0.793426 1
103.021795 133.556599 4.324677 1
104.272044 111.796424 8.697585 1
105.598071 89.627292 6.647226 1
106.701762 71.175281 4.940651 1
106.919383 64.626271 19.007660 1
107.844583 63.872395 26.478083 1
115.248888 151.112106 0.153406 1
115.446018 133.567612 3.950642 1
115.690131 111.841693 8.652883 1
114.641280 89.394235 7.356670 1
113.785890 71.087171 6.299542 1
115.256289 64.511881 20.278852 1
115.197478 63.725101 27.802796 1
108.540300 151.307700 -0.040000 1
108.663440 158.551577 1.852217 1
108.845746 168.313059 3.626012 1
109.119928 177.602504 5.634458 1
110.122218 200.761457 13.374914 1
110.630797 208.119089 13.399818 1
109.864629 226.354325 8.899620 1
105.517065 187.756324 8.019489 1
92.720634 191.834722 9.012553 1
91.891055 185.227286 10.381593 1
89.474794 165.982217 14.369111 1
90.219835 158.567443 16.002649 1
91.714966 143.687648 19.280796 1
91.714966 143.687648 19.280796 1
113.515476 187.501299 7.746814 1
126.209487 191.939974 7.019876 1
127.168137 185.326123 8.268284 1
129.960341 166.062344 11.904450 1
130.765037 158.655391 13.545156 1
132.379880 143.791290 16.837687 1
132.379880 143.791290 16.837687 1
101.864365 150.362580 -1.019267 1
102.889577 133.077927 3.719220 1
104.159143 111.673562 9.587102 1
105.570725 89.543090 7.203331 1
106.745624 71.123256 5.219249 1
106.918419 64.317514 19.164487 1
107.811978 63.429085 26.623963 1
115.106159 150.272468 -1.536034 1
115.233380 133.035106 3.476382 1
115.390924 111.689519 9.683419 1
114.415450 89.268159 7.951461 1
113.619902 70.982380 6.538960 1
114.961276 64.074989 20.370312 1
114.826109 63.106722 27.872072 1
108.355200 150.035200 -1.867500 1
108.551853 157.193138 0.322170 1
108.831610 166.860055 2.544461 1
109.191221 176.019830 5.068749 1
110.370610 198.612287 14.312461 1
110.762586 205.971701 14.030685 1
109.871652 224.163964 9.381981 1
105.674219 186.034538 8.086255 1
92.877027 190.066501 9.245265 1
91.967335 183.443781 10.483299 1
89.317732 164.154197 14.089243 1
89.914712 156.696035 15.579828 1
91.112718 141.729170 18.571100 1
91.112718 141.729170 18.571100 1
113.671478 185.711889 7.854482 1
126.311253 190.339630 7.420560 1
127.233706 183.706945 8.594072 1
129.920484 164.388311 12.012093 1
130.704209 156.945005 13.490393 1
132.276968 142.007950 16.457010 1
132.276968 142.007950 16.457010 1
101.672606 149.205841 -2.904527 1
102.665967 132.309612 3.078300 1
103.896090 111.386250 10.487104 1
105.471704 89.307495 7.752375 1
106.783132 70.930707 5.476180 1
106.984203 63.900401 19.309184 1
107.876138 62.896294 26.754166 1
114.914278 148.989225 -3.385644 1
115.027304 132.231794 3.051970 1
115.167270 111.480520 11.023875 1
114.232878 89.099152 8.817100 1
113.470834 70.845987 7.017359 1
114.847529 63.534704 20.636004 1
114.726092 62.327464 28.103269 1
108.007900 148.263900 -3.723900 1
108.303880 155.354251 -1.334608 1
108.718293 164.933994 1.219392 1
109.194168 173.958464 4.174947 1
110.598700 195.938183 14.766244 1
110.902666 203.289154 14.251608 1
109.894472 221.484910 9.640682 1
105.792826 183.832298 7.739677 1
92.937786 187.668671 8.922200 1
91.958631 181.054900 10.155077 1
89.106708 161.791383 13.745999 1
89.593234 154.325060 15.235870 1
90.569582 139.341817 18.225710 1
90.569582 139.341817 18.225710 1
113.786501 183.392511 7.592296 1
126.388180 188.141894 7.496318 1
127.234243 181.480219 8.557833 1
129.698520 162.077144 11.649647 1
130.446790 154.591413 12.917056 1
131.948398 139.569221 15.460463 1
131.948398 139.569221 15.460463 1
101.318448 147.567310 -4.813087 1
102.348226 131.226835 2.548433 1
103.623445 110.991688 11.664534 1
105.326339 88.991796 8.418359 1
106.743706 70.680648 5.716472 1
107.014911 63.331307 19.381437 1
107.932225 62.137396 26.795252 1
114.557403 147.159099 -5.241711 1
114.881399 131.048467 2.670918 1
115.282615 111.098145 12.469383 1
114.191187 88.777626 9.772755 1
113.301072 70.574087 7.573515 1
114.910122 62.784328 20.898239 1
114.949103 61.621460 28.373427 1
107.669300 146.063900 -5.465190 1
108.056760 153.114396 -2.973247 1
108.587412 162.632865 -0.219472 1
109.142889 171.547780 3.039141 1
110.614558 193.004734 14.644728 1
111.003383 200.348134 14.081425 1
109.981805 218.529057 9.415262 1
105.797502 181.296857 6.980324 1
92.929658 185.111794 8.090728 1
91.902286 178.540060 9.496966 1
88.909926 159.398979 13.592826 1
89.177058 151.970018 15.307931 1
89.713132 137.061752 18.749762 1
89.713132 137.061752 18.749762 1
113.786120 180.752881 6.973040 1
126.415609 185.416891 7.306475 1
127.231290 178.727084 8.201854 1
129.607076 159.242072 10.809772 1
130.303029 151.721415 11.885765 1
131.699648 136.629133 14.045043 1
131.699648 136.629133 14.045043 1
100.977655 145.485322 -6.608631 1
102.172332 129.849274 2.129234 1
103.651754 110.486450 12.949726 1
105.546788 88.589976 9.156840 1
107.124079 70.364905 5.999911 1
107.357450 62.788515 19.541014 1
108.247806 61.737342 26.979686 1
114.211492 144.880481 -6.955010 1
114.802122 129.578451 2.413349 1
115.533519 110.629447 14.014492 1
114.101399 88.420586 10.640458 1
112.933432 70.308109 7.888757 1
115.080333 62.451070 21.097670 1
115.325453 61.579780 28.608528 1
107.507500 143.461900 -7.085500 1
107.957872 150.501880 -4.574477 1
108.559098 159.995188 -1.749274 1
109.149162 168.850790 1.661439 1
110.592420 189.992209 13.835744 1
111.018033 197.338164 13.335925 1
110.164867 215.580719 8.881272 1
105.806661 178.512099 5.815453 1
92.915524 182.271270 6.842771 1
91.855265 175.753077 8.458228 1
88.767113 156.767944 13.163470 1
88.766545 149.399036 15.138719 1
88.765405 134.611284 19.102602 1
88.765405 134.611284 19.102602 1
113.792025 177.926442 5.885821 1
126.448553 182.485929 6.511536 1
127.243619 175.778722 7.287294 1
129.559359 156.243030 9.546797 1
130.264603 148.703613 10.475357 1
131.679866 133.573686 12.338770 1
131.679866 133.573686 12.338770 1
100.813200 142.951523 -8.245757 1
102.297674 128.497461 2.296537 1
104.135965 110.598344 15.351535 1
105.236530 88.907024 10.281215 1
106.152562 70.852710 6.061040 1
106.355983 62.598301 19.200332 1
107.323271 61.516583 26.625006 1
114.041283 142.218568 -8.563381 1
114.873385 127.956308 2.306884 1
115.903807 110.294884 15.767887 1
114.204060 88.260200 11.495638 1
112.817831 70.289773 8.011396 1
115.298292 62.443220 21.168013 1
115.718819 61.588795 28.673033 1
107.384700 140.578200 -8.700330 1
107.836000 147.615251 -6.181276 1
108.443679 157.095862 -3.315114 1
109.047320 165.913577 0.190074 1
110.524886 186.841555 12.723742 1
110.977902 194.190166 12.291642 1
110.319873 212.522643 8.186773 1
105.726629 175.517690 4.491592 1
92.843492 179.314436 5.480367 1
91.746357 172.833979 7.218374 1
88.550800 153.958758 12.280560 1
88.391740 146.630598 14.396019 1
88.072541 131.924616 18.641275 1
88.072541 131.924616 18.641275 1
113.709147 174.897627 4.585895 1
126.338498 179.506540 5.376835 1
127.114036 172.784921 6.039355 1
129.372901 153.207252 7.969038 1
130.109322 145.654550 8.754393 1
131.587153 130.497963 10.330425 1
131.587153 130.497963 10.330425 1
100.687695 140.063703 -9.843019 1
102.517753 126.648122 1.944118 1
104.783996 110.035003 16.540663 1
105.913179 88.515846 10.788834 1
106.853030 70.604827 6.001420 1
106.856159 62.422950 19.187568 1
107.862485 61.561313 26.635818 1
113.915473 139.342322 -10.197638 1
114.843178 126.238623 2.037538 1
115.991986 110.011883 17.188755 1
114.256405 88.164311 12.056507 1
112.840950 70.346486 7.870891 1
115.490628 62.469918 20.976482 1
116.008379 61.616299 28.475515 1
107.213500 137.581800 -10.336010 1
107.659356 144.628738 -7.843767 1
108.261862 154.113542 -4.990416 1
108.874725 162.918115 -1.453933 1
110.407691 183.734959 11.256903 1
110.877580 191.090045 10.981345 1
110.260502 209.499933 7.231961 1
105.576870 172.489959 2.936167 1
92.699525 176.295383 3.966168 1
91.556828 169.832977 5.741623 1
88.228568 151.010329 10.912880 1
88.046638 143.692410 13.061685 1
87.681546 129.006980 17.373859 1
87.681546 129.006980 17.373859 1
113.558559 171.856667 3.010709 1
126.193578 176.443404 3.839145 1
126.985600 169.718059 4.441639 1
129.292477 150.129540 6.196488 1
130.114497 142.577115 6.894743 1
131.764105 127.421083 8.295985 1
131.764105 127.421083 8.295985 1
100.512219 137.046305 -11.443441 1
102.680153 124.844222 1.543966 1
105.364804 109.733832 17.626859 1
106.264883 88.369568 11.287236 1
107.014045 70.587472 6.010582 1
107.078287 62.391056 19.187542 1
108.132169 61.547555 26.631290 1
113.739867 136.357286 -11.861600 1
114.650978 124.496129 1.582728 1
115.779239 109.808070 18.231277 1
114.317119 88.131855 12.342942 1
113.124686 70.453778 7.540699 1
115.862002 62.451878 20.552015 1
116.432308 61.601625 28.047616 1
106.961700 134.744900 -11.920430 1
107.383670 141.828352 -9.529604 1
107.964405 151.343265 -6.773648 1
108.578413 160.154896 -3.254987 1
110.162833 180.888005 9.585736 1
110.712631 188.241358 9.444533 1
110.127411 206.731579 6.108084 1
105.303047 169.705314 1.198161 1
92.476403 173.650660 2.329361 1
91.319178 167.201568 4.143398 1
87.948601 148.417699 9.427030 1
87.782487 141.107732 11.603997 1
87.449134 126.438259 15.972685 1
87.449134 126.438259 15.972685 1
113.283526 169.055827 1.262134 1
125.945169 173.574286 2.058683 1
126.766559 166.857857 2.718571 1
129.158972 147.295304 4.640591 1
130.105984 139.760765 5.372911 1
132.006423 124.640627 6.842512 1
132.006423 124.640627 6.842512 1
100.260824 134.167324 -13.009004 1
102.757449 123.168537 0.957279 1
105.849133 109.548242 18.252358 1
106.593976 88.256941 11.652478 1
107.213931 70.535573 6.159206 1
107.347225 62.384414 19.363692 1
108.436055 61.537487 26.802019 1
113.490407 133.524433 -13.439235 1
114.464334 122.882282 0.985161 1
115.670381 109.703757 18.847360 1
114.313134 88.115585 12.620219 1
113.206230 70.509313 7.541663 1
116.074948 62.431180 20.477345 1
116.722867 61.583033 27.966875 1
106.672800 131.965800 -13.630959 1
107.051645 139.098800 -11.384588 1
107.583468 148.661368 -8.788322 1
108.159146 157.508734 -5.353861 1
109.660108 178.277771 7.438737 1
110.391159 185.616229 7.520010 1
109.896957 204.159087 4.473563 1
104.850209 167.064023 -0.936121 1
92.127408 171.290315 0.343310 1
91.025309 164.855758 2.241348 1
87.815295 146.114225 7.769643 1
87.717200 138.825722 10.021422 1
87.520343 124.199325 14.540241 1
87.520343 124.199325 14.540241 1
112.831698 166.430512 -0.844075 1
125.575059 170.715064 -0.058236 1
126.459408 164.028807 0.797599 1
129.035203 144.554137 3.290342 1
130.218568 137.070633 4.184335 1
132.593316 122.052912 5.978379 1
132.593316 122.052912 5.978379 1
99.979816 131.335236 -14.738514 1
102.712807 121.551968 0.062904 1
106.097193 109.436906 18.392167 1
106.827251 88.144195 11.795183 1
107.434898 70.421654 6.304320 1
107.569724 62.349057 19.556967 1
108.655444 61.500070 26.995513 1
113.214041 130.744289 -15.093973 1
114.381016 121.256548 0.101028 1
115.826122 109.507567 18.917493 1
114.353338 87.947107 12.620981 1
113.152207 70.363436 7.485849 1
116.224031 62.393902 20.442240 1
116.986759 61.543076 27.920646 1
106.443600 129.454600 -15.495440 1
106.766737 136.645015 -13.430759 1
107.229234 146.263652 -11.036169 1
107.752721 155.155948 -7.711135 1
109.160831 175.977658 5.006173 1
110.050428 183.297423 5.160061 1
109.678967 201.888092 2.401132 1
104.397886 164.707063 -3.319062 1
91.800477 169.254816 -1.907889 1
90.804927 162.821630 0.052641 1
87.905248 144.084089 5.762957 1
87.893206 136.812409 8.070538 1
87.869041 122.219771 12.701338 1
87.869041 122.219771 12.701338 1
112.383121 164.120409 -3.242705 1
125.167755 168.291451 -2.519022 1
126.131761 161.638608 -1.503677 1
128.939568 142.261259 1.453662 1
130.334245 134.831073 2.478167 1
133.133050 119.920347 4.534121 1
133.133050 119.920347 4.534121 1
99.754364 128.740991 -16.574886 1
102.493532 120.150579 -1.051828 1
105.885569 109.512686 18.171075 1
106.859709 88.176913 11.747014 1
107.670514 70.418530 6.400081 1
107.679126 62.413010 19.694034 1
108.691036 61.562342 27.142789 1
112.992467 128.250525 -16.938655 1
114.343332 119.960144 -1.073225 1
116.016153 109.693892 18.573454 1
114.431337 88.043861 12.620882 1
113.138839 70.387140 7.766251 1
116.377144 62.453073 20.703855 1
117.234613 61.601364 28.171891 1
106.223300 126.968700 -17.453880 1
106.496663 134.220206 -15.607174 1
106.892117 143.903853 -13.477211 1
107.354463 152.870168 -10.347633 1
108.619628 173.906166 2.027440 1
109.651345 181.203542 2.306534 1
109.406826 199.841096 -0.131586 1
103.932875 162.466504 -6.108282 1
91.438114 167.275002 -4.649703 1
90.556768 160.859756 -2.578823 1
87.989727 142.174470 3.452897 1
88.093962 134.939887 5.872061 1
88.303138 120.421696 10.726784 1
88.303138 120.421696 10.726784 1
111.922304 161.940245 -6.030510 1
124.741228 166.020400 -5.401462 1
125.807302 159.399936 -4.281868 1
128.912394 140.116894 -1.020889 1
130.398393 132.722673 0.127900 1
133.380458 117.884123 2.433263 1
133.380458 117.884123 2.433263 1
99.537866 126.174044 -18.499740 1
102.189699 118.772689 -2.361238 1
105.473582 109.607256 17.623798 1
106.746340 88.187486 11.540520 1
107.805693 70.359190 6.477231 1
107.663943 62.437131 19.820339 1
108.587579 61.583873 27.280257 1
112.778653 125.769590 -18.871556 1
114.200861 118.623344 -2.464983 1
115.962028 109.773912 17.851810 1
114.270292 88.013056 12.349834 1
112.890595 70.265950 7.862688 1
116.228017 62.472470 20.860415 1
117.137133 61.617413 28.321957 1
105.978900 124.534800 -19.381840 1
106.203103 131.853872 -17.816494 1
106.536038 141.608695 -16.027999 1
106.934875 150.662516 -13.151876 1
108.016408 171.965491 -1.224184 1
109.214273 179.227345 -0.750248 1
109.071542 197.899507 -2.916498 1
103.439631 160.331588 -9.144216 1
91.031452 165.379826 -7.758374 1
90.270126 158.992849 -5.556647 1
88.052659 140.389901 0.856186 1
88.288313 133.206980 3.415975 1
88.761219 118.792462 8.552901 1
88.761219 118.792462 8.552901 1
111.430622 159.844732 -8.999261 1
124.256213 163.920580 -8.489528 1
125.416058 157.327105 -7.305723 1
128.794270 138.122672 -3.857722 1
130.313083 130.751134 -2.610305 1
133.360998 115.958104 -0.107016 1
133.360998 115.958104 -0.107016 1
99.303913 123.663213 -20.433130 1
101.918766 117.451644 -3.794545 1
105.156856 109.759579 16.809765 1
106.595074 88.201720 11.275963 1
107.792144 70.258488 6.670019 1
107.546028 62.406892 20.053199 1
108.408815 61.552146 27.520229 1
112.548583 123.317889 -20.715528 1
113.919171 117.320056 -3.850932 1
115.616417 109.892741 17.033047 1
114.021457 87.985879 12.112263 1
112.720686 70.119699 8.099108 1
116.038719 62.438117 21.168216 1
116.932464 61.580891 28.631365 1
105.867400 121.995100 -21.482770 1
106.004524 129.384546 -20.279990 1
106.220774 139.214660 -18.942746 1
106.492525 148.379985 -16.427633 1
107.198015 170.082993 -5.214335 1
108.680917 177.246778 -4.278810 1
108.652987 195.972133 -5.928940 1
102.842923 158.136648 -12.786621 1
90.567358 163.522070 -11.492052 1
89.939556 157.183536 -9.115175 1
88.110995 138.721684 -2.192196 1
88.447419 131.614725 0.561050 1
89.122545 117.352646 6.086199 1
89.122545 117.352646 6.086199 1
110.836789 157.748635 -12.538571 1
123.678372 161.784481 -12.121609 1
124.919976 155.224782 -10.837347 1
128.536324 136.118729 -7.096753 1
130.030453 128.770529 -5.691784 1
133.028832 114.024331 -2.872325 1
133.028832 114.024331 -2.872325 1
99.210692 121.002651 -22.542775 1
101.662499 116.108608 -5.445976 1
104.698682 110.048093 15.725760 1
106.298671 88.329915 10.909796 1
107.630387 70.253246 6.901329 1
107.186159 62.418642 20.289356 1
107.937989 61.563634 27.768343 1
112.460088 120.782731 -22.702175 1
113.702950 116.003425 -5.442956 1
115.242029 110.085053 15.929699 1
113.805988 88.032991 11.650339 1
112.634823 70.048392 8.160299 1
115.880868 62.438772 21.289447 1
116.731173 61.580193 28.757515 1
105.831300 119.434100 -23.518800 1
105.887413 126.884491 -22.771858 1
105.995287 136.777140 -22.003757 1
106.156220 146.059821 -19.952228 1
106.535980 168.231166 -9.678789 1
108.197387 175.230661 -8.053729 1
108.481072 194.012137 -8.787438 1
102.377350 155.929702 -16.778174 1
90.050282 161.267394 -15.818691 1
89.507975 155.049344 -13.123798 1
87.928434 136.938417 -5.274553 1
88.334650 129.981500 -2.169928 1
89.149837 116.020520 4.060361 1
89.149837 116.020520 4.060361 1
110.370796 155.627399 -16.421247 1
123.150247 159.861014 -16.060265 1
124.422010 153.363126 -14.517335 1
128.126199 134.437107 -10.023330 1
129.560861 127.146321 -8.294580 1
132.439904 112.515338 -4.825366 1
132.439904 112.515338 -4.825366 1
99.188761 118.307831 -24.532959 1
101.405695 114.673853 -7.093264 1
104.151024 110.173734 14.503096 1
106.148923 88.329366 10.470146 1
107.811831 70.147664 7.113403 1
107.131189 62.364209 20.521318 1
107.756179 61.516224 28.012770 1
112.440175 118.219206 -24.644467 1
113.651331 114.716658 -7.079377 1
115.151145 110.379336 14.672046 1
113.868942 88.157440 11.323628 1
112.823240 70.034334 8.592819 1
116.053744 62.386678 21.703687 1
116.895672 61.528946 29.172801 1
105.604200 117.880000 -25.411900 1
105.646730 125.365243 -25.215125 1
105.726952 135.286912 -25.073093 1
105.839588 144.648696 -23.415642 1
106.012876 167.037721 -13.619833 1
107.731192 173.934587 -11.651422 1
108.245926 192.725475 -11.666054 1
101.977294 154.559047 -20.476820 1
89.520354 159.635911 -19.830096 1
89.052722 153.502924 -16.933808 1
87.690680 135.639756 -8.497971 1
88.083986 128.893718 -4.956971 1
88.873262 115.355925 2.149027 1
88.873262 115.355925 2.149027 1
109.970282 154.317872 -20.066994 1
122.693974 158.720009 -19.755517 1
123.935920 152.299424 -17.896963 1
127.553263 133.598562 -12.483659 1
128.919142 126.390866 -10.389407 1
131.660154 111.926627 -6.186713 1
131.660154 111.926627 -6.186713 1
98.961589 116.669687 -26.323596 1
101.041314 114.023507 -8.690218 1
103.616731 110.746624 13.145989 1
105.716797 88.752399 10.100255 1
107.464742 70.445967 7.565202 1
106.949094 62.497706 20.883493 1
107.540244 61.521927 28.362125 1
112.212853 116.598033 -26.461942 1
113.621374 113.976936 -8.758467 1
115.365592 110.731145 13.164325 1
114.084174 88.371149 10.915526 1
113.039112 70.135413 9.081513 1
116.400586 62.428820 22.124771 1
117.319416 61.572155 29.584938 1
105.292400 117.930900 -27.069600 1
105.341112 125.405839 -27.508128 1
105.405769 135.313810 -28.050395 1
105.447557 144.731489 -26.743332 1
105.303396 167.176970 -17.077106 1
107.115573 174.007693 -14.967309 1
107.630948 192.798005 -15.113018 1
101.444302 154.601859 -23.859103 1
89.054489 159.824978 -23.097704 1
88.725378 153.691178 -20.184136 1
87.766798 135.825643 -11.697968 1
88.121808 129.240772 -7.861844 1
88.834236 116.026407 -0.163598 1
88.834236 116.026407 -0.163598 1
109.440189 154.478521 -23.453456 1
122.214510 158.717838 -22.991838 1
123.430025 152.330964 -21.004144 1
126.970384 133.728290 -15.214702 1
128.287703 126.556864 -12.970213 1
130.931266 112.165414 -8.466024 1
130.931266 112.165414 -8.466024 1
98.653259 116.651153 -27.908870 1
100.849184 114.575920 -10.213253 1
103.568498 112.006066 11.700027 1
104.965095 89.851906 9.537753 1
106.127523 71.412356 7.738028 1
105.700233 63.607361 21.143889 1
106.342240 62.216412 28.552305 1
111.904973 116.560987 -27.973782 1
113.551981 114.070392 -10.272047 1
115.591527 110.986204 11.648589 1
114.504815 88.525029 10.657008 1
113.618546 70.206777 9.848322 1
117.083522 62.421859 22.817772 1
118.064438 61.594941 30.273389 1
105.281600 117.870800 -28.716700 1
105.293586 125.324997 -29.426770 1
105.283688 135.209895 -30.295575 1
105.234599 144.658676 -29.236821 1
104.836722 167.286956 -20.014081 1
106.683855 174.067318 -17.776045 1
107.048990 192.859601 -18.057873 1
101.103429 154.517283 -26.496324 1
88.847734 160.020353 -25.557007 1
88.573756 153.850530 -22.714666 1
87.775757 135.880070 -14.435955 1
88.069141 129.329669 -10.536137 1
88.657899 116.184478 -2.710073 1
88.657899 116.184478 -2.710073 1
109.104735 154.533806 -26.191680 1
121.922016 158.635481 -25.680079 1
123.138557 152.253510 -23.677322 1
126.681906 133.665116 -17.844007 1
127.964529 126.496001 -15.572210 1
130.538464 112.109186 -11.013219 1
130.538464 112.109186 -11.013219 1
98.633035 116.540473 -29.385385 1
101.001787 114.743411 -11.681625 1
103.935119 112.518028 10.241740 1
104.956603 90.272973 8.998032 1
105.806814 71.757768 7.962858 1
105.402206 64.584879 21.717987 1
106.105222 63.461216 29.166121 1
111.881537 116.489823 -29.693463 1
113.611429 114.360863 -11.952490 1
115.753614 111.724501 10.016736 1
114.970323 89.230378 10.280306 1
114.331510 70.885255 10.495260 1
117.795197 63.408707 23.645231 1
118.764412 62.088419 31.031007 1
105.291100 117.532100 -29.899900 1
105.279340 124.964124 -30.813287 1
105.225050 134.821888 -31.948039 1
105.130275 144.294874 -31.137866 1
104.626385 167.149781 -22.497515 1
106.410874 173.963159 -20.309480 1
106.626770 192.759853 -20.327836 1
100.941469 154.186778 -28.613352 1
88.819058 159.995005 -27.788832 1
88.542840 153.800978 -24.999848 1
87.738317 135.760023 -16.876551 1
87.953957 129.243817 -12.914864 1
88.386698 116.167247 -4.964642 1
88.386698 116.167247 -4.964642 1
108.944815 154.276749 -28.384594 1
121.735159 158.480032 -28.056444 1
122.960201 152.114521 -26.007030 1
126.528309 133.574067 -20.037820 1
127.792196 126.421479 -17.704264 1
130.328534 112.067833 -13.021338 1
130.328534 112.067833 -13.021338 1
98.636956 116.173480 -30.444739 1
101.236242 114.575013 -12.754286 1
104.455054 112.595558 9.152601 1
105.128051 90.311944 8.504253 1
105.688206 71.764646 7.964613 1
105.346371 64.982503 21.918226 1
106.123387 64.055331 29.386033 1
111.880373 116.135399 -30.925102 1
113.813832 114.388669 -13.163407 1
116.208100 112.225633 8.831478 1
115.258870 89.754288 9.729366 1
114.484726 71.427742 10.461639 1
118.014664 64.345471 23.810745 1
119.043593 63.269745 31.228044 1
105.273200 117.226000 -30.852100 1
105.270619 124.624157 -32.008244 1
105.220608 134.438840 -33.469617 1
105.132470 143.934065 -32.984064 1
104.662412 167.079883 -25.154217 1
106.292856 173.912869 -22.907895 1
106.408280 192.708503 -22.636828 1
100.948859 153.904020 -30.778066 1
88.744195 159.560827 -30.133954 1
88.385803 153.379414 -27.326395 1
87.341938 135.375199 -19.148996 1
87.546015 128.873765 -15.162505 1
87.955552 115.826839 -7.162506 1
87.955552 115.826839 -7.162506 1
108.953616 154.011793 -30.616095 1
121.696781 158.367589 -30.532679 1
122.926359 152.042074 -28.365525 1
126.507681 133.618116 -22.053381 1
127.769317 126.511000 -19.583648 1
130.301135 112.248604 -14.627445 1
130.301135 112.248604 -14.627445 1
98.610230 115.869468 -31.282190 1
101.421482 114.320193 -13.619796 1
104.902782 112.401655 8.252342 1
105.383264 90.106234 7.911684 1
105.783183 71.549108 7.628144 1
105.563048 64.993874 21.692214 1
106.425336 64.180339 29.163905 1
111.847673 115.777507 -31.900196 1
114.004856 113.999688 -14.167372 1
116.676169 111.798155 7.791762 1
115.272521 89.360821 8.916209 1
114.127775 71.062012 9.833252 1
117.637699 64.043891 23.221458 1
118.718362 63.023432 30.639210 1
105.277900 117.084800 -31.413400 1
105.319310 124.421608 -32.909706 1
105.316759 134.163277 -34.798094 1
105.261779 143.670433 -34.680715 1
104.839191 167.069077 -27.639321 1
106.340538 173.925872 -25.375620 1
106.304630 192.715734 -24.825690 1
101.095059 153.714158 -32.801599 1
88.737657 159.045968 -32.317267 1
88.273140 152.906685 -29.433846 1
86.920169 135.025179 -21.035484 1
87.144200 128.507302 -17.077012 1
87.593781 115.427379 -9.133244 1
87.593781 115.427379 -9.133244 1
109.100380 153.818423 -32.667635 1
121.754471 158.424468 -32.830395 1
122.947058 152.131508 -30.550715 1
126.420636 133.802368 -23.910824 1
127.657609 126.734655 -21.318577 1
130.139934 112.551334 -16.116515 1
130.139934 112.551334 -16.116515 1
98.603567 115.756946 -31.745683 1
101.592057 114.228667 -14.110581 1
105.292839 112.336130 7.727761 1
105.725191 90.037468 7.603272 1
106.085049 71.477646 7.499655 1
106.025623 65.102652 21.647925 1
106.975714 64.383594 29.118656 1
111.836454 115.543145 -32.427795 1
114.230598 113.659184 -14.736387 1
117.195345 111.326212 7.171459 1
115.390843 88.925149 8.438232 1
113.919179 70.655921 9.471350 1
117.456317 63.650872 22.859239 1
118.607897 62.653819 30.269500 1
105.351600 117.197500 -31.553700 1
105.414836 124.445905 -33.431469 1
105.432041 134.083090 -35.795894 1
105.380351 143.586572 -36.085691 1
104.911775 167.226412 -29.905502 1
106.353952 174.077559 -27.586897 1
106.266597 192.862340 -26.889044 1
101.195522 153.685673 -34.580900 1
88.716713 158.738777 -34.243809 1
88.188031 152.677474 -31.210365 1
86.648172 135.023093 -22.375041 1
86.802410 128.391813 -18.606123 1
87.111930 115.084315 -11.042745 1
87.111930 115.084315 -11.042745 1
109.200474 153.807492 -34.439944 1
121.813129 158.519196 -34.738170 1
122.975331 152.255299 -32.364685 1
126.360409 134.010809 -25.451572 1
127.584101 126.977690 -22.760806 1
130.039775 112.863791 -17.361039 1
130.039775 112.863791 -17.361039 1
98.671906 115.878100 -31.801093 1
101.746071 114.338824 -14.181681 1
105.552948 112.432668 7.637231 1
106.013470 90.134469 7.532457 1
106.396776 71.575032 7.445249 1
106.432668 65.217012 21.601234 1
107.428164 64.508730 29.067081 1
111.902268 115.581379 -32.500921 1
114.472196 113.651500 -14.839150 1
117.654623 111.261666 7.031998 1
115.617786 88.886784 8.404771 1
113.956641 70.638908 9.524337 1
117.548822 63.647274 22.904581 1
118.764282 62.666736 30.306839 1
105.473500 117.431500 -31.386800 1
105.533042 124.566814 -33.656854 1
105.541140 134.071308 -36.508284 1
105.478059 143.553070 -37.211869 1
104.989390 167.401100 -31.893127 1
106.334781 174.248709 -29.506877 1
106.287115 193.031452 -28.752581 1
101.278120 153.691192 -36.050817 1
88.698821 158.495083 -35.822727 1
88.148364 152.484737 -32.693283 1
86.545084 134.978775 -23.578347 1
86.499723 128.263660 -19.957907 1
86.408693 114.787925 -12.692492 1
86.408693 114.787925 -12.692492 1
109.283445 153.835333 -35.961610 1
121.854947 158.646567 -36.382972 1
123.001903 152.418595 -33.909634 1
126.342576 134.278740 -26.705687 1
127.555214 127.287390 -23.903378 1
129.988705 113.257310 -18.279771 1
129.988705 113.257310 -18.279771 1
98.793499 116.100694 -31.550703 1
101.889533 114.416284 -13.948405 1
105.723492 112.330405 7.849313 1
106.244626 90.034886 7.582822 1
106.678380 71.477680 7.361013 1
106.761657 65.031311 21.476785 1
107.772775 64.279840 28.936307 1
112.022689 115.766054 -32.255559 1
114.673872 113.811496 -14.608518 1
117.956920 111.391101 7.244388 1
115.846382 89.017839 8.529453 1
114.125130 70.771286 9.577489 1
117.767247 63.699235 22.901855 1
119.022632 62.677356 30.291847 1
105.599100 117.662100 -31.134100 1
105.646364 124.677552 -33.751465 1
105.638233 134.041589 -37.034888 1
105.564404 143.488446 -38.109260 1
105.097932 167.497153 -33.568258 1
106.344126 174.355749 -31.159799 1
106.289693 193.139400 -30.428951 1
101.362245 153.654383 -37.234847 1
88.686995 158.203349 -37.120336 1
88.123255 152.225273 -33.931999 1
86.481287 134.813304 -24.645528 1
86.174250 128.132816 -20.974124 1
85.558096 114.726567 -13.606435 1
85.558096 114.726567 -13.606435 1
109.367845 153.810392 -37.237306 1
121.899444 158.709632 -37.807059 1
123.067625 152.523198 -35.241139 1
126.470117 134.504333 -27.767530 1
127.692518 127.559217 -24.856602 1
130.145600 113.621919 -19.015018 1
130.145600 113.621919 -19.015018 1
98.920832 116.315742 -31.225625 1
101.990253 114.542601 -13.627382 1
105.791256 112.346841 8.165317 1
106.342267 90.053500 7.796425 1
106.800889 71.498107 7.489384 1
106.880022 65.008415 21.585315 1
107.883664 64.235962 29.043704 1
112.149795 115.964984 -31.926894 1
114.810447 113.913476 -14.292287 1
118.105220 111.373025 7.545223 1
115.920053 89.003129 8.762347 1
114.137938 70.759320 9.754975 1
117.769403 63.631754 23.052640 1
119.030141 62.581958 30.437806 1
105.716100 117.866700 -30.861300 1
105.750756 124.771609 -33.757923 1
105.727725 134.005757 -37.390568 1
105.651438 143.412837 -38.770368 1
105.258444 167.537373 -34.883380 1
106.320030 174.457538 -32.564250 1
106.261078 193.240914 -31.826708 1
101.466169 153.602302 -38.116636 1
88.622612 157.653378 -38.116950 1
88.033358 151.691344 -34.903289 1
86.317077 134.326097 -25.543061 1
85.773631 127.648483 -21.893878 1
84.683056 114.248003 -14.570780 1
84.683056 114.248003 -14.570780 1
109.471021 153.751745 -38.234821 1
121.954327 158.748880 -38.985752 1
123.138957 152.593483 -36.353588 1
126.589361 134.665014 -28.687035 1
127.825716 127.754744 -25.700064 1
130.306802 113.887374 -19.705880 1
130.306802 113.887374 -19.705880 1
99.039353 116.509996 -30.888197 1
101.973081 114.597204 -13.281437 1
105.606050 112.228508 8.521808 1
106.243765 89.940991 7.980848 1
106.774554 71.390445 7.530590 1
106.788082 64.813159 21.586079 1
107.744923 63.998595 29.046138 1
112.267643 116.146772 -31.595776 1
114.894587 113.934403 -13.975569 1
118.147619 111.194752 7.844109 1
115.917449 88.820064 8.877681 1
114.098631 70.572347 9.720612 1
117.700410 63.306793 22.951505 1
118.951118 62.178666 30.326820 1
105.811900 118.047300 -30.637400 1
105.830000 124.853200 -33.759707 1
105.797563 133.976189 -37.663057 1
105.747272 143.349840 -39.255215 1
105.566435 167.534834 -35.746698 1
106.274872 174.595651 -33.737471 1
106.227057 193.376975 -32.948671 1
101.636309 153.575161 -38.696806 1
88.644203 157.119771 -38.792149 1
88.025024 151.138434 -35.620256 1
86.221582 133.716964 -26.381680 1
85.649198 127.018440 -22.775498 1
84.500551 113.575997 -15.538694 1
84.500551 113.575997 -15.538694 1
109.638995 153.671056 -38.945359 1
121.958709 159.015676 -39.959191 1
123.087002 152.876860 -37.264298 1
126.373313 134.996688 -29.415038 1
127.635342 128.108039 -26.389117 1
130.167949 114.284057 -20.316769 1
130.167949 114.284057 -20.316769 1
99.137250 116.680408 -30.606123 1
101.846480 114.637415 -12.978027 1
105.201441 112.107483 8.851640 1
106.001638 89.829662 8.150879 1
106.667664 71.287184 7.567615 1
106.574970 64.623864 21.582221 1
107.454813 63.770742 29.047447 1
112.364671 116.313988 -31.328154 1
114.990480 113.978871 -13.723624 1
118.242105 111.087217 8.076640 1
115.929285 88.715763 8.991785 1
114.043062 70.470683 9.738132 1
117.624774 63.099394 22.915881 1
118.888275 61.979069 30.290205 1
105.915500 118.204300 -30.288400 1
105.908325 124.921897 -33.596457 1
105.859035 133.946398 -37.722238 1
105.838151 143.288915 -39.488527 1
105.913121 167.517071 -36.287411 1
106.231968 174.674747 -34.538117 1
106.136720 193.459143 -33.830982 1
101.819476 153.553827 -38.987667 1
88.700201 156.594430 -39.074347 1
88.005914 150.592395 -35.957581 1
85.983710 133.110642 -26.879570 1
85.433526 126.395089 -23.301716 1
84.329430 112.918473 -16.121760 1
84.329430 112.918473 -16.121760 1
109.816903 153.580995 -39.380591 1
122.003208 159.190820 -40.560423 1
123.059680 153.067037 -37.802942 1
126.136804 135.230651 -29.771384 1
127.407961 128.359495 -26.709721 1
129.958887 114.570620 -20.565646 1
129.958887 114.570620 -20.565646 1
99.244075 116.824365 -30.197887 1
101.624293 114.670816 -12.535489 1
104.571824 112.003980 9.336656 1
105.670026 89.745279 8.455224 1
106.584092 71.218717 7.721582 1
106.358188 64.425243 21.672041 1
107.130671 63.514793 29.142375 1
112.469914 116.466831 -30.952612 1
115.113386 114.044795 -13.362475 1
118.386885 111.045507 8.419965 1
115.967629 88.679589 9.182532 1
113.994601 70.439024 9.804444 1
117.564460 62.958401 22.923667 1
118.858820 61.931950 30.306299 1
106.039700 118.349200 -29.850800 1
105.992891 124.980184 -33.328912 1
105.912603 133.910314 -37.654702 1
105.918546 143.223526 -39.569606 1
106.276851 167.478975 -36.602931 1
106.204938 174.701190 -35.110128 1
105.989774 193.492443 -34.657202 1
102.004814 153.530038 -39.092580 1
88.806984 156.210214 -39.138667 1
88.021864 150.201613 -36.056299 1
85.735092 132.700736 -27.078478 1
85.190074 126.041545 -23.396016 1
84.096345 112.678034 -16.006136 1
84.096345 112.678034 -16.006136 1
109.993416 153.478295 -39.634368 1
122.019661 159.382925 -41.002921 1
123.010150 153.284535 -38.165821 1
125.895088 135.522111 -29.902364 1
127.105014 128.678237 -26.755960 1
129.533062 114.944108 -20.441828 1
129.533062 114.944108 -20.441828 1
99.374405 116.945067 -29.700544 1
101.343355 114.665589 -12.003348 1
103.781594 111.842810 9.911889 1
105.296013 89.619155 8.794548 1
106.556508 71.121763 7.864552 1
106.175033 64.117655 21.707043 1
106.813320 63.109964 29.177565 1
112.598819 116.621868 -30.494696 1
115.245564 114.091506 -12.920307 1
118.523116 110.958075 8.842631 1
115.950528 88.602405 9.366478 1
113.852451 70.370199 9.793701 1
117.491899 62.861853 22.877920 1
118.808744 61.867618 30.260984 1
106.102900 118.503800 -29.378800 1
106.022826 125.052797 -33.008349 1
105.909789 133.892248 -37.515837 1
105.919556 143.174723 -39.574575 1
106.448546 167.457294 -36.866585 1
106.106214 174.702001 -35.528284 1
105.795435 193.496203 -35.318439 1
102.065165 153.505257 -39.135537 1
88.810963 155.890740 -39.074315 1
87.936085 149.901643 -35.978189 1
85.387883 132.457575 -26.960295 1
84.886523 125.941304 -23.024655 1
83.880406 112.864605 -15.126704 1
83.880406 112.864605 -15.126704 1
110.042578 153.407544 -39.817677 1
122.046819 159.329066 -41.301573 1
123.022751 153.278195 -38.359623 1
125.865291 135.654174 -29.790776 1
127.013606 128.863470 -26.508990 1
129.318015 115.236044 -19.923177 1
129.318015 115.236044 -19.923177 1
99.443090 117.080203 -29.177247 1
101.102678 114.686925 -11.463368 1
103.157822 111.723221 10.472528 1
105.000554 89.537722 9.115810 1
106.534314 71.072087 7.986574 1
106.045489 63.869262 21.723313 1
106.585034 62.765971 29.188109 1
112.666316 116.785050 -30.001537 1
115.400344 114.125242 -12.459654 1
118.785982 110.831513 9.263030 1
115.942760 88.504382 9.552751 1
113.623967 70.295451 9.789032 1
117.422239 62.814786 22.843932 1
118.790794 61.818350 30.217288 1
106.161800 118.482500 -28.746700 1
106.055871 124.968575 -32.486889 1
105.912843 133.735223 -37.133560 1
105.913222 142.988903 -39.318102 1
106.533488 167.298939 -36.890398 1
106.021051 174.548507 -35.635331 1
105.689266 193.343517 -35.648236 1
102.087005 153.332106 -38.934382 1
88.779430 155.386721 -38.699449 1
87.864576 149.414171 -35.582981 1
85.199937 132.018295 -26.505839 1
84.756442 125.650493 -22.327704 1
83.866447 112.871737 -13.943118 1
83.866447 112.871737 -13.943118 1
110.052543 153.209325 -39.740050 1
122.171910 158.858032 -41.346667 1
123.169086 152.860841 -38.303659 1
126.073505 135.393173 -29.440465 1
127.191135 128.663485 -26.025117 1
129.433965 115.158503 -19.171276 1
129.433965 115.158503 -19.171276 1
99.506568 117.043256 -28.508388 1
100.963704 114.601011 -10.783385 1
102.768140 111.576669 11.166286 1
104.848152 89.434741 9.480667 1
106.579406 71.005372 8.077676 1
106.039609 63.667242 21.740696 1
106.519330 62.499239 29.199729 1
112.729062 116.772424 -29.352538 1
115.519518 114.091775 -11.822717 1
118.975032 110.772239 9.885031 1
115.861344 88.479574 9.781806 1
113.321972 70.298752 9.697621 1
117.308271 62.747004 22.655173 1
118.734651 61.731017 30.014889 1
106.136400 118.754600 -28.734600 1
106.004425 125.201480 -32.541136 1
105.828392 133.919369 -37.277543 1
105.808604 143.150073 -39.557136 1
106.460938 167.483549 -37.386257 1
105.878365 174.729056 -36.138360 1
105.584177 193.523806 -36.321353 1
101.988367 153.497505 -39.232382 1
88.642084 155.245536 -38.797297 1
87.688365 149.288902 -35.662075 1
84.910525 131.939384 -26.530310 1
84.499816 125.665212 -22.209607 1
83.675614 113.074348 -13.538919 1
83.675614 113.074348 -13.538919 1
109.943398 153.364727 -40.134500 1
122.150231 158.802320 -41.806025 1
123.167522 152.835897 -38.709662 1
126.130526 135.457843 -29.691062 1
127.211206 128.764395 -26.193594 1
129.379886 115.332139 -19.174954 1
129.379886 115.332139 -19.174954 1
99.486606 117.293724 -28.476909 1
100.815147 114.741817 -10.757251 1
102.460339 111.581675 11.185801 1
104.745627 89.454925 9.568053 1
106.647738 71.038189 8.221554 1
106.078636 63.593012 21.825344 1
106.518030 62.372982 29.278532 1
112.709441 117.062248 -29.327389 1
115.576975 114.232339 -11.833505 1
119.127937 110.727968 9.829743 1
115.957764 88.443084 9.879718 1
113.372325 70.268606 9.920474 1
117.319030 62.773683 22.923061 1
118.746685 61.771547 30.284430 1
106.151600 118.799400 -28.575100 1
105.984056 125.225244 -32.415653 1
105.756681 133.914879 -37.201536 1
105.681363 143.130125 -39.541708 1
106.216161 167.482098 -37.553816 1
105.752260 174.744460 -36.355103 1
105.574141 193.538279 -36.706225 1
101.806578 153.458571 -39.261966 1
88.461403 155.201030 -38.773791 1
87.503736 149.255644 -35.618486 1
84.714400 131.938889 -26.428226 1
84.331821 125.633064 -22.151240 1
83.564070 112.978683 -13.568281 1
83.564070 112.978683 -13.568281 1
109.754794 153.362770 -40.226671 1
122.086205 158.497359 -41.941445 1
123.109115 152.542433 -38.824866 1
126.088483 135.197865 -29.747387 1
127.067834 128.521061 -26.188797 1
129.033168 115.122205 -19.047502 1
129.033168 115.122205 -19.047502 1
99.509774 117.304465 -28.307438 1
100.719822 114.723468 -10.583505 1
102.218278 111.527304 11.364840 1
104.655517 89.421213 9.687544 1
106.684101 71.021672 8.291482 1
106.066925 63.513987 21.858773 1
106.461399 62.264498 29.309592 1
112.733393 117.139012 -29.161144 1
115.686172 114.232507 -11.694019 1
119.342696 110.633285 9.936091 1
115.991782 88.374808 9.923728 1
113.258939 70.221866 9.913644 1
117.258331 62.759947 22.919114 1
118.707641 61.763245 30.276988 1
106.195000 118.720600 -28.361300 1
105.995376 125.154212 -32.187288 1
105.714521 133.846954 -36.964681 1
105.567187 143.057555 -39.319662 1
105.880649 167.421521 -37.434124 1
105.647956 174.709007 -36.323982 1
105.621892 193.499800 -36.841731 1
101.596994 153.350492 -39.070568 1
88.272836 155.258013 -38.627446 1
87.327362 149.315387 -35.463276 1
84.573537 132.006672 -26.247198 1
84.219729 125.629652 -22.074567 1
83.509713 112.832399 -13.701027 1
83.509713 112.832399 -13.701027 1
109.542758 153.324804 -40.059583 1
122.000346 158.140742 -41.786835 1
123.022651 152.197021 -38.648741 1
126.000258 134.885093 -29.508596 1
126.926144 128.223921 -25.906661 1
128.784187 114.856437 -18.678382 1
128.784187 114.856437 -18.678382 1
99.559900 117.196994 -28.088525 1
100.662914 114.626509 -10.356083 1
102.028825 111.443362 11.602800 1
104.587361 89.359486 9.817007 1
106.716904 70.978436 8.330639 1
106.062591 63.434009 21.875790 1
106.422365 62.159826 29.324184 1
112.782995 117.089374 -28.959420 1
115.862592 114.162773 -11.517567 1
119.676159 110.538666 10.081247 1
116.031772 88.326800 9.939731 1
113.059587 70.211872 9.824316 1
117.180526 62.740760 22.786491 1
118.682038 61.740215 30.133367 1
106.197700 118.541900 -28.192400 1
105.977431 125.005015 -31.967188 1
105.654590 133.724199 -36.693468 1
105.434643 142.937498 -39.032179 1
105.473279 167.307635 -37.201536 1
105.529578 174.613212 -36.191881 1
105.677927 193.395527 -36.943718 1
101.349728 153.186164 -38.814573 1
88.064345 155.368995 -38.495170 1
87.153700 149.423520 -35.326142 1
84.501320 132.106505 -26.095912 1
84.198074 125.636627 -22.064643 1
83.589528 112.653029 -13.974784 1
83.589528 112.653029 -13.974784 1
109.297295 153.246645 -39.787452 1
121.930622 157.600108 -41.465123 1
123.017870 151.674611 -38.314420 1
126.184636 134.415761 -29.137549 1
127.146707 127.775946 -25.505788 1
129.077367 114.451322 -18.217654 1
129.077367 114.451322 -18.217654 1
99.567307 116.996205 -27.929639 1
100.535382 114.430377 -10.188645 1
101.734193 111.252997 11.780829 1
104.488379 89.202774 9.874301 1
106.780769 70.849734 8.287442 1
106.100060 63.203095 21.773849 1
106.392957 62.032480 29.242143 1
112.790372 116.935314 -28.805498 1
116.015486 114.042230 -11.384366 1
120.009252 110.459627 10.188789 1
116.130007 88.288119 9.978307 1
112.966283 70.206107 9.806648 1
117.175534 62.730004 22.737531 1
118.726041 61.728343 30.074071 1
106.156400 118.427000 -28.251400 1
105.925296 124.931736 -31.953345 1
105.573155 133.691066 -36.602674 1
105.288753 142.911905 -38.904428 1
105.051594 167.282126 -37.089931 1
105.400350 174.592964 -36.182164 1
105.721769 193.353825 -37.317692 1
101.091064 153.115465 -38.715169 1
87.851406 155.574123 -38.529121 1
86.985687 149.620321 -35.363137 1
84.464163 132.279051 -26.141773 1
84.204348 125.754869 -22.195895 1
83.682958 112.662294 -14.277397 1
83.682958 112.662294 -14.277397 1
109.042509 153.262171 -39.646284 1
121.804858 157.259882 -41.230247 1
122.993887 151.335953 -38.113544 1
126.457103 134.081672 -29.035702 1
127.447303 127.442307 -25.410687 1
129.434412 114.118584 -18.136089 1
129.434412 114.118584 -18.136089 1
99.529390 116.862773 -28.014216 1
100.448442 114.299574 -10.270234 1
101.586547 111.125449 11.702939 1
104.417535 89.084545 9.801155 1
106.773849 70.739262 8.218244 1
106.076555 63.072687 21.692480 1
106.334303 62.006745 29.177724 1
112.753603 116.843017 -28.874486 1
116.172166 113.970155 -11.486927 1
120.405485 110.412593 10.044655 1
116.306909 88.279903 9.925136 1
112.964309 70.229547 9.827661 1
117.223263 62.764256 22.748512 1
118.826101 61.767558 30.074474 1
106.171400 118.319000 -28.327500 1
105.917310 124.862401 -31.959130 1
105.523500 133.662748 -36.526945 1
105.175442 142.895737 -38.770514 1
104.710569 167.256406 -36.873671 1
105.269293 174.570768 -36.110814 1
105.765792 193.283514 -37.828159 1
100.883250 153.059310 -38.551640 1
87.694322 155.781794 -38.459749 1
86.866178 149.804321 -35.328505 1
84.454094 132.394109 -26.208327 1
84.231042 125.849872 -22.293533 1
83.783427 112.717050 -14.437414 1
83.783427 112.717050 -14.437414 1
108.834066 153.282761 -39.472811 1
121.670970 157.075436 -40.955275 1
122.929857 151.143941 -37.880683 1
126.596544 133.867618 -28.925496 1
127.628742 127.216430 -25.334024 1
129.700128 113.868980 -18.126743 1
129.700128 113.868980 -18.126743 1
99.549194 116.733186 -28.099663 1
100.402072 114.213544 -10.346141 1
101.458228 111.093358 11.638846 1
104.372870 89.059414 9.783346 1
106.798811 70.719923 8.238959 1
106.076416 63.059494 21.715368 1
106.306076 62.020223 29.205276 1
112.772406 116.760855 -28.974984 1
116.352488 113.894190 -11.618938 1
120.785823 110.344303 9.873621 1
116.462732 88.254066 9.843783 1
112.937028 70.238333 9.819448 1
117.233848 62.802460 22.744724 1
118.876549 61.813648 30.062921 1
106.251200 118.222100 -28.353600 1
105.960741 124.794594 -31.929541 1
105.514458 133.629265 -36.425711 1
105.110204 142.876053 -38.602018 1
104.497254 167.220774 -36.548925 1
105.147075 174.546160 -35.991732 1
105.830100 193.187634 -38.313711 1
100.754695 153.010706 -38.306401 1
87.601468 155.901410 -38.238545 1
86.788391 149.892918 -35.163221 1
84.420194 132.392357 -26.205917 1
84.240138 125.841791 -22.299503 1
83.878806 112.696269 -14.460200 1
83.878806 112.696269 -14.460200 1
108.701283 153.290237 -39.248516 1
121.560739 157.049015 -40.617508 1
122.837855 151.092488 -37.599343 1
126.557638 133.743259 -28.808510 1
127.587935 127.061218 -25.274219 1
129.655508 113.651853 -18.181684 1
129.655508 113.651853 -18.181684 1
99.635942 116.608441 -28.119509 1
100.419702 114.119792 -10.358432 1
101.390267 111.037985 11.635912 1
104.367097 89.011196 9.794240 1
106.844799 70.677660 8.261362 1
106.067107 63.020025 21.736282 1
106.259618 62.007415 29.230886 1
112.856274 116.695360 -29.033587 1
116.534678 113.832216 -11.697530 1
121.089767 110.286689 9.770274 1
116.601411 88.229440 9.802233 1
112.940926 70.240610 9.828297 1
117.242876 62.822986 22.762349 1
118.903600 61.839307 30.077169 1
106.356300 118.147600 -28.345000 1
106.024203 124.741550 -31.877554 1
105.520898 133.602613 -36.315387 1
105.064107 142.861160 -38.430446 1
104.348185 167.189068 -36.217596 1
105.012416 174.528105 -35.915369 1
105.824480 193.098886 -38.713459 1
100.662271 152.972642 -38.042089 1
87.535453 155.980250 -37.946621 1
86.735567 149.934106 -34.942455 1
84.405788 132.323879 -26.192409 1
84.268975 125.772827 -22.285055 1
83.994421 112.626330 -14.443869 1
83.994421 112.626330 -14.443869 1
108.601219 153.296417 -39.033172 1
121.461055 157.077967 -40.334197 1
122.730650 151.081105 -37.393732 1
126.428524 133.614395 -28.829210 1
127.402944 126.885407 -25.368916 1
129.358384 113.381831 -18.424878 1
129.358384 113.381831 -18.424878 1
99.749050 116.503407 -28.097609 1
100.484495 114.015690 -10.334335 1
101.395229 110.935037 11.662729 1
104.454126 88.926465 9.739549 1
107.000135 70.608092 8.138829 1
106.110954 62.982208 21.624855 1
106.265201 61.974943 29.121065 1
112.965492 116.654304 -29.058427 1
116.685792 113.796404 -11.730447 1
121.292764 110.257372 9.727356 1
116.699546 88.221750 9.775634 1
112.953541 70.250560 9.815005 1
117.233089 62.839435 22.760210 1
118.890608 61.858387 30.076111 1
106.460600 118.087400 -28.352000 1
106.089672 124.698186 -31.849044 1
105.535492 133.580783 -36.237493 1
105.038738 142.849214 -38.299589 1
104.276714 167.162599 -35.946937 1
104.909676 174.509894 -35.843830 1
105.762837 193.028305 -38.958828 1
100.613107 152.946190 -37.815949 1
87.504853 156.030773 -37.651068 1
86.704828 149.947115 -34.723654 1
84.374645 132.227624 -26.197156 1
84.266143 125.672695 -22.295420 1
84.048405 112.518417 -14.465506 1
84.048405 112.518417 -14.465506 1
108.541834 153.297367 -38.877054 1
121.389291 157.119512 -40.181748 1
122.647569 151.090060 -37.303728 1
126.312485 133.528426 -28.921085 1
127.274168 126.762640 -25.529669 1
129.204048 113.185217 -18.723854 1
129.204048 113.185217 -18.723854 1
99.860815 116.415852 -28.089151 1
100.552497 113.951263 -10.320895 1
101.409039 110.899252 11.682338 1
104.503814 88.897543 9.738141 1
107.079685 70.584883 8.119929 1
106.118092 62.972987 21.608888 1
106.242506 61.967117 29.105840 1
113.072963 116.623946 -29.097171 1
116.793518 113.790220 -11.765276 1
121.400802 110.281121 9.697375 1
116.767189 88.254007 9.763980 1
112.988239 70.289754 9.818299 1
117.215762 62.862290 22.771231 1
118.858026 61.879585 30.090349 1
106.563900 118.032500 -28.377700 1
106.155694 124.658024 -31.842552 1
105.552649 133.556675 -36.191859 1
105.019905 142.830196 -38.221840 1
104.228848 167.136983 -35.811316 1
104.814226 174.488944 -35.805781 1
105.685743 192.978787 -39.081266 1
100.577222 152.916210 -37.670543 1
87.482619 156.052485 -37.418932 1
86.672972 149.938735 -34.557602 1
84.314764 132.131594 -26.223582 1
84.214247 125.564546 -22.342064 1
84.012533 112.385947 -14.552723 1
84.012533 112.385947 -14.552723 1
108.493440 153.287335 -38.814982 1
121.321600 157.154679 -40.175177 1
122.569784 151.104879 -37.335722 1
126.205296 133.483976 -29.065406 1
127.163112 126.696130 -25.717251 1
129.085230 113.074439 -18.998251 1
129.085230 113.074439 -18.998251 1
99.970923 116.337690 -28.093794 1
100.630284 113.890922 -10.321847 1
101.446800 110.860977 11.685956 1
104.550637 88.860876 9.738019 1
107.134050 70.549554 8.116693 1
106.112158 62.952644 21.609667 1
106.212742 61.948322 29.107183 1
113.177770 116.594619 -29.158439 1
116.843392 113.779101 -11.811877 1
121.382652 110.292552 9.668936 1
116.751145 88.265005 9.738871 1
112.973912 70.300399 9.795905 1
117.133276 62.869546 22.768944 1
118.743391 61.886945 30.095215 1
106.663200 117.985400 -28.416300 1
106.221393 124.622947 -31.853912 1
105.571718 133.531972 -36.175175 1
104.999042 142.805522 -38.194120 1
104.160765 167.113025 -35.806874 1
104.717518 174.467180 -35.785681 1
105.572586 192.955653 -39.073208 1
100.531877 152.878572 -37.604936 1
87.448983 156.053916 -37.253856 1
86.626826 149.917420 -34.445267 1
84.232182 132.044033 -26.264865 1
84.126842 125.461021 -22.410611 1
83.915449 112.250388 -14.675984 1
83.915449 112.250388 -14.675984 1
108.433170 153.272473 -38.841212 1
121.243771 157.166266 -40.288642 1
122.494267 151.126032 -37.429903 1
126.136516 133.532994 -29.103420 1
127.141303 126.757173 -25.744691 1
129.157683 113.159613 -19.004473 1
129.157683 113.159613 -19.004473 1
100.076308 116.270848 -28.110532 1
100.713448 113.844189 -10.335017 1
101.502446 110.839148 11.677204 1
104.597219 88.836959 9.738448 1
107.173088 70.523899 8.124765 1
106.102957 62.940371 21.621526 1
106.184745 61.937505 29.119466 1
113.277663 116.569256 -29.231004 1
116.859610 113.771795 -11.864053 1
121.295252 110.307606 9.642009 1
116.706992 88.271028 9.717421 1
112.965031 70.299057 9.778923 1
117.046955 62.865278 22.774863 1
118.617112 61.882452 30.109771 1
106.766700 117.962900 -28.468500 1
106.289282 124.609679 -31.883437 1
105.596294 133.524781 -36.185397 1
104.997554 142.795684 -38.208931 1
104.169114 167.111414 -35.903444 1
104.664942 174.469175 -35.796046 1
105.491565 192.976406 -38.983790 1
100.530158 152.867844 -37.606438 1
87.445437 156.018772 -37.126941 1
86.598001 149.865413 -34.363119 1
84.129726 131.942907 -26.313108 1
84.015108 125.341190 -22.491250 1
83.785096 112.093018 -14.821633 1
83.785096 112.093018 -14.821633 1
108.416498 153.262457 -38.934551 1
121.205301 157.185068 -40.492697 1
122.449514 151.171850 -37.574873 1
126.073462 133.657500 -29.076294 1
127.111435 126.914133 -25.662789 1
129.194413 113.381701 -18.812647 1
129.194413 113.381701 -18.812647 1
100.186507 116.227205 -28.138736 1
100.814486 113.814998 -10.360929 1
101.592142 110.827852 11.654131 1
104.655620 88.821125 9.717179 1
107.205442 70.504288 8.104997 1
106.085808 62.934936 21.605699 1
106.151477 61.933347 29.103969 1
113.381756 116.569591 -29.317058 1
116.846798 113.788607 -11.923762 1
121.137674 110.344823 9.614923 1
116.618872 88.293882 9.685928 1
112.933556 70.310198 9.743835 1
116.918783 62.874269 22.768525 1
118.436026 61.891341 30.114547 1
106.878200 117.939900 -28.522900 1
106.363119 124.593388 -31.919250 1
105.618174 133.511465 -36.206332 1
104.974486 142.777879 -38.236619 1
104.083115 167.098943 -36.012290 1
104.582755 174.453541 -35.779345 1
105.406810 192.986209 -38.816415 1
100.477306 152.835965 -37.620736 1
87.421986 156.099294 -37.093981 1
86.577417 149.930995 -34.362775 1
84.117493 131.964977 -26.407762 1
84.016797 125.356792 -22.596705 1
83.814723 112.095640 -14.948764 1
83.814723 112.095640 -14.948764 1
108.346524 153.254180 -39.040060 1
121.114489 157.219302 -40.660257 1
122.355250 151.224061 -37.704221 1
125.969144 133.762071 -29.094345 1
126.994372 127.040132 -25.635032 1
129.051772 113.550701 -18.692963 1
129.051772 113.550701 -18.692963 1
100.305387 116.181451 -28.167485 1
100.929672 113.794715 -10.386111 1
101.702753 110.839112 11.633368 1
104.725554 88.825326 9.712784 1
107.241519 70.502614 8.114226 1
106.089553 62.940284 21.616143 1
106.143052 61.939347 29.114596 1
113.493919 116.570757 -29.404967 1
116.842398 113.816301 -11.984641 1
120.988931 110.405366 9.587518 1
116.557563 88.336725 9.669197 1
112.943554 70.338606 9.735810 1
116.818588 62.882076 22.781956 1
118.282270 61.896006 30.138417 1
107.007600 117.910200 -28.550200 1
106.455224 124.566048 -31.936047 1
105.665112 133.482915 -36.217558 1
104.997532 142.744784 -38.260826 1
104.129237 167.074679 -36.125739 1
104.562591 174.427707 -35.752646 1
105.387520 192.986034 -38.628522 1
100.506949 152.805438 -37.638773 1
87.456751 156.075605 -37.033386 1
86.595568 149.904349 -34.314075 1
84.087257 131.929716 -26.393708 1
84.020864 125.313453 -22.595938 1
83.887629 112.036090 -14.974660 1
83.887629 112.036090 -14.974660 1
108.360934 153.217630 -39.141769 1
121.100711 157.251348 -40.813700 1
122.317999 151.277233 -37.805592 1
125.863522 133.876775 -29.044049 1
126.877069 127.180347 -25.532216 1
128.911030 113.742110 -18.484750 1
128.911030 113.742110 -18.484750 1
100.442464 116.128543 -28.169385 1
101.052065 113.756878 -10.385484 1
101.806962 110.819939 11.637122 1
104.807733 88.803067 9.717369 1
107.305361 70.477786 8.119502 1
106.114371 62.919672 21.620395 1
106.151916 61.918763 29.118949 1
113.624251 116.565085 -29.461748 1
116.858816 113.809319 -12.020117 1
120.864284 110.396761 9.578422 1
116.489540 88.316808 9.655144 1
112.921711 70.309463 9.717714 1
116.710368 62.860536 22.793539 1
118.123327 61.875617 30.160064 1
107.100400 117.900000 -28.535200 1
106.514812 124.555959 -31.915244 1
105.685817 133.470051 -36.195180 1
104.998857 142.727652 -38.251326 1
104.157384 167.065181 -36.193922 1
104.531661 174.412814 -35.677951 1
105.358912 192.996030 -38.387633 1
100.517141 152.791894 -37.623398 1
87.462744 156.031099 -36.946327 1
86.587420 149.850763 -34.252269 1
84.037920 131.849685 -26.405453 1
83.991588 125.245349 -22.586684 1
83.898611 111.991920 -14.923267 1
83.898611 111.991920 -14.923267 1
108.357094 153.196240 -39.199980 1
121.076321 157.282384 -40.900821 1
122.265615 151.330736 -37.837485 1
125.729602 133.995718 -28.915085 1
126.763214 127.325475 -25.359540 1
128.837438 113.939785 -18.224354 1
128.837438 113.939785 -18.224354 1
100.542306 116.097606 -28.131335 1
101.120500 113.735375 -10.345130 1
101.836504 110.810117 11.680330 1
104.834807 88.793305 9.756036 1
107.330381 70.468074 8.154390 1
106.088857 62.919524 21.656081 1
106.104807 61.919114 29.154778 1
113.717837 116.576093 -29.471747 1
116.874219 113.814118 -12.016780 1
120.782872 110.393873 9.598275 1
116.415492 88.312382 9.646763 1
112.853669 70.303783 9.686308 1
116.586818 62.861271 22.781737 1
117.963823 61.875934 30.155012 1
107.193900 117.883400 -28.522700 1
106.580361 124.539740 -31.897030 1
105.721606 133.453478 -36.171834 1
105.025683 142.710088 -38.229423 1
104.237377 167.051668 -36.199056 1
104.536515 174.393371 -35.563494 1
105.392367 193.000324 -38.095576 1
100.564368 152.782086 -37.580909 1
87.497815 155.954457 -36.826307 1
86.603061 149.761186 -34.168583 1
83.996966 131.722431 -26.427597 1
83.952476 125.125039 -22.596822 1
83.863195 111.885545 -14.909311 1
83.863195 111.885545 -14.909311 1
108.392584 153.172175 -39.218233 1
121.082737 157.342173 -40.932675 1
122.247265 151.406795 -37.828530 1
125.639119 134.119165 -28.787267 1
126.719872 127.466505 -25.212844 1
128.888698 114.116103 -18.039774 1
128.888698 114.116103 -18.039774 1
100.641854 116.063484 -28.099697 1
101.165473 113.698796 -10.312128 1
101.813893 110.770495 11.715021 1
104.842615 88.759459 9.772383 1
107.363508 70.439035 8.155468 1
106.053122 62.911689 21.662487 1
106.040245 61.914462 29.161615 1
113.811886 116.577489 -29.480395 1
116.950552 113.807300 -12.023535 1
120.837266 110.376883 9.593864 1
116.426387 88.304032 9.638446 1
112.829089 70.302478 9.674804 1
116.533647 62.865551 22.781520 1
117.896494 61.882708 30.157758 1
107.270300 117.866800 -28.512700 1
106.635261 124.523732 -31.881880 1
105.752566 133.438729 -36.149176 1
105.048090 142.696605 -38.198141 1
104.296273 167.037637 -36.147459 1
104.546648 174.376826 -35.463625 1
105.426671 193.005464 -37.822025 1
100.600779 152.772565 -37.515874 1
87.527377 155.900287 -36.696306 1
86.623096 149.688589 -34.085218 1
83.989255 131.596165 -26.480067 1
83.935655 124.999268 -22.648555 1
83.828094 111.760769 -14.959566 1
83.828094 111.760769 -14.959566 1
108.419195 153.156011 -39.200897 1
121.062280 157.461755 -40.927499 1
122.211474 151.536756 -37.797915 1
125.558666 134.279356 -28.682558 1
126.644266 127.637927 -25.088773 1
128.822820 114.310061 -17.876847 1
128.822820 114.310061 -17.876847 1
100.722943 116.033615 -28.074660 1
101.162196 113.667820 -10.284955 1
101.706142 110.738149 11.744839 1
104.805571 88.738181 9.788391 1
107.385316 70.426970 8.159982 1
106.001371 62.911931 21.666518 1
105.950292 61.916790 29.165760 1
113.888507 116.574586 -29.487299 1
117.065121 113.795072 -12.038788 1
120.998826 110.353108 9.568273 1
116.502021 88.297612 9.617812 1
112.834646 70.310213 9.658213 1
116.539448 62.873853 22.765182 1
117.908580 61.891842 30.140366 1
107.321500 117.855900 -28.508900 1
106.673799 124.513531 -31.874287 1
105.775568 133.432014 -36.131042 1
105.064072 142.694002 -38.158893 1
104.330202 167.028776 -36.028977 1
104.544647 174.369687 -35.351437 1
105.501185 193.010743 -37.578252 1
100.623547 152.769471 -37.426988 1
87.544041 155.854566 -36.545578 1
86.632719 149.626616 -33.975985 1
83.978371 131.486851 -26.491690 1
83.914829 124.873792 -22.688295 1
83.787316 111.602859 -15.055730 1
83.787316 111.602859 -15.055730 1
108.435192 153.155210 -39.142615 1
121.030604 157.601987 -40.860155 1
122.170914 151.667018 -37.746251 1
125.492228 134.380581 -28.676563 1
126.539707 127.728145 -25.091833 1
128.641758 114.378192 -17.898078 1
128.641758 114.378192 -17.898078 1
100.776865 116.015337 -28.061233 1
101.133986 113.623944 -10.273112 1
101.576225 110.662574 11.754720 1
104.780449 88.679785 9.774141 1
107.447418 70.382873 8.125647 1
105.990216 62.899766 21.642204 1
105.905373 61.909784 29.141822 1
113.939567 116.571368 -29.494544 1
117.184253 113.780772 -12.060333 1
121.202254 110.325084 9.529019 1
116.607714 88.289818 9.605506 1
112.860630 70.318917 9.667884 1
116.585533 62.890130 22.773450 1
117.973715 61.910884 30.145441 1
