71 35
102.073000 152.371700 48.417990 1
102.050682 161.199391 48.679991 1
101.949249 171.955704 48.026887 1
101.776555 182.263594 47.442252 1
101.191264 208.790831 48.069788 1
101.676762 215.852088 51.819134 1
102.140913 236.220809 50.526118 1
97.156329 193.295171 46.681805 1
83.826195 199.313130 46.606022 1
83.325626 192.450504 49.283408 1
81.867646 172.462133 57.081672 1
83.402024 164.992392 60.321300 1
86.481179 150.002279 66.822515 1
86.481179 150.002279 66.822515 1
105.847111 193.492220 46.457878 1
118.700299 200.216980 44.590477 1
119.870909 193.200137 46.567388 1
123.280486 172.762587 52.325423 1
122.824008 165.046348 55.308342 1
121.907961 149.561566 61.294399 1
121.907961 149.561566 61.294399 1
94.228568 150.878154 47.518574 1
93.914017 131.399826 48.284011 1
93.524494 107.278885 49.231887 1
93.482805 83.220516 46.424065 1
93.448104 63.195961 44.087024 1
91.939592 55.538332 59.024073 1
92.234292 54.444120 67.161462 1
109.849893 150.933191 46.994836 1
110.786420 131.493923 48.148867 1
111.946157 107.421576 49.577944 1
112.340155 83.122948 46.930530 1
112.661479 63.306211 44.771431 1
114.834153 55.824356 59.715718 1
114.880571 54.737426 67.859334 1
102.020400 152.362700 47.950890 1
102.015171 161.188657 48.266676 1
101.928769 171.949808 47.696344 1
101.761690 182.263544 47.223956 1
101.175121 208.779294 48.224761 1
101.713083 215.781542 52.076224 1
102.225139 236.165871 51.081711 1
97.137318 193.303839 46.634443 1
83.830714 199.373699 46.705967 1
83.348130 192.491443 49.335847 1
81.942535 172.445896 56.995741 1
83.502274 164.950507 60.163214 1
86.632326 149.908924 66.519631 1
86.632326 149.908924 66.519631 1
105.827221 193.505589 46.382322 1
118.707556 200.204491 44.611534 1
119.870185 193.175420 46.549328 1
123.256515 172.702254 52.193429 1
122.787904 164.970262 55.133365 1
121.847507 149.453867 61.033164 1
121.847507 149.453867 61.033164 1
94.171271 150.889245 47.059349 1
93.869259 131.415380 47.935416 1
93.495265 107.299967 49.020292 1
93.458475 83.227118 46.339375 1
93.427853 63.190511 44.107960 1
91.991183 55.535400 59.053380 1
92.322905 54.443053 67.189594 1
109.791510 150.918434 46.502205 1
110.752324 131.492170 47.840531 1
111.942136 107.435927 49.497827 1
112.336383 83.131286 46.906227 1
112.657911 63.309646 44.792648 1
114.877542 55.881165 59.756647 1
114.952950 54.800892 67.900932 1
101.955500 152.335700 47.341890 1
101.978601 161.158416 47.737377 1
101.918249 171.925396 47.286150 1
101.761802 182.245264 46.969811 1
101.171581 208.736860 48.479001 1
101.767638 215.676222 52.434330 1
102.332246 236.076044 51.886084 1
97.132841 193.293364 46.605583 1
83.891492 199.500445 46.835494 1
83.443132 192.588106 49.391494 1
82.137220 172.454937 56.836207 1
83.723895 164.922238 59.900099 1
86.908001 149.805782 66.048651 1
86.908001 149.805782 66.048651 1
105.821877 193.502610 46.330737 1
118.707649 200.214307 44.650254 1
119.853103 193.170010 46.542449 1
123.189407 172.652494 52.053732 1
122.705896 164.896375 54.926948 1
121.735598 149.331565 60.692855 1
121.735598 149.331565 60.692855 1
94.100362 150.895005 46.449733 1
93.821366 131.427570 47.465241 1
93.475872 107.320120 48.722793 1
93.445922 83.228059 46.220298 1
93.420992 63.175463 44.137390 1
92.077779 55.521316 59.091994 1
92.458059 54.436725 67.227121 1
109.719714 150.880199 45.867696 1
110.712599 131.471369 47.418668 1
111.942127 107.436715 49.339291 1
112.351006 83.123385 46.832867 1
112.684467 63.294657 44.788754 1
114.945724 55.942266 59.784067 1
115.040787 54.903976 67.933605 1
101.880800 152.278700 46.602590 1
101.936953 161.096305 47.096505 1
101.907942 171.868630 46.794369 1
101.768487 182.192913 46.676243 1
101.197227 208.639879 48.835478 1
101.825742 215.489672 52.939131 1
102.451093 235.894975 53.007244 1
97.142996 193.248227 46.603233 1
83.938952 199.526439 46.992173 1
83.519046 192.583625 49.469189 1
82.296011 172.361694 56.683849 1
83.917301 164.793683 59.640732 1
87.170871 149.606363 65.574539 1
87.170871 149.606363 65.574539 1
105.830799 193.461107 46.294306 1
118.712271 200.212937 44.746889 1
119.836199 193.145535 46.564363 1
123.109804 172.560725 51.858014 1
122.585977 164.784675 54.669629 1
121.534776 149.179867 60.311916 1
121.534776 149.179867 60.311916 1
94.018508 150.876527 45.712076 1
93.751503 131.412414 46.792432 1
93.420858 107.309079 48.130287 1
93.514681 83.174874 46.075518 1
93.592772 63.087198 44.365267 1
92.363136 55.503821 59.365625 1
92.784485 54.440935 67.501593 1
109.636378 150.811645 45.094775 1
110.667059 131.431773 46.952801 1
111.943391 107.432978 49.253660 1
112.358418 83.114901 46.794750 1
112.696892 63.282302 44.789387 1
115.008219 56.031104 59.826283 1
115.128504 55.047002 67.982209 1
101.804700 152.233700 45.717790 1
101.901353 161.043283 46.333561 1
101.912680 171.819233 46.215744 1
101.797742 182.143722 46.341975 1
101.263065 208.514116 49.299526 1
101.887833 215.230578 53.618491 1
102.672492 235.617359 54.350327 1
97.182757 193.200044 46.625025 1
84.031125 199.569447 47.240908 1
83.640914 192.587545 49.610588 1
82.504370 172.251767 56.512616 1
84.175529 164.637704 59.319715 1
87.529175 149.357969 64.952941 1
87.529175 149.357969 64.952941 1
105.869123 193.414941 46.279290 1
118.721349 200.259423 44.905466 1
119.809118 193.161681 46.624018 1
122.977408 172.488504 51.629544 1
122.388384 164.690528 54.366540 1
121.206346 149.041718 59.859082 1
121.206346 149.041718 59.859082 1
93.934614 150.879136 44.822439 1
93.681413 131.426831 46.100651 1
93.367862 107.338116 47.683522 1
93.499496 83.184930 45.867751 1
93.609058 63.081456 44.356426 1
92.491285 55.570849 59.402080 1
92.959488 54.491297 67.533291 1
109.550912 150.753022 44.175541 1
110.619746 131.407535 46.344360 1
111.943323 107.451322 49.030084 1
112.370303 83.122847 46.678412 1
112.718525 63.281768 44.760507 1
115.071489 56.151377 59.848629 1
115.212127 55.231870 68.011764 1
101.730100 152.164700 44.679790 1
101.870436 160.960275 45.464287 1
101.926500 171.736006 45.589162 1
101.838535 182.052660 46.017087 1
101.336085 208.300383 49.920322 1
101.995097 214.856469 54.474231 1
102.916920 235.170313 56.282575 1
97.235289 193.096054 46.705587 1
84.147143 199.561168 47.609327 1
83.800144 192.530912 49.838607 1
82.789461 172.054293 56.331698 1
84.497841 164.382189 58.952152 1
87.926180 148.985977 64.210822 1
87.926180 148.985977 64.210822 1
105.921210 193.315010 46.351303 1
118.755291 200.239846 45.234599 1
119.800434 193.102466 46.809426 1
122.844570 172.313836 51.396331 1
122.154739 164.491478 54.038562 1
120.770401 148.793742 59.340935 1
120.770401 148.793742 59.340935 1
93.853065 150.866299 43.762609 1
93.602968 131.432471 45.296853 1
93.293262 107.366638 47.196779 1
93.444053 83.200459 45.564671 1
93.569559 63.086170 44.206214 1
92.552144 55.650916 59.296350 1
93.068180 54.597979 67.428156 1
109.468285 150.675760 43.105528 1
110.575294 131.375315 45.627705 1
111.946145 107.474878 48.751006 1
112.380556 83.132704 46.547095 1
112.734838 63.280454 44.749696 1
115.101752 56.284822 59.898597 1
115.248816 55.437685 68.069447 1
101.663400 152.037700 43.371290 1
101.841938 160.810681 44.371388 1
101.939836 171.578263 44.801152 1
101.879487 181.873155 45.598511 1
101.419506 207.927643 50.636639 1
102.113543 214.258660 55.493716 1
103.256988 234.413582 58.534067 1
97.292510 192.882265 46.773067 1
84.282052 199.441949 48.042937 1
83.967604 192.360841 50.110212 1
83.051726 171.736109 56.131444 1
84.819603 164.003762 58.525594 1
88.367339 148.486657 63.330121 1
88.367339 148.486657 63.330121 1
105.978111 193.105146 46.413444 1
118.823394 200.052254 45.606947 1
119.819216 192.871172 47.005158 1
122.719700 171.955253 51.077646 1
121.919423 164.108995 53.615819 1
120.313448 148.363296 58.709371 1
120.313448 148.363296 58.709371 1
93.781043 150.796680 42.420994 1
93.525360 131.419224 44.551480 1
93.208735 107.423200 47.189761 1
93.350317 83.250632 45.654295 1
93.468159 63.131026 44.376275 1
92.527981 55.744228 59.495191 1
93.085700 54.718603 67.627736 1
109.395479 150.553981 41.762475 1
110.530428 131.319198 44.733848 1
111.935878 107.500074 48.413404 1
112.372314 83.143106 46.379927 1
112.728249 63.278791 44.721526 1
115.073601 56.421188 59.936747 1
115.209604 55.648582 68.115172 1
101.738500 151.751700 41.809090 1
101.940327 160.489906 43.074115 1
102.061611 171.235258 43.885170 1
102.019672 181.482907 45.153298 1
101.617819 207.214143 51.647347 1
102.307536 213.256913 56.859244 1
103.690879 233.132575 61.310823 1
97.448419 192.408315 46.986205 1
84.501240 198.983809 48.731910 1
84.201090 191.835832 50.556992 1
83.326858 171.016333 55.872801 1
85.126150 163.197993 57.942255 1
88.736929 147.508319 62.095189 1
88.736929 147.508319 62.095189 1
106.130314 192.652138 46.557350 1
118.986600 199.614539 46.163764 1
119.911525 192.383780 47.336466 1
122.605509 171.323169 50.752124 1
121.655440 163.445740 53.137498 1
119.748863 147.637487 57.924416 1
119.748863 147.637487 57.924416 1
93.850174 150.557139 40.848841 1
93.495175 131.269372 43.667732 1
93.055563 107.384413 47.158499 1
93.323168 83.201561 45.813586 1
93.545903 63.073395 44.694170 1
92.658659 55.737418 59.841005 1
93.229029 54.741191 67.976326 1
109.461698 150.300722 40.129321 1
110.588180 131.189750 43.816570 1
111.983144 107.523944 48.382622 1
112.407529 83.162322 46.403075 1
112.753634 63.294209 44.788657 1
115.067284 56.523723 60.047683 1
115.188953 55.798925 68.230709 1
101.761900 151.104700 39.816290 1
102.000297 159.774231 41.483521 1
102.163671 170.464460 42.835347 1
102.165302 180.619784 44.704462 1
101.891867 205.857466 52.915147 1
102.602812 211.572604 58.481691 1
104.216381 230.977723 64.614378 1
97.644485 191.413365 47.289280 1
84.849392 198.110902 49.600693 1
84.558124 190.896188 51.142658 1
83.709762 169.882309 55.633847 1
85.536700 162.003707 57.432863 1
89.202958 146.193099 61.043088 1
89.202958 146.193099 61.043088 1
106.325234 191.654723 46.836493 1
119.201129 198.591030 46.950585 1
120.039394 191.309281 47.838300 1
122.480970 170.100155 50.423895 1
121.414573 162.198914 52.677717 1
119.274552 146.342874 57.200636 1
119.274552 146.342874 57.200636 1
93.866024 149.983779 38.829668 1
93.356028 130.926148 42.908484 1
92.724475 107.326178 47.959476 1
93.202902 83.165453 46.309862 1
93.601110 63.055705 44.936833 1
92.687135 55.493584 59.970440 1
93.207075 54.455375 68.103891 1
109.473984 149.705693 38.043923 1
110.674994 130.842312 42.821415 1
112.162249 107.483106 48.737555 1
112.457836 83.119701 46.756525 1
112.698901 63.250135 45.140896 1
115.044131 56.502849 60.405377 1
115.198410 55.796481 68.589465 1
101.796200 150.092900 37.786690 1
102.038432 158.677734 39.845624 1
102.207577 169.283728 41.748098 1
102.223590 179.297968 44.265824 1
102.024244 203.831207 54.390602 1
102.795119 209.198604 60.285638 1
104.723896 227.861427 68.332436 1
97.728848 189.863428 47.699309 1
85.217979 196.844725 50.641020 1
84.970035 189.564396 51.845153 1
84.247860 168.359406 55.352358 1
86.155729 160.459944 56.966375 1
89.984399 144.607473 60.205349 1
89.984399 144.607473 60.205349 1
106.406873 190.134817 47.212571 1
119.274132 197.062105 47.812865 1
120.033635 189.744180 48.433942 1
122.245802 168.429689 50.242918 1
121.074945 160.498660 52.334427 1
118.725298 144.582845 56.531623 1
118.725298 144.582845 56.531623 1
93.897587 149.015946 36.773363 1
93.347166 130.317507 42.264770 1
92.665552 107.162341 49.065040 1
93.195732 83.037270 46.969668 1
93.637016 62.957197 45.225621 1
92.581185 55.386276 60.245499 1
93.061877 54.453473 68.394122 1
109.503195 148.777912 35.929871 1
110.852462 130.317296 42.051894 1
112.523309 107.456849 49.633013 1
112.726535 83.115529 47.386648 1
112.892275 63.263973 45.554625 1
115.306430 56.349976 60.733520 1
115.507934 55.557861 68.908727 1
101.894800 148.763900 35.870490 1
102.166089 157.258122 38.272959 1
102.359579 167.760363 40.681406 1
102.406061 177.595483 43.826633 1
102.347312 201.261015 55.842033 1
103.086327 206.249054 62.065213 1
105.514883 223.807218 72.193644 1
97.954942 187.843580 48.160744 1
85.656288 194.899758 51.747871 1
85.400279 187.565488 52.558761 1
84.654616 166.203387 54.920593 1
86.698603 158.311638 56.400101 1
90.800431 142.474648 59.369145 1
90.800431 142.474648 59.369145 1
106.621447 188.183985 47.532657 1
119.431540 195.154851 48.638357 1
120.129066 187.813597 49.004489 1
122.160717 166.431156 50.070900 1
120.852841 158.497964 52.071014 1
118.228225 142.577808 56.084801 1
118.228225 142.577808 56.084801 1
93.983294 147.726607 34.918203 1
93.280120 129.508279 41.823865 1
92.409345 106.947656 50.375475 1
93.174223 82.875079 47.803178 1
93.810855 62.838698 45.662172 1
92.736150 55.407071 60.750123 1
93.201783 54.466494 68.898727 1
109.576407 147.527710 33.860640 1
111.168202 129.585620 41.319970 1
113.139381 107.367282 50.557125 1
113.223321 83.042592 48.130244 1
113.291778 63.204599 46.151002 1
115.964581 56.085850 61.191277 1
116.316895 55.187159 69.350338 1
101.881600 147.416600 34.067590 1
102.233801 155.824334 36.747745 1
102.512572 166.213336 39.598366 1
102.641388 175.837507 43.337744 1
102.830979 198.471247 57.198067 1
103.436804 202.901168 63.843624 1
106.426143 219.230160 75.726383 1
98.283247 185.708793 48.551646 1
85.972153 192.393090 52.755354 1
85.654237 185.028634 53.177642 1
84.728262 163.578614 54.407615 1
86.943003 155.723178 55.833649 1
91.387498 139.959060 58.695382 1
91.387498 139.959060 58.695382 1
106.937924 186.096553 47.800056 1
119.645223 193.130903 49.519502 1
120.262012 185.773744 49.599438 1
122.058504 164.344978 49.832264 1
120.579997 156.439023 51.821338 1
117.612963 140.573523 55.812969 1
117.612963 140.573523 55.812969 1
93.950961 146.447944 33.206537 1
93.022579 128.679726 41.176395 1
91.872921 106.676496 51.045850 1
93.007834 82.642331 48.259879 1
93.952457 62.637922 45.941025 1
92.858739 55.391026 61.117211 1
93.311241 54.450230 69.266529 1
109.524375 146.213253 31.896256 1
111.413368 128.867107 40.593206 1
113.752578 107.386748 51.362952 1
113.780459 83.085445 48.710921 1
113.803197 63.266527 46.548058 1
116.836970 55.946104 61.422128 1
117.387469 54.938141 69.557423 1
101.885900 145.905700 32.344590 1
102.239344 154.205274 35.342824 1
102.522261 164.453919 38.662515 1
102.654426 173.835441 42.974568 1
102.844604 195.366016 58.493229 1
103.633250 199.205654 65.478204 1
107.118761 214.162964 78.928193 1
98.299521 183.298786 48.899123 1
86.124422 189.667573 53.911065 1
85.792369 182.291881 53.970215 1
84.825217 160.809130 54.142497 1
87.220342 153.004804 55.557556 1
92.026828 137.343252 58.397265 1
92.026828 137.343252 58.397265 1
106.957633 183.720565 48.207844 1
119.745493 190.501494 50.306341 1
120.291025 183.139788 50.157070 1
121.879973 161.697777 49.722300 1
120.276610 153.794443 51.623109 1
117.059019 137.934205 55.437610 1
117.059019 137.934205 55.437610 1
93.956796 144.979969 31.424225 1
92.685956 127.865405 40.674457 1
91.112214 106.671628 52.129460 1
92.299573 82.689556 48.944936 1
93.287849 62.728507 46.294354 1
91.972121 55.334420 61.381656 1
92.306899 54.393788 69.536677 1
109.533763 144.776379 30.151516 1
111.629250 127.970036 39.808109 1
114.224169 107.158135 51.766215 1
113.998321 82.832891 49.353983 1
113.814130 62.994447 47.386688 1
116.904898 55.666170 62.245149 1
117.520660 54.669538 70.377160 1
101.919600 144.000300 30.889590 1
102.243029 152.186006 34.189117 1
102.502847 162.286780 37.936379 1
102.624840 171.426434 42.740132 1
102.810089 191.917081 59.608142 1
103.780443 195.236203 66.832856 1
107.594979 208.766422 81.636727 1
98.272722 180.507987 49.236664 1
86.262701 186.710466 54.822600 1
85.956454 179.336732 54.601590 1
85.064463 157.859684 53.957865 1
87.619423 150.111630 55.402293 1
92.746661 134.563004 58.300939 1
92.746661 134.563004 58.300939 1
106.935947 180.938420 48.618648 1
119.720530 187.618778 51.035521 1
120.230701 180.264338 50.627427 1
121.716653 158.843490 49.438797 1
120.016472 150.966949 51.366494 1
116.604588 135.160478 55.234954 1
116.604588 135.160478 55.234954 1
93.998875 143.105487 29.871667 1
92.391395 126.719611 40.312415 1
90.400777 106.428202 53.241689 1
92.022998 82.518992 49.719078 1
93.373224 62.618587 46.787094 1
91.714676 55.372153 61.912198 1
91.863254 54.430092 70.072571 1
109.585817 142.954033 28.719524 1
111.857828 126.853876 39.476705 1
114.671343 106.916470 52.797707 1
114.102325 82.636507 50.014372 1
113.638262 62.834992 47.744424 1
116.729238 55.341726 62.520323 1
117.387589 54.398721 70.655393 1
101.981500 141.955900 29.546990 1
102.299365 150.007918 33.161024 1
102.555347 159.942791 37.328502 1
102.677906 168.839510 42.568501 1
102.868656 188.375364 60.533597 1
103.946938 191.217588 67.943977 1
108.067205 203.084880 84.036300 1
98.329894 177.559289 49.545657 1
86.462905 183.543096 55.651610 1
86.132890 176.183108 55.165534 1
85.171672 154.746101 53.749768 1
87.892010 147.070893 55.278649 1
93.351125 131.668453 58.346772 1
93.351125 131.668453 58.346772 1
106.994853 178.007757 48.965975 1
119.785233 184.553248 51.700339 1
120.296642 177.224983 50.958992 1
121.786202 155.880374 48.799713 1
119.937594 148.084615 50.910478 1
116.227849 132.440257 55.146316 1
116.227849 132.440257 55.146316 1
94.062341 141.100787 28.483763 1
92.183201 125.532990 40.068350 1
89.856173 106.254647 54.414095 1
91.846061 82.446199 50.428006 1
93.502307 62.629662 47.110255 1
91.626989 55.386415 62.211543 1
91.658333 54.446138 70.373414 1
109.650947 140.994641 27.349193 1
112.094543 125.758684 39.265084 1
115.120537 106.891448 54.020961 1
114.415127 82.716016 50.465928 1
113.839828 62.999752 47.566622 1
117.050449 55.391146 62.257823 1
117.775083 54.446280 70.387041 1
101.996100 139.630400 28.361490 1
102.349541 147.526979 32.300575 1
102.645939 157.277079 36.881275 1
102.807816 165.932149 42.510463 1
103.107432 184.607450 61.367134 1
104.099661 187.021933 68.939479 1
108.286753 198.177477 85.516397 1
98.503498 174.320798 49.908022 1
86.663517 180.056389 56.298005 1
86.273126 172.717510 55.588748 1
85.136056 151.341983 53.522936 1
87.998890 143.748260 55.192090 1
93.743965 128.509342 58.541713 1
93.743965 128.509342 58.541713 1
107.166135 174.787381 49.308285 1
119.928270 181.246104 52.362273 1
120.451757 173.959533 51.291549 1
121.976496 152.736364 48.172915 1
119.913591 145.077260 50.566462 1
115.773798 129.707135 55.369780 1
115.773798 129.707135 55.369780 1
94.069842 138.834904 27.304906 1
92.029354 124.194011 40.015955 1
89.502520 106.063497 55.756652 1
91.747554 82.368759 51.261102 1
93.616166 62.646866 47.519310 1
91.679239 55.402819 62.612436 1
91.677299 54.462101 70.774316 1
109.652240 138.745125 26.086726 1
112.237985 124.433864 39.071168 1
115.440008 106.711712 55.150270 1
114.507754 82.614822 51.143006 1
113.747453 62.962613 47.874882 1
117.125441 55.400347 62.552474 1
117.943797 54.460374 70.673360 1
101.936700 137.248400 27.385290 1
102.320521 145.030708 31.542890 1
102.650767 154.637537 36.414734 1
102.839582 163.093014 42.338708 1
103.191197 181.021667 61.905785 1
104.207539 183.056707 69.585649 1
108.445342 193.208078 86.783405 1
98.557852 171.196882 50.059756 1
86.887261 176.805007 56.861246 1
86.419879 169.495448 55.930389 1
85.058561 148.205320 53.219135 1
88.070494 140.712322 55.071101 1
94.114774 125.675538 58.787587 1
94.114774 125.675538 58.787587 1
107.220990 171.668887 49.471599 1
120.012788 177.955613 52.751994 1
120.582466 170.715475 51.421407 1
122.241741 149.627546 47.545884 1
119.980988 142.128801 50.248539 1
115.444159 127.080482 55.672169 1
115.444159 127.080482 55.672169 1
94.005972 136.504032 26.325001 1
91.822572 122.798718 40.017599 1
89.118765 105.826776 56.973795 1
91.587404 82.258766 51.959269 1
93.642130 62.642353 47.785516 1
91.583803 55.398272 62.862549 1
91.516279 54.457501 71.024144 1
109.585333 136.406586 25.069148 1
112.319479 123.043629 38.999325 1
115.705272 106.495796 56.249565 1
114.610700 82.499547 51.714226 1
113.718022 62.929415 48.015432 1
117.269372 55.396384 62.667112 1
118.182589 54.456099 70.777842 1
101.929000 134.719600 26.558390 1
102.329291 142.391048 30.915673 1
102.674634 151.863337 36.043206 1
102.883060 160.145527 42.206493 1
103.319690 177.471051 62.307892 1
104.294125 179.228904 70.061283 1
108.580220 188.266439 87.858038 1
98.630519 167.990226 50.206309 1
87.051418 173.467357 57.266017 1
86.443008 166.196790 56.133196 1
84.670926 145.020231 52.833694 1
87.815735 137.646412 54.927372 1
94.126670 122.848791 59.128922 1
94.126670 122.848791 59.128922 1
107.286236 168.520474 49.561270 1
119.986614 174.850498 53.103195 1
120.607534 167.652743 51.579585 1
122.416059 146.688263 47.141856 1
119.970422 139.349447 50.109541 1
115.062573 124.622069 56.065029 1
115.062573 124.622069 56.065029 1
93.992358 133.989644 25.532900 1
91.757295 121.294372 40.159064 1
88.989510 105.573212 58.271338 1
91.463737 82.127554 52.715255 1
93.523113 62.612979 48.090746 1
91.411805 55.368841 63.160424 1
91.315652 54.428019 71.321726 1
109.562897 133.951825 24.169061 1
112.429847 121.582651 38.963592 1
115.980097 106.265454 57.284191 1
114.766237 82.359423 52.322780 1
113.776274 62.862869 48.276503 1
117.492155 55.370810 62.908373 1
118.495346 54.430373 71.008450 1
101.887200 132.015600 25.820390 1
102.312987 139.593107 30.336734 1
102.686715 148.952005 35.666505 1
102.926934 157.091976 42.015314 1
103.472044 173.934734 62.520315 1
104.403861 175.433381 70.333152 1
108.776706 183.403746 88.612201 1
98.715428 164.732890 50.231160 1
87.250370 170.178489 57.498341 1
86.432292 162.957932 56.191092 1
84.049523 141.927035 52.383545 1
87.366248 134.725204 54.787604 1
94.022179 120.272728 59.612019 1
94.022179 120.272728 59.612019 1
107.364796 165.300617 49.534893 1
119.977470 171.667266 53.316462 1
120.642728 164.508485 51.636020 1
122.580396 143.657520 46.741499 1
119.979882 136.480095 49.961503 1
114.761230 122.076594 56.423338 1
114.761230 122.076594 56.423338 1
93.944360 131.303807 24.830747 1
91.724453 119.714999 40.350465 1
88.975436 105.364027 59.569270 1
91.467909 82.046409 53.505690 1
93.542473 62.638405 48.458776 1
91.402561 55.394266 63.524418 1
91.290740 54.453505 71.685527 1
109.505798 131.302274 23.366236 1
112.568109 120.019048 38.967681 1
116.360279 106.046621 58.287512 1
114.916471 82.256914 52.851280 1
113.738973 62.855227 48.417763 1
117.692310 55.393686 63.002923 1
118.825570 54.453126 71.085813 1
101.915300 129.189300 25.198490 1
102.311009 136.714666 29.803872 1
102.651341 146.005262 35.254020 1
102.880335 154.048324 41.725567 1
103.464687 170.531468 62.519682 1
104.347156 171.780517 70.381983 1
108.876740 178.797948 89.010205 1
98.680815 161.525502 50.096727 1
87.317024 166.953671 57.534015 1
86.266960 159.793327 56.070652 1
83.208499 138.937809 51.808398 1
86.806968 131.978042 54.502686 1
94.028298 118.011333 59.909525 1
94.028298 118.011333 59.909525 1
107.323732 162.143413 49.364037 1
119.930681 168.466899 53.236038 1
120.660857 161.346526 51.424483 1
122.787606 140.607431 46.148072 1
120.029508 133.657363 49.716821 1
114.494618 119.710116 56.878508 1
114.494618 119.710116 56.878508 1
93.973201 128.438177 24.232248 1
91.641776 118.021611 40.546344 1
88.754662 105.122282 60.748865 1
91.488829 81.950144 54.247549 1
93.764563 62.663229 48.836293 1
91.404703 55.419282 63.869145 1
91.173676 54.478606 72.027760 1
109.528208 128.554661 22.705377 1
112.727486 118.395130 39.034571 1
116.689269 105.814216 59.255600 1
115.060119 82.143602 53.370427 1
113.731466 62.839041 48.570777 1
117.845514 55.420891 63.133607 1
119.066528 54.480220 71.203694 1
102.009900 126.269200 24.604390 1
102.365623 133.765181 29.260676 1
102.665687 143.015682 34.780938 1
102.896725 151.001478 41.322948 1
103.619168 167.274383 62.277693 1
104.348051 168.296010 70.188424 1
109.021957 174.621339 89.027663 1
98.747283 158.361996 49.821499 1
87.385364 163.745245 57.294214 1
85.909605 156.694079 55.676259 1
81.611244 136.156556 50.963734 1
85.645406 129.442413 53.664169 1
93.741077 115.968618 59.083343 1
93.741077 115.968618 59.083343 1
107.375980 159.049650 48.990000 1
119.928352 165.431992 52.941921 1
120.704118 158.340116 51.039797 1
122.963655 137.684021 45.499594 1
120.055778 130.996428 49.432390 1
114.220317 117.575912 57.324639 1
114.220317 117.575912 57.324639 1
94.068177 125.440704 23.700300 1
91.672634 116.256408 40.729692 1
88.706119 104.883058 61.817998 1
91.556582 81.834650 54.937844 1
93.929113 62.650719 49.211269 1
91.385154 55.406776 64.214066 1
91.054083 54.466121 72.369236 1
109.607414 125.733317 22.042094 1
112.861014 116.723763 39.022554 1
116.890066 105.566906 60.050070 1
115.170652 81.995519 53.803416 1
113.768383 62.771883 48.708959 1
118.009935 55.410671 63.264101 1
119.299270 54.469923 71.323546 1
102.044700 123.266400 24.132390 1
102.375138 130.776992 28.766944 1
102.650660 140.034885 34.276082 1
102.887298 148.007260 40.834242 1
103.711581 164.168501 61.871483 1
104.341843 165.055249 69.806916 1
109.085359 170.958754 88.765286 1
98.776946 155.308574 49.402572 1
87.515169 160.758594 56.977775 1
85.809677 153.789688 55.234144 1
80.842186 133.491763 50.155571 1
85.218434 127.138403 53.177125 1
94.000595 114.388619 59.240715 1
94.000595 114.388619 59.240715 1
107.397212 156.027725 48.512345 1
119.928209 162.429143 52.501079 1
120.740553 155.367464 50.504237 1
123.106629 134.799321 44.688154 1
120.077783 128.404001 48.997737 1
113.999564 115.570012 57.646115 1
113.999564 115.570012 57.646115 1
94.103812 122.379857 23.277355 1
91.580436 114.460407 40.912689 1
88.455620 104.653376 62.751362 1
91.647287 81.743482 55.565209 1
94.303812 62.674841 49.583941 1
91.487406 55.430642 64.537863 1
91.008163 54.489813 72.685649 1
109.630583 122.777013 21.526699 1
112.909026 115.001148 39.101731 1
116.968842 105.372014 60.865527 1
115.225025 81.906478 54.238679 1
113.802856 62.769170 48.834155 1
118.175178 55.435253 63.364359 1
119.535765 54.494467 71.412078 1
102.037400 120.305400 23.613190 1
102.346720 127.849406 28.194626 1
102.599522 137.144982 33.641044 1
102.818378 145.157097 40.151215 1
103.601857 161.429689 61.104010 1
104.263134 162.258126 69.043220 1
109.006059 167.975120 88.058812 1
98.691850 152.506359 48.670639 1
87.645984 158.217053 56.370694 1
85.755548 151.310010 54.572472 1
80.249383 131.192267 49.334896 1
84.821268 125.125242 52.641796 1
93.996030 112.950067 59.278011 1
93.996030 112.950067 59.278011 1
107.314657 153.215706 47.797310 1
119.760913 159.722464 51.879816 1
120.620268 152.694073 49.787491 1
123.123270 132.222888 43.693297 1
120.176535 126.158559 48.508607 1
114.263095 113.988797 58.171866 1
114.263095 113.988797 58.171866 1
94.099612 119.399610 22.749588 1
91.532021 112.764429 40.900951 1
88.352453 104.547768 63.378646 1
91.662699 81.687408 56.089138 1
94.417923 62.659995 50.021844 1
91.386778 55.416129 64.933884 1
90.790731 54.475375 73.073967 1
109.628990 119.810015 21.025315 1
112.869840 113.274220 39.104980 1
116.883102 105.180709 61.493681 1
115.214714 81.790874 54.585753 1
113.854060 62.715303 48.951996 1
118.331415 55.417789 63.468536 1
119.748818 54.476846 71.506424 1
101.958500 117.439100 23.146990 1
102.263161 125.046730 27.622301 1
102.508534 134.417597 32.938479 1
102.703734 142.519405 39.337450 1
103.364499 159.078385 60.068930 1
104.085288 159.924829 68.001058 1
108.795059 165.748007 86.992655 1
98.530139 150.000474 47.718093 1
87.685378 156.063039 55.434990 1
85.598614 149.207468 53.657027 1
79.520614 129.239645 48.478458 1
84.301653 123.427039 51.942821 1
93.896137 111.762428 58.895030 1
93.896137 111.762428 58.895030 1
107.162667 150.667683 46.910028 1
119.539044 157.299558 51.003627 1
120.437691 150.309697 48.801613 1
123.055137 129.950734 42.387936 1
120.106535 124.174358 47.544073 1
114.189348 112.582450 57.891297 1
114.189348 112.582450 57.891297 1
94.023258 116.543526 22.249982 1
91.347555 111.147211 40.792111 1
88.034106 104.464698 63.753710 1
91.516061 81.648874 56.404906 1
94.414203 62.658531 50.288258 1
91.139524 55.414259 65.148519 1
90.410109 54.473383 73.277722 1
109.563512 116.885435 20.610852 1
112.775565 111.595841 39.098602 1
116.753167 105.045544 61.992650 1
115.177540 81.716516 54.860946 1
113.892537 62.690536 49.044687 1
118.502573 55.418779 63.532594 1
119.991936 54.477913 71.557470 1
101.962900 114.585500 22.758590 1
102.251254 122.288567 27.068680 1
102.474834 131.775694 32.175493 1
102.650163 140.026079 38.382313 1
103.269289 157.095785 58.696656 1
103.884165 158.026416 66.628270 1
108.579699 164.208024 85.509790 1
98.457140 147.698653 46.578083 1
87.602594 154.035840 54.056914 1
85.351467 147.212911 52.355542 1
78.794739 127.340164 47.400057 1
83.644032 121.777940 51.167357 1
93.375487 110.615790 58.727493 1
93.375487 110.615790 58.727493 1
107.086871 148.374224 45.747405 1
119.419158 155.125528 49.778362 1
120.357838 148.150339 47.546721 1
123.091883 127.834114 41.046753 1
120.015509 122.336505 46.428086 1
113.841909 111.304024 57.227230 1
113.841909 111.304024 57.227230 1
94.029174 113.648464 21.891005 1
91.075198 109.515295 40.713360 1
87.417149 104.396995 64.021977 1
91.159449 81.642693 56.610656 1
94.274285 62.703556 50.441974 1
90.649025 55.459450 65.220700 1
89.727471 54.518685 73.330382 1
109.566431 113.998778 20.225445 1
112.824470 109.972894 39.020961 1
116.859020 104.987496 62.296127 1
115.107046 81.728124 54.980421 1
113.678223 62.758952 49.014099 1
118.490823 55.463512 63.424019 1
120.093791 54.522692 71.426981 1
101.897800 111.897200 22.449890 1
102.182296 119.721440 26.536159 1
102.399060 129.351161 31.369027 1
102.557068 137.773831 37.340448 1
103.097461 155.402955 57.173568 1
103.696027 156.548197 65.078300 1
108.329639 163.371586 83.752965 1
98.332939 145.674690 45.299947 1
87.563686 152.388013 52.571020 1
85.205923 145.580596 50.954040 1
78.338600 125.753030 46.244357 1
83.214884 120.354277 50.209437 1
93.000504 109.520179 58.166474 1
93.000504 109.520179 58.166474 1
106.966867 146.321211 44.490024 1
119.222602 153.264837 48.426654 1
120.188567 146.277821 46.244197 1
123.002084 125.927146 39.887486 1
119.832231 120.835328 45.603423 1
113.471040 110.617177 57.074043 1
113.471040 110.617177 57.074043 1
93.965889 110.947154 21.579866 1
90.728656 107.978202 40.574490 1
86.719837 104.301608 64.096437 1
90.850914 81.562720 56.846061 1
94.289341 62.636413 50.811338 1
90.350245 55.392311 65.509530 1
89.256288 54.451529 73.597758 1
109.509786 111.226117 19.963514 1
112.781143 108.420503 38.977213 1
116.832184 104.946207 62.522563 1
115.161085 81.668847 55.245250 1
113.798221 62.685004 49.310240 1
118.778689 55.396242 63.666397 1
120.474093 54.455656 71.650316 1
101.808700 109.373400 22.075590 1
102.077955 117.334071 25.890363 1
102.274994 127.128176 30.381663 1
102.399767 135.764056 36.041188 1
102.804267 154.134590 55.192965 1
103.436593 155.514926 63.057410 1
108.000462 163.144174 81.435053 1
98.122356 143.966450 43.659912 1
87.464970 151.087967 50.703927 1
85.018646 144.273307 49.258071 1
77.893380 124.424643 45.046809 1
82.777519 119.198554 49.227683 1
92.578904 108.710954 57.617772 1
92.578904 108.710954 57.617772 1
106.763377 144.572761 42.895829 1
119.086642 151.532068 46.586249 1
120.100030 144.498762 44.581196 1
123.051674 124.013259 38.741196 1
119.868599 119.312915 44.776205 1
113.480877 109.880366 56.887130 1
113.480877 109.880366 56.887130 1
93.881132 108.402488 21.189170 1
90.380586 106.580079 40.281449 1
86.045695 104.323304 63.924326 1
90.609835 81.565928 56.998923 1
94.408715 62.624232 51.234687 1
90.182984 55.380477 65.853222 1
88.931205 54.439847 73.918549 1
109.435162 108.608332 19.661776 1
112.722918 106.970898 38.808668 1
116.794268 104.943203 62.518955 1
115.163034 81.634513 55.333454 1
113.832681 62.625120 49.473321 1
118.979070 55.384886 63.795473 1
120.763589 54.444690 71.759993 1
101.679600 107.077100 21.936690 1
101.916547 115.197057 25.401862 1
102.083520 125.177698 29.463147 1
102.181354 134.051061 34.743116 1
102.494153 153.231522 53.085492 1
103.173552 154.924815 60.884584 1
107.636843 163.497298 78.866900 1
97.872646 142.597129 41.955621 1
87.315275 150.175294 48.665863 1
84.816235 143.336487 47.441074 1
77.537427 123.417490 43.873702 1
82.433033 118.454254 48.350962 1
92.257430 108.494141 57.335831 1
92.257430 108.494141 57.335831 1
106.524086 143.126299 41.254737 1
118.888269 150.170841 44.633408 1
119.957598 143.070165 42.915407 1
123.072180 122.388439 37.911487 1
119.889508 117.995769 44.174200 1
113.502593 109.180653 56.742077 1
113.502593 109.180653 56.742077 1
93.759591 106.063804 21.030357 1
90.347282 105.280084 40.209305 1
86.121658 104.309567 63.959508 1
90.411204 81.565093 56.819520 1
93.981531 62.634135 50.876677 1
89.540303 55.389917 65.430960 1
88.169230 54.449131 73.476848 1
109.325286 106.211652 19.619530 1
112.638412 105.670537 38.824332 1
116.741176 105.000454 62.606331 1
115.195778 81.665619 55.487023 1
113.935429 62.634902 49.680874 1
119.227795 55.390619 63.947674 1
121.095095 54.450435 71.893195 1
101.576200 104.957600 21.441790 1
101.794930 113.221660 24.548997 1
101.938811 123.376659 28.153218 1
102.003136 132.496781 32.995060 1
102.193427 152.604943 50.317194 1
102.885545 154.702100 58.016386 1
107.308854 164.323038 75.470440 1
97.645802 141.402497 39.727246 1
87.110078 149.387054 45.984994 1
84.573000 142.509086 45.106708 1
77.183398 122.476029 42.548574 1
82.102327 117.706029 47.206660 1
91.973526 108.133695 56.554405 1
91.973526 108.133695 56.554405 1
106.301084 141.901903 39.052436 1
118.646969 149.118352 42.120983 1
119.793538 141.943298 40.810043 1
123.133088 121.044933 36.991746 1
119.956052 116.854949 43.394637 1
113.580448 108.446581 56.243819 1
113.580448 108.446581 56.243819 1
93.661282 103.904998 20.535785 1
90.200494 104.172244 39.720196 1
85.914837 104.503188 63.477165 1
90.199473 81.658310 56.662167 1
93.765712 62.643783 50.989823 1
89.145246 55.399750 65.488293 1
87.675166 54.459008 73.516687 1
109.234760 103.991946 19.208247 1
112.532001 104.528589 38.415908 1
116.615095 105.193132 62.201446 1
115.241796 81.768326 55.347261 1
114.121802 62.664234 49.757332 1
119.571941 55.425235 63.967301 1
121.519239 54.485211 71.893614 1
101.506100 103.102200 20.937490 1
101.713968 111.499360 23.665451 1
101.838907 121.818212 26.770413 1
101.858172 131.191381 31.102563 1
101.851897 152.325023 47.158710 1
102.534856 154.784258 54.750837 1
106.972587 165.518721 71.539224 1
97.423033 140.484403 37.233613 1
86.698657 148.616218 42.958592 1
84.165028 141.694205 42.533087 1
76.785473 121.532860 41.293744 1
81.720768 117.036004 46.199626 1
91.624812 108.011812 56.044643 1
91.624812 108.011812 56.044643 1
106.083657 140.959395 36.611796 1
118.471023 148.252930 39.308377 1
119.684007 141.020171 38.453702 1
123.217004 119.953737 35.964344 1
120.059368 115.982859 42.514762 1
113.722694 108.014186 55.660001 1
113.722694 108.014186 55.660001 1
93.597076 102.020525 20.014416 1
90.075345 103.251918 39.150016 1
85.714219 104.776811 62.846540 1
89.989186 81.814108 56.433295 1
93.547378 62.701513 51.095344 1
88.767694 55.456782 65.541757 1
87.209006 54.515788 73.553390 1
109.181150 102.024558 18.814510 1
112.516293 103.544297 37.962910 1
116.646322 105.426242 61.675065 1
115.338729 81.902055 55.156616 1
114.272320 62.716913 49.840497 1
119.866582 55.477717 63.994247 1
121.895498 54.538013 71.900099 1
101.207500 102.189200 20.367290 1
101.450020 110.720107 22.639309 1
101.600959 121.190434 25.185795 1
101.603502 130.781620 29.011151 1
101.414155 152.737199 43.922469 1
102.034155 155.295553 51.487195 1
106.564224 167.017355 67.576010 1
97.100323 140.389103 34.582338 1
85.484840 147.784772 39.511705 1
82.996557 140.834882 39.660301 1
75.749080 120.592344 40.093108 1
80.662497 116.463549 45.333138 1
90.522637 108.177975 55.848717 1
90.522637 108.177975 55.848717 1
105.768871 140.825897 34.049272 1
118.586059 147.504850 36.290991 1
119.836710 140.238915 35.895194 1
123.479415 119.075849 34.742380 1
120.453092 115.464910 41.557732 1
114.379936 108.218556 55.234632 1
114.379936 108.218556 55.234632 1
93.295522 101.097152 19.482540 1
89.754971 102.743256 38.583456 1
85.370539 104.781704 62.237027 1
89.661422 81.765272 56.030342 1
93.232861 62.607956 50.864317 1
88.387946 55.364430 65.289589 1
86.793781 54.423851 73.294287 1
108.882301 100.962021 18.326159 1
112.394766 102.975622 37.397133 1
116.744380 105.469134 61.013406 1
115.365373 81.867599 54.796234 1
114.240723 62.619376 49.725821 1
120.020711 55.378187 63.803722 1
122.154912 54.437896 71.681735 1
101.398200 102.719900 19.762890 1
101.649732 111.373518 21.508999 1
101.802378 121.971723 23.455752 1
101.776637 131.736548 26.813094 1
101.408376 154.265610 40.839372 1
101.970552 156.899928 48.382513 1
106.470186 169.023161 64.179748 1
97.207546 141.556814 31.942057 1
84.667900 147.859776 36.058362 1
82.382262 140.874501 36.762909 1
75.725015 120.528897 38.815004 1
80.472408 116.717507 44.434798 1
89.999373 109.068893 55.712480 1
89.999373 109.068893 55.712480 1
105.882307 141.972890 31.501510 1
119.108548 147.824192 33.679313 1
120.385714 140.552099 33.689784 1
124.105646 119.371098 33.720285 1
121.376908 115.936534 40.749103 1
115.900939 109.044125 54.854384 1
115.900939 109.044125 54.854384 1
93.487986 101.591678 18.908268 1
89.893379 103.083020 38.011797 1
85.442007 104.929820 61.668605 1
89.798559 81.846382 55.763854 1
93.424656 62.633294 50.849137 1
88.575564 55.389011 65.272626 1
86.978614 54.448179 73.276739 1
109.079705 101.354406 17.838140 1
112.811191 103.248011 36.879786 1
117.432026 105.592929 60.459743 1
115.886963 81.930530 54.519120 1
114.626887 62.632669 49.674247 1
120.518087 55.389396 63.704897 1
122.718519 54.449354 71.564697 1
101.408100 102.867300 19.286890 1
101.648836 111.615947 20.470312 1
101.783689 122.314520 21.757734 1
101.716582 132.252840 24.559430 1
101.170724 155.462245 37.422410 1
101.631312 158.365164 44.873288 1
106.132528 171.209339 60.089672 1
97.078633 142.306482 29.145734 1
84.539519 148.955724 32.677336 1
82.700629 141.897717 33.825211 1
77.344601 121.340271 37.168559 1
81.679211 117.566574 43.136549 1
90.377813 109.993602 55.112980 1
90.377813 109.993602 55.112980 1
105.755723 142.725854 28.757262 1
118.705708 149.112611 31.085620 1
119.888055 141.836452 31.502940 1
123.331816 120.643607 32.718447 1
120.915365 117.072313 39.793272 1
116.066084 109.905519 53.990878 1
116.066084 109.905519 53.990878 1
93.504727 101.685100 18.441997 1
89.881432 103.137497 37.543107 1
85.394533 104.936068 61.196919 1
89.892881 81.850997 55.405969 1
93.637000 62.636550 50.585973 1
88.732769 55.392630 64.990989 1
87.105250 54.451986 72.988964 1
109.104632 101.380808 17.518139 1
113.090010 103.310417 36.504644 1
118.025249 105.699920 60.016318 1
116.255867 81.979094 54.379027 1
114.812847 62.633583 49.781536 1
120.858310 55.389278 63.745875 1
123.146304 54.449053 71.580613 1
101.427800 102.752000 18.888180 1
101.673039 111.548628 19.634145 1
101.806185 122.300330 20.354066 1
101.708304 132.386057 22.566020 1
100.979612 156.375960 33.896698 1
101.310579 159.710864 41.171554 1
105.685056 173.553839 55.524536 1
97.004269 142.707409 26.434123 1
84.551749 149.845276 29.244751 1
83.184045 142.768253 30.844666 1
79.200410 122.155420 35.504645 1
83.138118 118.438044 41.775378 1
91.040226 110.978093 54.359349 1
91.040226 110.978093 54.359349 1
105.685355 143.114268 26.130991 1
118.168853 150.401444 28.361097 1
119.284878 143.156663 29.245537 1
122.535466 122.055212 31.821598 1
120.301769 118.302343 38.862415 1
115.819237 110.771166 52.991773 1
115.819237 110.771166 52.991773 1
93.528729 101.537708 18.048587 1
89.961475 103.140200 37.148243 1
85.543975 105.124642 60.800254 1
89.888886 81.937186 55.308954 1
93.505294 62.637521 50.738367 1
88.591015 55.393190 65.139752 1
86.957975 54.452297 73.136572 1
109.134168 101.170410 17.249518 1
113.340702 103.228601 36.174711 1
118.549807 105.777331 59.610460 1
116.652007 82.013983 54.198530 1
115.104256 62.633793 49.784832 1
121.332151 55.389993 63.669033 1
123.722315 54.449970 71.473232 1
101.456100 102.624700 18.637430 1
101.719527 111.445340 18.989823 1
101.865590 122.219202 19.183922 1
101.744468 132.414632 20.815712 1
100.825177 157.089583 30.548769 1
101.081685 160.903106 37.587654 1
105.112477 175.872829 50.870433 1
96.975372 142.959412 23.927594 1
84.258063 149.872843 26.022481 1
83.269805 142.849786 28.075432 1
80.391361 122.394136 34.054944 1
84.111102 118.852476 40.556228 1
91.575798 111.745151 53.602865 1
91.575798 111.745151 53.602865 1
105.660127 143.357237 23.739319 1
118.117757 150.782214 25.634362 1
119.299639 143.627125 27.020887 1
122.742044 122.786915 31.059339 1
120.565635 118.981753 38.090023 1
116.198065 111.345638 52.199047 1
116.198065 111.345638 52.199047 1
93.560524 101.392718 17.790764 1
90.072155 103.117015 36.894382 1
85.752343 105.252294 60.551300 1
90.028279 81.988321 55.336447 1
93.587278 62.624969 50.995957 1
88.706984 55.380890 65.409021 1
87.092840 54.440128 73.409692 1
109.170653 100.952827 17.132352 1
113.584454 103.135742 35.996267 1
119.050224 105.838923 59.356132 1
116.955965 82.034292 54.204336 1
115.247991 62.620434 50.002792 1
121.627072 55.376269 63.817991 1
124.102362 54.436098 71.595592 1
101.423800 102.465200 18.716430 1
101.702085 111.292349 18.680761 1
101.864344 122.063589 18.382168 1
101.746563 132.327042 19.509938 1
100.780773 157.480004 27.925783 1
100.817371 161.916428 34.594475 1
104.509560 178.000665 46.612678 1
96.966558 143.025398 22.023343 1
83.768305 149.201625 23.278076 1
82.988851 142.288553 25.751227 1
80.718579 122.153248 32.954628 1
84.279045 118.857434 39.670819 1
91.424112 112.243466 53.148724 1
91.424112 112.243466 53.148724 1
105.653148 143.404226 21.887978 1
118.234804 150.730597 23.280907 1
119.507939 143.702622 25.152084 1
123.216132 123.232652 30.602154 1
121.056983 119.476419 37.664399 1
116.724050 111.938493 51.836761 1
116.724050 111.938493 51.836761 1
93.528577 101.210308 17.900684 1
90.153291 102.996035 37.018967 1
85.973514 105.207386 60.694046 1
90.181384 81.982431 55.254742 1
93.683728 62.651553 50.727432 1
88.784214 55.407550 65.134012 1
87.159404 54.466828 73.132529 1
109.139783 100.715763 17.310078 1
113.650034 102.991706 36.140154 1
119.235242 105.810087 59.458115 1
117.075526 82.036132 54.192941 1
115.314170 62.647292 49.898929 1
121.768729 55.403127 63.679027 1
124.286646 54.463015 71.442940 1
101.452300 102.425600 18.584730 1
101.762174 111.244308 18.221914 1
101.959030 121.995080 17.502701 1
101.858731 132.297802 18.186854 1
100.867825 157.819380 25.404739 1
100.839992 162.725965 31.735560 1
103.879776 179.967279 42.236462 1
97.079292 143.111568 20.146414 1
83.646145 148.841724 20.940091 1
83.062378 142.052140 23.781808 1
81.362072 122.276512 32.058712 1
84.762924 119.036757 38.884012 1
91.587680 112.535287 52.580876 1
91.587680 112.535287 52.580876 1
105.767719 143.466557 20.084005 1
118.375927 150.816742 21.044163 1
119.704714 143.928049 23.345213 1
123.575004 123.863756 30.047349 1
121.434883 120.071073 37.095892 1
117.140137 112.459998 51.240756 1
117.140137 112.459998 51.240756 1
93.555829 101.168231 17.785029 1
90.309088 102.998172 36.921384 1
86.288494 105.264275 60.618843 1
90.340041 82.001242 55.223749 1
93.712273 62.638672 50.733237 1
88.856962 55.394384 65.154630 1
87.256524 54.453562 73.158048 1
109.167317 100.598682 17.274908 1
113.615782 102.928689 36.113067 1
119.124478 105.814018 59.441039 1
117.068444 82.029808 54.180675 1
115.391645 62.632604 49.890587 1
121.848384 55.388414 63.669650 1
124.367505 54.448295 71.433171 1
101.657600 102.507300 17.946060 1
101.971859 111.307468 17.271114 1
102.165311 122.025254 16.163523 1
102.035260 132.346100 16.459188 1
100.891444 158.124579 22.671469 1
100.843825 163.427253 28.674304 1
103.359994 181.558150 37.713750 1
97.197455 143.205928 17.969236 1
83.832425 149.113483 18.594367 1
83.465817 142.433713 21.718607 1
82.398021 122.977936 30.818395 1
85.583841 119.775790 37.764138 1
91.977075 113.349795 51.702704 1
91.977075 113.349795 51.702704 1
105.884464 143.598081 17.941426 1
118.369606 151.194363 18.517392 1
119.661068 144.429344 21.178453 1
123.422639 124.725270 28.929174 1
121.319744 120.862936 35.951050 1
117.099703 113.112088 50.042398 1
117.099703 113.112088 50.042398 1
93.764787 101.223211 17.152736 1
90.572724 103.093986 36.294341 1
86.619840 105.410656 59.998301 1
90.531467 82.023287 55.056551 1
93.787239 62.557227 50.943372 1
88.978664 55.313193 65.380544 1
87.404329 54.372452 73.389146 1
109.378426 100.633991 16.740111 1
113.692831 102.968924 35.608815 1
119.035516 105.860353 58.974612 1
117.046225 82.005846 54.015525 1
115.423859 62.551311 49.971143 1
121.816125 55.307292 63.780324 1
124.298815 54.367259 71.555582 1
101.528000 102.776200 17.718410 1
101.926582 111.550045 16.792101 1
102.200412 122.228687 15.368467 1
102.094580 132.554009 15.341403 1
100.862437 158.519651 20.698447 1
100.803038 164.184716 26.360440 1
102.815585 182.916566 34.224255 1
97.227122 143.447628 16.462735 1
83.893640 149.441544 16.915785 1
83.657451 142.884931 20.302471 1
82.969517 123.787867 30.166675 1
86.084222 120.642649 37.170442 1
92.334744 114.330895 51.225448 1
92.334744 114.330895 51.225448 1
105.913399 143.856249 16.480024 1
118.298800 151.632671 16.687664 1
119.526071 144.982581 19.651565 1
123.100679 125.613255 28.284351 1
121.011060 121.705289 35.284910 1
116.817658 113.862869 49.333479 1
116.817658 113.862869 49.333479 1
93.628353 101.540731 16.915947 1
90.526870 103.331641 36.080068 1
86.686157 105.549409 59.811912 1
90.553823 82.139123 54.944634 1
93.773006 62.653988 50.893441 1
89.042929 55.409872 65.356480 1
87.512040 54.469114 73.373499 1
109.238020 100.799561 16.612406 1
113.466289 103.123180 35.501995 1
118.702309 106.000598 58.893653 1
116.864463 82.121123 53.996675 1
115.365608 62.646227 50.002947 1
121.729409 55.402085 63.825204 1
124.196021 54.461980 71.605569 1
101.442500 102.852100 17.698140 1
101.933670 111.594321 16.545058 1
102.305235 122.228181 14.836827 1
102.252232 132.548966 14.516209 1
101.032916 158.665193 19.086405 1
100.899317 164.646203 24.412221 1
102.492341 183.808959 31.269566 1
97.398516 143.479876 15.275896 1
84.027891 149.400732 15.565492 1
83.842779 142.995268 19.232966 1
83.303615 124.338445 29.915000 1
86.421948 121.194984 36.917941 1
92.679750 114.886755 50.971291 1
92.679750 114.886755 50.971291 1
106.085235 143.873350 15.344995 1
118.416931 151.736391 15.218917 1
119.563015 145.196088 18.447775 1
122.901156 126.146529 27.852283 1
120.800107 122.240331 34.850407 1
116.583770 114.401458 48.894090 1
116.583770 114.401458 48.894090 1
93.536832 101.672189 16.871720 1
90.529605 103.401444 36.056515 1
86.805612 105.542863 59.813960 1
90.626070 82.118566 54.976899 1
93.805960 62.621770 50.950857 1
89.161150 55.377720 65.441538 1
87.677583 54.436972 73.467450 1
109.140188 100.772837 16.699631 1
113.386092 103.115878 35.582864 1
118.643951 106.017349 58.966652 1
116.771905 82.110319 54.219362 1
115.245158 62.612951 50.347711 1
121.620703 55.368903 64.164605 1
124.093965 54.428880 71.942868 1
101.352300 102.883400 17.521810 1
101.923708 111.585134 16.125177 1
102.388644 122.161952 14.112748 1
102.410747 132.468556 13.482160 1
101.329058 158.721684 17.228345 1
101.082418 164.923424 22.291174 1
102.300962 184.433887 28.175824 1
97.621511 143.447270 13.871405 1
84.166911 149.180738 13.994343 1
83.967894 142.938104 17.931918 1
83.388226 124.755543 29.400663 1
86.479655 121.606012 36.412799 1
92.683468 115.285601 50.484600 1
92.683468 115.285601 50.484600 1
106.309982 143.789692 13.980469 1
118.599353 151.708484 13.558450 1
119.646371 145.268867 17.015281 1
122.695967 126.512571 27.083794 1
120.622608 122.641454 34.109615 1
116.461836 114.872982 48.208881 1
116.461836 114.872982 48.208881 1
93.440385 101.747807 16.693089 1
90.485763 103.460358 35.887554 1
86.826914 105.581091 59.656973 1
90.661122 82.144933 54.888731 1
93.852455 62.638266 50.919969 1
89.258206 55.394455 65.426878 1
87.802816 54.453775 73.457955 1
109.036010 100.711526 16.617205 1
113.362581 103.111807 35.474921 1
118.720331 106.084160 58.827111 1
116.908580 82.149062 54.199370 1
115.431007 62.628801 50.425217 1
121.900222 55.384531 64.198385 1
124.426399 54.444456 71.959619 1
101.304200 102.917700 17.507850 1
101.893642 111.573903 15.858614 1
102.392656 122.086116 13.539249 1
102.468503 132.369617 12.607540 1
101.577084 158.728519 15.581486 1
101.177164 165.114127 20.400067 1
102.131151 184.871582 25.450312 1
97.758854 143.389385 12.673778 1
84.225541 148.935660 12.625911 1
83.975964 142.857308 16.809922 1
83.249034 125.153247 28.996448 1
86.273278 121.971270 36.023218 1
92.342265 115.585749 50.124388 1
92.342265 115.585749 50.124388 1
106.449584 143.671997 12.773895 1
118.680022 151.660013 12.051401 1
119.616859 145.297581 15.678576 1
122.345538 126.766097 26.243237 1
120.366944 122.973687 33.338962 1
116.396345 115.363161 47.578510 1
116.396345 115.363161 47.578510 1
93.390820 101.773527 16.705335 1
90.372788 103.459910 35.892251 1
86.635416 105.548239 59.652320 1
90.609344 82.128313 54.918854 1
93.916972 62.635155 50.979036 1
89.279661 55.391015 65.472074 1
87.800301 54.450198 73.498754 1
108.984471 100.705711 16.674005 1
113.451910 103.105825 35.498867 1
118.984104 106.077970 58.810373 1
117.112253 82.144030 54.200592 1
115.585665 62.624715 50.441087 1
122.162507 55.380553 64.163245 1
124.749300 54.440531 71.904492 1
101.277800 102.969600 17.433970 1
101.847048 111.581449 15.560662 1
102.332499 122.029728 12.965875 1
102.424766 132.284258 11.757448 1
101.659919 158.719145 14.002994 1
101.187160 165.283946 18.567480 1
101.885185 185.213989 22.935346 1
97.762819 143.322321 11.538625 1
84.235306 148.879116 11.332641 1
83.939987 142.942006 15.711922 1
83.079826 125.649330 28.467199 1
86.017248 122.428628 35.513132 1
91.912003 115.965395 49.652755 1
91.912003 115.965395 49.652755 1
106.455045 143.569213 11.592802 1
118.654547 151.570391 10.559680 1
119.542435 145.315723 14.381377 1
122.128543 127.098115 25.512614 1
120.249723 123.338413 32.652726 1
116.479350 115.793524 46.981349 1
116.479350 115.793524 46.981349 1
93.362645 101.794360 16.696487 1
90.236176 103.465281 35.867385 1
86.364521 105.534462 59.607620 1
90.466723 82.125822 54.928064 1
93.881117 62.642058 51.033118 1
89.161246 55.397899 65.499469 1
87.636108 54.457083 73.517577 1
108.957573 100.747490 16.622761 1
113.511086 103.135407 35.428542 1
119.149866 106.092449 58.716418 1
117.282705 82.154622 54.124954 1
115.759941 62.632137 50.380386 1
122.410299 55.387662 64.066900 1
125.038795 54.447555 71.794077 1
101.299100 102.988500 17.306440 1
101.804549 111.558415 15.233196 1
102.228727 121.944624 12.390338 1
102.302431 132.166051 10.927051 1
101.615073 158.652366 12.486979 1
101.128821 165.393171 16.785788 1
101.622196 185.448222 20.570445 1
97.663824 143.206087 10.456514 1
84.177321 148.855348 10.118706 1
83.852375 143.036673 14.652140 1
82.905922 126.088956 27.856410 1
85.754148 122.838279 34.925161 1
91.469904 116.314892 49.110577 1
91.469904 116.314892 49.110577 1
106.356741 143.432896 10.435884 1
118.550521 151.399269 9.108232 1
119.415527 145.246118 13.096352 1
121.934987 127.324197 24.712319 1
120.138933 123.603598 31.894092 1
116.534653 116.137183 46.306319 1
116.534653 116.137183 46.306319 1
93.388040 101.747364 16.636028 1
90.118630 103.435199 35.781583 1
86.069965 105.525325 59.490435 1
90.315877 82.117183 54.938307 1
93.849885 62.633834 51.149422 1
89.002674 55.390010 65.573773 1
87.407089 54.449318 73.578175 1
108.988744 100.796202 16.507721 1
113.585082 103.178367 35.303810 1
119.276894 106.128285 58.579686 1
117.388125 82.166900 54.121889 1
115.847739 62.625202 50.486335 1
122.509151 55.381092 64.167666 1
125.143599 54.441104 71.892830 1
101.334800 103.036800 17.169440 1
101.761237 111.573860 14.948174 1
102.106041 121.909202 11.915531 1
102.147109 132.098728 10.243382 1
101.513918 158.614852 11.205117 1
101.016183 165.521394 15.230858 1
101.417401 185.682729 18.413891 1
97.520479 143.133014 9.565663 1
84.078067 148.877377 9.098907 1
83.733856 143.152238 13.748519 1
82.731294 126.476957 27.291174 1
85.525990 123.181320 34.360473 1
91.134326 116.567709 48.546987 1
91.134326 116.567709 48.546987 1
106.213118 143.344555 9.456346 1
118.357371 151.326286 7.806155 1
119.210785 145.257377 11.923754 1
121.696482 127.580819 23.916846 1
119.917586 123.909609 31.128245 1
116.347740 116.542303 45.599924 1
116.347740 116.542303 45.599924 1
93.429091 101.725300 16.574061 1
90.037429 103.430805 35.696770 1
85.837373 105.542813 59.377330 1
90.178053 82.127543 54.953033 1
93.790939 62.638261 51.270546 1
88.835690 55.394249 65.658046 1
87.179929 54.453522 73.650213 1
109.035365 100.888881 16.355502 1
113.572513 103.257186 35.167717 1
119.191030 106.189942 58.463561 1
117.400560 82.197499 54.134097 1
115.940342 62.630471 50.603204 1
122.546387 55.386347 64.311347 1
125.149620 54.446380 72.047088 1
101.387000 103.086100 16.990810 1
101.744495 111.595700 14.654964 1
102.014214 121.886397 11.466876 1
102.012553 132.043849 9.609356 1
101.371443 158.574271 10.004793 1
100.906315 165.597908 13.826683 1
101.285498 185.853640 16.343356 1
97.372066 143.058863 8.739975 1
83.936901 148.815454 8.218420 1
83.587029 143.167054 12.960546 1
82.567973 126.715286 26.772660 1
85.339045 123.409791 33.846654 1
90.899972 116.776395 48.042591 1
90.899972 116.776395 48.042591 1
106.063036 143.271875 8.539081 1
118.214725 151.197643 6.686332 1
119.072682 145.194081 10.897715 1
121.571611 127.707857 23.163967 1
119.739338 124.098513 30.393210 1
116.062372 116.855361 44.900696 1
116.062372 116.855361 44.900696 1
93.485602 101.718386 16.469255 1
90.014433 103.442720 35.576002 1
85.715918 105.578045 59.236795 1
90.062148 82.140821 54.935919 1
93.679654 62.633265 51.356160 1
88.644639 55.389480 65.716053 1
86.944656 54.448841 73.698941 1
109.094848 100.974986 16.149967 1
113.508861 103.347477 34.990928 1
118.974893 106.285416 58.322369 1
117.357956 82.242057 54.212653 1
116.039263 62.633504 50.860975 1
122.559189 55.394407 64.612935 1
125.110222 54.455461 72.366170 1
101.444000 103.092400 16.841930 1
101.756765 111.580773 14.423881 1
101.972768 121.835060 11.116609 1
101.931191 131.962142 9.100498 1
101.234832 158.493816 8.973916 1
100.836494 165.579163 12.687921 1
101.262999 185.912789 14.458201 1
97.260706 142.948192 8.045165 1
83.781991 148.603088 7.534862 1
83.435257 143.020809 12.354875 1
82.425345 126.761627 26.393846 1
85.177145 123.465352 33.479655 1
90.699398 116.850460 47.699304 1
90.699398 116.850460 47.699304 1
105.949584 143.174976 7.779384 1
118.182899 150.949633 5.826252 1
119.067247 144.994257 10.100128 1
121.643042 127.648381 22.548400 1
119.731744 124.163370 29.818075 1
115.896195 117.169726 44.406700 1
115.896195 117.169726 44.406700 1
93.544975 101.690786 16.377578 1
90.041460 103.439181 35.476233 1
85.702892 105.604303 59.127005 1
90.031246 82.143889 54.935934 1
93.633873 62.617032 51.447569 1
88.557987 55.373217 65.793052 1
86.835184 54.432596 73.771048 1
109.154864 101.001763 15.977895 1
113.421852 103.462027 34.841456 1
118.705820 106.508659 58.200883 1
117.362217 82.394265 54.422248 1
116.266441 62.727780 51.340583 1
122.751932 55.460595 65.094011 1
125.259145 54.505697 72.859582 1
101.428400 103.182100 16.721600 1
101.711376 111.644359 14.210154 1
101.889786 121.858388 10.778407 1
101.807223 131.955211 8.617028 1
100.983945 158.477495 8.050134 1
100.742030 165.595957 11.713962 1
101.235518 185.977625 12.770452 1
97.087330 142.899574 7.366429 1
83.592389 148.520274 6.910003 1
83.269851 142.995204 11.797145 1
82.330410 126.902651 26.031639 1
85.077925 123.633342 33.131590 1
90.591577 117.072565 47.379619 1
90.591577 117.072565 47.379619 1
105.775794 143.164067 7.122887 1
118.199135 150.619846 5.126393 1
119.099986 144.691761 9.434626 1
121.723849 127.425374 21.982966 1
119.749711 124.105642 29.312952 1
115.788058 117.443677 44.022608 1
115.788058 117.443677 44.022608 1
93.534056 101.748517 16.275596 1
90.042981 103.500822 35.376170 1
85.719816 105.670785 59.029320 1
90.027948 82.186891 54.950413 1
93.613744 62.640491 51.555406 1
88.536248 55.396440 65.900200 1
86.812382 54.455747 73.877957 1
109.146076 101.108398 15.877805 1
113.302683 103.652948 34.754825 1
118.449962 106.803954 58.130920 1
117.467755 82.634771 54.599175 1
116.666715 62.923603 51.718862 1
123.185205 55.596121 65.424614 1
125.678273 54.612073 73.191101 1
101.388000 103.254100 16.629860 1
101.659745 111.704703 14.078248 1
101.823221 121.895069 10.576128 1
101.721715 131.966934 8.302051 1
100.829990 158.475064 7.325017 1
100.614996 165.626627 10.925514 1
101.261534 186.027246 11.336408 1
96.976863 142.878022 6.868521 1
83.448470 148.413970 6.368643 1
83.146587 142.938152 11.312212 1
82.267311 126.989054 25.711058 1
85.001135 123.739869 32.825517 1
90.487314 117.219475 47.102659 1
90.487314 117.219475 47.102659 1
105.665330 143.162184 6.648343 1
118.193973 150.415827 4.567046 1
119.092649 144.489977 8.878807 1
121.710179 127.230102 21.437425 1
119.681944 123.989089 28.787841 1
115.611727 117.485094 43.538497 1
115.611727 117.485094 43.538497 1
93.496466 101.805487 16.182692 1
90.048400 103.548053 35.291967 1
85.778495 105.705955 58.955892 1
90.051640 82.205396 54.936599 1
93.608315 62.645125 51.591210 1
88.556567 55.400667 65.944886 1
86.846940 54.459776 73.925685 1
109.109909 101.189016 15.803844 1
113.166310 103.739264 34.701882 1
118.189500 106.897327 58.104005 1
117.559659 82.703759 54.659892 1
117.045992 62.972703 51.851048 1
123.630350 55.716864 65.563428 1
126.121920 54.748925 73.332419 1
101.353900 103.295000 16.661730 1
101.619936 111.742949 14.100744 1
101.779366 121.921938 10.565510 1
101.674972 131.976505 8.216259 1
100.777515 158.471223 6.929707 1
100.644420 165.656178 10.467129 1
101.111320 186.064742 10.255908 1
96.929014 142.868866 6.650107 1
83.375248 148.328311 6.014573 1
83.074945 142.850862 10.956432 1
82.200269 126.897013 25.350295 1
84.941265 123.687969 32.480196 1
90.441838 117.248128 46.788328 1
90.441838 117.248128 46.788328 1
105.617666 143.152835 6.437137 1
118.140162 150.378699 4.226249 1
119.001985 144.421713 8.502484 1
121.512173 127.071150 20.957624 1
119.458423 123.808917 28.291550 1
115.337003 117.262339 43.009115 1
115.337003 117.262339 43.009115 1
93.465106 101.835829 16.200749 1
90.078181 103.581335 35.320687 1
85.883989 105.742877 58.997817 1
90.084771 82.219299 55.037330 1
93.581215 62.639869 51.740888 1
88.569085 55.396350 66.108920 1
86.882042 54.455782 74.094561 1
109.080034 101.238773 15.853319 1
113.048564 103.717152 34.779555 1
117.962940 106.786216 58.216596 1
117.708408 82.597071 54.694118 1
117.500824 62.869623 51.821363 1
124.034685 55.699344 65.602731 1
126.499202 54.763432 73.384265 1
101.325900 103.311100 16.776400 1
101.589509 111.753161 14.195821 1
101.747339 121.918675 10.621954 1
101.638731 131.957252 8.205474 1
100.725733 158.437933 6.665771 1
100.598069 165.696395 10.050010 1
101.112391 186.095583 9.432978 1
96.886697 142.831296 6.534005 1
83.341839 148.305747 5.840288 1
83.052554 142.813831 10.766724 1
82.209970 126.817844 25.115664 1
84.938961 123.607252 32.249473 1
90.415442 117.164306 46.565446 1
90.415442 117.164306 46.565446 1
105.575241 143.118467 6.320895 1
118.094916 150.333270 4.058510 1
118.929705 144.336430 8.284102 1
121.361157 126.869783 20.591740 1
119.295429 123.527858 27.886315 1
115.149974 116.821354 42.524911 1
115.149974 116.821354 42.524911 1
93.440259 101.841370 16.295449 1
90.091477 103.601320 35.420782 1
85.944521 105.780750 59.104591 1
90.095357 82.243324 55.173830 1
93.550230 62.652367 51.902130 1
88.572868 55.408584 66.282110 1
86.905108 54.467882 74.271784 1
109.056854 101.262188 15.995974 1
113.067108 103.627268 34.927912 1
118.033153 106.556030 58.372014 1
117.775820 82.400297 54.627453 1
117.565951 62.700099 51.573578 1
123.893698 55.470055 65.419748 1
126.318355 54.529334 73.213215 1
101.328300 103.261400 17.038560 1
101.580378 111.697365 14.436979 1
101.727477 121.848885 10.823103 1
101.610416 131.870619 8.338076 1
100.683711 158.334640 6.541549 1
100.572550 165.617460 9.873640 1
101.118214 186.000197 8.864484 1
96.852629 142.725505 6.561741 1
83.283617 148.138930 5.861190 1
82.997040 142.654875 10.796533 1
82.162342 126.681784 25.171417 1
84.863349 123.458404 32.310108 1
90.283670 116.989796 46.635879 1
90.283670 116.989796 46.635879 1
105.540999 143.015022 6.344768 1
118.109799 150.137324 4.061768 1
118.950505 144.125890 8.265393 1
121.399188 126.616735 20.509047 1
119.386318 123.220641 27.793375 1
115.346938 116.405433 42.411406 1
115.346938 116.405433 42.411406 1
93.447135 101.773344 16.540897 1
90.118052 103.553931 35.667758 1
85.995492 105.758916 59.353461 1
90.097615 82.221323 55.372876 1
93.511944 62.630227 52.059705 1
88.551292 55.385799 66.445133 1
86.892438 54.444873 74.436635 1
109.065671 101.227262 16.283500 1
113.091673 103.533710 35.219329 1
118.077218 106.389865 58.668249 1
117.659660 82.282725 54.636027 1
117.319119 62.622157 51.347550 1
123.600931 55.377547 65.207016 1
126.022558 54.436821 73.001425 1
101.308600 103.264500 17.228810 1
101.540056 111.689695 14.590669 1
101.670172 121.822209 10.923198 1
101.546120 131.825916 8.366899 1
100.620864 158.272847 6.333573 1
100.564473 165.545875 9.688351 1
101.093663 185.911199 8.367117 1
96.791609 142.663959 6.482247 1
83.173702 147.954818 5.794167 1
82.865414 142.505050 10.766046 1
81.967480 126.631828 25.247350 1
84.652841 123.414501 32.394669 1
90.041765 116.958039 46.737753 1
90.041765 116.958039 46.737753 1
105.480473 142.952778 6.285010 1
118.195791 149.832589 4.070756 1
119.072471 143.836223 8.288531 1
121.625935 126.370959 20.573399 1
119.646874 123.038115 27.896103 1
115.675341 116.349835 42.591147 1
115.675341 116.349835 42.591147 1
93.433403 101.749165 16.719126 1
90.110260 103.542434 35.845836 1
85.995054 105.763124 59.531350 1
90.066709 82.229075 55.498868 1
93.455677 62.640929 52.142502 1
88.488901 55.396727 66.525930 1
86.826645 54.455926 74.516740 1
109.054162 101.251723 16.500972 1
113.052873 103.544077 35.444294 1
118.004622 106.382780 58.902493 1
117.548429 82.294049 54.765791 1
117.176379 62.648494 51.392105 1
123.456004 55.407812 65.254615 1
125.870266 54.467113 73.051312 1
101.301000 103.277200 17.433820 1
101.515394 111.688404 14.749988 1
101.630303 121.799817 11.024235 1
101.496894 131.786744 8.403606 1
100.566328 158.218429 6.183074 1
100.580327 165.472936 9.578156 1
101.084583 185.820184 7.994701 1
96.739356 142.610484 6.445815 1
83.114093 147.883019 5.762716 1
82.775260 142.442415 10.742638 1
81.788358 126.595884 25.247364 1
84.478173 123.413443 32.408614 1
89.876035 117.026990 46.779653 1
89.876035 117.026990 46.779653 1
105.428017 142.899047 6.239476 1
118.277795 149.538278 4.067414 1
119.197228 143.580973 8.331185 1
121.875217 126.229477 20.750026 1
119.900027 122.935473 28.091326 1
115.936261 116.325136 42.823688 1
115.936261 116.325136 42.823688 1
93.431488 101.736625 16.912129 1
90.084391 103.527692 36.034868 1
85.939522 105.745656 59.715465 1
90.030702 82.238274 55.549415 1
93.435922 62.672324 52.081875 1
88.441923 55.428096 66.455862 1
86.764600 54.487261 74.443519 1
109.054111 101.282564 16.737082 1
113.052630 103.543712 35.684194 1
118.004143 106.343772 59.147087 1
117.446891 82.287297 54.838627 1
116.992424 62.668047 51.324864 1
123.253756 55.423896 65.193834 1
125.662905 54.483087 72.992099 1
101.282900 103.252300 17.706680 1
101.479039 111.651269 14.983424 1
101.577964 121.742989 11.204205 1
101.433748 131.712821 8.519829 1
100.492792 158.126875 6.102589 1
100.590517 165.366151 9.528662 1
101.115017 185.696849 7.751093 1
96.671326 142.520034 6.484160 1
83.068874 147.848840 5.783344 1
82.730555 142.436975 10.794517 1
81.745153 126.674148 25.390266 1
84.395952 123.468949 32.555913 1
89.715517 117.036827 46.935778 1
89.715517 117.036827 46.935778 1
105.359762 142.809985 6.270423 1
118.295684 149.287319 4.120981 1
119.243373 143.381697 8.449966 1
122.003662 126.180737 21.058749 1
120.049126 122.871971 28.398939 1
116.126810 116.232011 43.129072 1
116.126810 116.232011 43.129072 1
93.420687 101.682490 17.162578 1
90.046095 103.453182 36.282382 1
85.867177 105.645914 59.959344 1
90.019204 82.180292 55.621599 1
93.475069 62.649101 52.011153 1
88.437668 55.404892 66.369996 1
86.736283 54.464044 74.352561 1
109.045309 101.280743 17.048867 1
112.974578 103.505482 36.014768 1
117.840335 106.260455 59.500927 1
117.370903 82.239287 54.989777 1
116.988058 62.648832 51.310710 1
123.211633 55.405700 65.197196 1
125.598038 54.464925 73.002455 1
101.272600 103.280500 17.907460 1
101.461009 111.670325 15.155622 1
101.556238 121.747901 11.338753 1
101.412261 131.705151 8.608063 1
100.482284 158.105814 6.044704 1
100.630487 165.355028 9.447876 1
101.215590 185.676137 7.581789 1
96.654384 142.502894 6.512398 1
83.084037 147.907733 5.772513 1
82.745475 142.525688 10.815683 1
81.759362 126.849717 25.504629 1
84.383928 123.616283 32.667246 1
89.650849 117.127496 47.041030 1
89.650849 117.127496 47.041030 1
105.342949 142.788089 6.297514 1
118.340952 149.146301 4.166999 1
119.300068 143.290061 8.560078 1
122.093637 126.232933 21.355545 1
120.137383 122.920118 28.693451 1
116.211617 116.272033 43.419000 1
116.211617 116.272033 43.419000 1
93.415063 101.693795 17.345121 1
90.024982 103.442027 36.464252 1
85.826885 105.606944 60.140380 1
89.986379 82.160230 55.708570 1
93.448458 62.644775 52.019831 1
88.390390 55.401207 66.371730 1
86.677794 54.460616 74.351927 1
109.040692 101.321503 17.279909 1
112.921029 103.500274 36.261214 1
117.726193 106.198322 59.766449 1
117.283270 82.212757 55.067107 1
116.922044 62.651337 51.234561 1
123.132051 55.409549 65.127820 1
125.507828 54.468461 72.936283 1
101.251500 103.317300 18.063410 1
101.435415 111.690148 15.260043 1
101.525114 121.746778 11.388189 1
101.370413 131.693189 8.618861 1
100.404434 158.086684 5.995696 1
100.647209 165.341850 9.380705 1
101.288513 185.657897 7.478318 1
96.597686 142.479707 6.499289 1
83.061657 147.966399 5.733683 1
82.722141 142.609630 10.803628 1
81.733250 127.007278 25.570562 1
84.343946 123.745364 32.725331 1
89.583035 117.199427 47.083364 1
89.583035 117.199427 47.083364 1
105.285832 142.776156 6.282664 1
118.352147 149.000014 4.173393 1
119.320517 143.182137 8.615146 1
122.141040 126.236747 21.552380 1
120.205222 122.934997 28.900685 1
116.320465 116.309119 43.647104 1
116.320465 116.309119 43.647104 1
93.398807 101.713386 17.482532 1
89.983253 103.435888 36.599464 1
85.753610 105.568944 60.272870 1
89.927777 82.131879 55.803971 1
93.402071 62.624456 52.084361 1
88.313716 55.380216 66.425211 1
86.584152 54.439297 74.401709 1
109.025190 101.368023 17.476201 1
112.866258 103.499802 36.470824 1
117.622793 106.139660 59.992552 1
117.233432 82.178186 55.167252 1
116.915888 62.636414 51.231981 1
123.111324 55.395982 65.132451 1
125.477788 54.455257 72.943785 1
101.303300 103.358700 18.233870 1
101.481575 111.721138 15.399242 1
101.563090 121.763232 11.489663 1
101.393181 131.698886 8.682865 1
100.370477 158.080209 5.960621 1
100.688929 165.316760 9.379037 1
101.439765 185.623614 7.419440 1
96.597377 142.467049 6.522447 1
83.064646 147.962110 5.758555 1
82.714287 142.630538 10.854257 1
81.693814 127.101577 25.696213 1
84.287947 123.819926 32.847980 1
89.493797 117.234379 47.199989 1
89.493797 117.234379 47.199989 1
105.284882 142.781437 6.305429 1
118.452648 148.809440 4.259179 1
119.425727 143.020932 8.738117 1
122.259965 126.161081 21.783660 1
120.359185 122.891870 29.155622 1
116.544743 116.331288 43.949515 1
116.544743 116.331288 43.949515 1
93.454470 101.740768 17.639800 1
89.979869 103.446888 36.747558 1
85.677105 105.559657 60.409604 1
89.909292 82.141533 55.896198 1
93.431877 62.649875 52.139544 1
88.294730 55.405785 66.463064 1
86.537891 54.464995 74.433614 1
109.081321 101.418927 17.673141 1
112.862564 103.524283 36.682709 1
117.545016 106.131419 60.222943 1
117.214789 82.190551 55.292104 1
116.945471 62.665586 51.270761 1
123.112415 55.426345 65.184514 1
125.461084 54.485652 73.001221 1
101.356500 103.347000 18.327200 1
101.526628 111.702051 15.470376 1
101.599049 121.734582 11.536143 1
101.420300 131.664302 8.708969 1
100.376072 158.040289 5.943542 1
100.709801 165.264431 9.386659 1
101.546369 185.564053 7.387255 1
96.615419 142.425114 6.532158 1
83.062778 147.870446 5.765143 1
82.694713 142.550806 10.872057 1
81.622671 127.056602 25.746665 1
84.194614 123.774859 32.906400 1
89.355932 117.189129 47.274400 1
89.355932 117.189129 47.274400 1
105.302612 142.745977 6.312178 1
118.535787 148.651136 4.330714 1
119.496588 142.872624 8.825183 1
122.295066 126.041889 21.915962 1
120.432875 122.806867 29.312813 1
116.695871 116.314895 44.156653 1
116.695871 116.314895 44.156653 1
93.510054 101.717966 17.731986 1
89.969616 103.417268 36.828263 1
85.585323 105.521595 60.476091 1
89.865608 82.121665 55.913942 1
93.428227 62.645151 52.116717 1
88.237337 55.401015 66.420825 1
86.450625 54.460185 74.384728 1
109.137256 101.415176 17.777070 1
112.839272 103.505531 36.803880 1
117.423613 106.094091 60.365465 1
117.124879 82.177382 55.316786 1
116.881246 62.672119 51.199337 1
123.014208 55.435746 65.129593 1
125.339416 54.495100 72.953316 1
101.331400 103.288300 18.362120 1
101.529244 111.658370 15.551417 1
101.624829 121.708678 11.663322 1
101.454511 131.646261 8.863385 1
100.390526 158.023844 6.120801 1
100.756100 165.248745 9.559086 1
101.607064 185.545299 7.534761 1
96.642251 142.405084 6.693051 1
83.103561 147.885916 5.932532 1
82.727060 142.554232 11.026252 1
81.630444 127.024946 25.862435 1
84.185799 123.741378 33.027271 1
89.313828 117.151986 47.405508 1
89.313828 117.151986 47.405508 1
105.329320 142.733236 6.478998 1
118.587962 148.589411 4.522556 1
119.526814 142.796076 9.002558 1
122.261362 125.922167 22.051200 1
120.404592 122.705219 29.457291 1
116.678467 116.249518 44.319673 1
116.678467 116.249518 44.319673 1
93.476402 101.696105 17.780163 1
89.940800 103.404157 36.876555 1
85.562496 105.519320 60.524525 1
89.818070 82.117467 55.949139 1
93.360120 62.639353 52.140897 1
88.199205 55.395129 66.455802 1
86.429098 54.454279 74.423409 1
109.102229 101.326400 17.779104 1
112.751967 103.455255 36.811745 1
117.271570 106.091490 60.380550 1
117.039368 82.178411 55.311223 1
116.849996 62.676108 51.176935 1
122.979834 55.442503 65.110003 1
125.299226 54.501952 72.935464 1
101.393700 103.368100 18.338180 1
101.568829 111.713638 15.453982 1
101.642543 121.738322 11.499823 1
101.458617 131.669642 8.678604 1
100.386160 158.053179 5.997284 1
100.768567 165.283006 9.423365 1
101.544821 185.581689 7.390385 1
96.641170 142.432595 6.540494 1
83.116482 147.948882 5.787224 1
82.744240 142.598195 10.861293 1
81.660031 127.013559 25.640239 1
84.202428 123.721565 32.805818 1
89.304454 117.115263 47.185546 1
89.304454 117.115263 47.185546 1
105.327825 142.762560 6.312835 1
118.581833 148.627298 4.350655 1
119.504593 142.834437 8.834612 1
122.192269 125.961907 21.894772 1
120.321929 122.738444 29.294612 1
116.568574 116.269667 44.144451 1
116.568574 116.269667 44.144451 1
93.544821 101.745288 17.758241 1
89.933092 103.435148 36.842001 1
85.460515 105.527781 60.474328 1
89.769680 82.123840 55.960197 1
93.356336 62.643987 52.202939 1
88.117881 55.399850 66.489695 1
86.304705 54.459011 74.447613 1
109.171746 101.426419 17.784448 1
112.763043 103.516665 36.832479 1
117.210278 106.105089 60.420342 1
116.998623 82.195815 55.332201 1
116.826008 62.696616 51.182570 1
122.927658 55.467152 65.130153 1
125.224954 54.526666 72.962136 1
101.369000 103.316300 18.460140 1
101.539842 111.653574 15.551886 1
101.610564 121.670103 11.577058 1
101.428320 131.600368 8.752020 1
100.373001 157.988027 6.104678 1
100.748169 165.203801 9.561051 1
101.459349 185.504819 7.527583 1
96.617592 142.369296 6.628924 1
83.095117 147.892807 5.888984 1
82.714344 142.530035 10.949644 1
81.605287 126.910201 25.689536 1
84.134943 123.615311 32.858292 1
89.211401 117.003199 47.244397 1
89.211401 117.003199 47.244397 1
105.304408 142.693681 6.399401 1
118.561412 148.553350 4.442326 1
119.480957 142.755560 8.920570 1
122.159268 125.868676 21.964090 1
120.265927 122.638920 29.355332 1
116.466415 116.157516 44.187918 1
116.466415 116.157516 44.187918 1
93.520474 101.688950 17.888190 1
89.860703 103.371439 36.963447 1
85.328634 105.454944 60.585244 1
89.712329 82.061349 56.089282 1
93.361019 62.590107 52.347146 1
88.088701 55.346178 66.621547 1
86.256523 54.405503 74.575131 1
109.147525 101.375886 17.908701 1
112.725172 103.461135 36.959848 1
117.155503 106.043371 60.551571 1
116.940387 82.136204 55.453683 1
116.764950 62.638723 51.296103 1
122.848730 55.408225 65.250953 1
125.137588 54.467735 73.085407 1
101.366000 103.330100 18.459750 1
101.538484 111.662353 15.537238 1
101.611756 121.674241 11.550782 1
101.434767 131.604776 8.726359 1
100.398871 157.996565 6.112729 1
100.764784 165.199573 9.596611 1
101.422894 185.503305 7.572387 1
96.631861 142.379986 6.617469 1
83.107924 147.899657 5.875587 1
82.727816 142.520987 10.919398 1
81.620697 126.854849 25.610213 1
84.120008 123.560667 32.789930 1
89.135571 116.949975 47.198030 1
89.135571 116.949975 47.198030 1
105.318894 142.698181 6.387471 1
118.588363 148.536888 4.452346 1
119.511641 142.736900 8.926974 1
122.200828 125.843614 21.959962 1
120.299956 122.608822 29.347068 1
116.485329 116.117310 44.171351 1
116.485329 116.117310 44.171351 1
93.516313 101.705366 17.896364 1
89.774548 103.366944 36.957541 1
85.140943 105.424555 60.561902 1
89.724648 82.077485 56.023764 1
93.539813 62.644967 52.246523 1
88.219648 55.401195 66.503240 1
86.360787 54.460614 74.450641 1
109.143231 101.385204 17.905851 1
112.728020 103.479541 36.954658 1
117.167195 106.073033 60.543483 1
116.965778 82.179988 55.379262 1
116.801512 62.694023 51.167583 1
122.892756 55.464360 65.119610 1
125.183962 54.523672 72.953354 1
101.361100 103.330200 18.488660 1
101.534915 111.658720 15.555605 1
101.610057 121.667398 11.561130 1
101.435543 131.598126 8.737233 1
100.409992 157.992670 6.147454 1
100.788385 165.192518 9.636532 1
101.364106 185.501109 7.636081 1
96.636595 142.377219 6.639204 1
83.105605 147.878852 5.891966 1
82.714594 142.498059 10.932677 1
81.575716 126.825734 25.614462 1
84.058077 123.534182 32.801262 1
89.039626 116.928768 47.223576 1
89.039626 116.928768 47.223576 1
105.323700 142.691996 6.407265 1
118.600865 148.521068 4.496027 1
119.539070 142.715288 8.960024 1
122.271733 125.805129 21.962052 1
120.375620 122.576517 29.353083 1
116.570543 116.097408 44.185244 1
116.570543 116.097408 44.185244 1
93.510753 101.706990 17.930094 1
89.750615 103.359818 36.988416 1
85.094256 105.406594 60.589242 1
89.704535 82.064267 56.053624 1
93.541817 62.635697 52.278481 1
88.211629 55.391587 66.531282 1
86.346973 54.450893 74.477311 1
109.137582 101.382397 17.934459 1
112.744219 103.471071 36.979764 1
117.210449 106.057550 60.564251 1
116.990010 82.164855 55.399184 1
116.810230 62.679177 51.186815 1
122.904756 55.446323 65.135754 1
125.201447 54.505160 72.967834 1
101.359200 103.321300 18.511090 1
101.537540 111.649504 15.577409 1
101.617331 121.659286 11.585792 1
101.446079 131.591898 8.768329 1
100.423317 157.989128 6.204950 1
100.806452 165.177285 9.717536 1
101.357555 185.487004 7.721620 1
96.648735 142.373419 6.679125 1
83.109809 147.856761 5.941249 1
82.704820 142.470544 10.975059 1
81.525228 126.782423 25.636746 1
84.004320 123.499489 32.828615 1
88.979306 116.911370 47.261101 1
88.979306 116.911370 47.261101 1
105.335963 142.687890 6.451387 1
118.622730 148.500370 4.556409 1
119.569252 142.691131 9.014149 1
122.326139 125.770903 21.997949 1
120.453091 122.548157 29.397417 1
116.694302 116.080821 44.246510 1
116.694302 116.080821 44.246510 1
93.507254 101.704086 17.957635 1
89.739328 103.356408 37.014463 1
85.073326 105.402558 60.613439 1
89.689453 82.061234 56.078605 1
93.531604 62.633499 52.304115 1
88.201578 55.389504 66.557034 1
86.337088 54.448846 74.503107 1
109.133828 101.367490 17.952046 1
112.771402 103.454984 36.991595 1
117.275942 106.040002 60.568956 1
117.038137 82.148198 55.400541 1
116.844194 62.663246 51.185443 1
122.947997 55.428566 65.129379 1
125.254776 54.488134 72.958581 1
101.383600 103.343900 18.530210 1
101.564589 111.673444 15.600498 1
101.644675 121.685240 11.613941 1
101.471192 131.620332 8.805374 1
100.436936 158.020378 6.275830 1
100.826972 165.201661 9.801692 1
101.379494 185.512752 7.820179 1
96.668452 142.402688 6.732945 1
83.131855 147.893609 6.008814 1
82.728441 142.502409 11.037414 1
81.553437 126.799774 25.683924 1
84.031953 123.512697 32.874099 1
89.005785 116.916261 47.303184 1
89.005785 116.916261 47.303184 1
105.355407 142.720666 6.499743 1
118.650083 148.519930 4.619812 1
119.597617 142.703173 9.067522 1
122.357451 125.761046 22.022106 1
120.481704 122.520078 29.412927 1
116.717498 116.016175 44.244665 1
116.717498 116.016175 44.244665 1
93.529743 101.732917 17.985764 1
89.751984 103.383666 37.040781 1
85.073804 105.427867 60.637515 1
89.680269 82.086080 56.095246 1
93.514377 62.657960 52.314568 1
88.179708 55.413635 66.565582 1
86.312505 54.472837 74.511002 1
109.156039 101.384480 17.960458 1
112.814763 103.473750 36.995760 1
117.345496 106.060966 60.567860 1
117.087888 82.169041 55.400954 1
116.877794 62.683991 51.187085 1
122.994247 55.448866 65.125246 1
125.309497 54.508674 72.951977 1
101.410000 103.311200 18.527310 1
101.594092 111.645441 15.611180 1
101.674487 121.663086 11.639351 1
101.499044 131.600801 8.840201 1
100.452089 158.001372 6.321380 1
100.829234 165.158284 9.897834 1
101.390676 185.467286 7.897500 1
96.691008 142.381726 6.772613 1
83.143940 147.850766 6.079375 1
82.735053 142.458738 11.106644 1
81.544108 126.753689 25.749278 1
84.020901 123.467213 32.940321 1
88.991276 116.871985 47.371149 1
88.991276 116.871985 47.371149 1
105.377787 142.703889 6.538622 1
118.676498 148.502951 4.686815 1
119.626917 142.679533 9.125182 1
122.395154 125.718002 22.052555 1
120.535128 122.478010 29.447775 1
116.802470 115.976064 44.288342 1
116.802470 115.976064 44.288342 1
93.553241 101.709811 17.996612 1
89.769110 103.367566 37.049757 1
85.083041 105.420441 60.644172 1
89.668644 82.073873 56.105367 1
93.485387 62.641773 52.327572 1
88.150508 55.397074 66.578317 1
86.283171 54.456073 74.523681 1
109.179053 101.344152 17.938005 1
112.844013 103.444637 36.970873 1
117.382466 106.045741 60.539959 1
117.106893 82.151215 55.386024 1
116.882148 62.664043 51.182734 1
122.998065 55.426747 65.120002 1
125.315397 54.486189 72.946072 1
101.423900 103.312600 18.517920 1
101.609019 111.645110 15.596915 1
101.689607 121.661548 11.622044 1
101.514115 131.600237 8.826356 1
100.466470 158.003270 6.333777 1
100.807032 165.149507 9.935162 1
101.377468 185.456565 7.917711 1
96.705481 142.383199 6.770819 1
83.152333 147.838897 6.091436 1
82.744416 142.439127 11.110469 1
81.556298 126.711531 25.729112 1
84.029672 123.433720 32.925285 1
88.993183 116.855881 47.366409 1
88.993183 116.855881 47.366409 1
105.392189 142.705569 6.534499 1
118.685125 148.514477 4.672116 1
119.641096 142.684669 9.100892 1
122.425505 125.704528 22.000331 1
120.576847 122.462669 29.397583 1
116.867001 115.956977 44.242228 1
116.867001 115.956977 44.242228 1
93.566093 101.714034 17.994279 1
89.806178 103.378005 37.051676 1
85.150096 105.438580 60.651356 1
89.678666 82.079074 56.121861 1
93.447939 62.636207 52.351816 1
88.127531 55.392184 66.608314 1
86.268608 54.451436 74.555680 1
109.191708 101.342130 17.923653 1
112.873777 103.441647 36.953325 1
117.433418 106.041552 60.518454 1
117.138549 82.144477 55.377424 1
116.898068 62.655226 51.184659 1
123.024415 55.416940 65.116833 1
125.349015 54.476332 72.940741 1
101.432100 103.319200 18.498450 1
101.619787 111.650969 15.575494 1
101.702595 121.666562 11.598544 1
101.528239 131.605484 8.803611 1
100.479733 158.009373 6.320470 1
100.840622 165.159267 9.912603 1
101.340228 185.471914 7.932987 1
96.718935 142.389137 6.753273 1
83.160774 147.835798 6.101980 1
82.758942 142.426829 11.111588 1
81.588548 126.672438 25.702784 1
84.062860 123.402785 32.902344 1
89.028255 116.841315 47.350266 1
89.028255 116.841315 47.350266 1
105.405569 142.711621 6.514399 1
118.702775 148.512408 4.657197 1
119.667186 142.675916 9.075325 1
122.476178 125.676304 21.943752 1
120.631249 122.434294 29.341869 1
116.928889 115.928299 44.188250 1
116.928889 115.928299 44.188250 1
93.573205 101.724460 17.979496 1
89.832555 103.392233 37.040351 1
85.200331 105.457516 60.644314 1
89.692268 82.087994 56.130033 1
93.431051 62.636790 52.372650 1
88.121383 55.391809 66.632665 1
86.267771 54.450770 74.581237 1
109.198590 101.344702 17.900338 1
112.899233 103.444473 36.926379 1
117.481874 106.044694 60.487011 1
117.170578 82.141831 55.373933 1
116.916701 62.647859 51.203964 1
123.048691 55.408195 65.132938 1
125.378596 54.467575 72.955266 1
101.432200 103.333100 18.484930 1
101.621806 111.663840 15.559167 1
101.706507 121.679106 11.581432 1
101.534689 131.618433 8.787784 1
100.497427 158.023603 6.313555 1
100.838546 165.164860 9.924750 1
101.316970 185.479681 7.962279 1
96.729433 142.405019 6.743390 1
83.162707 147.832313 6.109010 1
82.760142 142.420086 11.115040 1
81.587612 126.656209 25.695814 1
84.060210 123.387339 32.896320 1
89.022164 116.827442 47.346138 1
89.022164 116.827442 47.346138 1
105.416094 142.723452 6.500049 1
118.706649 148.537183 4.635733 1
119.679544 142.693212 9.042100 1
122.513244 125.671817 21.876269 1
120.676616 122.426553 29.275025 1
116.990912 115.914028 44.122687 1
116.990912 115.914028 44.122687 1
93.572693 101.740624 17.968288 1
89.843887 103.409203 37.031393 1
85.226328 105.475484 60.638142 1
89.688513 82.097487 56.138265 1
93.402531 62.639228 52.392870 1
88.097797 55.394995 66.655101 1
86.247797 54.454064 74.604529 1
109.197942 101.355996 17.885712 1
112.915140 103.453842 36.908737 1
117.518283 106.051679 60.465636 1
117.195604 82.145874 55.367034 1
116.932443 62.649504 51.208872 1
123.071488 55.409211 65.134410 1
125.406369 54.468598 72.955256 1
101.429900 103.341000 18.479200 1
101.620817 111.670213 15.549177 1
101.709607 121.683520 11.566603 1
101.544204 131.621884 8.769145 1
100.529931 158.027249 6.287476 1
100.817603 165.153758 9.932304 1
101.298520 185.471733 8.003388 1
96.748503 142.412015 6.721023 1
83.166073 147.799194 6.080779 1
82.759076 142.390603 11.090379 1
81.573638 126.637311 25.681547 1
84.036079 123.370445 32.886441 1
88.977652 116.814570 47.345066 1
88.977652 116.814570 47.345066 1
105.435471 142.722946 6.478960 1
118.715986 148.562573 4.624047 1
119.689631 142.710873 9.019979 1
122.525518 125.666969 21.823756 1
120.681842 122.418059 29.219158 1
116.981997 115.898216 44.060090 1
116.981997 115.898216 44.060090 1
93.570486 101.748611 17.960875 1
89.846169 103.418225 37.024766 1
85.234170 105.485789 60.632490 1
89.695596 82.105952 56.141423 1
93.408983 62.646162 52.403362 1
88.108058 55.402097 66.667095 1
86.260151 54.461271 74.617021 1
109.195743 101.363235 17.883487 1
112.932729 103.456407 36.903150 1
117.560376 106.048456 60.455885 1
117.213239 82.142179 55.361105 1
116.930131 62.645424 51.206059 1
123.066028 55.400018 65.130326 1
125.403925 54.458233 72.950130 1
