74 35
106.968800 151.121500 24.912780 1
106.950782 159.099688 24.812381 1
106.941823 169.296085 23.835394 1
107.005329 179.081776 23.083369 1
107.391921 204.301727 23.549567 1
107.762806 211.817069 24.708069 1
107.515035 230.906523 28.180846 1
103.014867 189.720604 22.280292 1
89.785771 193.892919 21.362220 1
88.888494 187.441820 23.975455 1
86.275047 168.652080 31.586872 1
87.868487 162.285055 35.938893 1
91.066165 149.507847 44.672435 1
91.066165 149.507847 44.672435 1
111.277756 189.596936 22.118403 1
123.452015 196.096349 20.443562 1
124.614744 189.681032 23.040176 1
128.001357 170.995484 30.603195 1
127.211562 164.789395 35.386361 1
125.626621 152.335135 44.985127 1
125.626621 152.335135 44.985127 1
99.889150 149.740131 24.090214 1
98.323547 131.275805 24.180154 1
96.384785 108.410522 24.291533 1
94.916574 85.549587 21.997606 1
93.694533 66.521646 20.088290 1
90.321257 59.415881 34.042898 1
89.740436 58.297135 41.749679 1
114.005990 149.767735 23.750231 1
115.932374 131.349847 24.431937 1
118.317888 108.542295 25.276111 1
119.480237 85.466806 22.814569 1
120.428184 66.647701 20.807069 1
124.093241 59.979094 34.903132 1
124.880046 59.113082 42.624225 1
106.926200 151.118200 24.770580 1
106.923716 159.096683 24.695170 1
106.936955 169.295965 23.748820 1
107.016816 179.083572 23.023778 1
107.424019 204.301945 23.553461 1
107.733785 211.817023 24.731471 1
107.434056 230.900725 28.231654 1
103.039711 189.727973 22.228324 1
89.793026 193.832169 21.258286 1
88.898047 187.389115 23.892076 1
86.291292 168.622806 31.563361 1
87.882063 162.209174 35.847391 1
91.074385 149.338436 44.444491 1
91.074385 149.338436 44.444491 1
111.303144 189.597148 22.104274 1
123.448156 196.170928 20.509231 1
124.557805 189.772531 23.170028 1
127.789815 171.136266 30.919986 1
126.916517 164.838376 35.566697 1
125.164004 152.199890 44.891626 1
125.164004 152.199890 44.891626 1
99.847220 149.752941 23.915975 1
98.316944 131.286252 24.089772 1
96.421928 108.418044 24.304995 1
94.941301 85.556360 22.026559 1
93.708924 66.527796 20.130137 1
90.350299 59.441263 34.098052 1
89.778866 58.332540 41.806983 1
113.965311 149.754645 23.631338 1
115.914333 131.341185 24.366227 1
118.327879 108.539115 25.276258 1
119.478425 85.464119 22.804569 1
120.416746 66.645417 20.788795 1
124.060643 59.973245 34.888656 1
124.837550 59.106021 42.610614 1
106.881800 151.112600 24.545880 1
106.902104 159.091352 24.514388 1
106.947184 169.295519 23.623301 1
107.045377 179.086643 22.949825 1
107.450086 204.302012 23.608714 1
107.687466 211.807796 24.860478 1
107.335847 230.881514 28.409903 1
103.077092 189.735457 22.169536 1
89.811015 193.755443 21.115516 1
88.935422 187.321428 23.777763 1
86.385132 168.581445 31.531935 1
87.950787 162.090374 35.707205 1
91.092708 149.064235 44.086045 1
91.092708 149.064235 44.086045 1
111.341318 189.604022 22.123373 1
123.477925 196.220275 20.644188 1
124.535180 189.807992 23.292863 1
127.614585 171.131281 31.007515 1
126.670162 164.757779 35.535707 1
124.774917 151.967556 44.622795 1
124.774917 151.967556 44.622795 1
99.807347 149.772007 23.617894 1
98.362380 131.300482 23.942533 1
96.573007 108.426286 24.344550 1
95.040948 85.564358 22.102861 1
93.765762 66.535591 20.237024 1
90.421368 59.435570 34.201503 1
89.862984 58.317019 41.909971 1
113.927429 149.735471 23.464737 1
115.899697 131.327490 24.271366 1
118.342031 108.532205 25.270236 1
119.480787 85.458101 22.784794 1
120.409492 66.640127 20.757803 1
123.960233 59.970108 34.882428 1
124.689167 59.105379 42.609342 1
106.805900 151.107100 24.206180 1
106.842501 159.085840 24.222196 1
106.915503 169.296291 23.408286 1
107.022182 179.094016 22.840376 1
107.362697 204.298651 23.851913 1
107.624439 211.798714 25.132769 1
107.201498 230.864996 28.714223 1
103.048921 189.745599 22.125978 1
89.836155 193.896486 20.920576 1
89.012627 187.460620 23.594938 1
86.613985 168.715248 31.384396 1
88.237071 162.163266 35.440906 1
91.494243 149.014893 43.581424 1
91.494243 149.014893 43.581424 1
111.312652 189.629202 22.244449 1
123.427626 196.322276 20.944371 1
124.439478 189.852556 23.468163 1
127.386639 171.008553 30.819075 1
126.355166 164.582339 35.252790 1
124.285228 151.686336 44.150283 1
124.285228 151.686336 44.150283 1
99.747009 149.786685 23.140910 1
98.383448 131.316240 23.752408 1
96.694884 108.443382 24.509656 1
95.121520 85.584108 22.269515 1
93.811955 66.557550 20.404966 1
90.370712 59.442086 34.338020 1
89.765043 58.312138 42.041253 1
113.867427 149.721699 23.246111 1
115.856402 131.317839 24.104122 1
118.319423 108.527658 25.166621 1
119.446427 85.453378 22.677459 1
120.365548 66.635260 20.647434 1
123.693315 59.972588 34.829702 1
124.306034 59.114307 42.567417 1
106.760800 151.083600 23.788480 1
106.796659 159.062055 23.858184 1
106.879017 169.279394 23.136873 1
106.979158 179.084039 22.703032 1
107.219680 204.267173 24.174324 1
107.537843 211.744082 25.572414 1
107.066265 230.790857 29.250290 1
102.990017 189.736107 22.091802 1
89.853268 194.081766 20.749749 1
89.041162 187.640250 23.413982 1
86.675789 168.878422 31.173940 1
88.218507 162.222898 35.090846 1
91.314400 148.866736 42.951210 1
91.314400 148.866736 42.951210 1
111.249402 189.639685 22.391975 1
123.373690 196.363624 21.367128 1
124.344968 189.818927 23.706827 1
127.173952 170.756539 30.521542 1
125.997415 164.288936 34.857883 1
123.636365 151.309872 43.559969 1
123.636365 151.309872 43.559969 1
99.723854 149.770816 22.578427 1
98.395176 131.311623 23.518307 1
96.749808 108.452698 24.682207 1
95.162630 85.592346 22.462912 1
93.841567 66.564891 20.615715 1
90.247183 59.451060 34.510886 1
89.560728 58.320181 42.207204 1
113.839616 149.704077 22.955699 1
115.818511 131.305264 23.936473 1
118.269053 108.521332 25.150994 1
119.401334 85.449855 22.638355 1
120.324758 66.634024 20.589184 1
123.368038 59.979318 34.838931 1
123.830638 59.127465 42.587779 1
106.681600 151.045100 23.251680 1
106.722849 159.023189 23.353079 1
106.817078 169.246093 22.717119 1
106.899835 179.056847 22.449582 1
106.977103 204.195375 24.561735 1
107.407612 211.638450 26.102951 1
106.903253 230.638699 30.009995 1
102.870734 189.702619 22.016823 1
89.852360 194.353809 20.551081 1
89.078665 187.871841 23.127177 1
86.825168 168.992190 30.630421 1
88.376642 162.295812 34.473544 1
91.490104 148.857666 42.185840 1
91.490104 148.857666 42.185840 1
111.121570 189.636427 22.502793 1
123.254674 196.391149 21.853520 1
124.198963 189.774003 23.991825 1
126.949336 170.500602 30.219951 1
125.549469 163.963905 34.382878 1
122.740245 150.846188 42.736959 1
122.740245 150.846188 42.736959 1
99.670435 149.743619 21.889349 1
98.422333 131.295963 23.120918 1
96.876747 108.451324 24.646030 1
95.241591 85.588494 22.487934 1
93.880595 66.558976 20.691675 1
90.160423 59.473548 34.568238 1
89.411556 58.355012 42.260539 1
113.775126 149.662144 22.562071 1
115.759929 131.271911 23.681960 1
118.217786 108.498604 25.068753 1
119.378286 85.429109 22.550800 1
120.324725 66.614893 20.497294 1
123.088837 59.962590 34.804932 1
123.402406 59.113136 42.561504 1
106.656200 151.009200 22.641780 1
106.681482 158.986712 22.785112 1
106.762132 169.215687 22.253455 1
106.811177 179.030048 22.181065 1
106.702713 204.095398 25.032242 1
107.213211 211.487330 26.781179 1
106.676988 230.396278 31.104718 1
102.734974 189.664556 21.968475 1
89.867938 194.701464 20.442374 1
89.110174 188.168277 22.890648 1
86.903080 169.139444 30.021594 1
88.491313 162.413061 33.796700 1
91.678542 148.914700 41.372501 1
91.678542 148.914700 41.372501 1
110.972740 189.623528 22.642540 1
123.115667 196.389083 22.451153 1
124.018890 189.700698 24.374778 1
126.649652 170.219799 29.977615 1
125.016897 163.628262 33.965565 1
121.740319 150.400491 41.968505 1
121.740319 150.400491 41.968505 1
99.673474 149.703087 21.144500 1
98.441000 131.277737 22.686583 1
96.914768 108.460720 24.596221 1
95.271028 85.591761 22.510818 1
93.902888 66.557141 20.775063 1
90.020098 59.504442 34.623722 1
89.184174 58.402589 42.309460 1
113.763600 149.641713 22.075140 1
115.742465 131.265172 23.409716 1
118.192968 108.508820 25.062363 1
119.350378 85.441658 22.521718 1
120.294297 66.629345 20.449707 1
122.788399 59.962505 34.800130 1
122.961823 59.107775 42.560521 1
106.625400 150.926900 21.902180 1
106.612723 158.903216 22.102453 1
106.648412 169.138486 21.703626 1
106.627650 178.951792 21.870710 1
106.226292 203.896664 25.613040 1
106.880559 211.209600 27.626236 1
106.269910 229.987605 32.478291 1
102.460309 189.552784 21.945711 1
89.787979 195.067906 20.443869 1
89.069365 188.464077 22.707455 1
86.976298 169.229489 29.300467 1
88.608433 162.480725 33.016442 1
91.883764 148.937453 40.473581 1
91.883764 148.937453 40.473581 1
110.680889 189.556093 22.805300 1
122.816825 196.328910 23.133986 1
123.685747 189.571576 24.817449 1
126.216605 169.889853 29.720781 1
124.323098 163.240968 33.492379 1
120.523247 149.898113 41.061149 1
120.523247 149.898113 41.061149 1
99.676872 149.601518 20.268915 1
98.463791 131.212550 22.209229 1
96.961573 108.440587 24.612016 1
95.290920 85.570129 22.564775 1
93.900379 66.534262 20.860784 1
89.866650 59.470518 34.660585 1
88.951326 58.360430 42.336085 1
113.747908 149.594096 21.455248 1
115.705213 131.236332 23.053908 1
118.129019 108.503232 25.033580 1
119.278430 85.436130 22.488757 1
120.215825 66.623866 20.413338 1
122.407191 59.929771 34.800448 1
122.424972 59.063669 42.561496 1
106.623900 150.786200 20.972380 1
106.566289 158.759691 21.258735 1
106.542491 169.000460 21.041489 1
106.429403 178.803099 21.515612 1
105.661569 203.547433 26.367529 1
106.478299 210.746613 28.705224 1
105.826032 229.382239 34.073353 1
102.137133 189.344016 21.983454 1
89.655691 195.308610 20.606042 1
88.998092 188.619364 22.624041 1
87.082742 169.135983 28.501749 1
88.765320 162.365801 32.155749 1
92.141879 148.779547 39.488516 1
92.141879 148.779547 39.488516 1
110.338635 189.397655 23.007822 1
122.443909 196.173221 23.910092 1
123.301781 189.351489 25.316744 1
125.800452 169.482198 29.413823 1
123.572314 162.770170 32.878222 1
119.100931 149.300599 39.830511 1
119.100931 149.300599 39.830511 1
99.709612 149.443610 19.212746 1
98.529248 131.122913 21.732539 1
97.067545 108.435494 24.852923 1
95.355905 85.571041 22.772735 1
93.931249 66.540172 21.041320 1
89.820217 59.413515 34.785851 1
88.866734 58.266075 42.451206 1
113.759556 149.494361 20.626254 1
115.700932 131.181184 22.688499 1
118.105013 108.503298 25.242245 1
119.260370 85.447759 22.597301 1
120.202614 66.644925 20.440228 1
122.127976 59.901662 34.842427 1
122.008266 59.011551 42.599854 1
106.595700 150.528000 19.813080 1
106.472230 158.495458 20.220814 1
106.365383 168.737960 20.249859 1
106.150608 178.510872 21.129278 1
105.027319 202.915424 27.419652 1
105.890963 210.010502 30.041493 1
105.196198 228.480059 35.950939 1
101.737173 188.963523 22.137777 1
89.391467 195.245519 20.962993 1
88.759104 188.464653 22.657323 1
86.917255 168.714419 27.592298 1
88.715383 161.935431 31.174225 1
92.323826 148.331505 38.362359 1
92.323826 148.331505 38.362359 1
109.917432 189.035608 23.318881 1
121.961288 195.809064 24.843960 1
122.790679 188.925687 25.931094 1
125.206396 168.876843 29.097532 1
122.638829 162.093594 32.165612 1
117.486289 148.481098 38.322577 1
117.486289 148.481098 38.322577 1
99.714976 149.160132 17.944708 1
98.540764 130.952836 21.186028 1
97.086679 108.405847 25.199915 1
95.378602 85.548651 23.038629 1
93.956912 66.523822 21.239714 1
89.808054 59.308932 34.926726 1
88.834360 58.111782 42.581932 1
113.745038 149.295986 19.538580 1
115.651158 131.064977 22.257271 1
118.011579 108.488842 25.623919 1
119.176048 85.453249 22.814307 1
120.125723 66.666682 20.522941 1
121.815096 59.817432 34.904726 1
121.573353 58.872368 42.652804 1
106.654000 150.100900 18.471080 1
106.456833 158.056642 19.044815 1
106.237484 168.291770 19.384146 1
105.876506 178.005386 20.742335 1
104.279625 201.900647 28.671977 1
105.337900 208.864289 31.561234 1
104.550991 227.117999 38.096649 1
101.266371 188.282575 22.439222 1
89.142430 195.052232 21.774509 1
88.595791 188.163994 23.000949 1
87.003628 168.101026 26.573127 1
88.933267 161.320989 30.083929 1
92.805623 147.714957 37.129331 1
92.805623 147.714957 37.129331 1
109.440021 188.423966 23.659175 1
121.420508 195.130460 25.838833 1
122.231776 188.197004 26.559715 1
124.594708 168.002300 28.659389 1
121.705436 161.152736 31.258151 1
115.907302 147.407160 36.473296 1
115.907302 147.407160 36.473296 1
99.790838 148.710092 16.555644 1
98.590183 130.671588 20.625207 1
97.103353 108.333622 25.664747 1
95.424423 85.488817 23.354726 1
94.026992 66.474302 21.432014 1
89.943830 59.178002 35.095606 1
89.004401 57.936474 42.748024 1
113.814955 148.939749 18.190549 1
115.689039 130.859943 21.796471 1
118.009790 108.471048 26.261810 1
119.154307 85.458748 23.259710 1
120.087711 66.691178 20.811361 1
121.689276 59.646985 35.108783 1
121.404743 58.598616 42.842105 1
106.627100 149.387700 16.944580 1
106.403657 157.328486 17.690155 1
106.125130 167.545027 18.372654 1
105.665983 177.160410 20.286526 1
103.724663 200.306167 30.131219 1
104.857068 207.156811 33.253140 1
103.971956 225.093377 40.603308 1
100.902284 187.192141 22.821272 1
88.875880 194.165021 22.753321 1
88.377217 187.197617 23.429638 1
86.924788 166.904067 25.399507 1
89.054861 160.143995 28.832053 1
93.329443 146.578031 35.720411 1
93.329443 146.578031 35.720411 1
109.076909 187.363308 24.030835 1
120.875962 194.119933 26.927452 1
121.694265 187.154532 27.180840 1
124.077688 166.866784 27.918869 1
120.883579 160.042150 30.207979 1
114.473705 146.346604 34.801722 1
114.473705 146.346604 34.801722 1
99.760583 148.012873 15.029631 1
98.519072 130.221972 20.062827 1
96.981649 108.190626 26.295681 1
95.411446 85.369648 23.692311 1
94.104512 66.374965 21.525434 1
90.174566 58.978975 35.180353 1
89.303975 57.683888 42.832036 1
113.790898 148.259480 16.607903 1
115.672706 130.453745 21.383764 1
118.003021 108.404242 27.297883 1
119.137769 85.434450 23.982847 1
120.063206 66.701547 21.279284 1
121.776798 59.318305 35.391453 1
121.549265 58.084039 43.099184 1
106.498800 148.318700 15.281580 1
106.323313 156.229608 16.305603 1
106.067678 166.405846 17.445751 1
105.573348 175.876065 19.975554 1
103.432826 198.093435 31.732227 1
104.323100 204.874451 35.076669 1
103.520345 222.386316 43.396463 1
100.703059 185.591533 23.387790 1
88.618999 192.443402 23.923901 1
88.080446 185.446441 23.981236 1
86.511836 165.066802 24.148231 1
88.983100 158.356653 27.447459 1
93.942377 144.890873 34.068279 1
93.942377 144.890873 34.068279 1
108.888563 185.781917 24.518332 1
120.295222 192.843645 28.162528 1
121.202956 185.891017 27.866508 1
123.846858 165.640473 27.004304 1
120.441539 158.905868 29.255277 1
113.607813 145.390990 33.772487 1
113.607813 145.390990 33.772487 1
99.607621 147.044709 13.385574 1
98.404024 129.600575 19.521053 1
96.913549 107.998648 27.118919 1
95.403834 85.222839 24.115015 1
94.147246 66.265753 21.614762 1
90.537558 58.736350 35.285175 1
89.853331 57.468175 42.960264 1
113.653211 147.168357 14.837339 1
115.603681 129.793076 20.976518 1
118.019021 108.276618 28.578882 1
119.172073 85.349966 24.983395 1
120.112437 66.652245 22.051111 1
122.123018 58.910539 35.930070 1
122.046114 57.479216 43.606638 1
106.264800 146.837000 13.502680 1
106.131649 154.699692 14.852578 1
105.899829 164.806287 16.503061 1
105.366480 174.079952 19.672288 1
102.970123 195.180625 33.289623 1
103.732587 201.749021 37.062536 1
102.905102 218.599731 46.648864 1
100.391237 183.420367 23.886193 1
88.286063 190.150081 25.084423 1
87.717800 183.172275 24.596489 1
86.062652 162.848425 23.175311 1
88.881341 156.206790 26.331545 1
94.537823 142.878499 32.665408 1
94.537823 142.878499 32.665408 1
108.570119 183.587013 25.067274 1
119.654264 190.773175 29.398655 1
120.846410 183.913534 28.518448 1
124.318702 163.933830 25.954717 1
120.565084 157.366486 28.145228 1
113.032398 144.187265 32.541102 1
113.032398 144.187265 32.541102 1
99.367980 145.680012 11.552940 1
98.196241 128.748677 18.992528 1
96.745220 107.781773 28.205335 1
95.317357 85.079838 24.652378 1
94.128898 66.184240 21.695127 1
90.725806 58.456510 35.307736 1
90.165081 57.218422 42.997739 1
113.413132 145.666999 13.014119 1
115.423263 128.874393 20.587890 1
117.912485 108.079483 29.966764 1
119.145232 85.251437 25.813559 1
120.150592 66.634135 22.426431 1
122.383247 58.499870 36.044468 1
122.375693 57.038745 43.715802 1
106.055800 144.917800 11.697080 1
105.930838 152.720312 13.360534 1
105.685826 162.731708 15.512976 1
105.091950 171.759182 19.318413 1
102.421446 191.534980 34.752108 1
103.228801 197.788895 39.017877 1
102.267794 213.971283 49.682566 1
100.004413 180.638501 24.321216 1
87.919850 187.213173 26.320488 1
87.352537 180.298619 25.263192 1
85.700156 160.158998 22.183669 1
88.914052 153.636230 25.207328 1
95.363628 140.546481 31.275142 1
95.363628 140.546481 31.275142 1
108.175412 180.775687 25.559270 1
118.937647 187.976992 30.616496 1
120.529249 181.305603 29.129885 1
125.165017 161.874209 24.799909 1
121.000085 155.501417 26.814570 1
112.641981 142.712621 30.857555 1
112.641981 142.712621 30.857555 1
99.158335 143.847410 9.700712 1
97.926459 127.643678 18.606446 1
96.400966 107.577801 29.634853 1
95.165727 84.996845 25.320375 1
94.137595 66.201941 21.729284 1
90.812800 58.448480 35.346609 1
90.270061 57.200153 43.036247 1
113.203000 143.760371 11.164041 1
115.212014 127.733152 20.246243 1
117.699853 107.886050 31.493062 1
119.007263 85.201138 26.637762 1
120.073513 66.700569 22.678044 1
122.482207 58.353738 36.136519 1
122.538775 56.912755 43.811457 1
105.862600 142.605000 9.966780 1
105.733122 150.351057 11.875635 1
105.461515 160.259787 14.457183 1
104.804559 169.012045 18.849872 1
101.895120 187.306310 35.974934 1
102.798574 193.170218 40.745512 1
101.910327 208.689566 52.359713 1
99.612398 177.354936 24.611037 1
87.606610 183.774290 27.424037 1
87.109956 176.949259 25.867419 1
85.663382 157.070387 21.333546 1
89.178462 150.667850 24.278011 1
96.232447 137.819377 30.186902 1
96.232447 137.819377 30.186902 1
107.779811 177.470981 25.874660 1
118.297716 184.510069 31.626613 1
120.337754 178.119780 29.564313 1
126.279658 159.507127 23.557561 1
121.712020 153.323274 25.264787 1
112.545774 140.913633 28.690818 1
112.545774 140.913633 28.690818 1
98.963409 141.591863 7.946641 1
97.726594 126.243427 18.256167 1
96.194985 107.236704 31.022961 1
95.149111 84.781230 26.053260 1
94.278594 66.090768 21.916805 1
91.030104 58.333739 35.550505 1
90.506411 57.089097 43.242061 1
113.010080 141.471419 9.388189 1
115.032143 126.357328 19.917661 1
117.536142 107.640986 32.956689 1
118.908680 85.114854 27.426955 1
120.028046 66.743775 22.917205 1
122.674054 58.376184 36.318101 1
122.846116 56.917682 43.988008 1
105.612100 139.997500 8.229380 1
105.492713 147.668188 10.422135 1
105.215352 157.448834 13.452503 1
104.525034 165.904029 18.388338 1
101.481484 182.738735 36.928624 1
102.586227 188.128589 42.190664 1
101.627850 203.013697 54.602106 1
99.267660 173.709131 24.806576 1
87.322805 179.858028 28.380307 1
86.901660 173.159732 26.329394 1
85.675016 153.649994 20.355819 1
89.290292 147.409369 23.518495 1
96.545348 134.885817 29.865286 1
96.545348 134.885817 29.865286 1
107.436237 173.800344 26.064697 1
117.804692 180.548541 32.406386 1
120.308747 174.533020 29.799883 1
127.602169 157.011936 22.208062 1
122.673811 151.014122 23.533011 1
112.783678 138.977821 26.191895 1
112.783678 138.977821 26.191895 1
98.703148 139.058850 6.206620 1
97.590047 124.732370 17.907199 1
96.211640 106.991187 32.396601 1
95.190220 84.698925 26.735164 1
94.340057 66.144311 22.022954 1
91.222173 58.339565 35.659915 1
90.769412 57.079282 43.353426 1
112.756580 138.886374 7.575129 1
114.748909 124.835107 19.490950 1
117.216086 107.434898 34.246746 1
118.726772 85.045496 28.220059 1
119.958803 66.785927 23.305023 1
122.867042 58.483315 36.691984 1
123.158700 57.041704 44.361469 1
105.480700 137.123200 6.427980 1
105.344722 144.699555 8.926427 1
105.040052 154.326010 12.413495 1
104.331496 162.461901 17.857257 1
101.300242 177.846586 37.619234 1
102.539830 182.816964 43.251180 1
101.694503 197.248163 56.195473 1
99.059122 169.714821 24.882256 1
87.089782 175.479734 28.976242 1
86.639312 168.951842 26.439614 1
85.327254 149.938432 19.051322 1
89.039710 143.946232 22.562640 1
96.489786 131.921214 29.609076 1
96.489786 131.921214 29.609076 1
107.238179 169.799617 26.070814 1
117.521130 176.251787 32.845064 1
120.491080 170.705641 29.735353 1
129.141489 154.551680 20.677864 1
123.918557 148.738929 21.652998 1
113.437280 137.074008 23.609880 1
113.437280 137.074008 23.609880 1
98.559338 136.232206 4.426200 1
97.594295 122.994210 17.357353 1
96.399234 106.600950 33.370634 1
95.370524 84.437817 27.224300 1
94.514294 65.990681 22.108494 1
91.500667 58.257919 35.809749 1
91.102064 57.022892 43.510350 1
112.624425 136.074103 5.671128 1
114.548193 123.159035 18.820059 1
116.930469 107.165823 35.102862 1
118.572028 84.902763 28.656938 1
119.910792 66.746233 23.399994 1
123.048524 58.485262 36.760868 1
123.440663 57.052197 44.427474 1
105.352900 134.206800 4.651860 1
105.228624 141.635221 7.561328 1
104.932545 151.045453 11.596296 1
104.262574 158.822672 17.545693 1
101.412997 172.822026 38.337777 1
102.646718 177.427672 44.272927 1
101.876437 191.418477 57.696520 1
99.040632 165.539929 25.119540 1
87.064178 170.936189 29.669812 1
86.495932 164.608696 26.688082 1
84.840835 146.178977 18.003370 1
88.753369 140.464074 21.751718 1
96.604956 128.995532 29.273822 1
96.604956 128.995532 29.273822 1
107.236283 165.621324 26.187960 1
117.416290 171.736650 33.415013 1
120.712577 166.691702 29.818677 1
130.313490 151.997554 19.343821 1
124.878011 146.339586 20.022758 1
113.970198 134.985283 21.385239 1
113.970198 134.985283 21.385239 1
98.387039 133.365009 2.787882 1
97.610519 121.297935 16.829722 1
96.648915 106.354683 34.218423 1
95.484640 84.331553 27.610372 1
94.515574 66.000947 22.110264 1
91.659126 58.300416 35.863244 1
91.357285 57.075055 43.569787 1
112.481233 133.262793 3.650881 1
114.204896 121.562577 17.917211 1
116.339374 107.073760 35.583731 1
118.244858 84.880513 28.971819 1
119.798864 66.780918 23.579505 1
123.159653 58.623421 36.949707 1
123.634941 57.217155 44.616572 1
105.151900 131.379100 3.057260 1
105.042440 138.676128 6.282672 1
104.765381 147.888461 10.752265 1
104.144793 155.333987 17.116880 1
101.513639 168.035981 38.753634 1
102.741585 172.207095 45.002955 1
102.137839 185.940979 58.697652 1
98.992568 161.545128 25.156140 1
87.163017 166.675324 30.352566 1
86.416776 160.598260 26.922816 1
84.243242 142.897946 16.933181 1
88.521591 137.582994 20.865757 1
97.107288 126.917062 28.757567 1
97.107288 126.917062 28.757567 1
107.202454 161.621960 26.109405 1
117.283935 167.471479 33.686139 1
120.841813 162.922911 29.698324 1
131.204651 149.674541 18.083229 1
125.494572 144.267843 18.508208 1
114.035698 133.417783 19.361050 1
114.035698 133.417783 19.361050 1
98.156667 130.574005 1.289555 1
97.541093 119.695718 16.278701 1
96.778797 106.224601 34.840497 1
95.594897 84.282165 27.972603 1
94.609496 66.018722 22.256217 1
91.832557 58.335524 36.035152 1
91.573313 57.116115 43.744189 1
112.265020 130.522918 1.883926 1
113.925551 120.038594 17.073259 1
115.981850 107.055461 35.882768 1
118.000531 84.881334 29.240365 1
119.646854 66.797333 23.823185 1
123.245842 58.736454 37.189990 1
123.831956 57.358426 44.854311 1
104.900000 128.516000 1.583830 1
104.812360 135.717710 5.017426 1
104.564017 144.774052 9.796766 1
103.993685 151.933118 16.486445 1
101.547394 163.447872 38.798748 1
102.936227 167.313872 45.208525 1
102.294042 180.642994 59.295786 1
98.905692 157.685519 24.899269 1
87.390807 162.674045 30.881082 1
86.388926 156.920989 26.988865 1
83.470802 140.164397 15.652228 1
88.247257 135.300835 19.595498 1
97.832543 125.540744 27.508769 1
97.832543 125.540744 27.508769 1
107.124753 157.741577 25.771466 1
117.150924 163.209381 33.698575 1
120.946465 159.208492 29.358368 1
132.001531 147.555322 16.716879 1
126.032830 142.420418 16.876145 1
114.054958 132.115790 17.195761 1
114.054958 132.115790 17.195761 1
97.882448 127.734229 -0.104081 1
97.473342 118.057829 15.694351 1
96.966726 106.075066 35.258326 1
95.755589 84.184513 28.231455 1
94.747518 65.964254 22.382748 1
92.023096 58.331869 36.200352 1
91.791639 57.129355 43.912926 1
111.998094 127.721416 0.283085 1
113.639251 118.480372 16.261319 1
115.671558 107.036839 36.047755 1
117.829359 84.886657 29.369297 1
119.589142 66.822183 23.922712 1
123.472625 58.818361 37.244098 1
124.186950 57.452144 44.899652 1
104.623800 125.685400 0.292780 1
104.576251 132.820304 3.863881 1
104.375332 141.763155 8.854488 1
103.867567 148.707488 15.771693 1
101.636387 159.322563 38.547882 1
103.253725 162.927960 45.055215 1
102.576348 175.822379 59.539825 1
98.851057 154.087574 24.468974 1
87.598602 158.930927 31.040444 1
86.296787 153.584348 26.684970 1
82.505069 138.011678 13.999035 1
87.665075 133.508415 17.886593 1
98.020062 124.471366 25.688062 1
98.020062 124.471366 25.688062 1
107.080397 154.172596 25.235504 1
117.148341 159.342280 33.308354 1
121.133108 155.802348 28.743142 1
132.739319 145.491782 15.446293 1
126.607909 140.549836 15.415303 1
114.303513 130.632432 15.353114 1
114.303513 130.632432 15.353114 1
97.579859 124.913624 -1.286300 1
97.356271 116.471568 15.208313 1
97.079390 106.017355 35.634402 1
95.836524 84.177939 28.455592 1
94.802044 66.000245 22.480420 1
92.078379 58.347405 36.286855 1
91.852270 57.136824 43.998327 1
111.700113 124.938114 -1.147221 1
113.391528 116.946389 15.486051 1
115.486072 107.049934 36.083643 1
117.714611 84.893730 29.448533 1
119.532084 66.824345 24.037299 1
123.731599 58.903435 37.312284 1
124.601061 57.559674 44.955755 1
104.362300 122.945900 -0.921010 1
104.346851 130.053281 2.704839 1
104.188358 138.938002 7.799709 1
103.752187 145.748108 14.853895 1
101.785176 155.746863 37.931341 1
103.686972 159.199337 44.444685 1
103.022538 171.835486 59.155738 1
98.830270 150.869677 23.758818 1
87.847568 155.686382 30.790152 1
86.240557 150.719154 26.100275 1
81.559911 136.251398 12.440344 1
86.892041 131.898336 16.266227 1
97.592444 123.162706 23.943927 1
97.592444 123.162706 23.943927 1
107.068968 150.979299 24.413549 1
117.221599 155.913791 32.527422 1
121.372071 152.766766 27.824183 1
133.460926 143.600601 14.125309 1
127.191311 138.839109 13.930070 1
114.609571 129.283837 13.538270 1
114.609571 129.283837 13.538270 1
97.295616 122.156724 -2.385734 1
97.205243 114.931758 14.678329 1
97.093330 105.984727 35.809597 1
95.905962 84.146125 28.618928 1
94.917675 65.969107 22.633886 1
92.178671 58.351620 36.456827 1
91.937401 57.154912 44.170004 1
111.415973 122.239082 -2.487008 1
113.224598 115.479760 14.672092 1
115.464288 107.109435 35.920838 1
117.721182 84.913275 29.430429 1
119.561779 66.811305 24.137207 1
124.092700 58.961914 37.345530 1
125.131678 57.637601 44.971212 1
104.154800 120.346800 -2.035350 1
104.174168 127.452336 1.594094 1
104.054136 136.321353 6.717299 1
103.658646 143.073206 13.829640 1
101.805499 152.762274 37.048179 1
103.919651 156.103996 43.553816 1
103.555971 168.723058 58.290024 1
98.775282 148.056595 22.833638 1
88.126548 152.953151 30.309482 1
86.246903 148.282270 25.420659 1
80.772171 134.677668 11.181269 1
86.202973 130.398958 14.951836 1
97.101386 121.812535 22.518530 1
97.101386 121.812535 22.518530 1
107.017698 148.194431 23.433973 1
117.252758 153.000578 31.521282 1
121.538853 150.156470 26.747281 1
134.022729 141.872593 12.842306 1
127.643028 137.266848 12.519026 1
114.840367 128.024125 11.870277 1
114.840367 128.024125 11.870277 1
97.072281 119.550644 -3.417486 1
97.137788 113.515923 14.103027 1
97.218909 106.042831 35.799540 1
95.938011 84.174142 28.717176 1
94.871876 65.972083 22.822279 1
92.063449 58.398921 36.655641 1
91.798681 57.213816 44.369839 1
111.190380 119.648471 -3.684345 1
113.226266 114.087434 13.874820 1
115.747381 107.200989 35.618983 1
117.909616 84.923223 29.380847 1
119.673014 66.754698 24.293363 1
124.540288 58.961845 37.415217 1
125.767984 57.655269 45.015870 1
104.029600 118.020100 -3.068620 1
104.045898 125.165509 0.481696 1
103.922758 134.072238 5.538980 1
103.531273 140.824538 12.651117 1
101.710216 150.344520 35.942026 1
104.160784 153.624597 42.360427 1
104.078406 166.482827 56.892734 1
98.656731 145.729830 21.702655 1
88.324762 150.745459 29.535529 1
86.125391 146.279785 24.588681 1
79.719412 133.272876 10.180285 1
85.345072 129.112489 13.794322 1
96.634525 120.763515 21.046896 1
96.634525 120.763515 21.046896 1
106.900249 145.888162 22.282478 1
117.217693 150.663423 30.282932 1
121.607840 148.037840 25.478397 1
134.394784 140.390449 11.484484 1
127.942218 135.891154 11.112029 1
114.993333 126.862053 10.364597 1
114.993333 126.862053 10.364597 1
96.943357 117.190516 -4.411448 1
97.004047 112.191639 13.432265 1
97.079202 106.001284 35.529011 1
95.994935 84.039520 28.706594 1
95.092462 65.759990 23.028060 1
92.227167 58.323607 36.923824 1
91.905975 57.189799 44.643586 1
111.059888 117.321533 -4.739936 1
113.328525 112.839870 13.097167 1
116.137865 107.290053 35.185510 1
118.141078 84.924593 29.213761 1
119.774787 66.684550 24.343529 1
124.898771 58.942991 37.397838 1
126.285528 57.655876 44.974417 1
104.020000 116.148900 -4.043415 1
104.001109 123.363104 -0.635075 1
103.836266 132.350606 4.276007 1
103.417575 139.168190 11.324026 1
101.570477 148.740475 34.591436 1
104.282634 151.962054 40.933808 1
104.500910 165.043680 55.263924 1
98.528154 144.077235 20.365499 1
88.470607 149.220733 28.467982 1
86.046192 144.847110 23.544121 1
78.984739 132.108311 9.202677 1
84.770408 128.093985 12.728206 1
96.380963 120.038123 19.803164 1
96.380963 120.038123 19.803164 1
106.771269 144.269811 20.940657 1
117.189011 149.038476 28.814064 1
121.672083 146.579762 24.007045 1
134.729684 139.418402 10.005898 1
128.262930 134.937026 9.664796 1
115.285574 125.943884 8.980282 1
115.285574 125.943884 8.980282 1
96.938569 115.260411 -5.373887 1
96.908868 111.187941 12.703852 1
96.872089 106.144802 35.090405 1
95.915494 84.074102 28.608949 1
95.119287 65.703903 23.214209 1
92.105813 58.325523 37.109548 1
91.694681 57.213037 44.828146 1
111.054578 115.449704 -5.696315 1
113.519412 111.861839 12.316071 1
116.571709 107.418844 34.621475 1
118.417282 84.951954 28.989318 1
119.922429 66.629191 24.396039 1
125.217216 58.911491 37.396204 1
126.718813 57.635820 44.952802 1
104.099800 114.666300 -5.050326 1
104.040562 121.982644 -1.867640 1
103.822238 131.105165 2.785642 1
103.354163 138.082137 9.672738 1
101.408367 148.060765 32.760691 1
104.254398 151.146460 39.111963 1
104.730141 164.378255 53.297240 1
98.418836 143.121938 18.616805 1
88.445330 148.370480 26.755725 1
85.751396 144.012511 21.959727 1
77.904930 131.319309 7.990700 1
83.838946 127.515330 11.502870 1
95.747202 119.881590 18.551018 1
95.747202 119.881590 18.551018 1
106.659613 143.378068 19.200618 1
117.037278 148.332965 27.011707 1
121.581906 145.886022 22.256765 1
134.818798 138.758947 8.407302 1
128.383041 134.225206 8.197035 1
115.467889 125.126979 7.775077 1
115.467889 125.126979 7.775077 1
97.024807 113.702087 -6.362196 1
96.878066 110.399942 11.871423 1
96.696351 106.310734 34.451009 1
95.826380 84.122609 28.370682 1
95.102274 65.654672 23.309816 1
91.919070 58.306133 37.183105 1
91.412482 57.203928 44.897503 1
111.140196 113.950777 -6.671157 1
113.509827 111.044119 11.476307 1
116.444232 107.444689 33.948982 1
118.485708 84.914701 28.646106 1
120.150623 66.540478 24.321370 1
125.534936 58.963655 37.367553 1
127.063837 57.729891 44.925634 1
104.163300 113.436300 -5.883250 1
104.073857 120.883054 -3.019730 1
103.813895 130.190529 1.249277 1
103.295127 137.424463 7.862173 1
101.203404 148.197361 30.577413 1
104.115784 151.245319 36.916817 1
104.655758 164.632893 50.952846 1
98.300509 142.760393 16.599166 1
88.361029 148.265069 24.609492 1
85.791654 143.735394 19.905118 1
78.307983 130.542071 6.202964 1
84.147124 126.829068 9.962777 1
95.864983 119.377896 17.507889 1
95.864983 119.377896 17.507889 1
106.537447 143.058105 17.216468 1
116.809528 148.374669 24.928701 1
121.352594 145.781461 20.250404 1
134.584934 138.228367 6.624176 1
128.215888 133.596698 6.653837 1
115.434609 124.301951 6.713363 1
115.434609 124.301951 6.713363 1
97.096898 112.401170 -7.187364 1
96.859941 109.746183 11.150723 1
96.566505 106.458383 33.859678 1
95.802859 84.160337 28.180406 1
95.167250 65.600909 23.453351 1
91.869735 58.293045 37.321425 1
91.291121 57.206393 45.032963 1
111.213161 112.666606 -7.436719 1
113.741032 110.424203 10.783482 1
116.871390 107.647344 33.346232 1
118.659352 85.007716 28.433097 1
120.117514 66.544077 24.426212 1
125.577641 58.884353 37.392229 1
127.184729 57.630589 44.930773 1
104.271600 112.244500 -6.585260 1
104.144520 119.811568 -4.058362 1
103.838650 129.306580 -0.227920 1
103.274581 136.861073 6.012335 1
101.066672 148.831797 28.108481 1
103.891131 152.039879 34.408535 1
104.381782 165.792707 48.088733 1
98.235084 142.654043 14.426512 1
88.185515 148.517447 22.034842 1
85.949932 143.615365 17.537894 1
79.438479 129.337357 4.439895 1
85.060483 125.691223 8.577155 1
96.342598 118.374242 16.879721 1
96.342598 118.374242 16.879721 1
106.468759 142.988214 15.068204 1
117.118908 148.429453 22.155325 1
121.591325 145.552150 17.576105 1
134.617889 137.171587 4.238455 1
128.320050 132.455562 4.576580 1
115.681670 122.991534 5.255127 1
115.681670 122.991534 5.255127 1
97.215568 111.129631 -7.879756 1
96.878636 109.119102 10.538572 1
96.461395 106.629366 33.346892 1
95.732125 84.264530 27.931881 1
95.125129 65.649509 23.424779 1
91.640129 58.315162 37.232896 1
90.962435 57.218450 44.934933 1
111.332153 111.428484 -8.064769 1
113.826688 109.787302 10.223972 1
116.915766 107.754957 32.871598 1
118.673229 85.059522 28.211444 1
120.106517 66.550370 24.410877 1
125.600479 58.870957 37.350930 1
127.233928 57.611815 44.882909 1
104.364700 111.127300 -7.071460 1
104.230276 118.808908 -4.918159 1
103.909831 128.491809 -1.592525 1
103.318518 136.405155 4.183168 1
100.980736 149.827181 25.415142 1
103.733954 153.412853 31.540728 1
104.089936 167.863858 44.485632 1
98.232456 142.755454 12.155563 1
88.061431 149.068829 19.223206 1
86.064903 143.768601 15.079267 1
80.249729 128.330935 3.009455 1
85.700561 124.828726 7.486185 1
96.639170 117.800569 16.469991 1
96.639170 117.800569 16.469991 1
106.462099 143.117123 12.833069 1
117.091304 149.054776 19.543084 1
121.500319 145.769115 15.182390 1
134.342217 136.199148 2.481227 1
128.096688 131.455971 3.197909 1
115.563282 121.937453 4.636134 1
115.563282 121.937453 4.636134 1
97.309688 109.943391 -8.308959 1
96.848139 108.536525 10.162594 1
96.276579 106.794334 33.036824 1
95.599811 84.400851 27.734560 1
95.036514 65.761987 23.321302 1
91.359653 58.353180 37.039619 1
90.578411 57.230390 44.728080 1
111.425955 110.246795 -8.510078 1
113.834676 109.179068 9.832558 1
116.817485 107.856854 32.546922 1
118.628953 85.129492 28.066517 1
120.106285 66.594301 24.412543 1
125.673829 58.922694 37.325748 1
127.342788 57.664572 44.850109 1
104.493500 110.255600 -7.497370 1
104.375054 118.038186 -5.742602 1
104.072399 127.890791 -2.957703 1
103.489370 136.152986 2.307801 1
101.119276 151.044129 22.532767 1
103.638024 155.044338 28.500538 1
103.963629 170.455254 40.287246 1
98.397958 143.071668 9.788627 1
87.906395 149.644993 16.111485 1
86.018885 143.973710 12.433900 1
80.521244 127.455294 1.722411 1
85.837149 124.105432 6.469802 1
96.504992 117.383003 15.996764 1
96.504992 117.383003 15.996764 1
106.626029 143.440923 10.480973 1
117.290607 149.761236 16.772274 1
121.655808 146.058171 12.712353 1
134.370093 135.272452 0.887237 1
128.172647 130.533988 1.962691 1
115.735732 121.024927 4.120894 1
115.735732 121.024927 4.120894 1
97.435565 109.023325 -8.669246 1
96.829980 108.065090 9.826851 1
96.080054 106.878461 32.731477 1
95.440076 84.460519 27.528937 1
94.907401 65.801297 23.198682 1
91.049255 58.331383 36.833822 1
90.170415 57.186820 44.508523 1
111.552285 109.288332 -8.891708 1
113.889660 108.663179 9.480557 1
116.784121 107.889022 32.231612 1
118.625436 85.128707 27.934395 1
120.127109 66.566642 24.429819 1
125.756358 58.906271 37.322927 1
127.457243 57.650809 44.840580 1
104.569800 109.759600 -7.915970 1
104.462336 117.616546 -6.530784 1
104.165647 127.598320 -4.251035 1
103.568868 136.152617 0.523604 1
101.103503 152.333276 19.720505 1
103.498619 156.807441 25.395478 1
103.525292 173.082540 35.961899 1
98.444076 143.549041 7.508073 1
87.627805 150.258949 13.097836 1
85.824115 144.276962 9.902010 1
80.570611 126.853574 0.593713 1
85.793456 123.662442 5.549185 1
96.274548 117.258546 15.493721 1
96.274548 117.258546 15.493721 1
106.668568 143.955287 8.221889 1
117.451802 150.516831 14.046670 1
121.802203 146.437782 10.347208 1
134.473379 134.556959 -0.428016 1
128.331040 129.827992 0.959978 1
116.004713 120.337990 3.745381 1
116.004713 120.337990 3.745381 1
97.512576 108.486723 -9.048056 1
96.630293 107.823661 9.449849 1
95.537719 107.002558 32.356713 1
95.131651 84.547734 27.291526 1
94.793667 65.857814 23.075595 1
90.781703 58.269203 36.600353 1
89.794119 57.088889 44.256393 1
111.630351 108.714264 -9.243421 1
113.919619 108.383494 9.142554 1
116.754505 107.973881 31.910589 1
118.653253 85.189723 27.767478 1
120.201765 66.608212 24.388584 1
125.873459 58.929203 37.251968 1
127.592734 57.666203 44.764173 1
104.651900 109.458900 -8.440860 1
104.542736 117.368889 -7.400645 1
104.246040 127.447241 -5.595130 1
103.648651 136.248039 -1.291829 1
101.182357 153.574958 16.877046 1
103.166605 158.270127 22.531973 1
103.405210 175.320355 31.792728 1
98.524789 144.062022 5.222853 1
87.560874 150.984115 10.236561 1
85.827235 144.763113 7.489851 1
80.777764 126.643563 -0.510329 1
85.964566 123.623185 4.587960 1
96.373325 117.561956 14.819097 1
96.373325 117.561956 14.819097 1
106.749077 144.504686 5.917091 1
117.547550 151.418856 11.288057 1
121.852993 146.978390 7.972026 1
134.393223 134.044885 -1.686401 1
128.302795 129.347783 0.005316 1
116.080642 119.921728 3.400225 1
116.080642 119.921728 3.400225 1
97.596723 108.138040 -9.529918 1
96.537638 107.674740 8.964791 1
95.226120 107.101013 31.867697 1
94.899604 84.592825 27.039140 1
94.627833 65.858488 23.020166 1
90.506221 58.244856 36.497809 1
89.448866 57.057486 44.143434 1
111.714878 108.356253 -9.707646 1
114.001127 108.217213 8.681155 1
116.832276 108.045027 31.452688 1
118.706397 85.217216 27.545364 1
120.234826 66.600105 24.358764 1
125.916948 58.909839 37.210816 1
127.648412 57.644422 44.719814 1
104.713100 109.131300 -8.942250 1
104.594975 117.075561 -8.209687 1
104.289967 127.222919 -6.846169 1
103.686195 136.240860 -3.019745 1
101.194198 154.681345 14.014081 1
103.122454 159.740719 19.366147 1
103.091439 177.358873 27.498091 1
98.557412 144.461129 2.969926 1
87.583674 151.714585 7.467091 1
85.945327 145.285747 5.178721 1
81.173410 126.560843 -1.486482 1
86.338901 123.694415 3.721150 1
96.704896 117.942128 14.171714 1
96.704896 117.942128 14.171714 1
106.780042 144.926817 3.668727 1
117.507827 152.250624 8.622163 1
121.762187 147.511525 5.673943 1
134.153628 133.708206 -2.913181 1
128.118762 129.052051 -0.933635 1
116.008111 119.708168 3.038885 1
116.008111 119.708168 3.038885 1
97.661285 107.762548 -9.993276 1
96.451431 107.530749 8.496534 1
94.953211 107.243701 31.393374 1
94.650128 84.680595 26.826698 1
94.397862 65.900549 23.025695 1
90.150673 58.249959 36.443288 1
89.022390 57.050000 44.076799 1
111.779575 107.987050 -10.151323 1
114.085484 108.045181 8.235456 1
116.940978 108.117159 31.004486 1
118.785682 85.250132 27.318754 1
120.290119 66.601039 24.312872 1
125.989688 58.896538 37.148663 1
127.737806 57.627244 44.653147 1
104.816300 108.733100 -9.326680 1
104.694609 116.697774 -8.867291 1
104.390754 126.892467 -7.920189 1
103.800400 136.105203 -4.587578 1
101.347589 155.657603 11.163617 1
103.288148 160.997361 16.231285 1
103.007861 179.049299 23.343093 1
98.694161 144.732890 0.820079 1
87.658025 152.240843 4.705229 1
86.103805 145.623388 2.960387 1
81.576917 126.349113 -2.121714 1
86.682411 123.574095 3.193486 1
96.928004 118.005248 13.859915 1
96.928004 118.005248 13.859915 1
106.916798 145.205005 1.514476 1
117.669277 152.805331 5.973095 1
121.895738 147.832269 3.393112 1
134.205921 133.347498 -4.121470 1
128.232621 128.737749 -1.865839 1
116.245517 119.486991 2.660722 1
116.245517 119.486991 2.660722 1
97.762829 107.324858 -10.312399 1
96.414913 107.316850 8.169311 1
94.745721 107.306932 31.056121 1
94.509900 84.712651 26.642173 1
94.313618 65.906655 22.968291 1
89.964152 58.219389 36.332049 1
88.771856 57.008130 43.954037 1
111.880529 107.552153 -10.513386 1
114.231055 107.824413 7.865819 1
117.141800 108.161554 30.625468 1
118.917583 85.257931 27.138474 1
120.365813 66.578993 24.294672 1
126.089169 58.852709 37.106764 1
127.861847 57.579513 44.604822 1
104.851400 108.450400 -9.532880 1
104.727347 116.425851 -9.336235 1
104.428866 126.649741 -8.784798 1
103.867156 136.020170 -5.919685 1
101.534929 156.522180 8.593793 1
103.376090 162.262800 13.243035 1
102.985917 180.607613 19.555279 1
98.811540 144.991003 -1.049544 1
87.637400 152.590019 2.214440 1
86.198116 145.815135 1.082986 1
82.005996 126.082324 -2.212533 1
86.977064 123.361505 3.255901 1
96.952894 117.901423 14.229836 1
96.952894 117.901423 14.229836 1
107.037519 145.465044 -0.397318 1
117.874934 153.226387 3.548823 1
122.079082 148.059487 1.339994 1
134.324275 133.010137 -5.093547 1
128.417958 128.463868 -2.550941 1
116.565275 119.340502 2.551513 1
116.565275 119.340502 2.551513 1
97.794199 107.007465 -10.438472 1
96.335833 107.163778 8.034191 1
94.529867 107.357348 30.909798 1
94.367609 84.751835 26.550378 1
94.232557 65.936490 22.921882 1
89.807969 58.210019 36.238286 1
88.565561 56.986272 43.850269 1
111.910675 107.233807 -10.713038 1
114.334937 107.643722 7.654030 1
117.336993 108.151327 30.398650 1
118.958592 85.219388 27.024474 1
120.281078 66.517356 24.272680 1
126.005500 58.805806 37.093168 1
127.802151 57.540894 44.586922 1
104.919200 108.232400 -9.618880 1
104.784374 116.209871 -9.679380 1
104.473445 126.446880 -9.511862 1
103.917410 135.944542 -7.100520 1
101.660672 157.268541 6.188835 1
103.369195 163.402324 10.362287 1
103.013983 181.922414 16.142332 1
98.885088 145.184860 -2.736389 1
87.549369 152.768292 -0.043233 1
86.161099 145.914555 -0.634642 1
82.117563 125.952072 -2.357207 1
86.976877 123.279136 3.233913 1
96.728441 117.915147 14.454054 1
96.728441 117.915147 14.454054 1
107.114727 145.701834 -2.168401 1
118.106274 153.504274 1.232756 1
122.263795 148.152904 -0.591662 1
134.373179 132.566258 -5.905550 1
128.511579 128.113175 -3.107393 1
116.748635 119.176812 2.507899 1
116.748635 119.176812 2.507899 1
97.858277 106.751766 -10.429634 1
96.285306 107.036266 8.032094 1
94.337419 107.388577 30.894157 1
94.244543 84.779147 26.553057 1
94.167239 65.960543 22.939808 1
89.660177 58.206714 36.212580 1
88.364265 56.974749 43.814310 1
111.972232 106.987443 -10.806760 1
114.427352 107.521086 7.553030 1
117.467620 108.181909 30.288637 1
119.014249 85.236822 26.969095 1
120.275593 66.524066 24.261857 1
126.011811 58.789085 37.062944 1
127.825822 57.519694 44.551756 1
104.953000 108.095900 -9.624180 1
104.798768 116.066090 -9.962073 1
104.479898 126.301653 -10.191559 1
103.957958 135.903477 -8.226391 1
101.884941 157.937791 3.881637 1
103.529822 164.352368 7.637648 1
103.165101 182.940468 13.194476 1
99.000910 145.402789 -4.360628 1
87.486949 152.881919 -2.180867 1
86.152275 145.992229 -2.220959 1
82.264848 125.925032 -2.337732 1
87.048339 123.327242 3.353299 1
96.647746 118.114055 14.773939 1
96.647746 118.114055 14.773939 1
107.235564 145.894187 -3.845022 1
118.366715 153.712657 -0.976391 1
122.413963 148.168967 -2.438554 1
134.202163 132.022159 -6.697319 1
128.376235 127.712672 -3.614322 1
116.684876 119.064476 2.572581 1
116.684876 119.064476 2.572581 1
97.891146 106.572419 -10.342134 1
96.234887 106.936534 8.110909 1
94.183860 107.387435 30.962218 1
94.161466 84.783682 26.590728 1
94.142827 65.969802 22.952185 1
89.571702 58.189080 36.187257 1
88.232580 56.949097 43.780189 1
112.002129 106.825711 -10.808513 1
114.493113 107.434851 7.544095 1
117.577793 108.189165 30.270808 1
119.073308 85.243216 26.933845 1
120.292965 66.529758 24.212400 1
126.061356 58.774568 36.986775 1
127.899279 57.499099 44.468721 1
104.978800 107.979500 -9.619540 1
104.816793 115.932574 -10.239423 1
104.491924 126.151199 -10.868118 1
103.981539 135.834241 -9.349066 1
101.987553 158.490663 1.565296 1
103.717967 165.065633 4.991006 1
103.249866 183.642866 10.576355 1
99.053354 145.535761 -5.980550 1
87.357862 152.839964 -4.213031 1
86.091641 145.955658 -3.709257 1
82.403594 125.904138 -2.241945 1
87.107685 123.399035 3.555824 1
96.547754 118.371849 15.190662 1
96.547754 118.371849 15.190662 1
107.290650 146.040447 -5.523292 1
118.578374 153.799496 -3.147482 1
122.440664 148.046750 -4.260705 1
133.690146 131.291036 -7.503134 1
127.901203 127.201453 -4.070726 1
116.284064 118.994554 2.817367 1
116.284064 118.994554 2.817367 1
97.914646 106.427325 -10.247806 1
96.201602 106.859631 8.198580 1
94.080256 107.394978 31.041645 1
94.101163 84.793817 26.656764 1
94.118566 65.982095 23.007076 1
89.495810 58.177049 36.209854 1
88.123626 56.929344 43.795614 1
112.022949 106.672215 -10.793087 1
114.515659 107.349052 7.556914 1
117.602478 108.187196 30.280400 1
119.088173 85.239729 26.949501 1
120.299824 66.525032 24.233001 1
126.096076 58.769070 36.994289 1
127.951076 57.493564 44.472013 1
104.984000 107.944300 -9.673540 1
104.828754 115.864245 -10.628660 1
104.514221 126.047117 -11.692281 1
104.016968 135.787653 -10.595008 1
102.060217 158.907519 -0.692701 1
103.849350 165.589862 2.486189 1
103.258637 184.142340 8.141755 1
99.105233 145.637359 -7.660465 1
87.281599 152.799667 -6.189731 1
86.073024 145.961171 -5.177261 1
82.552880 126.043081 -2.228297 1
87.178093 123.636133 3.673580 1
96.459868 118.805923 15.517339 1
96.459868 118.805923 15.517339 1
107.343262 146.146846 -7.222134 1
118.758355 153.820362 -5.204002 1
122.362821 147.852864 -6.008630 1
132.861351 130.471652 -8.352230 1
127.134205 126.664915 -4.514714 1
115.641078 119.025627 3.186342 1
115.641078 119.025627 3.186342 1
97.918270 106.373273 -10.233519 1
96.157178 106.836251 8.207597 1
93.976331 107.409579 31.044137 1
94.050490 84.805311 26.675876 1
94.112216 65.991004 23.040022 1
89.461020 58.156704 36.215456 1
88.066856 56.900177 43.795751 1
112.026593 106.582350 -10.793013 1
114.537554 107.301501 7.552890 1
117.646972 108.192043 30.271302 1
119.122091 85.248867 26.906313 1
120.325116 66.537670 24.162012 1
126.168803 58.771562 36.895465 1
128.049945 57.491931 44.365950 1
104.926100 108.027900 -9.873380 1
104.713066 115.899934 -11.156963 1
104.358825 126.028620 -12.641994 1
103.901055 135.807932 -11.945699 1
102.286896 159.333238 -2.980921 1
103.787764 166.151461 0.055405 1
103.052793 184.673632 5.792812 1
99.115430 145.812473 -9.345631 1
87.006223 152.546150 -8.212163 1
85.712876 145.802866 -6.760904 1
81.945819 126.162095 -2.533908 1
86.594145 123.809143 3.371583 1
95.922304 119.087292 15.222596 1
95.922304 119.087292 15.222596 1
107.363204 146.268578 -9.057482 1
118.765230 153.994862 -7.171116 1
122.006544 147.790634 -7.673189 1
131.447339 129.719912 -9.135555 1
125.785496 126.303135 -4.859207 1
114.423418 119.446412 3.722487 1
114.423418 119.446412 3.722487 1
97.869597 106.387159 -10.342392 1
96.030435 106.912653 8.089425 1
93.752911 107.563397 30.914450 1
93.873129 84.942020 26.636720 1
93.973191 66.113473 23.076217 1
89.236527 58.271924 36.216844 1
87.790978 57.012933 43.787098 1
111.974241 106.668138 -10.960118 1
114.479423 107.407524 7.385771 1
117.581686 108.323125 30.104164 1
119.032634 85.363868 26.839856 1
120.215947 66.639556 24.177665 1
126.032225 58.872140 36.922864 1
127.903310 57.593630 44.396066 1
104.752700 108.212400 -10.130650 1
104.768068 116.000203 -11.866097 1
104.651221 126.045290 -13.867013 1
104.281530 135.847789 -13.545062 1
102.460209 159.583199 -5.194860 1
104.090004 166.458802 -2.361151 1
103.244113 184.959002 3.431594 1
99.436994 145.909912 -11.300611 1
87.490187 152.958541 -10.378296 1
86.318307 146.307318 -8.470758 1
82.905038 126.934685 -2.914784 1
87.533513 124.610974 3.017816 1
96.821833 119.947802 14.923228 1
96.821833 119.947802 14.923228 1
107.675880 146.377501 -10.832690 1
119.269538 153.885230 -9.257520 1
122.172767 147.500524 -9.497158 1
130.628845 128.904134 -10.195140 1
125.049461 125.926765 -5.502194 1
113.852864 119.951837 3.915522 1
113.852864 119.951837 3.915522 1
97.663199 106.728397 -10.623550 1
95.932138 107.059938 7.823240 1
93.788479 107.470501 30.666806 1
93.941338 84.829430 26.495640 1
94.068567 65.984489 23.023834 1
89.505931 58.111249 36.207021 1
88.147764 56.843702 43.792014 1
111.778140 106.612392 -11.019131 1
114.454398 107.317849 7.303921 1
117.768509 108.191434 29.994035 1
119.216716 85.220656 26.810562 1
120.397792 66.486948 24.214295 1
126.423598 58.782705 36.900361 1
128.410880 57.524249 44.346924 1
104.622800 108.445100 -10.485870 1
104.721928 116.146963 -12.567541 1
104.700894 126.097953 -14.996218 1
104.386136 135.907472 -15.055913 1
102.601704 159.924377 -7.544797 1
104.163971 166.824766 -4.733392 1
103.214457 185.245913 1.290608 1
99.563038 146.055884 -13.184854 1
87.619788 153.140095 -12.527000 1
86.525087 146.588258 -10.262967 1
83.336617 127.505104 -3.668649 1
87.936013 125.187264 2.288811 1
97.165978 120.535875 14.244113 1
97.165978 120.535875 14.244113 1
107.801185 146.515118 -12.696106 1
119.499415 153.893507 -11.292237 1
122.072175 147.364396 -11.244687 1
129.565714 128.347408 -11.106196 1
124.056843 125.734000 -6.122178 1
113.001750 120.489462 3.879655 1
113.001750 120.489462 3.879655 1
97.525458 106.999353 -10.979618 1
95.842493 107.231490 7.473141 1
93.758395 107.518956 30.324098 1
93.900623 84.851130 26.300476 1
94.019004 65.983921 22.951476 1
89.515402 58.133549 36.168555 1
88.188694 56.874356 43.760505 1
111.641887 106.748697 -11.234788 1
114.468783 107.412255 7.067196 1
117.969435 108.233956 29.731220 1
119.346964 85.240228 26.685020 1
120.470400 66.487804 24.200704 1
126.596951 58.797150 36.846699 1
128.650275 57.545250 44.276430 1
104.483500 108.725700 -10.725100 1
104.666956 116.329261 -13.136341 1
104.738637 126.169463 -15.979998 1
104.472775 135.970229 -16.431249 1
102.703468 160.256355 -9.838345 1
104.164279 167.170303 -7.005783 1
103.298055 185.515094 -0.741031 1
99.661516 146.190482 -14.964410 1
87.674097 153.224144 -14.665348 1
86.638349 146.778608 -12.089873 1
83.621584 128.005069 -4.588440 1
88.134320 125.703265 1.441075 1
97.190379 121.084055 13.540977 1
97.190379 121.084055 13.540977 1
107.898434 146.653244 -14.458573 1
119.664204 153.959100 -13.253932 1
121.976141 147.343594 -12.878884 1
128.709992 128.074964 -11.786505 1
123.262943 125.701282 -6.618016 1
112.331911 120.937821 3.754010 1
112.331911 120.937821 3.754010 1
97.378409 107.318652 -11.219195 1
95.755776 107.419678 7.240150 1
93.746389 107.544785 30.099263 1
93.883755 84.851056 26.224226 1
93.998090 65.962287 22.998897 1
89.571900 58.103551 36.237139 1
88.286265 56.842086 43.835775 1
111.493810 106.940556 -11.337519 1
114.495337 107.510301 6.939803 1
118.212241 108.215828 29.573287 1
119.500901 85.200682 26.652523 1
120.551860 66.430790 24.270506 1
126.785527 58.753467 36.872176 1
128.910532 57.507784 44.282771 1
104.349100 109.033300 -10.840230 1
104.609608 116.528285 -13.564053 1
104.766970 126.245086 -16.801354 1
104.549553 136.023076 -17.621696 1
102.811453 160.528393 -11.887481 1
104.100465 167.536297 -9.206477 1
103.511400 185.865315 -2.863853 1
99.755265 146.297853 -16.527554 1
87.711271 153.239230 -16.667370 1
86.734520 146.890134 -13.841469 1
83.889593 128.397491 -5.610632 1
88.262406 126.166001 0.547054 1
97.037671 121.687897 12.904167 1
97.037671 121.687897 12.904167 1
107.991616 146.761776 -16.013618 1
119.731986 154.154219 -15.132974 1
121.894417 147.512443 -14.453759 1
128.192809 128.167296 -12.475451 1
122.799352 125.966531 -7.175900 1
111.975868 121.550077 3.459139 1
111.975868 121.550077 3.459139 1
97.236829 107.660797 -11.328154 1
95.652941 107.620032 7.134787 1
93.691536 107.569550 29.998354 1
93.866225 84.866317 26.180915 1
94.011625 65.969638 23.003528 1
89.649141 58.077334 36.242947 1
88.392827 56.805414 43.844744 1
111.349296 107.171126 -11.325830 1
114.508827 107.637690 6.927770 1
118.421393 108.215446 29.531880 1
119.643570 85.188507 26.676214 1
120.640309 66.408998 24.347289 1
126.969994 58.738874 36.905403 1
129.158247 57.496409 44.298111 1
104.241500 109.334800 -10.803470 1
104.571846 116.719640 -13.806283 1
104.805743 126.307179 -17.404268 1
104.633228 136.048915 -18.586695 1
102.930818 160.751446 -13.759738 1
104.062645 167.842962 -11.232007 1
103.781917 186.191408 -4.924510 1
99.856042 146.365454 -17.878937 1
87.687907 153.065672 -18.429937 1
86.796783 146.821492 -15.353104 1
84.201257 128.634433 -6.391394 1
88.519322 126.524342 -0.152807 1
97.184720 122.289857 12.366656 1
97.184720 122.289857 12.366656 1
108.092387 146.833328 -17.368480 1
119.779794 154.339029 -16.794894 1
121.873435 147.709262 -15.839124 1
127.971466 128.399096 -13.055309 1
122.637454 126.332056 -7.642948 1
111.933265 122.183960 3.218477 1
111.933265 122.183960 3.218477 1
97.120892 107.999102 -11.271535 1
95.533164 107.803995 7.190091 1
93.567003 107.562384 30.052028 1
93.810578 84.868616 26.182443 1
94.013314 65.979815 22.961652 1
89.687910 58.055039 36.193838 1
88.443346 56.773783 43.796000 1
111.228985 107.402387 -11.186977 1
114.484247 107.765260 7.052153 1
118.515362 108.214611 29.638342 1
119.714528 85.190571 26.749733 1
120.692501 66.413427 24.393940 1
127.110400 58.749883 36.911233 1
129.349603 57.509586 44.289033 1
104.204200 109.619600 -10.658040 1
104.590169 116.894608 -13.911834 1
104.884937 126.353640 -17.831134 1
104.749997 136.051972 -19.332288 1
103.080846 160.898150 -15.295690 1
104.083756 168.104533 -13.054646 1
104.109915 186.484409 -6.833050 1
99.987930 146.392957 -18.957938 1
87.695595 152.821418 -19.870860 1
86.853464 146.678895 -16.582850 1
84.400640 128.787926 -7.006056 1
88.740876 126.794145 -0.744640 1
97.450766 122.793070 11.820636 1
97.450766 122.793070 11.820636 1
108.224499 146.864502 -18.454542 1
119.830107 154.514187 -18.225998 1
121.890687 147.915489 -17.016936 1
127.892422 128.695815 -13.495368 1
122.597251 126.689051 -8.022522 1
111.971005 122.661915 2.960283 1
111.971005 122.661915 2.960283 1
97.074960 108.318397 -11.090535 1
95.444266 107.960336 7.364902 1
93.424898 107.516932 30.219177 1
93.749234 84.841701 26.248180 1
94.019190 65.968328 22.942980 1
89.704655 58.013041 36.160398 1
88.454279 56.741140 43.763177 1
111.178394 107.626415 -10.964742 1
114.491154 107.886034 7.265794 1
118.593470 108.207523 29.841343 1
119.778980 85.192521 26.876087 1
120.745816 66.422748 24.457785 1
127.232938 58.745035 36.930633 1
129.510279 57.500094 44.295967 1
104.147800 109.938600 -10.471940 1
104.577401 117.105342 -13.952620 1
104.921464 126.437923 -18.160427 1
104.818755 136.088596 -19.944603 1
103.187981 161.039975 -16.600649 1
104.077269 168.361985 -14.714543 1
104.392886 186.786089 -8.633295 1
100.073420 146.443698 -19.860561 1
87.641724 152.542265 -21.093628 1
86.833724 146.502521 -17.612335 1
84.480307 128.910909 -7.472574 1
88.853392 126.988814 -1.211598 1
97.629201 123.131597 11.352796 1
97.629201 123.131597 11.352796 1
108.310459 146.915684 -19.365326 1
119.841958 154.679545 -19.449254 1
121.906698 148.131763 -17.995281 1
127.920551 129.060390 -13.760376 1
122.645477 127.001657 -8.287424 1
112.059563 122.870231 2.695594 1
112.059563 122.870231 2.695594 1
97.012783 108.660710 -10.877850 1
95.347703 108.138591 7.570603 1
93.285752 107.492024 30.416230 1
93.677456 84.838280 26.330332 1
94.003484 65.982792 22.929498 1
89.692935 57.997813 36.130302 1
88.433606 56.751512 43.735842 1
111.112201 107.901265 -10.701340 1
114.431703 108.040793 7.529285 1
118.542367 108.213568 30.104943 1
119.766571 85.215472 27.026410 1
120.764964 66.459486 24.515726 1
127.309775 58.779151 36.956781 1
129.611441 57.531280 44.314053 1
104.120300 110.198100 -10.266330 1
104.582123 117.270754 -13.930504 1
104.961800 126.491046 -18.376082 1
104.883123 136.094069 -20.402177 1
103.285307 161.122345 -17.673595 1
104.077355 168.539770 -16.152239 1
104.620837 187.046668 -10.344645 1
100.151767 146.454478 -20.574187 1
87.642469 152.347413 -22.006258 1
86.893483 146.380634 -18.388614 1
84.711956 129.001543 -7.851714 1
89.106818 127.094463 -1.601403 1
97.926332 123.267378 10.941584 1
97.926332 123.267378 10.941584 1
108.389323 146.927426 -20.088568 1
119.885196 154.735515 -20.460980 1
121.944633 148.243158 -18.770221 1
127.943040 129.333220 -13.845642 1
122.712527 127.156946 -8.375399 1
112.216037 122.789641 2.602181 1
112.216037 122.789641 2.602181 1
96.981280 108.936227 -10.651433 1
95.286646 108.276073 7.789905 1
93.188098 107.458571 30.626721 1
93.637934 84.829180 26.413836 1
94.012348 65.993961 22.907305 1
89.702155 57.983585 36.092830 1
88.433880 56.756270 43.699971 1
111.077483 108.130064 -10.430852 1
114.366692 108.159342 7.805773 1
118.439842 108.195590 30.388862 1
119.716784 85.223614 27.141371 1
120.758185 66.488929 24.492895 1
127.338644 58.820043 36.922203 1
129.648860 57.572357 44.276827 1
104.079800 110.375000 -10.104650 1
104.569409 117.377227 -13.898194 1
104.984413 126.510143 -18.517580 1
104.936705 136.070193 -20.738501 1
103.412067 161.156304 -18.553264 1
104.124448 168.637590 -17.335508 1
104.766678 187.272540 -11.963824 1
100.235283 146.438097 -21.134205 1
87.625650 152.056067 -22.776036 1
86.881385 146.213892 -18.959514 1
84.713606 129.197728 -7.843353 1
89.131094 127.180560 -1.643758 1
97.996010 123.132551 10.797456 1
97.996010 123.132551 10.797456 1
108.474312 146.897597 -20.660818 1
119.978717 154.680464 -21.240220 1
122.032545 148.246457 -19.333394 1
128.014618 129.506472 -13.779484 1
122.806997 127.277819 -8.308490 1
112.356447 122.805399 2.670599 1
112.356447 122.805399 2.670599 1
96.937924 109.126674 -10.480847 1
95.237115 108.368152 7.956139 1
93.130919 107.428836 30.787564 1
93.620228 84.822616 26.456340 1
94.027497 66.006684 22.851313 1
89.723552 57.973978 36.025289 1
88.452408 56.761215 43.634285 1
111.031263 108.284344 -10.216702 1
114.272977 108.239705 8.028395 1
118.287312 108.184418 30.621974 1
119.635166 85.235712 27.241348 1
120.734400 66.520005 24.484295 1
127.335513 58.852611 36.903567 1
129.644978 57.602641 44.258039 1
104.030600 110.494500 -9.929510 1
104.544055 117.445038 -13.813873 1
104.991436 126.508826 -18.564525 1
104.981427 136.029559 -20.948816 1
103.571737 161.160689 -19.260079 1
104.245038 168.685399 -18.319086 1
104.816503 187.453658 -13.424734 1
100.327413 146.409004 -21.549390 1
87.624178 151.764431 -23.340268 1
86.889422 146.037204 -19.351560 1
84.749342 129.355843 -7.733885 1
89.126130 127.247983 -1.535596 1
97.909373 123.017976 10.902998 1
97.909373 123.017976 10.902998 1
108.568509 146.840091 -21.085336 1
120.109458 154.552143 -21.853971 1
122.161180 148.175739 -19.760517 1
128.137117 129.603530 -13.663029 1
122.931867 127.417024 -8.172806 1
112.486074 123.029186 2.844871 1
112.486074 123.029186 2.844871 1
96.886358 109.258682 -10.302073 1
95.163009 108.417590 8.129237 1
93.028901 107.376024 30.953633 1
93.569693 84.798755 26.479870 1
94.019812 66.006919 22.756201 1
89.713454 57.957550 35.919214 1
88.433354 56.760633 43.529217 1
110.977103 108.385678 -10.001610 1
114.173183 108.292545 8.251353 1
118.131008 108.177209 30.854672 1
119.553039 85.253836 27.335403 1
120.712767 66.558789 24.465279 1
127.333046 58.887031 36.871648 1
129.640824 57.633080 44.225971 1
104.000100 110.591500 -9.725040 1
104.531035 117.502460 -13.677080 1
105.003987 126.509915 -18.531272 1
105.026416 135.994288 -21.056244 1
103.721232 161.157539 -19.823352 1
104.387351 168.707552 -19.106657 1
104.787488 187.582770 -14.623933 1
100.415032 146.380284 -21.843397 1
87.628929 151.495595 -23.743195 1
86.899461 145.860863 -19.623917 1
84.774780 129.448907 -7.625935 1
89.063321 127.339017 -1.366948 1
97.669472 123.104935 11.193453 1
97.669472 123.104935 11.193453 1
108.658039 146.785634 -21.390230 1
120.267200 154.370938 -22.365210 1
122.320216 148.058828 -20.086388 1
128.299921 129.673883 -13.448991 1
123.095057 127.526308 -7.943058 1
112.650038 123.216595 3.106145 1
112.650038 123.216595 3.106145 1
96.852977 109.369282 -10.087052 1
95.072474 108.458563 8.335514 1
92.867590 107.330776 31.149083 1
93.491604 84.779589 26.556186 1
94.010992 66.009463 22.733358 1
89.693334 57.925733 35.871587 1
88.393745 56.755255 43.482400 1
110.941521 108.465374 -9.775003 1
114.096721 108.333584 8.484833 1
118.003923 108.170376 31.096663 1
119.466014 85.269835 27.447554 1
120.658414 66.593410 24.471539 1
127.302268 58.917066 36.862459 1
129.615144 57.659756 44.214607 1
103.994200 110.661200 -9.458240 1
104.535049 117.545372 -13.455431 1
105.025645 126.509868 -18.386783 1
105.079007 135.961366 -21.031711 1
103.888787 161.147433 -20.220423 1
104.568099 168.709410 -19.659098 1
104.771501 187.653055 -15.460793 1
100.514380 146.353571 -21.990693 1
87.660379 151.262161 -23.975752 1
86.933866 145.708568 -19.747211 1
84.817793 129.532940 -7.430984 1
88.997475 127.404296 -1.105062 1
97.385167 123.132580 11.589661 1
97.385167 123.132580 11.589661 1
108.759398 146.728961 -21.548444 1
120.441348 154.178461 -22.687330 1
122.474165 147.918270 -20.252517 1
128.395037 129.684551 -13.160771 1
123.236067 127.542973 -7.609495 1
112.883147 123.245296 3.530700 1
112.883147 123.245296 3.530700 1
96.844069 109.451899 -9.803860 1
94.986291 108.490792 8.608513 1
92.685713 107.300606 31.409460 1
93.374542 84.775112 26.701197 1
93.947879 66.026371 22.782346 1
89.595610 57.895769 35.880171 1
88.266737 56.743081 43.488642 1
110.931028 108.520015 -9.502731 1
114.076887 108.352818 8.758427 1
117.972522 108.145764 31.371894 1
119.453442 85.270561 27.574471 1
120.661197 66.614799 24.477501 1
127.341053 58.927737 36.842392 1
129.668293 57.665494 44.189161 1
104.016600 110.696000 -9.185520 1
104.557381 117.570476 -13.199373 1
105.058535 126.507702 -18.178925 1
105.147207 135.928406 -20.930614 1
104.113140 161.131607 -20.553594 1
104.767680 168.699029 -20.038080 1
104.836990 187.678702 -16.001251 1
100.646526 146.330585 -22.067249 1
87.695191 150.946821 -24.119890 1
86.938986 145.495127 -19.765815 1
84.736431 129.616294 -7.083957 1
88.836965 127.428347 -0.726548 1
97.065827 123.037625 12.031364 1
97.065827 123.037625 12.031364 1
108.893901 146.662491 -21.634256 1
120.679047 153.934694 -22.853037 1
122.675129 147.717231 -20.282152 1
128.489006 129.607960 -12.794075 1
123.365605 127.481450 -7.204200 1
113.084066 123.214008 4.013457 1
113.084066 123.214008 4.013457 1
96.864542 109.493622 -9.515065 1
94.909762 108.504947 8.885802 1
92.489060 107.280622 31.672500 1
93.267857 84.790046 26.813735 1
93.916076 66.070368 22.769616 1
89.519945 57.893259 35.823768 1
88.152554 56.766842 43.429348 1
110.951031 108.547245 -9.238060 1
114.108395 108.364082 9.020959 1
118.018278 108.137257 31.631777 1
119.483633 85.287860 27.676239 1
120.678695 66.653145 24.450318 1
127.393069 58.948868 36.785765 1
129.738392 57.679753 44.125595 1
104.036700 110.678100 -8.907260 1
104.567758 117.563715 -12.903280 1
105.072956 126.494828 -17.893378 1
105.202645 135.890687 -20.727163 1
104.371654 161.104198 -20.759691 1
104.934228 168.676899 -20.214007 1
105.015095 187.664036 -16.212648 1
100.786089 146.308952 -22.033753 1
87.713108 150.529703 -24.165058 1
86.872813 145.185852 -19.694271 1
84.425336 129.621126 -6.672470 1
88.477629 127.385763 -0.300640 1
96.609682 122.899885 12.486210 1
96.609682 122.899885 12.486210 1
109.035811 146.581402 -21.603996 1
120.941016 153.652945 -22.836647 1
122.890280 147.461062 -20.169889 1
128.567792 129.426298 -12.402568 1
123.488462 127.361355 -6.749746 1
113.295361 123.217465 4.594231 1
113.295361 123.217465 4.594231 1
96.884570 109.473699 -9.227719 1
94.832943 108.472886 9.161945 1
92.292312 107.233531 31.934770 1
93.150071 84.777142 26.933273 1
93.864014 66.085919 22.770354 1
89.417525 57.877541 35.787774 1
88.010373 56.771953 43.389157 1
110.971898 108.532333 -8.977646 1
114.167106 108.351993 9.274816 1
118.123853 108.128663 31.877516 1
119.546848 85.299893 27.789634 1
120.707364 66.681999 24.455782 1
127.455591 58.949308 36.754923 1
129.822647 57.670714 44.086126 1
104.082400 110.630100 -8.716570 1
104.597252 117.540816 -12.671164 1
105.098155 126.478048 -17.650730 1
105.260960 135.849062 -20.563961 1
104.616591 161.063323 -21.052396 1
105.088019 168.624733 -20.302139 1
105.313361 187.595164 -16.227732 1
100.921301 146.274410 -22.058237 1
87.734381 150.099316 -24.234307 1
86.812808 144.849564 -19.669047 1
84.128595 129.558919 -6.372082 1
88.142167 127.291627 0.012961 1
96.196515 122.741676 12.826327 1
96.196515 122.741676 12.826327 1
109.172923 146.493496 -21.634459 1
121.219398 153.329936 -22.820027 1
123.129679 147.151662 -20.094151 1
128.693647 129.156536 -12.154641 1
123.669877 127.176377 -6.422391 1
113.588276 123.202632 5.080982 1
113.588276 123.202632 5.080982 1
96.930921 109.419747 -9.029039 1
94.766657 108.439011 9.348792 1
92.086543 107.224517 32.106963 1
93.059361 84.805055 26.962891 1
93.869071 66.144568 22.681301 1
89.374369 57.879122 35.645945 1
87.920850 56.809197 43.243706 1
111.019782 108.492520 -8.815141 1
114.266857 108.333353 9.428362 1
118.287831 108.136242 32.019969 1
119.645221 85.328516 27.794620 1
120.752232 66.727785 24.348657 1
127.532281 58.969819 36.614334 1
129.923179 57.683573 43.936457 1
104.124200 110.542900 -8.519440 1
104.622944 117.487244 -12.416775 1
105.115134 126.441496 -17.366545 1
105.299128 135.792905 -20.340872 1
104.792441 160.998945 -21.241733 1
105.232008 168.532460 -20.235260 1
105.657274 187.458841 -15.976145 1
101.015615 146.216030 -22.003207 1
87.757728 149.783101 -24.185976 1
86.775197 144.587285 -19.571985 1
83.913435 129.453734 -6.133083 1
87.876579 127.160347 0.274101 1
95.829730 122.558026 13.131899 1
95.829730 122.558026 13.131899 1
109.268586 146.396780 -21.587719 1
121.496085 152.909358 -22.742979 1
123.392250 146.740584 -19.985912 1
128.915103 128.773124 -11.955555 1
123.948107 126.866106 -6.149504 1
113.980437 123.039139 5.501969 1
113.980437 123.039139 5.501969 1
96.972800 109.329687 -8.822472 1
94.745758 108.345068 9.547649 1
91.987903 107.125767 32.296273 1
92.986546 84.719189 27.101266 1
93.817752 66.069426 22.777282 1
89.286792 57.807930 35.731819 1
87.811110 56.739812 43.325561 1
111.062891 108.411615 -8.655192 1
114.387951 108.261477 9.574336 1
118.505498 108.075548 32.148636 1
119.773190 85.263348 27.919574 1
120.807049 66.658969 24.470582 1
127.616429 58.880859 36.707220 1
130.034093 57.590519 44.019827 1
104.174500 110.436300 -8.428130 1
104.645182 117.430887 -12.238129 1
105.119260 126.421027 -17.124204 1
105.325541 135.760772 -20.133513 1
104.986112 160.953854 -21.400846 1
105.389661 168.447650 -20.120131 1
105.970319 187.325234 -15.667215 1
101.111515 146.186779 -21.948382 1
87.795598 149.534508 -24.125334 1
86.737117 144.372477 -19.490268 1
83.654139 129.337330 -5.989982 1
87.590572 127.005235 0.419696 1
95.490120 122.325238 13.282499 1
95.490120 122.325238 13.282499 1
109.365428 146.318866 -21.533280 1
121.747880 152.536813 -22.661137 1
123.630675 146.361572 -19.909390 1
129.114586 128.375277 -11.894527 1
124.214814 126.530612 -6.011719 1
114.382049 122.828773 5.793791 1
114.382049 122.828773 5.793791 1
97.025657 109.207676 -8.729411 1
94.718192 108.275877 9.633538 1
91.860743 107.121985 32.373280 1
92.922069 84.736679 27.099595 1
93.805447 66.104621 22.710124 1
89.226392 57.816005 35.630381 1
87.714310 56.763133 43.219089 1
111.118520 108.325702 -8.607568 1
114.521941 108.220794 9.607810 1
118.736524 108.090874 32.164586 1
119.912448 85.280556 27.899017 1
120.871465 66.677712 24.420253 1
127.699219 58.873864 36.630236 1
130.138387 57.576086 43.934381 1
104.220700 110.293600 -8.376440 1
104.659249 117.350211 -12.074251 1
105.098556 126.391323 -16.868664 1
105.287153 135.727179 -19.891167 1
104.955214 160.901816 -21.484977 1
105.559954 168.321301 -19.889485 1
106.243660 187.172092 -15.338770 1
101.074907 146.130283 -21.836883 1
87.766041 149.558864 -23.929479 1
86.705173 144.386402 -19.306604 1
83.615243 129.320872 -5.841825 1
87.524050 126.953852 0.571956 1
95.368157 122.203769 13.442994 1
95.368157 122.203769 13.442994 1
109.329287 146.264757 -21.431948 1
121.939682 152.018716 -22.494932 1
123.825571 145.823639 -19.790291 1
129.318494 127.779572 -11.912630 1
124.494781 125.993200 -5.949522 1
114.814650 122.408344 6.017131 1
114.814650 122.408344 6.017131 1
97.075542 109.045012 -8.683008 1
94.712929 108.183874 9.676378 1
91.787189 107.117486 32.411708 1
92.887095 84.741311 27.107263 1
93.802585 66.116854 22.692189 1
89.185051 57.817596 35.591904 1
87.646340 56.772563 43.176342 1
111.171596 108.210442 -8.603888 1
114.642088 108.161850 9.599068 1
118.939729 108.101670 32.140461 1
120.020388 85.284602 27.885810 1
120.901712 66.676253 24.415949 1
127.729421 58.847634 36.610090 1
130.181841 57.543282 43.908624 1
104.258400 110.118700 -8.377160 1
104.662902 117.246492 -11.939861 1
105.066746 126.350451 -16.617034 1
105.240805 135.688690 -19.633043 1
104.934987 160.843688 -21.515940 1
105.756694 168.168013 -19.608292 1
106.545814 187.001617 -15.003789 1
101.038389 146.073338 -21.695122 1
87.750333 149.641885 -23.683358 1
86.689978 144.451926 -19.080017 1
83.601543 129.335433 -5.672133 1
87.504411 126.927324 0.729958 1
95.336601 122.094782 13.577537 1
95.336601 122.094782 13.577537 1
109.293211 146.203431 -21.297863 1
122.095857 151.529782 -22.288975 1
123.978249 145.304161 -19.652902 1
129.460990 127.171131 -11.974953 1
124.705231 125.432940 -5.943416 1
115.161468 121.944772 6.160559 1
115.161468 121.944772 6.160559 1
97.117882 108.847194 -8.697341 1
94.708501 108.077913 9.660045 1
91.724845 107.125273 32.392899 1
92.855256 84.750253 27.089997 1
93.796136 66.126757 22.676207 1
89.148655 57.815313 35.557309 1
87.588187 56.777695 43.138319 1
111.217291 108.068525 -8.654384 1
114.764237 108.087257 9.533884 1
119.156553 108.110445 32.057089 1
120.144581 85.282908 27.836212 1
120.950360 66.666020 24.393896 1
127.772987 58.814897 36.576408 1
130.235749 57.506158 43.870673 1
104.291600 109.937100 -8.397520 1
104.662752 117.139386 -11.810906 1
105.030581 126.311607 -16.355812 1
105.186030 135.655502 -19.355274 1
104.887054 160.788588 -21.511972 1
105.931884 167.988133 -19.268107 1
106.855082 186.801304 -14.605369 1
100.985249 146.018533 -21.526543 1
87.725218 149.752929 -23.393605 1
86.699944 144.547174 -18.800163 1
83.713687 129.384675 -5.421112 1
87.604610 126.931120 0.970987 1
95.412828 122.007380 13.798514 1
95.412828 122.007380 13.798514 1
109.240480 146.150046 -21.138352 1
122.225591 151.028716 -22.057875 1
124.113866 144.775173 -19.493063 1
129.613738 126.560815 -12.022674 1
124.907562 124.854508 -5.943331 1
115.463301 121.430324 6.256580 1
115.463301 121.430324 6.256580 1
97.155654 108.644329 -8.734064 1
94.733560 107.990900 9.626138 1
91.734161 107.181726 32.362479 1
92.810858 84.792320 27.109355 1
93.707030 66.156849 22.736998 1
89.020812 57.831076 35.594790 1
87.446976 56.769936 43.169778 1
111.258060 107.920718 -8.727478 1
114.877633 108.008481 9.446274 1
119.359885 108.117154 31.951504 1
120.270543 85.275161 27.791876 1
121.013223 66.646483 24.399511 1
127.824713 58.775772 36.575613 1
130.293466 57.462956 43.867121 1
104.320600 109.744000 -8.412270 1
104.657092 117.020819 -11.667507 1
104.987951 126.262853 -16.071645 1
105.125787 135.613619 -19.050485 1
104.840677 160.722026 -21.479345 1
106.074942 167.771321 -18.882406 1
107.122636 186.558249 -14.140838 1
100.929571 145.955177 -21.330254 1
87.685098 149.808160 -23.061876 1
86.704214 144.582034 -18.481893 1
83.847247 129.360198 -5.142042 1
87.719685 126.874527 1.248874 1
95.490807 121.886336 14.074027 1
95.490807 121.886336 14.074027 1
109.185230 146.085619 -20.950888 1
122.327209 150.538538 -21.799382 1
124.238019 144.263527 -19.304652 1
129.803530 125.986640 -12.038386 1
125.132176 124.299498 -5.926923 1
115.757794 120.913776 6.337448 1
115.757794 120.913776 6.337448 1
97.189330 108.430075 -8.765588 1
94.731031 107.886805 9.593393 1
91.686798 107.214048 32.328221 1
92.795295 84.825950 27.076133 1
93.717936 66.191568 22.704639 1
89.006793 57.842327 35.538082 1
87.413281 56.790258 43.110221 1
111.294513 107.763518 -8.797579 1
114.961480 107.924567 9.366167 1
119.502421 108.123991 31.859007 1
120.350149 85.277438 27.711139 1
121.041507 66.645041 24.328365 1
127.841834 58.765498 36.504995 1
130.313952 57.451711 43.795187 1
104.360900 109.550800 -8.381430 1
104.663392 116.896358 -11.481940 1
104.959861 126.203438 -15.749430 1
105.087059 135.560005 -18.710474 1
104.843011 160.640913 -21.412555 1
106.244522 167.521206 -18.470212 1
107.391895 186.272056 -13.610378 1
100.907007 145.883229 -21.100369 1
87.668126 149.813581 -22.695489 1
86.738849 144.559346 -18.136954 1
84.032197 129.255641 -4.859575 1
87.871199 126.749493 1.543504 1
95.575225 121.720209 14.393066 1
95.575225 121.720209 14.393066 1
109.163097 146.003772 -20.727166 1
122.452362 150.006508 -21.523138 1
124.386289 143.718997 -19.078189 1
130.019129 125.405703 -11.956920 1
125.374874 123.737701 -5.819603 1
116.054875 120.390387 6.496647 1
116.054875 120.390387 6.496647 1
97.233498 108.218932 -8.745442 1
94.749323 107.769119 9.612583 1
91.673046 107.212094 32.346228 1
92.783815 84.826122 27.085567 1
93.708346 66.193509 22.706937 1
88.977082 57.841664 35.531280 1
87.372686 56.786521 43.100693 1
111.340842 107.604165 -8.825574 1
115.034917 107.831328 9.331971 1
119.609430 108.112623 31.817132 1
120.409862 85.262244 27.680960 1
121.062649 66.626727 24.307723 1
127.843221 58.736858 36.488683 1
130.311680 57.421184 43.779774 1
104.424100 109.374600 -8.344960 1
104.690836 116.785485 -11.289364 1
104.951293 126.155012 -15.420372 1
105.067825 135.516320 -18.366836 1
104.868674 160.565036 -21.355971 1
106.378585 167.265907 -18.072901 1
107.564099 185.973364 -13.057482 1
100.905517 145.819241 -20.872512 1
87.658167 149.774312 -22.330308 1
86.778785 144.491869 -17.794532 1
84.217459 129.106005 -4.583442 1
88.019200 126.586553 1.836625 1
95.648450 121.530571 14.720279 1
95.648450 121.530571 14.720279 1
109.162032 145.928701 -20.505339 1
122.581054 149.486955 -21.232470 1
124.529644 143.181968 -18.844840 1
130.205193 124.817771 -11.890521 1
125.595248 123.200649 -5.713847 1
116.344100 119.955440 6.681387 1
116.344100 119.955440 6.681387 1
97.300568 108.024391 -8.717080 1
94.796830 107.656019 9.640102 1
91.696327 107.199846 32.372703 1
92.810080 84.818754 27.091947 1
93.737095 66.190204 22.696590 1
88.978996 57.844456 35.514973 1
87.359966 56.787535 43.081021 1
111.409765 107.463705 -8.850130 1
115.110392 107.767569 9.304960 1
119.693017 108.143848 31.787080 1
120.451451 85.286942 27.679151 1
121.069986 66.646102 24.328949 1
127.817211 58.717834 36.503491 1
130.274646 57.390552 43.796202 1
104.470500 109.176900 -8.267460 1
104.700836 116.650280 -11.052673 1
104.926072 126.080945 -15.044282 1
105.035954 135.447448 -17.974444 1
104.900359 160.461253 -21.246132 1
106.489831 166.986248 -17.660315 1
107.654402 185.641683 -12.450008 1
100.899348 145.732144 -20.594925 1
87.632238 149.664151 -21.930273 1
86.789132 144.364636 -17.407542 1
84.333467 128.929047 -4.234448 1
88.109112 126.402345 2.198159 1
95.685993 121.331815 15.106975 1
95.685993 121.331815 15.106975 1
109.156248 145.824410 -20.231706 1
122.668203 149.028893 -20.878543 1
124.631996 142.714075 -18.529665 1
130.351825 124.321242 -11.688219 1
125.757871 122.737105 -5.491116 1
116.538814 119.558090 6.945113 1
116.538814 119.558090 6.945113 1
97.351194 107.807345 -8.649609 1
94.818591 107.521936 9.705092 1
91.682345 107.168499 32.434618 1
92.806224 84.789598 27.146727 1
93.741668 66.162871 22.745432 1
88.964762 57.819454 35.558337 1
87.333778 56.763769 43.121989 1
111.462015 107.304430 -8.832089 1
115.149026 107.671848 9.324596 1
119.714791 108.126827 31.808691 1
120.453651 85.267985 27.707970 1
121.056223 66.625568 24.363645 1
127.769686 58.680740 36.546054 1
130.212031 57.348666 43.842960 1
104.511400 109.008400 -8.264700 1
104.707482 116.539766 -10.891859 1
104.900365 126.028235 -14.745797 1
105.006233 135.399357 -17.661305 1
104.940866 160.374667 -21.216918 1
106.570113 166.722342 -17.342304 1
107.656988 185.325872 -11.933406 1
100.897993 145.665433 -20.396894 1
87.601366 149.530078 -21.631509 1
86.769285 144.216386 -17.123395 1
84.345731 128.739503 -3.992872 1
88.094983 126.192753 2.447261 1
95.618899 121.081992 15.371182 1
95.618899 121.081992 15.371182 1
109.155272 145.738156 -20.037880 1
122.743259 148.621135 -20.599224 1
124.715647 142.295719 -18.286339 1
130.460512 123.872019 -11.549728 1
125.871565 122.322873 -5.340083 1
116.662557 119.214075 7.121317 1
116.662557 119.214075 7.121317 1
97.396148 107.621043 -8.657974 1
94.843590 107.420744 9.695088 1
91.682632 107.172703 32.422586 1
92.801739 84.797562 27.117797 1
93.733212 66.173965 22.702437 1
88.933030 57.838139 35.511582 1
87.291093 56.777814 43.072216 1
111.508185 107.174015 -8.886211 1
115.172203 107.607307 9.273676 1
119.709494 108.143860 31.761736 1
120.441072 85.284632 27.661868 1
121.037704 66.641898 24.318239 1
127.717090 58.683131 36.510277 1
130.142415 57.346805 43.812080 1
104.561100 108.830700 -8.222330 1
104.724983 116.414693 -10.695806 1
104.885907 125.956199 -14.418018 1
104.984091 135.330011 -17.325133 1
104.969053 160.260970 -21.179975 1
106.645295 166.425660 -17.039098 1
107.632742 184.964456 -11.394027 1
100.896001 145.571074 -20.181976 1
87.565178 149.342688 -21.332681 1
86.749954 144.025904 -16.825131 1
84.375498 128.540016 -3.696256 1
88.098851 125.977404 2.752604 1
95.570796 120.834808 15.694038 1
95.570796 120.834808 15.694038 1
109.153567 145.630910 -19.827203 1
122.808395 148.202911 -20.263690 1
124.794283 141.873073 -17.974576 1
130.578468 123.436495 -11.307198 1
125.973979 121.897495 -5.106541 1
116.733780 118.809058 7.336819 1
116.733780 118.809058 7.336819 1
97.449852 107.426540 -8.628189 1
94.859831 107.306634 9.720325 1
91.652481 107.158148 32.442191 1
92.794924 84.785479 27.131952 1
93.745819 66.163940 22.712056 1
88.923296 57.826819 35.511964 1
87.264808 56.773007 43.069895 1
111.562807 107.034073 -8.896473 1
115.198602 107.531709 9.267437 1
119.700943 108.147943 31.760479 1
120.432195 85.288084 27.664067 1
121.028562 66.644837 24.323257 1
127.668784 58.668501 36.525202 1
130.074183 57.326779 43.832606 1
104.598200 108.679700 -8.231300 1
104.733558 116.310444 -10.558383 1
104.868559 125.900459 -14.154837 1
104.966170 135.277155 -17.052654 1
105.022305 160.163753 -21.183862 1
106.701717 166.174857 -16.824247 1
107.617597 184.638875 -10.927635 1
100.907083 145.497653 -20.022271 1
87.521137 149.083332 -21.126542 1
86.691162 143.763197 -16.625644 1
84.273743 128.267548 -3.516140 1
87.984779 125.703774 2.939355 1
95.432005 120.558850 15.894103 1
95.432005 120.558850 15.894103 1
109.164856 145.537580 -19.669544 1
122.867585 147.861333 -19.978490 1
124.867913 141.528085 -17.711488 1
130.694156 123.081575 -11.108513 1
126.072308 121.545952 -4.919945 1
116.797275 118.464294 7.499156 1
116.797275 118.464294 7.499156 1
97.490551 107.261260 -8.650346 1
94.872163 107.218879 9.694484 1
91.629684 107.166396 32.411789 1
92.784849 84.794373 27.101581 1
93.746332 66.173371 22.681711 1
88.905674 57.834184 35.473424 1
87.234727 56.784032 43.029120 1
111.604093 106.918438 -8.953563 1
115.218584 107.474121 9.212915 1
119.694544 108.162236 31.709138 1
120.425137 85.301426 27.617918 1
121.020966 66.657403 24.281342 1
127.628357 58.669456 36.493509 1
130.017107 57.324249 43.805732 1
104.627800 108.533900 -8.199570 1
104.738262 116.204389 -10.393488 1
104.849489 125.836784 -13.875685 1
104.942872 135.216080 -16.765218 1
105.045278 160.059690 -21.146693 1
106.711835 165.927855 -16.591776 1
107.602079 184.331056 -10.504207 1
100.902319 145.413972 -19.836102 1
87.460207 148.792092 -20.912198 1
86.611217 143.466425 -16.421400 1
84.138413 127.954665 -3.341313 1
87.838379 125.404678 3.125986 1
95.263387 120.287419 16.104424 1
95.263387 120.287419 16.104424 1
109.160286 145.441549 -19.486725 1
122.895401 147.579649 -19.674282 1
124.916597 141.245595 -17.428138 1
130.803621 122.796735 -10.885917 1
126.163303 121.260581 -4.711318 1
116.851206 118.177856 7.679751 1
116.851206 118.177856 7.679751 1
97.523196 107.103691 -8.630089 1
94.891148 107.126445 9.712821 1
91.631752 107.154624 32.427747 1
92.778022 84.780623 27.123947 1
93.732102 66.157976 22.709411 1
88.877292 57.828098 35.501827 1
87.200614 56.773660 43.055656 1
111.637003 106.804521 -8.965440 1
115.232427 107.412593 9.203144 1
119.684774 108.165583 31.701974 1
120.411785 85.302104 27.625055 1
121.004693 66.655905 24.300142 1
127.580102 58.651575 36.518843 1
129.953000 57.301263 43.835284 1
104.646200 108.409300 -8.203460 1
104.734303 116.113224 -10.277991 1
104.823287 125.782067 -13.658325 1
104.912023 135.163225 -16.541954 1
105.053781 159.965078 -21.152889 1
106.684643 165.706521 -16.426773 1
107.575073 184.060778 -10.193218 1
100.887232 145.338920 -19.705761 1
87.387184 148.483495 -20.764248 1
86.523741 143.156669 -16.277582 1
84.008843 127.641532 -3.209531 1
87.698536 125.105899 3.269271 1
95.102931 120.017447 16.270791 1
95.102931 120.017447 16.270791 1
109.145341 145.356167 -19.359107 1
122.908497 147.313721 -19.418855 1
124.954086 140.982642 -17.186448 1
130.912158 122.542447 -10.684240 1
126.258093 121.003983 -4.520573 1
116.918406 117.916624 7.848558 1
116.918406 117.916624 7.848558 1
97.544456 106.968321 -8.645103 1
94.885916 107.051020 9.693814 1
91.593715 107.153430 32.403795 1
92.754216 84.781047 27.096271 1
93.720142 66.159745 22.678635 1
88.848323 57.829278 35.464199 1
87.159042 56.778706 43.015758 1
111.658402 106.709447 -9.007049 1
115.248105 107.364004 9.161051 1
119.693369 108.174558 31.659282 1
120.401768 85.310683 27.581311 1
120.979498 66.664160 24.255541 1
127.530470 58.643990 36.476981 1
129.892968 57.288389 43.795810 1
104.678000 108.299100 -8.165240 1
104.747479 116.029488 -10.139616 1
104.817231 125.727752 -13.435052 1
104.899694 135.110013 -16.315278 1
105.063386 159.874044 -21.124513 1
106.659207 165.505992 -16.256806 1
107.586104 183.820769 -9.913415 1
100.883669 145.263771 -19.559679 1
87.332470 148.180625 -20.616572 1
86.447951 142.854925 -16.132676 1
83.871661 127.343068 -3.072693 1
87.563871 124.819016 3.409196 1
94.973318 119.753804 16.416911 1
94.973318 119.753804 16.416911 1
109.141854 145.276192 -19.214636 1
122.922566 147.106636 -19.175969 1
124.989498 140.778892 -16.953789 1
131.009735 122.348410 -10.481369 1
126.349199 120.800838 -4.324875 1
116.996528 117.695199 8.029860 1
116.996528 117.695199 8.029860 1
97.578557 106.849459 -8.615445 1
94.895780 106.979413 9.719668 1
91.573565 107.140340 32.424940 1
92.743900 84.767873 27.119929 1
93.718009 66.146501 22.704384 1
88.830282 57.815705 35.483661 1
87.130334 56.769376 43.033415 1
111.692458 106.624174 -9.000845 1
115.261897 107.312907 9.169984 1
119.682066 108.165782 31.671594 1
120.405706 85.300106 27.606415 1
120.995866 66.652115 24.291078 1
127.526010 58.631716 36.523509 1
129.876245 57.276704 43.846394 1
104.695000 108.220700 -8.145420 1
104.750434 115.970791 -10.041442 1
104.802772 125.691276 -13.271075 1
104.875431 135.073860 -16.150511 1
105.036890 159.805707 -21.122678 1
106.600464 165.356348 -16.152198 1
107.557603 183.634531 -9.708540 1
100.858182 145.205877 -19.460700 1
87.262740 147.908437 -20.519079 1
86.361835 142.591916 -16.027559 1
83.737821 127.106795 -2.945368 1
87.434842 124.590469 3.536783 1
94.853940 119.540761 16.545025 1
94.853940 119.540761 16.545025 1
109.116450 145.220911 -19.117750 1
122.910673 146.942754 -18.996424 1
124.994550 140.621112 -16.772702 1
131.064143 122.208405 -10.295790 1
126.405052 120.650703 -4.140757 1
117.055281 117.524736 8.211046 1
117.055281 117.524736 8.211046 1
97.597205 106.764919 -8.601756 1
94.887429 106.930666 9.729098 1
91.531781 107.135918 32.429094 1
92.726385 84.766667 27.115940 1
93.720695 66.147971 22.693617 1
88.821981 57.811444 35.464947 1
87.111108 56.773080 43.013333 1
111.710950 106.564976 -9.006387 1
115.275730 107.283025 9.164221 1
119.690131 108.172203 31.665559 1
120.404745 85.306423 27.599369 1
120.987543 66.658346 24.283206 1
127.498513 58.626493 36.518343 1
129.839987 57.267904 43.843371 1
104.707700 108.168900 -8.131340 1
104.754316 115.932126 -9.973087 1
104.794123 125.667521 -13.157673 1
104.855940 135.049868 -16.038136 1
104.996784 159.757479 -21.129981 1
106.514638 165.255584 -16.087461 1
107.493178 183.510602 -9.581648 1
100.829491 145.162892 -19.394898 1
87.196843 147.670088 -20.455520 1
86.281507 142.363027 -15.955737 1
83.615459 126.905459 -2.849482 1
87.328196 124.404478 3.629625 1
94.778833 119.385562 16.631756 1
94.778833 119.385562 16.631756 1
109.087949 145.185459 -19.056960 1
122.886274 146.869896 -18.886819 1
124.985689 140.551481 -16.668547 1
131.100539 122.148174 -10.207509 1
126.453549 120.579845 -4.046031 1
117.128062 117.432553 8.318708 1
117.128062 117.432553 8.318708 1
97.610842 106.709781 -8.591572 1
94.885298 106.899411 9.736713 1
91.510123 107.134239 32.433527 1
92.714921 84.765907 27.118803 1
93.717715 66.147977 22.695173 1
88.811917 57.811049 35.463522 1
87.095625 56.776877 43.011253 1
111.724398 106.525741 -9.010097 1
115.286794 107.265631 9.160103 1
119.698242 108.181856 31.660934 1
120.406302 85.315672 27.595872 1
120.983755 66.667266 24.280629 1
127.484471 58.624673 36.514162 1
129.821705 57.262635 43.839904 1
104.703300 108.140300 -8.139570 1
104.745592 115.910577 -9.951444 1
104.779305 125.654267 -13.110631 1
104.835156 135.036769 -15.990712 1
104.962592 159.731517 -21.144927 1
106.438707 165.202866 -16.061082 1
107.427164 183.448972 -9.531812 1
100.802798 145.139382 -19.371642 1
87.144345 147.496173 -20.445065 1
86.207688 142.199773 -15.937116 1
83.479541 126.773257 -2.807076 1
87.203786 124.274819 3.666405 1
94.677518 119.261008 16.657246 1
94.677518 119.261008 16.657246 1
109.061356 145.166713 -19.036506 1
122.861090 146.835038 -18.826571 1
124.964474 140.517749 -16.608852 1
131.090881 122.117720 -10.149425 1
126.449219 120.539963 -3.986338 1
117.134423 117.373749 8.381629 1
117.134423 117.373749 8.381629 1
97.607015 106.679503 -8.603312 1
94.877298 106.883197 9.724200 1
91.496954 107.135441 32.420058 1
92.708196 84.769938 27.094903 1
93.716355 66.154363 22.662591 1
88.808685 57.814949 35.428597 1
87.090308 56.782469 42.976086 1
111.720535 106.503956 -9.026720 1
115.284183 107.254243 9.142808 1
119.697183 108.183344 31.642807 1
120.400010 85.317885 27.572758 1
120.973195 66.670070 24.253449 1
127.468369 58.627177 36.489729 1
129.803775 57.264388 43.815914 1
