52 35
105.213500 142.043300 53.125590 1
105.321996 148.444219 53.255741 1
105.518802 157.598756 52.658491 1
105.801608 166.374880 52.205037 1
106.749941 188.937656 53.072230 1
106.503875 195.715854 53.785941 1
106.550417 212.893268 51.120435 1
102.513408 176.013119 51.556250 1
91.882947 182.419208 50.531575 1
90.570408 176.539653 52.329541 1
86.747446 159.414588 57.566380 1
87.168306 153.002068 60.477237 1
88.012878 140.133543 66.318691 1
88.012878 140.133543 66.318691 1
109.910591 175.698714 51.647175 1
120.203062 182.652224 50.748070 1
121.346242 176.732929 52.531206 1
124.675935 159.492091 57.724857 1
124.322914 152.895241 60.200224 1
123.614480 139.656789 65.167749 1
123.614480 139.656789 65.167749 1
99.522384 141.067835 52.348205 1
98.448333 124.510544 52.876520 1
97.118284 104.006851 53.530759 1
97.308616 83.446732 51.914855 1
97.467036 66.333835 50.569882 1
95.582867 59.966834 63.291496 1
95.473624 59.050624 70.226097 1
110.852580 140.878026 52.238140 1
111.702994 124.299445 52.324076 1
112.756093 103.769613 52.430492 1
113.441709 83.043363 50.635808 1
114.000862 66.140125 49.172157 1
115.992440 59.958725 61.968725 1
116.065546 59.122850 68.914003 1
105.204900 142.039600 52.966090 1
105.313931 148.440199 53.110687 1
105.509055 157.596104 52.534204 1
105.789633 166.373361 52.101794 1
106.732458 188.934103 53.026046 1
106.477333 195.709477 53.763014 1
106.526290 212.900737 51.188365 1
102.497990 176.012291 51.481340 1
91.870832 182.427856 50.482002 1
90.543029 176.544983 52.257770 1
86.675608 159.410254 57.429955 1
87.099377 153.017641 60.383859 1
87.949787 140.189067 66.311699 1
87.949787 140.189067 66.311699 1
109.895356 175.699784 51.563536 1
120.180683 182.665835 50.679890 1
121.326667 176.744305 52.453781 1
124.664525 159.496957 57.620505 1
124.288562 152.916305 60.135292 1
123.534087 139.710357 65.181926 1
123.534087 139.710357 65.181926 1
99.512569 141.066194 52.195045 1
98.464894 124.508075 52.749704 1
97.167508 104.003356 53.436564 1
97.328152 83.441305 51.842162 1
97.461862 66.326800 50.515087 1
95.630919 59.972459 63.250795 1
95.553660 59.062073 70.186593 1
110.842577 140.876074 52.067498 1
111.690761 124.297519 52.177029 1
112.741099 103.767717 52.312662 1
113.441170 83.037274 50.572823 1
114.012111 66.130617 49.153901 1
116.009343 59.966212 61.957784 1
116.084624 59.134965 68.903593 1
105.205600 142.049500 52.809390 1
105.313583 148.449745 52.969600 1
105.506004 157.607119 52.415992 1
105.782700 166.385706 52.008810 1
106.711444 188.943906 53.006426 1
106.458004 195.717101 53.763730 1
106.515638 212.924343 51.298340 1
102.485467 176.024597 51.418151 1
91.870303 182.462867 50.437532 1
90.516390 176.578982 52.190082 1
86.572921 159.441307 57.294638 1
86.959083 153.054247 60.265659 1
87.734024 140.236815 66.227849 1
87.734024 140.236815 66.227849 1
109.882986 175.716305 51.502447 1
120.157028 182.700351 50.629637 1
121.302163 176.774699 52.390260 1
124.637547 159.515343 57.518342 1
124.259663 152.947248 60.065461 1
123.501333 139.766500 65.176978 1
123.501333 139.766500 65.176978 1
99.513131 141.076994 52.038235 1
98.484778 124.518849 52.627238 1
97.211320 104.014099 53.356630 1
97.348644 83.448573 51.805453 1
97.462944 66.331175 50.514356 1
95.663622 60.010710 63.271409 1
95.605721 59.117983 70.209691 1
110.843119 140.889156 51.905708 1
111.700753 124.311366 52.051531 1
112.762793 103.782513 52.232106 1
113.456479 83.047464 50.545403 1
114.022213 66.137051 49.169816 1
116.022422 59.992318 61.982687 1
116.102364 59.161437 68.928488 1
105.203000 142.056500 52.615490 1
105.309711 148.456349 52.791593 1
105.499713 157.615239 52.262786 1
105.773514 166.395151 51.883160 1
106.694238 188.949976 52.961287 1
106.429343 195.719134 53.750107 1
106.487266 212.941064 51.389510 1
102.472274 176.034839 51.329017 1
91.868350 182.491921 50.350485 1
90.475815 176.607270 52.069885 1
86.419855 159.467362 57.077890 1
86.747465 153.079417 60.054037 1
87.404905 140.260208 66.026513 1
87.404905 140.260208 66.026513 1
109.869957 175.729079 51.407984 1
120.130854 182.735947 50.563930 1
121.285403 176.805794 52.303122 1
124.648209 159.533331 57.368783 1
124.269234 152.972280 59.933831 1
123.508716 139.805667 65.081328 1
123.508716 139.805667 65.081328 1
99.510291 141.084698 51.845216 1
98.479131 124.528403 52.479564 1
97.202196 104.025943 53.265108 1
97.349936 83.457441 51.754884 1
97.472905 66.337567 50.497874 1
95.683961 60.032708 63.264105 1
95.630237 59.148998 70.203575 1
110.840240 140.899622 51.705647 1
111.697600 124.322372 51.904718 1
112.759299 103.794187 52.151232 1
113.457248 83.056347 50.500998 1
114.026459 66.143657 49.155153 1
116.023155 60.013880 61.975733 1
116.101974 59.185038 68.921791 1
105.203100 142.030100 52.416190 1
105.305076 148.429749 52.602113 1
105.488036 157.589819 52.091602 1
105.755553 166.370998 51.737645 1
106.661754 188.922092 52.902635 1
106.380599 195.685897 53.730756 1
106.439048 212.922723 51.481520 1
102.447739 176.010567 51.221962 1
91.854431 182.485466 50.246182 1
90.418029 176.603205 51.937442 1
86.234296 159.470258 56.863483 1
86.487909 153.075054 59.831254 1
86.996852 140.241277 65.786921 1
86.996852 140.241277 65.786921 1
109.845650 175.709405 51.297087 1
120.090204 182.744799 50.492719 1
121.254971 176.809993 52.209075 1
124.647539 159.523976 57.208222 1
124.282342 152.961555 59.771763 1
123.549473 139.792192 64.916236 1
123.549473 139.792192 64.916236 1
99.510595 141.055162 51.648374 1
98.473120 124.501689 52.343186 1
97.188364 104.002724 53.203605 1
97.346981 83.431288 51.735027 1
97.479004 66.308971 50.512679 1
95.697768 60.010082 63.282935 1
95.646642 59.130191 70.222910 1
110.840581 140.878916 51.500638 1
111.690784 124.302144 51.760840 1
112.743620 103.774551 52.083054 1
113.445785 83.033386 50.476991 1
114.018434 66.117984 49.167170 1
116.001093 60.005233 61.998054 1
116.071986 59.185443 68.945271 1
105.182400 142.004500 52.114990 1
105.281478 148.402855 52.342387 1
105.460241 157.566033 51.889398 1
105.724550 166.349237 51.587032 1
106.624810 188.893854 52.875426 1
106.315701 195.650423 53.751285 1
106.368742 212.901262 51.612032 1
102.414133 175.990600 51.124343 1
91.826334 182.476002 50.158559 1
90.345194 176.599971 51.832806 1
86.031156 159.485174 56.709296 1
86.189588 153.066802 59.633339 1
86.507525 140.186534 65.501254 1
86.507525 140.186534 65.501254 1
109.812129 175.691008 51.197359 1
120.034812 182.764666 50.452537 1
121.213222 176.824855 52.142054 1
124.645528 159.524257 57.063026 1
124.301802 152.949122 59.596785 1
123.612019 139.754245 64.681491 1
123.612019 139.754245 64.681491 1
99.489929 141.031877 51.343997 1
98.469336 124.483060 52.163542 1
97.205487 103.989862 53.178426 1
97.362761 83.415763 51.747484 1
97.493665 66.291230 50.556463 1
95.750116 59.976392 63.324044 1
95.718601 59.088147 70.263070 1
110.819913 140.861945 51.188884 1
111.656739 124.287919 51.614691 1
112.693012 103.763727 52.141982 1
113.410325 83.024024 50.523782 1
113.995328 66.109814 49.204062 1
115.948804 59.977792 62.030225 1
116.000443 59.157341 68.977534 1
105.160700 141.921700 51.609690 1
105.259836 148.318199 51.884364 1
105.438570 157.484863 51.508442 1
105.706001 166.270648 51.297730 1
106.630759 188.796484 52.866738 1
106.274219 195.546764 53.772551 1
106.310548 212.805140 51.694623 1
102.400906 175.919508 50.974150 1
91.829165 182.431893 50.014058 1
90.310941 176.558176 51.663013 1
85.888892 159.450115 56.465834 1
85.957850 152.998679 59.319751 1
86.096233 140.052058 65.046939 1
86.096233 140.052058 65.046939 1
109.798940 175.613624 51.005316 1
119.980340 182.756799 50.365952 1
121.178523 176.813076 52.027575 1
124.668422 159.501085 56.867302 1
124.345745 152.904791 59.348284 1
123.698204 139.667453 64.327077 1
123.698204 139.667453 64.327077 1
99.466591 140.954333 50.844199 1
98.497516 124.414851 51.884891 1
97.297465 103.933213 53.173631 1
97.421901 83.358474 51.748680 1
97.525473 66.233408 50.562645 1
95.877537 59.882134 63.324849 1
95.900209 58.973284 70.261242 1
110.796212 140.786542 50.662551 1
111.596478 124.227520 51.521789 1
112.587477 103.721907 52.585811 1
113.354939 83.002006 50.751395 1
113.980841 66.103945 49.255340 1
115.903400 59.956064 62.078583 1
115.931984 59.129616 69.025315 1
105.147200 141.794600 50.862590 1
105.221714 148.183553 51.282352 1
105.371136 157.356655 51.101078 1
105.621952 166.145316 51.051246 1
106.526609 188.645109 52.967258 1
106.174074 195.382137 53.968297 1
106.176413 212.642844 51.909500 1
102.312649 175.796266 50.860170 1
91.731147 182.322291 50.127042 1
90.190222 176.440418 51.725084 1
85.702053 159.308605 56.379618 1
85.713046 152.817588 59.143167 1
85.735106 139.791538 64.689007 1
85.735106 139.791538 64.689007 1
109.710652 175.493788 50.919170 1
119.872911 182.676071 50.431370 1
121.047311 176.701964 51.998314 1
124.467935 159.301477 56.562274 1
124.178850 152.700600 59.035195 1
123.598721 139.454065 63.997813 1
123.598721 139.454065 63.997813 1
99.457728 140.823385 50.068041 1
98.552732 124.320106 51.617031 1
97.432031 103.883300 53.535219 1
97.508447 83.317421 51.984516 1
97.572052 66.199731 50.693813 1
95.995562 59.802003 63.441833 1
96.060931 58.864002 70.374072 1
110.788115 140.702464 49.897203 1
111.520224 124.177284 51.298054 1
112.426821 103.713580 53.032774 1
113.251957 83.017616 50.967679 1
113.924894 66.139078 49.283495 1
115.693376 59.987058 62.126913 1
115.634302 59.158632 69.073216 1
105.075700 141.567700 49.801090 1
105.131494 147.947697 50.342379 1
105.262134 157.122863 50.358442 1
105.502022 165.910066 50.541371 1
106.386924 188.339216 53.164421 1
106.054096 195.078132 54.159476 1
106.008646 212.333948 52.060571 1
102.189421 175.561319 50.635314 1
91.661524 182.194495 50.126389 1
90.121467 176.290349 51.640949 1
85.635827 159.093659 56.052328 1
85.651097 152.581183 58.764900 1
85.681738 139.512068 64.208439 1
85.681738 139.512068 64.208439 1
109.587166 175.259274 50.722370 1
119.676422 182.553153 50.404758 1
120.910476 176.569763 51.888212 1
124.504854 159.142238 56.208996 1
124.167782 152.534754 58.658085 1
123.491351 139.274963 63.572876 1
123.491351 139.274963 63.572876 1
99.392012 140.596987 48.965587 1
98.582470 124.158721 51.134611 1
97.579975 103.802424 53.820618 1
97.610449 83.246153 52.145906 1
97.635812 66.136458 50.751985 1
96.119338 59.679235 63.477268 1
96.228505 58.749840 70.410115 1
110.723266 140.508750 48.837618 1
111.390241 124.056731 50.950942 1
112.216182 103.683625 53.567943 1
113.148644 83.033818 51.121640 1
113.909111 66.192923 49.126563 1
115.538088 60.017613 61.977252 1
115.394345 59.179460 68.921152 1
105.010300 141.163700 48.480490 1
105.058953 147.527042 49.191815 1
105.176034 156.697978 49.476811 1
105.401219 165.473998 49.963338 1
106.248015 187.782414 53.477273 1
105.954271 194.514509 54.529178 1
105.807595 211.751601 52.286011 1
102.069232 175.106651 50.451901 1
91.605229 181.854802 50.203394 1
90.088050 175.918315 51.610841 1
85.669045 158.627430 55.710235 1
85.766629 152.076615 58.327091 1
85.962456 138.930564 63.578548 1
85.962456 138.930564 63.578548 1
109.467799 174.817305 50.505910 1
119.498319 182.198584 50.511688 1
120.758565 176.187260 51.853420 1
124.429232 158.678372 55.761417 1
123.929685 152.066957 58.171837 1
122.927202 138.799275 63.009030 1
122.927202 138.799275 63.009030 1
99.325702 140.207581 47.634420 1
98.604925 123.900521 50.657147 1
97.712354 103.706702 54.400335 1
97.683183 83.177805 52.418060 1
97.658904 66.090895 50.768145 1
96.269535 59.612940 63.497402 1
96.455082 58.698722 70.430644 1
110.656680 140.138866 47.474125 1
111.207256 123.824122 50.491727 1
111.889056 103.621007 54.228525 1
112.965531 83.021775 51.439039 1
113.843448 66.222126 49.164080 1
115.377541 60.038514 62.022452 1
115.169188 59.194440 68.963996 1
104.910300 140.568600 46.897290 1
104.954489 146.900649 47.847906 1
105.067851 156.053711 48.487913 1
105.290465 164.802594 49.332564 1
106.122512 186.939889 53.802248 1
105.862783 193.658649 54.944484 1
105.653174 210.881676 52.600542 1
101.958091 174.407175 50.213551 1
91.543832 181.234888 50.355669 1
90.083649 175.262556 51.668578 1
85.830653 157.867266 55.492617 1
86.019694 151.316391 58.104309 1
86.399056 138.170219 63.345402 1
86.399056 138.170219 63.345402 1
109.356154 174.112144 50.297596 1
119.331871 181.558321 50.663871 1
120.636128 175.526449 51.863835 1
124.434980 157.957711 55.358911 1
123.774754 151.363544 57.777907 1
122.449824 138.130475 62.632311 1
122.449824 138.130475 62.632311 1
99.228286 139.643220 46.001160 1
98.610561 123.550938 50.030240 1
97.845603 103.623090 55.019644 1
97.776095 83.132238 52.677410 1
97.718241 66.076996 50.727888 1
96.417023 59.617321 63.475738 1
96.648894 58.707837 70.408208 1
110.559666 139.584193 45.867596 1
111.022521 123.484084 49.886573 1
111.595693 103.546759 54.863409 1
112.816293 83.009115 51.703712 1
113.811751 66.259693 49.126828 1
115.246358 60.072453 61.994936 1
114.972517 59.225218 68.933820 1
104.768300 139.734000 45.061990 1
104.809949 146.015474 46.303687 1
104.922214 155.128335 47.373340 1
105.151436 163.825390 48.644029 1
106.014129 185.706783 54.228886 1
105.751995 192.414370 55.434482 1
105.505821 209.639524 53.109810 1
101.835318 173.380109 50.000328 1
91.453441 180.228893 50.637063 1
90.055362 174.206514 51.777647 1
85.983253 156.665453 55.099765 1
86.380446 150.163392 57.808283 1
87.177521 137.115180 63.243688 1
87.177521 137.115180 63.243688 1
109.232530 173.065799 50.089142 1
119.130116 180.575216 50.950008 1
120.469388 174.515327 51.954284 1
124.370229 156.864985 54.879389 1
123.492549 150.321770 57.366656 1
121.731234 137.190950 62.358065 1
121.731234 137.190950 62.358065 1
99.085541 138.847021 44.132378 1
98.543729 123.046128 49.193485 1
97.872776 103.479119 55.460898 1
97.790734 83.017555 52.875645 1
97.722449 65.986689 50.723850 1
96.529903 59.585171 63.511603 1
96.814838 58.696628 70.444811 1
110.416744 138.802059 43.979762 1
110.831503 123.008532 49.076075 1
111.345114 103.450858 55.387015 1
112.704900 82.965475 51.956497 1
113.813871 66.258675 49.158746 1
115.237400 60.089636 62.036819 1
114.945168 59.245070 68.975278 1
104.566600 138.738900 42.988490 1
104.605339 144.959792 44.504890 1
104.715296 154.011106 46.009089 1
104.948265 162.623941 47.761446 1
105.839594 184.106034 54.722438 1
105.567035 190.808476 55.954056 1
105.294541 208.027891 53.590127 1
101.640578 172.073470 49.734881 1
91.305455 178.920662 50.916337 1
89.958186 172.845859 51.814245 1
86.034067 155.152105 54.429535 1
86.681238 148.712310 57.236818 1
87.979967 135.789051 62.870420 1
87.979967 135.789051 62.870420 1
109.037966 171.753404 49.775420 1
118.825756 179.317354 51.217803 1
120.197991 173.235734 52.027339 1
124.194838 155.522098 54.385236 1
123.043771 149.051399 56.949527 1
120.733829 136.066103 62.095504 1
120.733829 136.066103 62.095504 1
98.881603 137.886109 42.040746 1
98.391808 122.462545 48.160416 1
97.785271 103.362801 55.738699 1
97.730290 82.921914 52.994072 1
97.684527 65.908258 50.709624 1
96.584397 59.567585 63.535918 1
96.910530 58.701006 70.470091 1
110.212235 137.862891 41.846533 1
110.673351 122.461229 48.023595 1
111.244368 103.388815 55.672864 1
112.638905 82.927275 52.116315 1
113.776216 66.239920 49.215780 1
115.279930 60.101845 62.099533 1
115.027746 59.265430 69.040551 1
104.327300 137.605600 40.661590 1
104.387600 143.740849 42.493406 1
104.527397 152.696626 44.487274 1
104.792206 161.185594 46.761750 1
105.766098 182.143591 55.160805 1
105.473945 188.834746 56.448048 1
105.138122 206.060550 54.139467 1
101.522371 170.494386 49.366251 1
91.259671 177.305441 51.205044 1
89.969980 171.188444 51.871124 1
86.213568 153.371797 53.811179 1
87.173281 147.011298 56.708356 1
89.099211 134.247169 62.522355 1
89.099211 134.247169 62.522355 1
108.918256 170.139969 49.393049 1
118.551449 177.753438 51.474230 1
119.939191 171.654109 52.104179 1
123.981207 153.888893 53.939002 1
122.503789 147.514560 56.576350 1
119.538931 134.722651 61.868938 1
119.538931 134.722651 61.868938 1
98.636982 136.816518 39.690876 1
98.215690 121.854583 46.869987 1
97.693985 103.326498 55.760227 1
97.724106 82.881041 53.049464 1
97.749177 65.863581 50.793203 1
96.766432 59.525759 63.630432 1
97.140225 58.687121 70.565634 1
109.966817 136.774923 39.457230 1
110.565619 121.846899 46.694317 1
111.307138 103.361006 55.656253 1
112.687421 82.889298 52.153063 1
113.813107 66.193649 49.296044 1
115.456996 60.110213 62.188588 1
115.279421 59.293299 69.134236 1
104.057100 136.298600 38.194990 1
104.120020 142.343099 40.306988 1
104.270409 151.185988 42.752738 1
104.564918 159.521409 45.534820 1
105.655370 179.835368 55.377798 1
105.336622 186.506751 56.757993 1
104.966284 203.762792 54.693395 1
101.347481 168.644234 48.783051 1
91.222592 175.441199 51.309418 1
89.995488 169.292527 51.770575 1
86.421368 151.383622 53.113764 1
87.763024 145.129046 56.088804 1
90.455433 132.577480 62.059058 1
90.455433 132.577480 62.059058 1
108.741186 168.246037 48.785741 1
118.182591 175.885981 51.539970 1
119.550834 169.768083 52.012954 1
123.536055 151.948782 53.390595 1
121.716351 145.697665 56.107707 1
118.064599 133.153023 61.560365 1
118.064599 133.153023 61.560365 1
98.362878 135.547765 37.216860 1
97.978058 121.113940 45.407905 1
97.501517 103.239839 55.551271 1
97.658831 82.775706 52.989945 1
97.789770 65.742702 50.858066 1
96.867285 59.456458 63.725094 1
97.259839 58.652325 70.663345 1
109.691454 135.531448 36.926060 1
110.401069 121.150024 45.187477 1
111.279811 103.341007 55.417876 1
112.680888 82.840094 52.098548 1
113.823533 66.120628 49.391478 1
115.565245 60.085351 62.293807 1
115.441349 59.280118 69.241984 1
103.823100 134.806500 35.754290 1
103.882951 140.753737 38.126474 1
104.038102 149.470874 40.988019 1
104.369251 157.638626 44.225938 1
105.647037 177.280214 55.330240 1
105.218625 183.905957 56.889049 1
104.836987 201.208906 55.266411 1
101.223339 166.546093 48.084579 1
91.214272 173.245251 51.252309 1
90.050373 167.074977 51.564811 1
86.660344 149.103149 52.475021 1
88.398956 142.963475 55.483718 1
91.887968 130.642492 61.521514 1
91.887968 130.642492 61.521514 1
108.615014 166.124850 47.979115 1
117.871447 173.710808 51.423872 1
119.224917 167.582746 51.797319 1
123.167112 149.733844 52.885042 1
120.967952 143.633517 55.663565 1
116.554714 131.391478 61.239461 1
116.554714 131.391478 61.239461 1
98.123163 134.076135 34.794115 1
97.837120 120.283977 44.028353 1
97.482900 103.204483 55.463556 1
97.701738 82.728890 53.000208 1
97.883885 65.686347 50.949880 1
97.041730 59.478298 63.860308 1
97.475058 58.677910 70.796566 1
109.448694 134.117710 34.404136 1
110.248120 120.382881 43.693663 1
111.238078 103.374564 55.197206 1
112.662151 82.845374 52.067872 1
113.823551 66.102846 49.515750 1
115.662972 60.080995 62.410791 1
115.594926 59.284386 69.360733 1
103.574300 133.058700 33.389890 1
103.650448 138.910165 35.988935 1
103.829658 147.501836 39.206397 1
104.197764 155.509028 42.819611 1
105.614160 174.541304 54.923186 1
105.158839 181.096222 56.750652 1
104.689667 198.443455 55.738709 1
101.104905 164.208512 47.164959 1
91.279251 170.862956 50.942465 1
90.124692 164.685405 51.114121 1
86.761869 146.692384 51.614094 1
88.985371 140.723547 54.647187 1
93.447450 128.745397 60.733942 1
93.447450 128.745397 60.733942 1
108.494445 163.779777 46.974377 1
117.602487 171.246053 51.023197 1
118.948109 165.113213 51.342646 1
122.867444 147.250390 52.273094 1
120.288138 141.329067 55.111335 1
115.112031 129.446252 60.807073 1
115.112031 129.446252 60.807073 1
97.866879 132.360294 32.450621 1
97.661314 119.321763 42.723452 1
97.406753 103.175522 55.444795 1
97.723114 82.694852 53.034829 1
97.986432 65.648083 51.028932 1
97.186030 59.480747 63.961510 1
97.641247 58.680142 70.896341 1
109.188654 132.427962 31.966563 1
110.093242 119.460846 42.292044 1
111.213428 103.403215 55.078444 1
112.693425 82.857462 52.086785 1
113.900433 66.101427 49.646944 1
115.875404 60.076407 62.520438 1
115.883250 59.279286 69.470650 1
103.308100 131.048600 31.005590 1
103.404165 136.814013 33.789698 1
103.615873 145.289002 37.301212 1
104.032801 153.144289 41.228881 1
105.617659 171.601309 54.173256 1
105.105856 178.060519 56.301769 1
104.592896 195.430801 55.876544 1
101.010920 161.654500 45.980027 1
91.358488 168.195594 50.354874 1
90.178141 162.020799 50.412249 1
86.740209 144.035803 50.579364 1
89.494358 138.296114 53.619308 1
95.021330 126.777815 59.719813 1
95.021330 126.777815 59.719813 1
108.396875 161.195460 45.730252 1
117.326565 168.575855 50.300270 1
118.673424 162.440126 50.551837 1
122.596359 144.568890 51.284570 1
119.625231 138.867866 54.189944 1
113.662820 127.427140 60.020404 1
113.662820 127.427140 60.020404 1
97.593686 130.379352 30.087858 1
97.482609 118.227721 41.397240 1
97.345058 103.179770 55.402193 1
97.728089 82.687264 53.105161 1
98.046899 65.630644 51.193262 1
97.276727 59.462457 64.127269 1
97.748096 58.661415 71.060970 1
108.911457 130.464882 29.520221 1
109.920202 118.376503 40.853070 1
111.169368 103.407042 54.886928 1
112.723041 82.835794 52.115966 1
113.990136 66.058967 49.856115 1
116.090134 60.027239 62.706660 1
116.172856 59.229635 69.656329 1
103.093300 128.875500 28.580990 1
103.152839 134.573656 31.501254 1
103.324314 142.953084 35.237130 1
103.735330 150.677734 39.416460 1
105.404215 168.623982 53.050140 1
104.902029 174.998207 55.423107 1
104.367587 192.372215 55.592948 1
100.740511 158.989584 44.522638 1
91.253693 165.409571 49.409220 1
90.038399 159.241859 49.325570 1
86.498681 141.277495 49.081924 1
89.737018 135.841111 52.201143 1
96.235651 124.931478 58.460735 1
96.235651 124.931478 58.460735 1
108.124707 158.560191 44.183963 1
116.925953 165.817718 49.180064 1
118.311577 159.688067 49.358714 1
122.347422 141.834537 49.879065 1
119.018102 136.407013 52.916844 1
112.336877 125.515145 59.013011 1
112.336877 125.515145 59.013011 1
97.381528 128.183344 27.663803 1
97.316733 117.019056 39.949203 1
97.236496 103.193779 55.162808 1
97.650707 82.679342 53.076628 1
97.995470 65.604467 51.340229 1
97.152733 59.436376 64.269757 1
97.585358 58.635326 71.205982 1
108.696521 128.371353 27.066259 1
109.833975 117.224350 39.314951 1
111.242526 103.420628 54.482930 1
112.742820 82.814482 51.952270 1
113.966381 66.009193 49.888396 1
116.144740 59.964082 62.719593 1
116.285905 59.166024 69.668268 1
102.972700 126.703500 26.328790 1
102.998689 132.370379 29.309776 1
103.128034 140.693479 33.171158 1
103.513060 148.318386 37.532177 1
105.143203 165.817463 51.739752 1
104.777900 172.099643 54.369327 1
104.339578 189.465910 54.994866 1
100.502814 156.460073 42.896896 1
91.311521 162.821827 48.387145 1
90.052051 156.665549 48.190733 1
86.383663 138.734485 47.618654 1
90.112055 133.649652 50.783174 1
97.594121 123.445504 57.133676 1
97.594121 123.445504 57.133676 1
107.887946 156.045598 42.560040 1
116.578549 163.256155 47.811320 1
118.023343 157.138063 47.888819 1
122.231529 139.318198 48.114552 1
118.623167 134.237615 51.421799 1
111.381965 124.041981 58.058729 1
111.381965 124.041981 58.058729 1
97.264931 125.986634 25.405678 1
97.220894 115.859368 38.559124 1
97.166360 103.318286 54.847671 1
97.683239 82.774745 53.097912 1
98.113456 65.675647 51.641528 1
97.153488 59.507529 64.562868 1
97.523094 58.706497 71.502739 1
108.578392 126.249486 24.807363 1
109.838750 116.099374 37.882785 1
111.399496 103.530138 54.074534 1
112.899020 82.884753 51.886402 1
114.121954 66.047465 50.101876 1
116.402032 59.995807 62.912299 1
116.606153 59.197472 69.859378 1
102.902300 124.389400 24.121290 1
102.880700 130.057742 27.099527 1
102.943031 138.364349 30.997910 1
103.268855 145.928776 35.467724 1
104.767015 163.090932 50.094622 1
104.591002 169.306982 52.895272 1
104.128075 186.642878 54.088191 1
100.196134 153.912490 41.030776 1
91.304399 160.214945 47.056615 1
89.977402 154.078359 46.731050 1
86.112330 136.204652 45.782793 1
90.354316 131.560982 48.978495 1
98.867052 122.242154 55.391573 1
98.867052 122.242154 55.391573 1
107.584132 153.567935 40.678336 1
116.227902 160.695500 46.116874 1
117.750899 154.595918 46.108452 1
122.186860 136.829967 46.083927 1
118.335314 132.036510 49.542082 1
110.606093 122.417075 56.481853 1
110.606093 122.417075 56.481853 1
97.201016 123.625695 23.195670 1
97.218855 114.553840 37.098106 1
97.240946 103.319724 54.314164 1
97.668191 82.744850 52.951109 1
98.023802 65.619673 51.816591 1
96.976998 59.451534 64.731176 1
97.300020 58.650464 71.673367 1
108.512266 123.980253 22.602891 1
109.878183 114.831447 36.387431 1
111.569646 103.502162 53.457305 1
113.041248 82.815882 51.673873 1
114.241409 65.945242 50.219398 1
116.621184 59.888816 63.009419 1
116.885310 59.090340 69.954459 1
102.883000 122.244100 21.946590 1
102.810889 127.932307 24.885905 1
102.802034 136.253393 28.753778 1
103.060502 143.808104 33.244377 1
104.385983 160.848910 48.028973 1
104.341818 167.011420 50.950515 1
103.904066 184.303516 52.671694 1
99.913653 151.724331 38.862164 1
91.338749 158.074656 45.283928 1
89.925383 151.961580 44.887306 1
85.808747 134.156352 43.732089 1
90.481390 129.944355 46.925226 1
99.858359 121.491800 53.333155 1
99.858359 121.491800 53.333155 1
107.305188 151.426012 38.543336 1
115.962164 158.522900 44.000953 1
117.568446 152.445463 43.905536 1
122.246989 134.744012 43.627625 1
118.191073 130.238136 47.235548 1
110.051727 121.195815 54.475872 1
110.051727 121.195815 54.475872 1
97.191282 121.437865 20.998438 1
97.180787 113.392095 35.518840 1
97.167791 103.428630 53.500154 1
97.594289 82.822355 52.748210 1
97.949279 65.671041 52.122341 1
96.768238 59.497616 65.022814 1
97.018996 58.693720 71.967663 1
108.502839 121.860337 20.458374 1
109.969331 113.702764 34.841814 1
111.785340 103.600957 52.653326 1
113.155285 82.871706 51.353412 1
114.272541 65.966019 50.293269 1
116.749967 59.904119 63.062136 1
117.074230 59.105579 70.004621 1
102.731600 120.090100 20.062590 1
102.703126 125.833247 22.893830 1
102.731884 134.215227 26.627806 1
102.965434 141.816018 31.041350 1
104.047646 158.934045 45.756384 1
104.150654 165.053983 48.764648 1
103.655336 182.301239 50.875918 1
99.723932 149.754716 36.572949 1
91.374115 156.158858 43.233442 1
89.910001 150.056907 42.849815 1
85.645554 132.284081 41.732445 1
90.558017 128.439471 45.027487 1
100.416255 120.724180 51.639917 1
100.416255 120.724180 51.639917 1
107.119810 149.468655 36.361797 1
115.822331 156.597782 41.703736 1
117.501121 150.541985 41.520785 1
122.390857 132.903564 40.987918 1
118.199145 128.671095 44.767632 1
109.787285 120.177443 52.352702 1
109.787285 120.177443 52.352702 1
97.035760 119.319265 19.109764 1
96.917082 112.233495 34.121571 1
96.770117 103.458843 52.711417 1
97.443166 82.846287 52.523162 1
98.003368 65.689746 52.366471 1
96.706175 59.594681 65.293022 1
96.893663 58.833220 72.244647 1
108.352533 119.625843 18.601687 1
109.976976 112.499046 33.506380 1
111.988581 103.673684 51.963378 1
113.213341 82.909103 51.188436 1
114.212191 65.974604 50.556432 1
116.961593 59.906214 63.266415 1
117.427050 59.101289 70.200126 1
102.679400 118.056500 18.324290 1
102.700252 123.885503 20.974340 1
102.777402 132.371486 24.464773 1
103.017622 140.075771 28.694695 1
103.987043 157.476285 43.082625 1
104.068319 163.576007 46.132328 1
103.537018 180.790685 48.486737 1
99.736159 148.125215 34.039532 1
91.363341 154.623579 40.578784 1
89.871272 148.523600 40.281150 1
85.525404 130.756516 39.414245 1
90.525212 127.204771 42.901027 1
100.558732 120.077197 49.898240 1
100.558732 120.077197 49.898240 1
107.133258 147.825270 33.903884 1
115.807027 155.075080 39.128883 1
117.526741 149.032350 38.899814 1
122.535674 131.431986 38.232620 1
118.265488 127.445594 42.187955 1
109.696147 119.445765 50.125458 1
109.696147 119.445765 50.125458 1
96.973122 117.286624 17.435283 1
96.732309 111.170935 32.866322 1
96.434100 103.597583 51.975322 1
97.295596 82.992786 52.232267 1
98.012649 65.842702 52.446133 1
96.610806 60.054153 65.502004 1
96.740907 59.457378 72.471007 1
108.287456 117.516774 16.840020 1
109.924745 111.422886 32.194620 1
111.952258 103.876610 51.208754 1
113.085613 83.093619 50.982591 1
114.009918 66.144105 50.798144 1
117.077651 60.281733 63.531952 1
117.672621 59.570482 70.466001 1
102.905200 115.960900 16.916400 1
102.892185 121.908507 19.288377 1
102.925522 130.543433 22.392879 1
103.141061 138.414457 26.305227 1
104.076483 156.328557 40.050780 1
104.061436 162.416225 43.125511 1
103.505688 179.617224 45.572438 1
99.847514 146.654483 31.343417 1
91.222118 153.271164 37.419331 1
89.716091 147.170622 37.219625 1
85.329569 129.401901 36.637951 1
90.310795 126.135879 40.418310 1
100.307024 119.581688 48.004667 1
100.307024 119.581688 48.004667 1
107.244858 146.348054 31.239367 1
115.871656 153.774132 36.291729 1
117.581737 147.726606 36.125797 1
122.562611 130.112275 35.642499 1
118.237070 126.377039 39.778703 1
109.556642 118.881226 48.079172 1
109.556642 118.881226 48.079172 1
97.201294 115.106796 16.091403 1
96.705625 110.045145 31.893637 1
96.091815 103.777058 51.462306 1
97.228233 83.191780 52.028643 1
98.174113 66.057942 52.500025 1
96.472972 60.726386 65.713990 1
96.440256 60.373730 72.700737 1
108.510824 115.394111 15.433031 1
110.105651 110.507264 31.217681 1
112.080582 104.455711 50.764361 1
113.051664 83.663690 50.895703 1
113.843626 66.706812 51.002817 1
117.006000 60.970878 63.771008 1
117.663492 60.333152 70.706563 1
102.867600 114.429300 15.686350 1
102.853834 120.510162 17.692192 1
102.893495 129.312925 20.282710 1
103.128395 137.386726 23.756109 1
104.147305 155.975846 36.567692 1
104.001213 162.062981 39.640043 1
103.473345 179.261199 42.112557 1
99.869741 145.881753 28.376124 1
90.912886 152.586363 33.845821 1
89.400559 146.484254 33.804063 1
84.995688 128.710968 33.682436 1
89.937936 125.751076 37.754763 1
99.855945 119.811222 45.927036 1
99.855945 119.811222 45.927036 1
107.265966 145.550547 28.268466 1
115.840639 153.230660 33.020885 1
117.529324 147.174869 33.035621 1
122.447878 129.536463 33.078546 1
118.112633 126.114496 37.467885 1
109.412736 119.247349 46.276339 1
109.412736 119.247349 46.276339 1
97.163991 113.526630 14.912601 1
96.534069 109.393477 30.977994 1
95.754007 104.275195 50.872545 1
96.821021 83.708037 51.976793 1
97.709134 66.589282 52.895898 1
96.039291 61.559975 66.231788 1
95.946580 61.392033 73.224875 1
108.473785 113.773311 14.242389 1
110.128519 110.016913 30.327514 1
112.177635 105.365234 50.246283 1
113.134766 84.581904 50.883082 1
113.915352 67.632115 51.402420 1
117.294178 62.077068 64.195122 1
118.068368 61.537163 71.126936 1
102.832400 113.573500 14.644530 1
102.834827 119.750800 16.330185 1
102.897297 128.675507 18.462481 1
103.159109 136.913992 21.522672 1
104.269170 156.110859 33.396100 1
104.025367 162.229449 36.398985 1
103.533250 179.449771 38.720401 1
99.934499 145.629343 25.738521 1
90.510254 152.281494 30.431829 1
89.095846 146.158272 30.605638 1
84.976176 128.323491 31.111880 1
89.780696 125.729068 35.579114 1
99.422315 120.522630 44.543878 1
99.422315 120.522630 44.543878 1
107.329706 145.286422 25.601566 1
116.083059 153.054729 29.859132 1
117.735347 146.994864 30.128340 1
122.547889 129.344596 30.912454 1
118.326145 126.251752 35.643383 1
109.854020 120.045083 45.137337 1
109.854020 120.045083 45.137337 1
97.124551 112.640570 13.941141 1
96.472186 109.274083 30.183610 1
95.664331 105.105200 50.297442 1
96.524670 84.559573 51.879499 1
97.240760 67.458738 53.196299 1
95.420844 62.685119 66.606322 1
95.275450 62.642564 73.600399 1
108.431924 112.834274 13.215008 1
110.234390 109.976393 29.468117 1
112.466448 106.437379 49.594907 1
113.595975 85.689115 50.820506 1
114.517158 68.767923 51.820038 1
118.172844 63.592702 64.695647 1
119.074156 63.248223 71.624563 1
102.712700 113.370800 13.634510 1
102.770620 119.622378 15.018306 1
102.900994 128.638571 16.718968 1
103.208251 137.010504 19.387727 1
104.384898 156.730972 30.362648 1
104.138390 162.908796 33.241471 1
103.688857 180.157595 35.350382 1
100.011014 145.917228 23.205684 1
90.398403 152.675330 27.331265 1
89.196575 146.517702 27.736036 1
85.696075 128.582710 28.914992 1
90.154664 126.039630 33.754863 1
99.102076 120.936224 43.467426 1
99.102076 120.936224 43.467426 1
107.405179 145.553094 23.067237 1
116.220694 153.533789 26.767218 1
117.819611 147.474228 27.266885 1
122.476705 129.824843 28.722244 1
118.472516 126.853568 33.713084 1
110.436975 120.890860 43.728622 1
110.436975 120.890860 43.728622 1
96.994968 112.451181 12.996933 1
96.185438 109.447560 29.303359 1
95.182957 105.728032 49.496393 1
96.088989 85.231472 51.602580 1
96.843110 68.171478 53.355634 1
94.968132 63.745983 66.877013 1
94.788861 63.885944 73.869033 1
108.300651 112.517694 12.223245 1
110.339013 110.130030 28.524290 1
112.863190 107.173302 48.710440 1
114.107258 86.481162 50.596188 1
115.121854 69.605742 52.134104 1
119.049633 64.847869 65.090317 1
120.083606 64.721315 72.008105 1
102.590500 113.250200 13.040190 1
102.702467 119.563846 14.101233 1
102.896946 128.654403 15.336120 1
103.239952 137.152000 17.567515 1
104.445292 157.417553 27.496502 1
104.264303 163.674663 30.203846 1
103.832774 180.932361 32.242544 1
100.053974 146.248080 20.920083 1
90.519581 153.327477 24.671370 1
89.496425 147.159720 25.332085 1
86.516334 129.195228 27.256516 1
90.690512 126.644563 32.339918 1
99.067171 121.525937 42.541195 1
99.067171 121.525937 42.541195 1
107.447696 145.872048 20.790016 1
116.166970 154.170375 23.984800 1
117.698372 148.118128 24.726145 1
122.158816 130.490045 26.885427 1
118.371274 127.487042 32.024200 1
110.770497 121.460665 42.336608 1
110.770497 121.460665 42.336608 1
96.864371 112.347021 12.456779 1
95.923706 109.530555 28.789546 1
94.758836 106.042789 49.015199 1
95.822592 85.586548 51.418632 1
96.707992 68.560112 53.419094 1
94.826686 64.321211 66.999250 1
94.624757 64.563650 73.987849 1
108.169042 112.279003 11.668586 1
110.395259 110.123788 27.977446 1
113.152063 107.454908 48.173275 1
114.446674 86.801327 50.414246 1
115.502490 69.957353 52.241863 1
119.658382 65.416358 65.204740 1
120.810217 65.403774 72.105032 1
102.515800 113.098600 12.791520 1
102.662972 119.459005 13.515440 1
102.898249 128.601557 14.263358 1
103.258675 137.206148 16.034532 1
104.447597 157.981190 24.850104 1
104.373978 164.317627 27.371620 1
103.950145 181.596491 29.224151 1
100.068366 146.472298 18.878687 1
90.541844 153.766634 22.215254 1
89.589855 147.623734 23.154995 1
86.817050 129.731640 25.892128 1
90.905350 127.129144 31.018866 1
99.109672 121.906505 41.307110 1
99.109672 121.906505 41.307110 1
107.462215 146.086923 18.789696 1
116.279897 154.495072 21.367708 1
117.801952 148.476176 22.358021 1
122.235174 130.945234 25.242462 1
118.493489 127.993384 30.444084 1
110.984737 122.069659 40.882615 1
110.984737 122.069659 40.882615 1
96.785283 112.198401 12.247944 1
95.814707 109.483564 28.596163 1
94.612795 106.121651 48.840950 1
95.788680 85.683073 51.340496 1
96.767409 68.671340 53.420955 1
94.896859 64.487232 67.019577 1
94.686806 64.762119 74.006735 1
108.090364 112.023956 11.482308 1
110.435885 109.966476 27.787069 1
113.340426 107.418625 47.977820 1
114.664968 86.775277 50.294323 1
115.745194 69.939649 52.183539 1
120.083822 65.430257 65.097483 1
121.332179 65.434159 71.980977 1
102.455000 112.949400 12.727300 1
102.613377 119.334977 13.174279 1
102.860189 128.501575 13.511257 1
103.220286 137.180952 14.869457 1
104.363853 158.378310 22.621518 1
104.419474 164.809738 24.890338 1
104.051998 182.125749 26.370673 1
100.017256 146.581315 17.215221 1
90.393148 153.933728 20.115774 1
89.424656 147.838096 21.311558 1
86.603781 130.083674 24.794455 1
90.744595 127.511865 29.894463 1
99.054299 122.350807 40.129066 1
99.054299 122.350807 40.129066 1
107.411263 146.189210 17.196651 1
116.540656 154.458284 19.032747 1
118.074841 148.485562 20.256410 1
122.543394 131.089110 23.820517 1
118.785401 128.216121 29.054436 1
111.243923 122.450652 39.557782 1
111.243923 122.450652 39.557782 1
96.723068 112.036669 12.220803 1
95.820498 109.422288 28.589278 1
94.702802 106.184774 48.859151 1
95.839257 85.743396 51.354029 1
96.785168 68.729332 53.430603 1
94.922171 64.542812 67.029519 1
94.720837 64.814956 74.017042 1
108.028095 111.808940 11.468485 1
110.390836 109.819842 27.779244 1
113.316702 107.356672 47.977424 1
114.641647 86.717302 50.328869 1
115.722203 69.884917 52.246582 1
120.129932 65.390283 65.142256 1
121.417076 65.402912 72.018593 1
102.392600 112.788300 12.661460 1
102.511708 119.187547 12.850977 1
102.716209 128.361254 12.803284 1
103.050553 137.094110 13.768368 1
104.149816 158.643326 20.487975 1
104.278233 165.138506 22.564043 1
104.086854 182.496382 23.479545 1
99.838927 146.601159 15.620482 1
90.058835 153.848970 18.249869 1
89.071701 147.807132 19.680381 1
86.196529 130.209393 23.846956 1
90.398249 127.781416 28.967611 1
98.830179 122.909000 39.243647 1
98.830179 122.909000 39.243647 1
107.232136 146.200752 15.695094 1
116.720011 154.159001 17.014623 1
118.265060 148.219731 18.379313 1
122.765256 130.920713 22.354183 1
118.974109 128.088171 27.586238 1
111.366097 122.403871 38.085842 1
111.366097 122.403871 38.085842 1
96.670071 111.821997 12.148058 1
95.889090 109.342387 28.543734 1
94.921962 106.271767 48.847291 1
95.996697 85.834276 51.400671 1
96.891236 68.823446 53.525937 1
94.991446 64.635209 67.119234 1
94.779581 64.903841 74.106581 1
107.981821 111.630856 11.492876 1
110.344492 109.755220 27.817082 1
113.270271 107.432552 48.031913 1
114.591349 86.800655 50.450173 1
115.668751 69.974366 52.422378 1
120.073232 65.557811 65.346109 1
121.357965 65.611729 72.222697 1
102.316800 112.820700 12.589700 1
102.450413 119.221560 12.697463 1
102.667254 128.392380 12.473783 1
102.992012 137.151995 13.159069 1
103.991722 158.985505 18.906126 1
104.279099 165.533367 20.792078 1
104.154241 182.910178 21.240964 1
99.751779 146.730099 14.533715 1
89.873674 153.870819 17.088672 1
88.906863 147.880937 18.735245 1
86.090885 130.434530 23.531130 1
90.275541 128.107300 28.712179 1
98.673230 123.437058 39.109413 1
98.673230 123.437058 39.109413 1
107.143479 146.341101 14.725749 1
116.881699 154.068963 15.461872 1
118.327759 148.142010 16.979967 1
122.539633 130.878864 21.401649 1
118.791300 128.048220 26.665482 1
111.269206 122.367729 37.228859 1
111.269206 122.367729 37.228859 1
96.593782 111.861182 12.069073 1
95.904991 109.449698 28.479037 1
95.052026 106.463441 48.800287 1
96.086131 86.032050 51.418445 1
96.946852 69.026298 53.597630 1
95.105996 64.878527 67.211427 1
94.929258 65.166406 74.198984 1
107.907215 111.635357 11.455293 1
110.257348 109.860334 27.792554 1
113.167601 107.662260 48.023552 1
114.516950 87.045551 50.553166 1
115.617409 70.231648 52.616185 1
120.027727 65.897238 65.565711 1
121.313869 65.994073 72.441565 1
102.310200 112.799500 12.499420 1
102.401475 119.201878 12.540620 1
102.560793 128.368895 12.164568 1
102.828150 137.146627 12.595701 1
103.664519 159.205880 17.435128 1
104.158646 165.790849 19.140392 1
104.077719 183.173695 19.168404 1
99.529497 146.757576 13.532390 1
89.628533 153.894977 16.006874 1
88.727856 147.958889 17.871344 1
86.104502 130.669163 23.301885 1
90.224129 128.301106 28.516443 1
98.491316 123.548935 38.980920 1
98.491316 123.548935 38.980920 1
106.920230 146.413686 13.822625 1
116.988307 153.730943 14.254147 1
118.333362 147.821855 15.926866 1
122.251044 130.610746 20.798915 1
118.631987 127.778580 26.151648 1
111.369323 122.095034 36.893427 1
111.369323 122.095034 36.893427 1
96.596207 111.796936 11.961084 1
95.927508 109.467765 28.383763 1
95.099427 106.583439 48.720759 1
96.137263 86.164838 51.435445 1
97.001090 69.169732 53.694972 1
95.128270 65.068123 67.318393 1
94.934083 65.380019 74.304456 1
107.913761 111.639170 11.404709 1
110.225957 109.906651 27.751942 1
113.089231 107.761211 47.995290 1
114.523435 87.161324 50.613705 1
115.693096 70.361140 52.749146 1
120.066358 66.119236 65.741800 1
121.322055 66.260353 72.622514 1
102.261900 112.829300 12.539910 1
102.340043 119.231910 12.509076 1
102.475337 128.392194 11.987655 1
102.704096 137.179069 12.198480 1
103.391576 159.396746 16.276768 1
104.065135 166.020073 17.757227 1
103.989922 183.398924 17.382385 1
99.352626 146.800514 12.767936 1
89.417539 153.949703 15.065280 1
88.583962 148.069749 17.128265 1
86.156048 130.943523 23.137008 1
90.224033 128.543831 28.377581 1
98.387587 123.728174 38.894264 1
98.387587 123.728174 38.894264 1
106.741536 146.502973 13.143328 1
116.974297 153.600905 13.075515 1
118.240131 147.730733 14.936493 1
121.927069 130.632976 20.356875 1
118.411773 127.854554 25.806054 1
111.357335 122.278861 36.741381 1
111.357335 122.278861 36.741381 1
96.552885 111.808845 11.982706 1
95.891252 109.472358 28.404632 1
95.071919 106.578973 48.740696 1
96.132913 86.159759 51.441781 1
97.016014 69.164142 53.689987 1
95.130792 65.047390 67.307128 1
94.927195 65.352483 74.293224 1
107.873534 111.668296 11.488107 1
110.204495 109.916839 27.830657 1
113.091007 107.747948 48.068204 1
114.568095 87.145136 50.639339 1
115.772731 70.342566 52.736220 1
120.169344 66.082155 65.714930 1
121.433271 66.211622 72.594366 1
102.226900 112.906200 12.738570 1
102.295396 119.307833 12.616622 1
102.414361 128.458076 11.938469 1
102.614631 137.248170 11.948117 1
103.191562 159.576971 15.386430 1
103.971169 166.239262 16.619310 1
103.914675 183.607156 15.895618 1
99.222645 146.868450 12.219218 1
89.186531 153.953657 14.261493 1
88.407226 148.127680 16.492025 1
86.137385 131.158667 22.988778 1
90.155272 128.690893 28.236378 1
98.218290 123.738612 38.767164 1
98.218290 123.738612 38.767164 1
106.610234 146.611689 12.647053 1
116.993487 153.472844 12.191817 1
118.200115 147.645486 14.219237 1
121.714607 130.672428 20.124405 1
118.320152 127.915463 25.660406 1
111.508215 122.382828 36.769964 1
111.508215 122.382828 36.769964 1
96.522215 111.868764 12.168528 1
95.846168 109.436687 28.575983 1
95.008987 106.424928 48.894125 1
96.072529 85.989788 51.470901 1
96.957751 68.980915 53.615641 1
95.034083 64.764497 67.196862 1
94.809569 65.018753 74.184352 1
107.845325 111.739266 11.730492 1
110.181727 109.867865 28.058964 1
113.074977 107.550442 48.279078 1
114.571990 86.927465 50.670761 1
115.792875 70.108450 52.621292 1
120.206804 65.750443 65.561664 1
121.478010 65.827247 72.440549 1
102.205100 112.985900 13.021150 1
102.268032 119.385605 12.820426 1
102.376716 128.524655 12.003757 1
102.562400 137.313361 11.830238 1
103.093418 159.726725 14.674417 1
103.892363 166.418432 15.721627 1
103.833719 183.770612 14.687685 1
99.152404 146.931087 11.840671 1
88.961338 153.854148 13.659471 1
88.228391 148.086312 16.051011 1
86.093577 131.286644 23.016721 1
90.052942 128.734416 28.268405 1
97.998520 123.612652 38.807387 1
97.998520 123.612652 38.807387 1
106.539820 146.699608 12.285566 1
117.066213 153.322555 11.632663 1
118.226314 147.541658 13.814378 1
121.605289 130.703925 20.168953 1
118.302710 127.912599 25.743176 1
111.675150 122.311011 36.929438 1
111.675150 122.311011 36.929438 1
96.502790 111.936116 12.449951 1
95.789083 109.396315 28.839479 1
94.905265 106.251157 49.135422 1
95.974974 85.795328 51.539729 1
96.865330 68.769237 53.540918 1
94.897752 64.425105 67.075518 1
94.648000 64.614356 74.064214 1
107.827060 111.811941 12.041330 1
110.169336 109.806679 28.353061 1
113.069859 107.323492 48.552445 1
114.540044 86.674496 50.726363 1
115.739049 69.834262 52.499294 1
120.162769 65.338294 65.389027 1
121.443050 65.343346 72.266655 1
102.222000 113.026800 13.276650 1
102.287245 119.424907 13.030804 1
102.396654 128.554796 12.117490 1
102.580389 137.339109 11.788796 1
103.114115 159.815912 14.077615 1
103.854482 166.533871 14.991280 1
103.808148 183.866710 13.671734 1
99.166946 146.953247 11.575264 1
88.806623 153.685724 13.134788 1
88.102240 147.980429 15.679989 1
86.050620 131.362919 23.093262 1
89.933157 128.734275 28.364577 1
97.724557 123.459162 38.942954 1
97.724557 123.459162 38.942954 1
106.556096 146.734805 11.997363 1
117.184598 153.189577 11.315082 1
118.309230 147.452372 13.626827 1
121.584896 130.741899 20.360136 1
118.355644 127.906695 25.955138 1
111.875235 122.217054 37.183097 1
111.875235 122.217054 37.183097 1
96.519067 111.975166 12.715153 1
95.756198 109.353836 29.089623 1
94.811501 106.107717 49.366919 1
95.907397 85.634592 51.606564 1
96.819548 68.594103 53.470699 1
94.825124 64.141263 66.965984 1
94.556845 64.275757 73.955262 1
107.843124 111.843847 12.302870 1
110.189190 109.715434 28.598444 1
113.094407 107.079746 48.777820 1
114.505907 86.404148 50.726080 1
115.657052 69.542219 52.314978 1
120.089359 64.879498 65.142367 1
121.382396 64.799038 72.017139 1
102.300000 113.027000 13.480100 1
102.362764 119.424666 13.222417 1
102.465545 128.548932 12.253808 1
102.645682 137.327622 11.797624 1
103.205395 159.850391 13.570136 1
103.794382 166.594771 14.394961 1
103.811115 183.911174 12.874252 1
99.230885 146.935521 11.402313 1
88.672442 153.416792 12.670008 1
87.977198 147.779160 15.364141 1
85.952200 131.358733 23.211200 1
89.773428 128.673151 28.498589 1
97.441796 123.283775 39.109224 1
97.441796 123.283775 39.109224 1
106.624088 146.724372 11.750731 1
117.339815 153.037330 11.106978 1
118.442337 147.338995 13.523153 1
121.653606 130.741734 20.560629 1
118.507165 127.870883 26.184560 1
112.192938 122.109703 37.470576 1
112.192938 122.109703 37.470576 1
96.595397 111.972943 12.940543 1
95.754814 109.293504 29.301797 1
94.713881 105.975425 49.562727 1
95.871647 85.490255 51.656356 1
96.835295 68.439741 53.398956 1
94.813911 63.893085 66.858902 1
94.522457 63.981791 73.847983 1
107.917969 111.843666 12.488734 1
110.248012 109.609444 28.772439 1
113.133388 106.842727 48.937118 1
114.483281 86.145765 50.692657 1
115.584182 69.266411 52.124382 1
120.005393 64.449663 64.898577 1
121.300799 64.290211 71.771525 1
102.373100 113.001200 13.663610 1
102.430363 119.399195 13.412919 1
102.521086 128.520158 12.412518 1
102.692930 137.292508 11.844806 1
103.275971 159.848114 13.123442 1
103.718187 166.601219 13.968377 1
103.731378 183.899349 12.252219 1
99.270594 146.890185 11.296124 1
88.509105 153.078085 12.293562 1
87.817133 147.497646 15.105054 1
85.801662 131.243802 23.293937 1
89.571385 128.506684 28.591861 1
97.136391 123.013889 39.223639 1
97.136391 123.013889 39.223639 1
106.668367 146.685486 11.533815 1
117.458861 152.870305 10.895168 1
118.559323 147.222138 13.427295 1
121.764592 130.770999 20.802501 1
118.680708 127.827588 26.423575 1
112.492020 121.920797 37.703858 1
112.492020 121.920797 37.703858 1
96.666545 111.943979 13.151587 1
95.741430 109.205778 29.498545 1
94.595816 105.814932 49.741771 1
95.807873 85.318866 51.693197 1
96.816709 68.259282 53.317436 1
94.766706 63.623024 66.742444 1
94.452164 63.667672 73.730944 1
107.986780 111.822718 12.642612 1
110.331120 109.510461 28.913366 1
113.234201 106.647112 49.062007 1
114.480982 85.932374 50.678665 1
115.497792 69.038525 51.997124 1
119.904146 64.094810 64.727873 1
121.204999 63.872901 71.598059 1
102.461200 112.958000 13.821050 1
102.528107 119.357146 13.604441 1
102.623886 128.477954 12.603098 1
102.797835 137.243434 11.938226 1
103.426981 159.820538 12.718451 1
103.626481 166.581804 13.589877 1
103.714910 183.873832 11.815446 1
99.372493 146.831522 11.256728 1
88.439827 152.743563 12.043648 1
87.741271 147.198185 14.922087 1
85.706624 131.046459 23.305960 1
89.427209 128.279870 28.623277 1
96.893608 122.727934 39.293970 1
96.893608 122.727934 39.293970 1
106.773491 146.622404 11.339974 1
117.654239 152.658422 10.819923 1
118.731188 147.057321 13.464224 1
121.867972 130.743270 21.166153 1
118.842079 127.676143 26.752492 1
112.769767 121.521079 37.963069 1
112.769767 121.521079 37.963069 1
96.749469 111.913458 13.341763 1
95.724068 109.123892 29.674046 1
94.454266 105.669437 49.899100 1
95.736163 85.166169 51.726282 1
96.803131 68.100591 53.247109 1
94.738072 63.390780 66.644178 1
94.405400 63.400228 73.631975 1
108.065794 111.775310 12.755957 1
110.439178 109.417297 29.015931 1
113.378223 106.497286 49.151221 1
114.527145 85.769077 50.664407 1
115.464145 68.864241 51.898481 1
119.875879 63.816541 64.586490 1
121.192697 63.544159 71.451816 1
102.526500 112.908600 13.915520 1
102.602103 119.309473 13.761964 1
102.701990 128.434080 12.796268 1
102.877225 137.193862 12.060430 1
103.548869 159.780884 12.385264 1
103.518786 166.532948 13.345803 1
103.578341 183.814471 11.470685 1
99.448298 146.772145 11.268093 1
88.342106 152.374392 11.869724 1
87.645126 146.843174 14.775658 1
85.615071 130.732691 23.239616 1
89.290335 127.978769 28.594891 1
96.665784 122.452251 39.341759 1
96.665784 122.452251 39.341759 1
106.849077 146.553188 11.190806 1
117.823651 152.431117 10.869369 1
118.881740 146.865232 13.594411 1
121.963594 130.653755 21.531510 1
118.979387 127.486196 27.084128 1
112.990729 121.129591 38.227034 1
112.990729 121.129591 38.227034 1
96.809592 111.877683 13.469614 1
95.704158 109.062693 29.792311 1
94.335245 105.576754 50.005494 1
95.648076 85.067584 51.742240 1
96.740791 67.997093 53.187794 1
94.662638 63.232453 66.563433 1
94.318098 63.214796 73.550639 1
108.120875 111.727918 12.795870 1
110.543440 109.341763 29.044481 1
113.543387 106.386902 49.165700 1
114.598782 85.649704 50.622802 1
115.459507 68.737537 51.811136 1
119.883025 63.618276 64.466328 1
121.218644 63.312511 71.326615 1
102.585600 112.836800 14.001730 1
102.682684 119.238722 13.921476 1
102.804029 128.368508 13.008633 1
102.995331 137.123646 12.223198 1
103.743461 159.710509 12.158900 1
103.498441 166.439938 13.239942 1
103.439181 183.702246 11.195470 1
99.577068 146.699395 11.357558 1
88.319151 152.010162 11.744502 1
87.623567 146.475818 14.644813 1
85.597574 130.356230 23.092394 1
89.231088 127.641865 28.496136 1
96.522754 122.194730 39.340265 1
96.522754 122.194730 39.340265 1
106.972995 146.453697 11.101961 1
118.006043 152.229109 10.996550 1
119.074430 146.690236 13.772142 1
122.186275 130.557432 21.856474 1
119.235122 127.340363 27.398283 1
113.312796 120.884399 38.519497 1
113.312796 120.884399 38.519497 1
96.861686 111.830874 13.589939 1
95.700297 109.011130 29.907930 1
94.262093 105.519306 50.115285 1
95.573077 85.005409 51.796723 1
96.664254 67.930985 53.196243 1
94.587653 63.135946 66.561256 1
94.243256 63.102604 73.548412 1
108.166613 111.649830 12.823573 1
110.660810 109.255709 29.060170 1
113.749462 106.290985 49.166512 1
114.725556 85.549878 50.623264 1
115.521607 68.634523 51.811312 1
119.979241 63.482244 64.441108 1
121.344338 63.163265 71.294989 1
102.615100 112.767600 14.025590 1
102.740607 119.169528 14.031971 1
102.891336 128.305800 13.191252 1
103.104913 137.057584 12.374793 1
103.940854 159.637804 11.968489 1
103.364473 166.333647 13.129249 1
103.304372 183.580731 10.960110 1
99.703322 146.634861 11.461681 1
88.311968 151.665602 11.614495 1
87.623511 146.123113 14.500919 1
85.618280 129.979801 22.908053 1
89.218445 127.308570 28.355434 1
96.443185 121.947995 39.287139 1
96.443185 121.947995 39.287139 1
107.089038 146.353440 11.017349 1
118.175306 152.024321 11.191745 1
119.265718 146.507152 14.001785 1
122.441715 130.437564 22.186452 1
119.525580 127.218234 27.745459 1
113.673530 120.757732 38.901185 1
113.673530 120.757732 38.901185 1
96.883504 111.792777 13.647194 1
95.686742 108.998520 29.967013 1
94.204735 105.538257 50.176632 1
95.497511 85.019740 51.815246 1
96.573534 67.941470 53.179121 1
94.511615 63.131901 66.541186 1
94.176599 63.090450 73.528755 1
108.180859 111.572157 12.785470 1
110.763921 109.195273 29.010702 1
113.962617 106.251893 49.102969 1
114.853784 85.507857 50.572385 1
115.580572 68.590113 51.770762 1
120.085594 63.406845 64.371030 1
121.488040 63.075955 71.216800 1
102.660300 112.678700 14.058280 1
102.813001 119.079241 14.159374 1
102.994508 128.222544 13.405671 1
103.237130 136.972577 12.578624 1
104.188544 159.541636 11.898469 1
103.316341 166.183613 13.178041 1
103.193282 183.411021 10.860304 1
99.866751 146.559014 11.646097 1
88.370698 151.347916 11.603427 1
87.671377 145.788609 14.454685 1
85.634504 129.596316 22.759391 1
89.212685 126.967176 28.241624 1
96.393308 121.691070 39.243267 1
96.393308 121.691070 39.243267 1
107.236894 146.229315 11.015444 1
118.348574 151.829380 11.529730 1
119.458334 146.324873 14.356974 1
122.690683 130.292165 22.591752 1
119.809505 127.057225 28.159916 1
114.027603 120.565398 39.334021 1
114.027603 120.565398 39.334021 1
96.921302 111.733162 13.719885 1
95.688895 108.971543 30.042606 1
94.162746 105.551698 50.255820 1
95.434271 85.028201 51.848043 1
96.492605 67.945786 53.173306 1
94.447155 63.123318 66.533253 1
94.123194 63.074386 73.521294 1
108.208968 111.479226 12.747479 1
110.862114 109.128483 28.965208 1
114.147598 106.217475 49.048186 1
114.974622 85.473444 50.554706 1
115.649099 68.555704 51.783344 1
120.195102 63.356725 64.362403 1
121.629152 63.021201 71.201396 1
102.698500 112.599000 14.098000 1
102.883310 118.996329 14.299247 1
103.103525 128.146283 13.642873 1
103.382837 136.895581 12.819634 1
104.464175 159.450867 11.914102 1
103.348150 166.030015 13.322368 1
103.102911 183.235313 10.854935 1
100.053293 146.495823 11.882438 1
88.486754 151.106521 11.656015 1
87.774818 145.531110 14.472493 1
85.701200 129.291910 22.675899 1
89.246740 126.687677 28.191128 1
96.361861 121.461553 39.258986 1
96.361861 121.461553 39.258986 1
107.403777 146.111115 11.077560 1
118.514715 151.665739 11.965167 1
119.639596 146.164104 14.792027 1
122.915987 130.139762 23.025684 1
120.057810 126.891935 28.598200 1
114.322067 120.374246 39.781034 1
114.322067 120.374246 39.781034 1
96.952087 111.686097 13.797991 1
95.689082 108.945507 30.121917 1
94.125043 105.551702 50.336623 1
95.396204 85.023468 51.866868 1
96.454235 67.937111 53.140545 1
94.441105 63.093557 66.497773 1
94.133607 63.033728 73.486473 1
108.228940 111.394336 12.716815 1
110.926936 109.065266 28.930272 1
114.267959 106.181095 49.007958 1
115.043774 85.436661 50.536011 1
115.676488 68.518592 51.782210 1
120.252532 63.293802 64.339663 1
121.710520 62.947404 71.173051 1
102.777700 112.504600 14.126970 1
102.992233 118.898409 14.398354 1
103.250345 128.051886 13.808240 1
103.565333 136.799672 12.981819 1
104.768469 159.340589 11.891072 1
103.357832 165.846016 13.375466 1
103.127338 183.043441 10.852350 1
100.276087 146.414548 12.052376 1
88.648104 150.856374 11.658892 1
87.918088 145.271280 14.451455 1
85.791809 129.003876 22.585204 1
89.327674 126.416239 28.114437 1
96.423380 121.223420 39.210400 1
96.423380 121.223420 39.210400 1
107.603676 145.976517 11.082837 1
118.705484 151.480613 12.327602 1
119.830372 145.980158 15.156755 1
123.106786 129.959255 23.397091 1
120.277515 126.694290 28.974341 1
114.599781 120.142211 40.166678 1
114.599781 120.142211 40.166678 1
97.025440 111.620208 13.854916 1
95.732776 108.865472 30.174139 1
94.132008 105.454149 50.383021 1
95.426506 84.924139 51.869239 1
96.503962 67.836303 53.106271 1
94.525587 62.997838 66.470533 1
94.233239 62.941581 73.459914 1
108.293524 111.291327 12.695777 1
111.023771 108.947850 28.901757 1
114.404733 106.045838 48.970185 1
115.131725 85.301159 50.518779 1
115.724622 68.382890 51.781729 1
120.324212 63.130618 64.319099 1
121.801974 62.772123 71.147613 1
102.808100 112.481500 14.125990 1
103.055219 118.870157 14.478789 1
103.354147 128.027299 13.970471 1
103.707023 136.774584 13.154121 1
105.031139 159.300689 11.908519 1
103.398810 165.727324 13.504691 1
103.140038 182.914907 10.918060 1
100.460856 146.405119 12.235411 1
88.793136 150.728287 11.716594 1
88.043998 145.132378 14.482315 1
85.862025 128.833476 22.537881 1
89.384957 126.246497 28.075671 1
96.454709 121.054999 39.188806 1
96.454709 121.054999 39.188806 1
107.764428 145.914174 11.120851 1
118.840818 151.386270 12.690695 1
119.955828 145.886588 15.525255 1
123.203472 129.867934 23.781339 1
120.394447 126.589698 29.361037 1
114.757344 120.010985 40.558287 1
114.757344 120.010985 40.558287 1
97.049733 111.627558 13.887992 1
95.716074 108.860258 30.201790 1
94.064540 105.433377 50.403953 1
95.393107 84.902143 51.842431 1
96.498918 67.813288 53.039726 1
94.558847 62.975226 66.409749 1
94.282052 62.920518 73.399774 1
108.306671 111.261293 12.635531 1
111.038576 108.915406 28.840883 1
114.421590 106.010410 48.908533 1
115.122664 85.266758 50.482634 1
115.694423 68.349327 51.766387 1
120.309386 63.077643 64.289953 1
121.799281 62.710113 71.115350 1
102.875800 112.439000 14.144620 1
103.085798 118.828856 14.499733 1
103.347232 127.986688 13.983239 1
103.697401 136.731103 13.135571 1
105.121064 159.242423 11.741345 1
103.309860 165.586680 13.468728 1
103.026350 182.770649 10.860766 1
100.487547 146.374245 12.221524 1
88.788824 150.600545 11.610850 1
88.034433 144.992772 14.350993 1
85.837158 128.659312 22.332061 1
89.334770 126.076159 27.887658 1
96.353710 120.892337 39.036527 1
96.353710 120.892337 39.036527 1
107.767227 145.836930 10.979353 1
118.812423 151.274852 12.857459 1
119.912846 145.775672 15.698687 1
123.118001 129.758482 23.974193 1
120.323232 126.469241 29.554573 1
114.714737 119.868445 40.753193 1
114.714737 119.868445 40.753193 1
97.122181 111.551178 13.915929 1
95.711264 108.801171 30.226152 1
93.964057 105.395703 50.423888 1
95.332542 84.866833 51.858672 1
96.471580 67.779946 53.052894 1
94.451528 62.930612 66.406979 1
94.128266 62.871385 73.394973 1
108.378963 111.251896 12.644407 1
111.087984 108.881683 28.850061 1
114.442661 105.946563 48.918085 1
115.102755 85.198765 50.454815 1
115.641092 68.277953 51.708090 1
120.211107 62.975340 64.235082 1
121.679978 62.592372 71.064185 1
102.912000 112.389200 14.164070 1
103.148934 118.774601 14.577578 1
103.444923 127.934524 14.120196 1
103.825396 136.678353 13.279580 1
105.338541 159.176473 11.771203 1
103.379193 165.451670 13.586900 1
103.096943 182.642818 11.026543 1
100.649391 146.333770 12.376941 1
88.928733 150.486606 11.687912 1
88.162746 144.874909 14.416781 1
85.931699 128.530018 22.365011 1
89.385782 125.917680 27.934178 1
96.317369 120.675288 39.110279 1
96.317369 120.675288 39.110279 1
107.905784 145.754907 11.022274 1
118.923907 151.152300 13.158569 1
120.010938 145.651451 16.001720 1
123.177087 129.629401 24.282829 1
120.393832 126.334632 29.865703 1
114.808443 119.722743 41.069325 1
114.808443 119.722743 41.069325 1
97.153638 111.525403 13.964630 1
95.726626 108.760251 30.270892 1
93.959489 105.336030 50.463723 1
95.335173 84.804480 51.852532 1
96.480203 67.715361 53.008487 1
94.491969 62.854479 66.363149 1
94.184628 62.789425 73.351809 1
108.400694 111.195349 12.616939 1
111.105120 108.817730 28.822275 1
114.454107 105.873441 48.889906 1
115.088631 85.125536 50.435933 1
115.606116 68.204636 51.696790 1
120.184509 62.884404 64.213246 1
121.661364 62.493217 71.040162 1
102.930800 112.367700 14.181600 1
103.182235 118.749755 14.636163 1
103.497510 127.910898 14.217769 1
103.897209 136.653845 13.376898 1
105.472177 159.140741 11.767804 1
103.420591 165.365087 13.655241 1
103.147610 182.565862 11.159354 1
100.745399 146.316716 12.469236 1
89.004930 150.405542 11.736068 1
88.233347 144.787843 14.450976 1
85.985999 128.425473 22.358544 1
89.416151 125.841289 27.955568 1
96.299713 120.655400 39.187573 1
96.299713 120.655400 39.187573 1
107.985865 145.707643 11.044414 1
118.985209 151.079383 13.336460 1
120.068589 145.575809 16.175729 1
123.224103 129.545821 24.445529 1
120.430396 126.220261 30.004875 1
114.824029 119.546580 41.161283 1
114.824029 119.546580 41.161283 1
97.170021 111.516875 13.996722 1
95.732211 108.757443 30.303004 1
93.951701 105.340306 50.495860 1
95.327354 84.806824 51.855848 1
96.472358 67.716098 52.987814 1
94.494412 62.849256 66.341832 1
94.192691 62.781013 73.330707 1
108.411595 111.172944 12.607401 1
111.115120 108.799942 28.813564 1
114.462992 105.861370 48.882219 1
115.087677 85.113890 50.437925 1
115.597138 68.193337 51.706676 1
120.181237 62.866339 64.218166 1
121.662800 62.472110 71.043887 1
102.942600 112.352400 14.190810 1
103.202609 118.732515 14.667255 1
103.528457 127.894221 14.269810 1
103.937427 136.636677 13.428299 1
105.541139 159.117382 11.762085 1
103.438782 165.305528 13.711660 1
103.169359 182.515849 11.282069 1
100.796617 146.303223 12.521627 1
89.052323 150.380933 11.787813 1
88.281453 144.748840 14.472938 1
86.036183 128.344545 22.293759 1
89.456448 125.780628 27.906134 1
96.320168 120.635407 39.168942 1
96.320168 120.635407 39.168942 1
108.026334 145.678388 11.049823 1
119.017783 151.024259 13.438202 1
120.096652 145.519799 16.277470 1
123.239027 129.487231 24.547271 1
120.469308 126.184691 30.132284 1
114.911082 119.557207 41.340200 1
114.911082 119.557207 41.340200 1
97.180392 111.508908 14.017211 1
95.729308 108.747941 30.322058 1
93.932361 105.328903 50.513136 1
95.314754 84.794690 51.855127 1
96.465367 67.703355 52.972114 1
94.493286 62.825779 66.323084 1
94.193885 62.752140 73.312003 1
108.418084 111.156858 12.598827 1
111.124748 108.788633 28.805165 1
114.476506 105.855975 48.874037 1
115.089814 85.108556 50.435076 1
115.589995 68.188053 51.708176 1
120.176759 62.856690 64.216828 1
121.661458 62.460760 71.041769 1
