80 35
105.193400 145.291500 38.705270 1
105.442475 153.098885 38.887257 1
105.673598 163.218338 38.348863 1
105.799251 172.927804 38.140700 1
105.964382 197.798238 40.298641 1
106.665130 204.668828 43.309073 1
107.277051 223.805643 41.849063 1
101.733715 183.441361 38.171916 1
88.161663 185.660951 37.814318 1
87.021024 178.827343 37.333987 1
83.698746 158.923449 35.934952 1
82.961095 151.500988 38.192310 1
81.480785 136.605721 42.722337 1
81.480785 136.605721 42.722337 1
109.904055 183.420271 37.789766 1
122.087465 189.728379 36.776179 1
123.051128 182.896358 35.985732 1
125.857939 162.997084 33.683438 1
126.737491 155.402830 35.195579 1
128.502560 140.162830 38.230112 1
128.502560 140.162830 38.230112 1
98.203776 144.203167 37.994626 1
97.983464 125.918129 39.367139 1
97.710641 103.274968 41.066782 1
97.479984 80.672394 38.216094 1
97.288000 61.859502 35.843370 1
96.491361 55.045781 50.134082 1
97.042169 54.160904 57.791312 1
112.011790 143.777018 37.378533 1
112.261488 125.512162 38.994478 1
112.570699 102.894215 40.995551 1
111.317000 80.304529 36.893019 1
110.294551 61.881577 33.547211 1
111.694770 55.067915 47.791483 1
111.491871 54.184529 55.466044 1
105.091200 145.269600 38.545570 1
105.355961 153.075853 38.752292 1
105.591645 163.197871 38.266677 1
105.725475 172.908720 38.146939 1
105.952254 197.748733 40.625814 1
106.724084 204.567430 43.735220 1
107.583267 223.734672 42.959080 1
101.671931 183.424309 38.382800 1
88.129657 185.842431 38.262114 1
86.995415 179.012031 37.724428 1
83.691767 159.117481 36.158337 1
83.165532 151.691995 38.464405 1
82.109487 136.790656 43.092182 1
82.109487 136.790656 43.092182 1
109.834765 183.401501 37.864571 1
122.055466 189.624158 36.774587 1
123.022448 182.794335 35.969335 1
125.838927 162.901464 33.623917 1
126.793317 155.297064 35.036398 1
128.708569 140.036702 37.870936 1
128.708569 140.036702 37.870936 1
98.087033 144.194285 37.971395 1
97.953977 125.906898 39.323677 1
97.789207 103.260826 40.998266 1
97.551693 80.664417 38.099667 1
97.354002 61.856657 35.687064 1
96.891848 55.042978 49.992520 1
97.621683 54.158097 57.634764 1
111.879206 143.750205 37.076305 1
112.175515 125.503670 38.880386 1
112.542446 102.908409 41.114435 1
111.325716 80.310238 37.047658 1
110.333415 61.880365 33.731010 1
111.988110 55.066693 47.947963 1
111.922133 54.183186 55.624909 1
104.871600 145.204200 38.106470 1
105.178020 153.006440 38.392099 1
105.450010 163.132368 38.020334 1
105.616635 172.843444 38.029370 1
105.947236 197.641784 40.885159 1
106.787906 204.375391 44.157857 1
107.891225 223.545798 44.113570 1
101.596360 183.364721 38.481666 1
88.092145 185.987725 38.586862 1
86.936811 179.160731 38.050832 1
83.571729 159.276101 36.489565 1
83.507976 151.875515 38.930873 1
83.380032 137.024146 43.830047 1
83.380032 137.024146 43.830047 1
109.751281 183.328556 37.851653 1
122.032974 189.422966 36.723279 1
122.997743 182.593083 35.915883 1
125.807775 162.700038 33.564222 1
126.819023 155.091271 34.912154 1
128.848378 139.822148 37.617157 1
128.848378 139.822148 37.617157 1
97.853487 144.168116 37.640697 1
97.846931 125.886023 39.068965 1
97.838813 103.246508 40.837653 1
97.617808 80.652395 37.919916 1
97.433859 61.846545 35.491384 1
97.328820 55.032836 49.803904 1
98.249058 54.147965 57.425566 1
111.626057 143.668791 36.505169 1
112.025467 125.458348 38.626208 1
112.520070 102.907782 41.252757 1
111.368000 80.305892 37.187818 1
110.428432 61.872986 33.872669 1
112.340764 55.059303 48.057260 1
112.414066 54.175791 55.734138 1
104.669900 145.133000 37.717070 1
104.999310 152.931864 38.062957 1
105.288139 163.060891 37.806066 1
105.477074 172.769773 37.992514 1
105.904775 197.487158 41.469647 1
106.982434 204.111215 44.892987 1
108.147789 223.270436 45.431483 1
101.488043 183.284251 38.765694 1
88.063717 186.270698 39.117340 1
86.895760 179.444029 38.605060 1
83.493914 159.560343 37.112971 1
83.942179 152.216509 39.681995 1
84.841744 137.479029 44.837468 1
84.841744 137.479029 44.837468 1
109.633508 183.247728 38.023400 1
121.986238 189.203291 36.929601 1
122.931177 182.373485 36.098454 1
125.683451 162.480663 33.677616 1
126.677749 154.883155 35.099632 1
128.673088 139.636627 37.953305 1
128.673088 139.636627 37.953305 1
97.642480 144.116225 37.362293 1
97.749328 125.850987 38.988506 1
97.881643 103.232343 41.002316 1
97.666640 80.653255 37.970071 1
97.487687 61.859911 35.446230 1
97.689753 55.046254 49.757734 1
98.773363 54.161391 57.357890 1
111.392521 143.596397 35.988040 1
111.902959 125.428806 38.428668 1
112.535052 102.931305 41.450971 1
111.410714 80.324356 37.406449 1
110.493763 61.887325 34.107950 1
112.659229 55.073664 48.256119 1
112.869820 54.190211 55.930465 1
104.418600 145.010500 37.018270 1
104.752562 152.802883 37.484804 1
105.042650 162.934928 37.420520 1
105.242519 172.635520 37.858013 1
105.736860 197.224967 42.140215 1
107.115781 203.729952 45.681753 1
108.394512 222.864755 46.655369 1
101.276139 183.123990 39.008785 1
88.003337 186.693728 39.595940 1
86.896346 179.850983 39.170058 1
83.672072 159.920473 37.929616 1
84.498623 152.654809 40.623991 1
86.157324 138.074198 46.031017 1
86.157324 138.074198 46.031017 1
109.415115 183.101578 38.197912 1
121.884989 188.827406 37.211921 1
122.812031 182.001360 36.331207 1
125.512178 162.119489 33.765998 1
126.451197 154.537736 35.304871 1
128.335604 139.322822 38.393051 1
128.335604 139.322822 38.393051 1
97.387602 143.998969 36.724657 1
97.624886 125.769927 38.704717 1
97.918726 103.196107 41.156712 1
97.706187 80.633460 38.004291 1
97.529284 61.853801 35.380422 1
97.956454 55.040126 49.686969 1
99.159533 54.155236 57.269128 1
111.121643 143.502176 35.191113 1
111.757532 125.389685 37.986085 1
112.544975 102.960415 41.447185 1
111.418741 80.333477 37.516569 1
110.500244 61.880145 34.310967 1
112.841300 55.066448 48.431126 1
113.147086 54.182932 56.102262 1
104.128600 144.820500 36.097970 1
104.461207 152.600874 36.734817 1
104.748422 162.731278 36.932360 1
104.959493 172.411474 37.695326 1
105.532427 196.801649 42.988110 1
107.267768 203.172639 46.615483 1
108.713946 222.264132 48.080835 1
101.021060 182.848658 39.313466 1
87.982427 187.139890 40.226942 1
86.986552 180.272499 39.949174 1
84.085919 160.270209 39.140132 1
85.032484 153.027520 41.856782 1
86.932027 138.493015 47.308511 1
86.932027 138.493015 47.308511 1
109.152813 182.848744 38.432821 1
121.736944 188.344383 37.600571 1
122.660006 181.523953 36.673393 1
125.348560 161.658440 33.972852 1
126.157119 154.086389 35.629099 1
127.779721 138.890947 38.952825 1
127.779721 138.890947 38.952825 1
97.095916 143.809180 35.847148 1
97.504707 125.647374 38.348473 1
98.010932 103.156816 41.445973 1
97.774719 80.618687 38.124388 1
97.578112 61.859436 35.359719 1
98.221379 55.045724 49.658161 1
99.538861 54.160818 57.221278 1
110.815464 143.359501 34.175561 1
111.610806 125.328444 37.420094 1
112.595705 103.000017 41.437899 1
111.421554 80.352828 37.640179 1
110.463978 61.882980 34.542960 1
112.980334 55.069310 48.632948 1
113.381385 54.185793 56.299693 1
103.814400 144.535300 35.156270 1
104.150756 152.303151 35.929432 1
104.438638 162.425797 36.371880 1
104.670982 172.070586 37.493003 1
105.361847 196.163672 43.994420 1
107.460405 202.387969 47.683990 1
109.151592 221.403690 49.749420 1
100.777174 182.422814 39.668793 1
88.028971 187.415247 41.015639 1
87.163002 180.525795 40.891084 1
84.640738 160.459245 40.528297 1
85.530474 153.214341 43.258216 1
87.315973 138.675392 48.736572 1
87.315973 138.675392 48.736572 1
108.900317 182.447987 38.712314 1
121.585139 187.729331 38.035734 1
122.503286 180.914926 37.060613 1
125.177528 161.066964 34.220426 1
125.785621 153.509520 36.022686 1
127.005932 138.343390 39.639425 1
127.005932 138.343390 39.639425 1
96.779413 143.520582 35.002532 1
97.378762 125.436152 37.980632 1
98.120961 103.041411 41.668543 1
97.846616 80.539626 38.111807 1
97.618269 61.810624 35.151415 1
98.547273 54.996876 49.434121 1
100.015616 54.111981 56.969404 1
110.470015 143.117329 33.097998 1
111.420929 125.188052 36.828325 1
112.598479 102.985662 41.447706 1
111.455131 80.318596 37.760790 1
110.522677 61.832537 34.753938 1
113.240076 55.018842 48.806524 1
113.750699 54.135339 56.466754 1
103.412200 144.295800 34.011470 1
103.785355 152.039672 34.982873 1
104.115106 162.141571 35.750670 1
104.398026 171.724781 37.304660 1
105.250037 195.397048 45.186307 1
107.703280 201.447506 48.945603 1
109.717904 220.347293 51.677473 1
100.568780 181.949244 40.108530 1
88.191642 187.645295 42.010240 1
87.430774 180.742396 41.978031 1
85.214633 160.636682 41.884218 1
86.019200 153.382163 44.615033 1
87.633783 138.823918 50.095186 1
87.633783 138.823918 50.095186 1
108.684192 181.996503 39.089308 1
121.416212 187.182950 38.587846 1
122.299463 180.379701 37.508196 1
124.872061 160.564231 34.363559 1
125.248094 153.033143 36.331853 1
126.002713 137.919903 40.281787 1
126.002713 137.919903 40.281787 1
96.372403 143.306212 33.932076 1
97.163503 125.318972 37.411771 1
98.143157 103.044586 41.720828 1
97.879593 80.563268 38.036148 1
97.660220 61.851302 34.969263 1
98.852942 55.037599 49.232389 1
100.460271 54.152721 56.739256 1
110.033053 142.912688 31.821576 1
111.160337 125.116481 36.099754 1
112.556290 103.078875 41.397555 1
111.474483 80.382118 37.878553 1
110.592218 61.871845 35.008642 1
113.494908 55.058128 49.024117 1
114.106604 54.174608 56.676937 1
102.982200 143.968400 32.681370 1
103.425096 151.673892 33.897784 1
103.840877 161.735549 35.053978 1
104.222846 171.222326 37.100441 1
105.380514 194.323083 46.493913 1
107.995877 200.267095 50.313251 1
110.484321 218.982145 53.817299 1
100.518596 181.272301 40.613415 1
88.477238 187.406141 43.189604 1
87.782377 180.496253 43.165401 1
85.758490 160.370181 43.094907 1
86.712615 153.120182 45.789323 1
88.627332 138.571007 51.196431 1
88.627332 138.571007 51.196431 1
108.620722 181.321637 39.493564 1
121.320178 186.603905 39.216938 1
122.199418 179.824275 37.994840 1
124.760332 160.077599 34.435297 1
124.809468 152.575506 36.544579 1
124.908075 137.520455 40.777446 1
124.908075 137.520455 40.777446 1
95.935362 143.026935 32.688081 1
96.940632 125.161178 36.697954 1
98.185503 103.037230 41.663555 1
97.900031 80.560278 37.953960 1
97.662423 61.851945 34.866338 1
99.178609 55.038233 49.098709 1
100.956093 54.153289 56.567108 1
109.556086 142.615234 30.336738 1
110.856675 124.986632 35.217256 1
112.467237 103.156579 41.260954 1
111.487163 80.417740 37.992755 1
110.687866 61.873147 35.327385 1
113.782557 55.059423 49.301717 1
114.499169 54.175894 56.945425 1
102.700900 143.597600 31.368570 1
103.193659 151.268767 32.768858 1
103.669635 161.281220 34.275788 1
104.155851 170.634044 36.848945 1
105.764672 192.923538 47.976057 1
108.437973 198.801434 51.857107 1
111.311308 217.302315 56.121507 1
100.628517 180.377813 41.285308 1
88.854452 186.566039 44.797043 1
88.112182 179.663322 44.619570 1
85.950212 159.558135 44.102652 1
87.313344 152.316590 46.639304 1
90.048849 137.784379 51.729816 1
90.048849 137.784379 51.729816 1
108.680179 180.512053 39.852248 1
121.326986 185.925495 39.763006 1
122.224281 179.166609 38.443048 1
124.837784 159.480352 34.598475 1
124.469915 152.025614 36.839999 1
123.731685 137.065593 41.338244 1
123.731685 137.065593 41.338244 1
95.656568 142.660519 31.577353 1
96.837330 124.934210 36.122533 1
98.299521 102.982946 41.751028 1
97.938942 80.531569 37.895946 1
97.638821 61.844524 34.687230 1
99.547278 55.030708 48.872278 1
101.530180 54.145729 56.288778 1
109.194183 142.301600 28.779749 1
110.602173 124.852632 34.241403 1
112.345733 103.245024 41.004739 1
111.521087 80.452644 38.085183 1
110.848550 61.864385 35.704147 1
114.189850 55.050560 49.621524 1
115.041518 54.166980 57.251359 1
102.481800 143.154800 30.019270 1
103.049463 150.774005 31.655089 1
103.614424 160.713110 33.563388 1
104.237218 169.894553 36.669203 1
106.414614 191.254488 49.406338 1
109.015023 197.051258 53.455298 1
112.264704 215.259737 58.614235 1
100.942412 179.252325 42.020912 1
89.374428 185.178659 46.528170 1
88.495781 178.299052 46.169075 1
85.936590 158.261176 45.123158 1
87.843106 151.014432 47.263861 1
91.669063 136.471788 51.559792 1
91.669063 136.471788 51.559792 1
108.913088 179.522451 40.205341 1
121.457744 185.167806 40.334262 1
122.346668 178.408831 39.009105 1
124.935791 158.722316 35.149388 1
124.127919 151.290127 37.350024 1
122.506699 136.375358 41.766215 1
122.506699 136.375358 41.766215 1
95.448015 142.222091 30.466763 1
96.813249 124.664278 35.578932 1
98.503879 102.921671 41.909554 1
98.041909 80.504240 37.872061 1
97.657396 61.845449 34.511518 1
100.011623 55.031617 48.629422 1
102.227002 54.146668 55.979832 1
108.867496 141.936234 27.141369 1
110.411073 124.691654 33.184580 1
112.322536 103.337145 40.668076 1
111.650591 80.490278 38.164959 1
111.102589 61.857582 36.123549 1
114.757911 55.043862 49.961820 1
115.781946 54.160327 57.570443 1
102.070400 142.556800 28.527870 1
102.742029 150.102731 30.440528 1
103.439569 159.938304 32.790326 1
104.231653 168.905719 36.435997 1
107.002877 189.204756 50.701056 1
109.565280 194.884388 54.935985 1
113.107063 212.810776 60.837185 1
101.191587 177.830661 42.614011 1
89.917819 183.555311 48.034859 1
88.935829 176.693508 47.609024 1
86.075640 156.707493 46.368719 1
88.552801 149.460251 47.808813 1
93.523920 134.916608 50.698774 1
93.523920 134.916608 50.698774 1
109.092485 178.214282 40.533242 1
121.536377 184.065522 40.942586 1
122.351034 177.290807 39.650480 1
124.723842 157.558446 35.887031 1
123.541722 150.121695 37.894569 1
121.169470 135.197770 41.923256 1
121.169470 135.197770 41.923256 1
95.045489 141.652494 29.142021 1
96.653399 124.317190 34.901946 1
98.644545 102.850123 42.034714 1
98.095185 80.464602 37.834402 1
97.637934 61.832371 34.338338 1
100.369681 55.018691 48.388150 1
102.781251 54.133822 55.676558 1
108.361714 141.410301 25.421547 1
110.171372 124.413629 32.063598 1
112.412331 103.366112 40.288657 1
111.773735 80.484322 38.117874 1
111.252929 61.823145 36.347498 1
115.261964 55.009468 50.087489 1
116.480859 54.125977 57.667342 1
101.595300 141.800800 27.079370 1
102.336134 149.270328 29.249101 1
103.140789 158.984939 32.028573 1
104.080498 167.691864 36.228485 1
107.311818 186.697106 52.089817 1
110.018513 192.321409 56.308794 1
113.769708 209.940107 62.959641 1
101.242776 176.126722 43.146935 1
90.533554 182.084845 49.397406 1
89.622211 175.210242 49.024218 1
86.967792 155.186946 47.937253 1
89.847215 147.962380 48.434540 1
95.625587 133.464244 49.432491 1
95.625587 133.464244 49.432491 1
109.133135 176.548711 41.033854 1
121.557613 182.397251 41.859673 1
122.331343 175.633969 40.485147 1
124.584947 155.934907 36.481636 1
122.995488 148.519144 38.274108 1
119.805794 133.637337 41.871206 1
119.805794 133.637337 41.871206 1
94.573227 140.914574 27.749765 1
96.433565 123.862535 34.233747 1
98.737303 102.746249 42.263145 1
98.139238 80.398562 37.872339 1
97.641449 61.797821 34.217721 1
100.538579 54.984170 48.234379 1
103.036086 54.099237 55.493781 1
107.840531 140.729971 23.855283 1
109.950609 124.062780 31.205852 1
112.563587 103.423270 40.308292 1
111.932321 80.529910 38.260857 1
111.417493 61.859296 36.591077 1
115.633953 55.045642 50.268851 1
116.967315 54.162137 57.829406 1
101.127900 140.729400 25.631270 1
101.926451 148.114582 28.054455 1
102.819621 157.691784 31.252276 1
103.874606 166.111364 35.977794 1
107.432165 183.740183 53.292268 1
110.330596 189.297435 57.472553 1
114.247995 206.721389 64.528303 1
101.181900 174.009101 43.556681 1
91.048421 180.127307 50.566333 1
90.248411 173.236598 50.237582 1
87.918263 153.166387 49.280047 1
91.051112 146.041215 48.892868 1
97.338057 131.742541 48.115890 1
97.338057 131.742541 48.115890 1
109.072825 174.479856 41.456052 1
121.542327 180.135547 42.790111 1
122.426546 173.428275 41.221474 1
125.001964 153.892351 36.652587 1
122.928464 146.538744 38.188146 1
118.767406 131.781671 41.269677 1
118.767406 131.781671 41.269677 1
94.106938 139.855755 26.329246 1
96.201620 123.226234 33.768752 1
98.795556 102.633171 42.981419 1
98.229928 80.359477 38.225518 1
97.759138 61.820323 34.267020 1
100.672332 55.006553 48.280290 1
103.177844 54.121677 55.536940 1
107.340611 139.740509 22.319374 1
109.782079 123.491561 30.461210 1
112.805427 103.369975 40.543500 1
112.097688 80.485716 38.420706 1
111.520495 61.822526 36.689468 1
115.937527 55.008822 50.303768 1
117.381950 54.125318 57.843893 1
100.649200 139.423200 24.334370 1
101.500933 146.707932 27.028373 1
102.485025 156.125390 30.646336 1
103.664939 164.236841 35.856424 1
107.596330 180.479207 54.402372 1
110.600576 185.978245 58.584935 1
114.677429 203.247979 65.923829 1
101.139472 171.595332 44.013572 1
91.508120 177.782953 51.642823 1
90.736328 170.896343 51.185771 1
88.488369 150.838069 49.854539 1
92.049787 143.978747 48.855176 1
99.196775 130.213574 46.849676 1
99.196775 130.213574 46.849676 1
109.026721 172.093371 41.905446 1
121.541826 177.528484 43.662361 1
122.663573 170.909458 41.884681 1
125.930826 151.630564 36.706925 1
123.324743 144.397902 37.983565 1
118.094907 129.883539 40.545502 1
118.094907 129.883539 40.545502 1
93.626609 138.562926 25.032563 1
95.975873 122.459730 33.484956 1
98.885070 102.518438 43.951924 1
98.425632 80.327397 38.813581 1
98.043226 61.857038 34.536762 1
100.910306 55.043322 48.559567 1
103.392028 54.158438 55.824386 1
106.841037 138.524625 20.958270 1
109.636914 122.813949 29.993550 1
113.099139 103.358922 41.182221 1
112.269054 80.501087 38.831316 1
111.592080 61.859446 36.914041 1
116.199674 55.045661 50.464994 1
117.749957 54.162189 57.984071 1
100.201100 137.777700 23.163770 1
101.104823 144.969652 26.080882 1
102.172694 154.236859 30.046373 1
103.460948 162.062945 35.652230 1
107.702191 177.048753 55.162737 1
110.827212 182.413745 59.430038 1
115.086633 199.508473 67.068845 1
101.075113 168.924551 44.271429 1
92.026272 175.146938 52.557287 1
91.186219 168.286355 51.881503 1
88.739441 148.303892 49.913182 1
92.793103 141.808937 48.458500 1
100.927922 128.774969 45.539275 1
100.927922 128.774969 45.539275 1
108.958048 169.450378 42.153935 1
121.529700 174.633237 44.238781 1
123.042271 168.160874 42.226168 1
127.447857 149.309156 36.364137 1
124.289551 142.267693 37.448468 1
117.951527 128.137022 39.624483 1
117.951527 128.137022 39.624483 1
93.176396 136.935422 23.862648 1
95.867692 121.446821 33.303784 1
99.200442 102.266609 44.995157 1
98.669389 80.206259 39.328153 1
98.227376 61.844679 34.611312 1
101.091675 55.030978 48.634692 1
103.571961 54.146100 55.900002 1
106.374806 136.950494 19.736612 1
109.570507 121.890135 29.699124 1
113.527845 103.240416 42.036015 1
112.523766 80.439447 39.242431 1
111.704892 61.844185 36.964131 1
116.546606 55.030399 50.433208 1
118.226840 54.146889 57.924312 1
99.834200 135.881500 22.238570 1
100.786642 143.017260 25.275709 1
101.932044 152.176708 29.463687 1
103.316367 159.763727 35.367384 1
107.796502 173.620674 55.643871 1
111.089578 178.851716 59.950911 1
115.461805 195.734118 67.987821 1
101.040063 166.188359 44.345524 1
92.528511 172.394479 53.193835 1
91.627838 165.553415 52.407320 1
89.004494 145.627804 50.116481 1
93.448478 139.527631 48.174417 1
102.366588 127.285904 44.277124 1
102.366588 127.285904 44.277124 1
108.927709 166.711759 42.245039 1
121.500445 171.762036 44.627492 1
123.397384 165.432069 42.491349 1
128.922501 146.995103 36.269515 1
125.333163 140.130592 37.122754 1
118.130149 126.355027 38.835018 1
118.130149 126.355027 38.835018 1
92.809251 135.059659 22.958990 1
95.833564 120.250316 33.342237 1
99.578702 101.911259 46.200266 1
98.908827 80.042807 39.845894 1
98.351267 61.840950 34.556934 1
101.192365 55.027264 48.585039 1
103.660653 54.142384 55.854434 1
105.986419 135.085617 18.765660 1
109.583254 120.794577 29.679300 1
114.037329 103.097530 43.194003 1
112.743097 80.372725 39.937528 1
111.687590 61.839576 37.281720 1
116.810758 55.025857 50.646311 1
118.647618 54.142337 58.100555 1
99.616600 133.653700 21.416570 1
100.591684 140.750490 24.536698 1
101.778594 149.824900 28.894788 1
103.223742 157.205789 35.040263 1
107.845806 170.064349 55.933239 1
111.315403 175.223141 60.188531 1
115.753528 191.858920 68.690159 1
101.013755 163.235404 44.304395 1
93.068399 169.421059 53.677977 1
92.073344 162.605685 52.788866 1
89.175102 142.754900 50.199197 1
93.936789 137.071798 47.798905 1
103.492462 125.667044 42.982046 1
103.492462 125.667044 42.982046 1
108.907939 163.767148 42.230737 1
121.454439 168.759005 44.861659 1
123.612564 162.523687 42.695262 1
129.898423 144.362400 36.385309 1
126.041755 137.624226 37.060590 1
118.302272 124.102191 38.415731 1
118.302272 124.102191 38.415731 1
92.596640 132.823786 22.175344 1
95.913719 118.812956 33.531776 1
100.021402 101.462733 47.594943 1
99.199891 79.835471 40.478580 1
98.516119 61.834364 34.555388 1
101.267643 55.020697 48.601346 1
103.689509 54.135821 55.886339 1
105.744385 132.900822 17.891267 1
109.650610 119.487321 29.769734 1
114.487813 102.876959 44.479212 1
112.971108 80.269020 40.570614 1
111.734163 61.831181 37.382968 1
117.082013 55.017495 50.659265 1
119.044332 54.133992 58.081472 1
99.502600 131.263100 20.732770 1
100.451868 138.343184 23.898480 1
101.628815 147.361717 28.373686 1
103.112817 154.574893 34.706196 1
107.927388 166.568107 56.065157 1
111.463325 171.706068 60.290942 1
115.899939 188.218681 69.030155 1
100.989848 160.239268 44.217889 1
93.550716 166.338306 54.052323 1
92.369505 159.577695 52.989852 1
88.929054 139.886413 49.895247 1
94.004867 134.607109 47.231080 1
104.190924 124.012689 41.884682 1
104.190924 124.012689 41.884682 1
108.873081 160.818713 42.115549 1
121.337821 165.933503 44.894798 1
123.687355 159.733366 42.828893 1
130.530721 141.674551 36.811637 1
126.470830 135.041079 37.308833 1
118.323520 121.729157 38.306598 1
118.323520 121.729157 38.306598 1
92.489971 130.390820 21.511545 1
96.020096 117.234236 33.788248 1
100.391604 100.941862 48.991025 1
99.409866 79.609577 41.052148 1
98.592734 61.853990 34.444350 1
101.137523 55.040296 48.529219 1
103.452060 54.155406 55.849017 1
105.621144 130.567077 17.179842 1
109.708424 118.060818 29.953495 1
114.769833 102.573921 45.771510 1
113.078385 80.131515 41.062599 1
111.698931 61.828676 37.222260 1
117.186131 55.014930 50.441542 1
119.226412 54.131393 57.842693 1
99.455200 128.681300 20.152970 1
100.378061 135.726050 23.404162 1
101.539926 144.677256 28.016383 1
103.048172 151.748547 34.501357 1
108.009555 163.109504 56.170133 1
111.574686 168.252973 60.364571 1
115.918830 184.721434 69.232603 1
100.991675 157.144000 44.182491 1
93.926464 163.173809 54.330359 1
92.485308 156.497074 53.075673 1
88.287728 137.050092 49.421213 1
93.657052 132.110607 46.681768 1
104.432121 122.198128 41.184303 1
104.432121 122.198128 41.184303 1
108.865836 157.759929 42.056655 1
121.185499 163.112570 45.028215 1
123.471330 156.827484 43.156679 1
130.129150 138.521241 37.705556 1
126.003067 131.918692 38.044172 1
117.722925 118.668827 38.723701 1
117.722925 118.668827 38.723701 1
92.446048 127.773025 20.921839 1
96.166213 115.512023 34.040646 1
100.773055 100.328688 50.286240 1
99.570950 79.333538 41.521847 1
98.570397 61.858560 34.226943 1
100.868341 55.044859 48.354181 1
103.054438 54.159968 55.713359 1
105.575812 128.051626 16.591236 1
109.728745 116.516234 30.228189 1
114.871455 102.231594 47.115255 1
113.104994 79.989928 41.557890 1
111.664363 61.850801 37.025596 1
117.219690 55.037108 50.216420 1
119.298169 54.153617 57.606940 1
99.406700 125.769500 19.615070 1
100.335514 132.790196 22.916213 1
101.512337 141.697799 27.608367 1
103.053508 148.681652 34.179778 1
108.149259 159.663993 56.011956 1
111.638618 164.860238 60.205064 1
115.880542 181.373709 69.038815 1
101.057186 153.908283 43.965557 1
94.246005 160.035937 54.227854 1
92.548408 153.428918 52.925761 1
87.603905 134.185000 49.133223 1
93.133241 129.500689 46.266800 1
104.229421 120.100292 40.514516 1
104.229421 120.100292 40.514516 1
108.918347 154.560345 41.802709 1
120.960176 160.301028 45.163358 1
123.158019 153.952455 43.404076 1
129.559563 135.461296 38.279906 1
125.423557 128.861625 38.545742 1
117.123503 115.617534 39.079218 1
117.123503 115.617534 39.079218 1
92.399475 124.854082 20.392974 1
96.340692 113.577193 34.306043 1
101.221273 99.612528 51.535205 1
99.794893 79.000744 41.934382 1
98.607668 61.844855 33.943290 1
100.680090 55.031146 48.105364 1
102.748595 54.146244 55.498455 1
105.519395 125.167487 16.035005 1
109.664590 114.719018 30.523809 1
114.797716 101.780348 48.465750 1
113.011519 79.770249 42.057825 1
111.554791 61.819978 36.831860 1
117.198287 55.006291 49.985207 1
119.326141 54.122786 57.361662 1
99.369800 122.802300 18.953570 1
100.307778 129.811406 22.276679 1
101.497390 138.698436 27.004482 1
103.053443 145.642129 33.614828 1
108.177363 156.453357 55.525677 1
111.549944 161.674960 59.782353 1
115.825858 178.255168 68.473559 1
101.070293 150.799629 43.439886 1
94.530506 157.170172 53.730776 1
92.564993 150.615188 52.548021 1
86.840144 131.522826 49.103074 1
92.402828 127.061694 45.958623 1
103.565929 118.109168 39.648401 1
103.565929 118.109168 39.648401 1
108.931734 151.453786 41.278690 1
120.689229 157.521097 45.047523 1
123.123410 151.258705 43.290485 1
130.213321 133.018561 38.172851 1
125.959167 126.493122 38.404562 1
117.422017 113.397997 38.869557 1
117.422017 113.397997 38.869557 1
92.365466 121.882137 19.751656 1
96.582811 111.675777 34.391299 1
101.805333 99.036796 52.520209 1
100.050631 78.740561 42.320216 1
98.590134 61.847314 33.830414 1
100.503675 55.033590 48.014822 1
102.489167 54.148685 55.430638 1
105.470630 122.214812 15.350924 1
109.511024 112.915910 30.631114 1
114.514372 101.400784 49.553054 1
112.860895 79.605811 42.415715 1
111.512407 61.830984 36.594879 1
117.222838 55.017215 49.719263 1
119.388477 54.133747 57.084717 1
99.254800 119.903400 18.291670 1
100.200607 126.914765 21.607788 1
101.400559 135.802451 26.331743 1
102.954131 142.739378 32.949772 1
108.003633 153.501465 54.902050 1
111.350770 158.750174 59.145454 1
115.587856 175.363751 67.791837 1
100.940302 147.908638 42.762401 1
94.642296 154.520820 53.051678 1
92.432700 148.025422 51.975821 1
85.996923 129.106616 48.842228 1
91.599537 124.842758 45.501127 1
102.842768 116.286118 38.796269 1
102.842768 116.286118 38.796269 1
108.822183 148.501516 40.658739 1
120.460606 154.632092 44.685923 1
123.311708 148.559639 42.889677 1
131.615967 130.872722 37.657842 1
127.225865 124.437528 37.877282 1
118.415895 111.523506 38.317652 1
118.415895 111.523506 38.317652 1
92.245156 119.003926 19.066372 1
96.724824 109.890776 34.335884 1
102.272194 98.605564 53.244788 1
100.354071 78.554520 42.599018 1
98.757551 61.865354 33.738180 1
100.510916 55.051688 47.943305 1
102.412496 54.166852 55.381088 1
105.366633 119.293607 14.711449 1
109.362838 111.174580 30.661067 1
114.311467 101.120532 50.411982 1
112.719087 79.511699 42.716586 1
111.420427 61.888679 36.440628 1
117.286687 55.087611 49.502725 1
119.521481 54.204706 56.847559 1
99.166200 117.077300 17.618570 1
100.118829 124.085849 20.938684 1
101.323902 132.967741 25.672224 1
102.871596 139.891133 32.305786 1
107.867326 150.590053 54.301201 1
111.112502 155.966425 58.463195 1
115.227697 172.717011 66.901609 1
100.834193 145.037411 42.125625 1
94.638881 151.777530 52.394216 1
92.175299 145.372414 51.328748 1
84.999754 126.716564 48.225416 1
90.681631 122.570923 44.869429 1
102.083929 114.251519 38.134700 1
102.083929 114.251519 38.134700 1
108.723168 145.626041 40.047515 1
120.309364 151.764721 44.210654 1
123.346109 145.799027 42.361698 1
132.191079 128.423059 36.976338 1
127.701588 122.064459 37.357855 1
118.692167 109.304146 38.123477 1
118.692167 109.304146 38.123477 1
92.155722 116.184095 18.392985 1
96.873176 108.167489 34.196610 1
102.715006 98.240174 53.766930 1
100.573303 78.399585 42.775110 1
98.790691 61.885587 33.626244 1
100.393342 55.071904 47.849153 1
102.216035 54.187029 55.306656 1
105.277331 116.463710 14.037799 1
109.303744 109.535502 30.532238 1
114.289780 100.956082 50.957820 1
112.656584 79.482796 42.900083 1
111.324636 61.970321 36.328619 1
117.395293 55.184621 49.305032 1
119.723470 54.302411 56.620886 1
99.027500 114.458100 16.962570 1
99.995079 121.483017 20.243539 1
101.220472 130.385381 24.933201 1
102.802050 137.329899 31.536619 1
107.921791 148.074331 53.481275 1
110.992776 153.568230 57.621911 1
114.908250 170.501205 65.786910 1
100.819215 142.486043 41.362452 1
94.775499 149.386209 51.615074 1
92.043281 143.094807 50.527314 1
84.085291 124.770169 47.359055 1
89.827032 120.609705 44.125534 1
101.349464 112.260554 37.636566 1
101.349464 112.260554 37.636566 1
108.692318 143.090843 39.229518 1
120.065513 149.492779 43.579313 1
123.150516 143.531799 41.796214 1
132.136045 126.169563 36.602675 1
127.580741 119.869061 37.137246 1
118.439248 107.225338 38.210015 1
118.439248 107.225338 38.210015 1
92.025313 113.556012 17.799199 1
96.978221 106.588097 34.022386 1
103.111624 97.959423 54.112267 1
100.641265 78.256574 42.943067 1
98.585101 61.857222 33.646561 1
100.084768 55.043540 47.880698 1
101.853447 54.158662 55.351195 1
105.109769 113.839342 13.333868 1
109.215608 108.047133 30.241587 1
114.300000 100.874455 51.178948 1
112.679670 79.427242 43.049494 1
111.358215 61.936030 36.419542 1
117.602629 55.150118 49.313130 1
120.029020 54.267846 56.596992 1
98.930200 112.042300 16.214270 1
99.887297 119.102040 19.422769 1
101.104419 128.054705 24.017876 1
102.698719 135.073676 30.539003 1
107.906091 146.078570 52.333453 1
110.895596 151.598461 56.499076 1
114.538325 168.692507 64.451931 1
100.754433 140.337341 40.315404 1
94.853416 147.464406 50.495678 1
91.956280 141.245992 49.414989 1
83.517942 123.133938 46.267320 1
89.306492 118.893574 43.226806 1
100.922856 110.384082 37.125160 1
100.922856 110.384082 37.125160 1
108.615295 140.934491 38.135675 1
119.690407 147.738892 42.640901 1
122.975811 141.868814 40.915132 1
132.545036 124.771344 35.888574 1
127.925427 118.534409 36.590521 1
118.654886 106.018251 37.999175 1
118.654886 106.018251 37.999175 1
91.936591 111.119819 17.099024 1
97.029112 105.193558 33.688796 1
103.335405 97.854809 54.232638 1
100.738350 78.210533 42.989252 1
98.576733 61.859934 33.631000 1
99.942863 55.046267 47.878580 1
101.641387 54.161407 55.365341 1
104.994486 111.413670 12.557278 1
109.101264 106.718959 29.801774 1
114.186819 100.905349 51.156177 1
112.662498 79.424430 43.097453 1
111.419342 61.905730 36.525184 1
117.718689 55.109526 49.386590 1
120.190597 54.226803 56.655076 1
98.998600 109.853400 15.428870 1
99.888639 116.972977 18.522392 1
101.021660 126.009863 22.971837 1
102.543844 133.146285 29.381774 1
107.602475 144.537915 51.011926 1
110.567134 150.106411 55.130347 1
114.110296 167.301432 62.908589 1
100.531147 138.559702 39.062084 1
94.779637 145.948479 49.140831 1
91.818455 139.753296 48.101079 1
83.193576 121.708910 45.072648 1
89.020588 117.353556 42.278093 1
100.714140 108.613305 36.670035 1
100.714140 108.613305 36.670035 1
108.397411 139.164283 36.904000 1
119.284615 146.288348 41.372954 1
122.739418 140.486279 39.751132 1
132.802042 123.586895 35.027335 1
128.146320 117.399366 35.905746 1
118.803309 104.982353 37.668527 1
118.803309 104.982353 37.668527 1
92.009073 108.891044 16.303347 1
97.106271 103.986113 33.221831 1
103.418355 97.912123 54.172731 1
100.846389 78.229574 42.990681 1
98.705655 61.847119 33.683479 1
99.867914 55.033487 47.949154 1
101.459262 54.148627 55.459427 1
105.081392 109.211370 11.805091 1
109.107760 105.528352 29.312299 1
114.093741 100.967553 50.992025 1
112.604341 79.436080 43.062723 1
111.389665 61.876151 36.596004 1
117.679303 55.075077 49.459586 1
120.152667 54.192145 56.727552 1
99.118900 108.008800 14.544470 1
99.952703 115.193523 17.499966 1
101.001441 124.324541 21.774455 1
102.425317 131.600263 28.048950 1
107.219258 143.475486 49.478363 1
110.201935 149.094415 53.514453 1
113.531573 166.389648 61.163778 1
100.291058 137.182684 37.606458 1
94.505088 144.790675 47.500703 1
91.446898 138.620271 46.604291 1
82.539468 120.648054 43.993360 1
88.369871 116.140999 41.458488 1
100.070226 107.096317 36.371557 1
100.070226 107.096317 36.371557 1
108.164001 137.831227 35.485821 1
118.896390 145.214457 39.908353 1
122.445977 139.443042 38.384811 1
132.784673 122.632943 33.947270 1
128.120346 116.477224 34.988450 1
118.760067 104.124049 37.077871 1
118.760067 104.124049 37.077871 1
92.132808 107.018436 15.415120 1
97.159233 103.082052 32.605665 1
103.383676 98.207454 53.893469 1
100.845476 78.379550 42.963340 1
98.732846 61.876110 33.865821 1
99.705076 55.062478 48.145706 1
101.196268 54.177628 55.676506 1
105.217849 107.335113 10.953746 1
109.144040 104.547656 28.648200 1
114.005968 101.095859 50.559799 1
112.508861 79.502115 42.803167 1
111.287900 61.891400 36.477269 1
117.562826 55.086631 49.346081 1
120.033055 54.203496 56.615088 1
99.182800 106.706900 13.719170 1
99.956520 113.979800 16.468117 1
100.929620 123.229090 20.499285 1
102.274503 130.653031 26.615594 1
106.839665 142.942990 47.860327 1
109.790624 148.603199 51.861904 1
112.900630 166.056006 59.241007 1
100.038320 136.417710 36.040688 1
94.072056 144.162176 45.719634 1
91.056135 137.954083 44.949069 1
82.271818 119.872093 42.704685 1
88.113823 115.172228 40.579836 1
99.837458 105.740620 36.315732 1
99.837458 105.740620 36.315732 1
107.932680 137.030069 33.990067 1
118.544552 144.597688 38.391697 1
122.183146 138.861088 36.948778 1
132.781090 122.152389 32.746062 1
128.134027 116.016931 33.968292 1
118.808395 103.704415 36.421042 1
118.808395 103.704415 36.421042 1
92.193964 105.708059 14.557514 1
97.129265 102.518637 31.928331 1
103.240865 98.569035 53.439374 1
100.712766 78.532167 42.894774 1
98.608544 61.854799 34.118143 1
99.445244 55.041142 48.406597 1
100.864959 54.156262 55.951195 1
105.316559 105.957725 10.203482 1
109.231343 103.870534 27.996645 1
114.079146 101.285899 50.030481 1
112.400037 79.596902 42.583033 1
111.030644 61.908505 36.509289 1
117.363378 55.112940 49.354626 1
119.853454 54.230318 56.616921 1
99.188500 106.047800 12.821670 1
99.904912 113.421697 15.304173 1
100.797351 122.804703 19.033697 1
102.033968 130.387897 24.974976 1
106.220010 143.068534 46.067653 1
109.192515 148.754559 50.016333 1
112.129827 166.331462 57.168148 1
99.630108 136.322567 34.252131 1
93.498739 144.227277 43.695484 1
90.600213 137.950702 43.037365 1
82.157825 119.669249 41.120496 1
88.004766 114.767203 39.534322 1
99.738308 104.929860 36.351220 1
99.738308 104.929860 36.351220 1
107.558972 136.903325 32.329428 1
118.178172 144.511014 36.643442 1
121.861411 138.791086 35.248402 1
132.589390 122.130947 31.185141 1
128.010826 115.995312 32.642400 1
118.822654 103.682440 35.566802 1
118.822654 103.682440 35.566802 1
92.193764 105.054095 13.615740 1
96.973484 102.357306 31.113069 1
102.892421 99.017754 52.780776 1
100.414762 78.724004 42.726876 1
98.352522 61.832826 34.358672 1
99.060397 55.018729 48.653877 1
100.411872 54.133681 56.210978 1
105.365679 105.190930 9.408085 1
109.218345 103.545238 27.261018 1
113.989224 101.507324 49.368869 1
112.458392 79.672515 42.326561 1
111.209926 61.865200 36.583227 1
117.474525 55.062335 49.458076 1
119.935968 54.179202 56.730063 1
99.109300 105.817200 11.888970 1
99.839350 113.298671 14.020879 1
100.727543 122.829602 17.355408 1
101.895928 130.598975 23.065448 1
105.699630 143.740224 43.947544 1
108.669679 149.436419 47.883394 1
111.465994 167.113643 54.841854 1
99.325225 136.740865 32.161223 1
93.004800 144.809246 41.337742 1
90.271056 138.450651 40.767754 1
82.308624 119.930302 39.107577 1
88.135305 114.840871 38.169388 1
99.828189 104.627487 36.286653 1
99.828189 104.627487 36.286653 1
107.290093 137.269971 30.377442 1
117.924100 144.902556 34.610242 1
121.610134 139.175623 33.251802 1
132.346254 122.495082 29.295146 1
127.876723 116.344483 31.005788 1
118.907354 104.001583 34.438672 1
118.907354 104.001583 34.438672 1
92.104886 104.890061 12.678228 1
96.817971 102.495629 30.237511 1
102.654391 99.530499 51.981940 1
100.245877 78.987834 42.429247 1
98.241190 61.889474 34.478215 1
98.944857 55.076106 48.773976 1
100.294386 54.191342 56.331457 1
105.307049 104.773642 8.565835 1
109.171478 103.470232 26.444478 1
113.956924 101.856177 48.584166 1
112.667841 79.850378 42.043559 1
111.616533 61.903614 36.709387 1
117.878652 55.092520 49.581091 1
120.350804 54.209118 56.849412 1
99.095100 105.498600 11.261050 1
99.786437 113.080756 13.017006 1
100.618932 122.756978 15.919468 1
101.705215 130.730184 21.358293 1
105.191317 144.425453 41.937633 1
108.110913 150.156814 45.860159 1
110.713858 167.962239 52.562044 1
98.996933 137.113990 30.245176 1
92.460893 145.360200 39.107188 1
89.887404 138.926338 38.646160 1
82.391737 120.186763 37.303348 1
88.176567 114.971616 37.037425 1
99.785464 104.505949 36.503782 1
99.785464 104.505949 36.503782 1
106.988906 137.593713 28.572101 1
117.588845 145.339433 32.683082 1
121.254563 139.580300 31.408380 1
131.931509 122.805972 27.695623 1
127.597021 116.645461 29.693922 1
118.898657 104.282669 33.704069 1
118.898657 104.282669 33.704069 1
92.086781 104.590441 12.037612 1
96.689247 102.460154 29.660157 1
102.388681 99.822125 51.482926 1
100.076534 79.101779 42.297220 1
98.152055 61.855529 34.651644 1
98.800248 55.041889 48.949898 1
100.120355 54.157015 56.512561 1
105.323786 104.307662 8.047101 1
109.204761 103.282220 25.940258 1
114.010696 102.012380 48.097919 1
112.712517 79.899961 41.929281 1
111.653791 61.866242 36.898466 1
117.915687 55.052503 49.768879 1
120.391639 54.169014 57.035896 1
99.096100 105.084100 10.687330 1
99.775769 112.744030 12.070785 1
100.579461 122.545531 14.526647 1
101.594742 130.735271 19.648190 1
104.763755 145.148350 39.783806 1
107.620533 150.958466 43.636092 1
109.998813 168.924814 49.982580 1
98.750004 137.426280 28.262267 1
91.950009 145.872274 36.728689 1
89.596631 139.348016 36.374234 1
82.742070 120.345148 35.341833 1
88.495982 115.110015 35.809380 1
100.042833 104.604239 36.747650 1
100.042833 104.604239 36.747650 1
106.766703 137.851532 26.696176 1
117.326739 145.763693 30.586987 1
120.934089 139.937768 29.457566 1
131.441030 122.968898 26.167960 1
127.263728 116.808832 28.478070 1
118.880800 104.446933 33.113955 1
118.880800 104.446933 33.113955 1
92.080890 104.215882 11.447171 1
96.616041 102.399320 29.122222 1
102.232117 100.149792 51.010010 1
100.132375 79.258972 42.165764 1
98.384689 61.870831 34.804396 1
99.032185 55.057170 49.102672 1
100.351886 54.172298 56.665406 1
105.351834 103.734878 7.590602 1
109.270016 103.036337 25.491397 1
114.122026 102.171310 47.658516 1
112.840214 79.982742 41.766077 1
111.794835 61.886920 36.960516 1
118.121219 55.072997 49.799256 1
120.633605 54.189408 57.053745 1
99.265000 104.571000 10.169520 1
99.882155 112.298321 11.148323 1
100.628675 122.214009 13.115159 1
101.617757 130.619826 17.879276 1
104.756730 145.759314 37.479409 1
107.359359 151.697002 41.317239 1
109.474586 169.860535 47.176902 1
98.764357 137.651847 26.214336 1
91.497514 146.159190 34.218907 1
89.277331 139.578970 34.180759 1
82.810718 120.413103 34.069650 1
88.603757 115.270409 34.921775 1
100.229128 104.950139 36.631812 1
100.229128 104.950139 36.631812 1
106.794650 137.959181 24.690890 1
117.202048 146.146679 28.419965 1
120.705113 140.216201 27.532315 1
130.908311 122.942804 24.946902 1
126.858151 116.810715 27.540467 1
118.730372 104.504961 32.745184 1
118.730372 104.504961 32.745184 1
92.249309 103.695120 10.916012 1
96.711970 102.228630 28.641953 1
102.238278 100.412612 50.592761 1
100.224132 79.374271 42.084682 1
98.547690 61.863343 35.003118 1
99.137467 55.049670 49.303885 1
100.426607 54.164800 56.871889 1
105.556202 103.102865 7.201408 1
109.447203 102.736431 25.118004 1
114.265554 102.282663 47.304690 1
113.018805 80.038101 41.619489 1
112.002022 61.896613 36.982940 1
118.355569 55.085363 49.809679 1
120.879481 54.201911 57.060183 1
99.234100 104.182000 9.776670 1
99.803566 111.952939 10.358596 1
100.486909 121.956032 11.847815 1
101.403405 130.558730 16.262163 1
104.310395 146.396900 35.338963 1
106.862915 152.438092 39.046710 1
108.622142 170.780597 44.448691 1
98.449990 137.874908 24.312960 1
90.858944 146.453552 31.931223 1
88.798183 139.833196 32.323802 1
82.795911 120.550428 33.467244 1
88.630086 115.480966 34.465086 1
100.338006 105.307658 36.467545 1
100.338006 105.307658 36.467545 1
106.493947 138.151841 22.857275 1
116.942334 146.392453 26.347055 1
120.356641 140.378777 25.708168 1
130.301316 122.863055 23.847314 1
126.380902 116.795384 26.770772 1
118.513494 104.618902 32.637511 1
118.513494 104.618902 32.637511 1
92.219782 103.305134 10.534814 1
96.705644 102.092201 28.274058 1
102.260684 100.590174 50.241338 1
100.176742 79.459608 41.982262 1
98.442207 61.871919 35.107951 1
99.029973 55.058246 49.408801 1
100.318063 54.173371 56.976983 1
105.547891 102.599321 6.917386 1
109.455937 102.491368 24.833694 1
114.295395 102.357685 47.020023 1
113.008076 80.075817 41.492132 1
111.958208 61.903904 36.983876 1
118.366253 55.094107 49.784248 1
120.918855 54.210710 57.024707 1
99.238400 104.012300 9.446500 1
99.734028 111.808387 9.607141 1
100.330844 121.878772 10.595955 1
101.171686 130.662567 14.654377 1
103.894218 147.129447 33.219187 1
106.409086 153.254765 36.812884 1
107.889170 171.755517 41.737854 1
98.139273 138.234068 22.435205 1
90.261199 146.856228 29.704960 1
88.399934 140.201327 30.396298 1
82.978725 120.817940 32.409919 1
88.819289 115.835082 33.748445 1
100.540033 105.835567 36.434582 1
100.540033 105.835567 36.434582 1
106.193983 138.481306 21.034681 1
116.763895 146.675555 24.257462 1
120.231245 140.673062 23.836116 1
130.330417 123.189914 22.608881 1
126.502006 117.194860 25.792507 1
118.819227 105.164105 32.181348 1
118.819227 105.164105 32.181348 1
92.227093 103.112584 10.205722 1
96.793863 102.023795 27.932371 1
102.449093 100.675500 49.884055 1
100.137283 79.489587 41.829951 1
98.213085 61.855831 35.126246 1
98.821150 55.041913 49.426130 1
100.119779 54.156980 56.992504 1
105.586013 102.335149 6.718990 1
109.536350 102.377156 24.626297 1
114.428180 102.429172 46.801480 1
113.078811 80.123164 41.386901 1
111.978337 61.931565 36.971057 1
118.457306 55.127614 49.738794 1
121.041569 54.244447 56.968042 1
99.117800 103.974600 9.150270 1
99.511077 111.772149 8.843692 1
99.992345 121.887238 9.290849 1
100.741163 130.836957 12.988775 1
103.269017 147.835539 31.096250 1
105.779125 154.041324 34.552598 1
107.131685 172.647571 39.102535 1
97.626138 138.622542 20.521751 1
89.660534 147.387156 27.520733 1
88.018402 140.703289 28.447716 1
83.235449 121.235538 31.147690 1
89.105105 116.391868 32.826595 1
100.884229 106.671676 36.195801 1
100.884229 106.671676 36.195801 1
105.692546 138.845843 19.186032 1
116.371871 146.999444 22.139987 1
119.845651 140.988013 21.980233 1
129.963547 123.478829 21.514924 1
126.241941 117.556662 24.951558 1
118.773494 105.672175 31.848130 1
118.773494 105.672175 31.848130 1
92.111257 103.027743 9.896019 1
96.842835 102.030144 27.584769 1
102.702156 100.794773 49.489522 1
100.051553 79.563078 41.663576 1
97.845366 61.891217 35.149774 1
98.521618 55.078432 49.447136 1
99.857726 54.193592 57.006993 1
105.514236 102.221749 6.589519 1
109.507385 102.357544 24.486862 1
114.452228 102.525702 46.649707 1
113.096664 80.201862 41.310690 1
111.991138 61.995721 36.956471 1
118.551438 55.201042 49.687563 1
121.168328 54.318175 56.905101 1
99.086600 103.797300 8.850420 1
99.394562 111.572068 8.137283 1
99.763114 121.701674 8.094124 1
100.402123 130.803137 11.423971 1
102.680182 148.424962 28.959770 1
105.217679 154.691293 32.284366 1
106.359934 173.396575 36.471428 1
97.175111 138.798334 18.685352 1
89.129667 147.711014 25.400262 1
87.715876 141.006201 26.530148 1
83.598001 121.477439 29.821108 1
89.467124 116.744042 31.791149 1
101.245180 107.245143 35.744600 1
101.245180 107.245143 35.744600 1
105.242023 139.072224 17.362155 1
115.948499 147.291736 20.020357 1
119.418928 141.277269 20.131156 1
129.527067 123.759243 20.453872 1
125.924457 117.906047 24.127315 1
118.694813 106.159970 31.499110 1
118.694813 106.159970 31.499110 1
92.089216 102.812748 9.632472 1
97.009424 101.945220 27.276560 1
103.102332 100.870922 49.126007 1
99.963164 79.623050 41.528013 1
97.350327 61.937723 35.203942 1
97.975223 55.155712 49.518262 1
99.326177 54.271626 57.075568 1
105.507898 101.984358 6.395934 1
109.559137 102.242735 24.278867 1
114.575915 102.562689 46.423866 1
113.124137 80.208221 41.240570 1
111.940145 61.977101 37.013347 1
118.568195 55.187979 49.712272 1
121.215582 54.305305 56.918703 1
98.981800 103.752300 8.460580 1
99.233961 111.481199 7.342120 1
99.541271 121.598149 6.794857 1
100.145255 130.842286 9.712730 1
102.365574 149.155825 26.532568 1
104.817691 155.505177 29.762369 1
105.777776 174.291066 33.621432 1
96.893917 139.120325 16.638574 1
88.577647 148.073603 22.957872 1
87.457211 141.363495 24.353952 1
84.193774 121.819312 28.420244 1
90.003461 117.157552 30.711150 1
101.662241 107.802413 35.308507 1
101.662241 107.802413 35.308507 1
104.964163 139.346704 15.326771 1
115.609864 147.732454 17.693896 1
119.036367 141.702718 18.056290 1
129.016565 124.140219 19.111817 1
125.539303 118.369919 23.029107 1
118.561202 106.790196 30.890249 1
118.561202 106.790196 30.890249 1
91.995079 102.764573 9.329171 1
97.107445 102.008920 26.923704 1
103.438312 101.073162 48.711785 1
100.016403 79.782337 41.360097 1
97.168233 62.061259 35.241036 1
97.793943 55.310556 49.570112 1
99.186322 54.427074 57.119966 1
105.403169 101.855551 6.070456 1
109.514206 102.228587 23.937711 1
114.605034 102.690528 46.063296 1
113.206566 80.280615 41.109857 1
112.066050 62.004277 37.070095 1
118.749539 55.213041 49.738796 1
121.431457 54.330313 56.932442 1
98.910600 103.739700 8.104770 1
99.115916 111.406392 6.611418 1
99.374099 121.487573 5.586847 1
99.960044 130.853887 8.089180 1
102.170458 149.856561 24.127726 1
104.461879 156.287476 27.313862 1
105.234464 175.169796 30.717520 1
96.704742 139.415552 14.659215 1
87.986723 148.274386 20.556014 1
86.975765 141.614435 22.245092 1
84.031203 122.216341 27.164782 1
89.833601 117.655059 29.666701 1
101.477753 108.501558 34.687516 1
101.477753 108.501558 34.687516 1
104.776015 139.585714 13.345231 1
115.363797 148.118028 15.431744 1
118.732102 142.071774 16.003845 1
128.542790 124.461163 17.670175 1
125.206702 118.775407 21.826564 1
118.511907 107.365345 30.167525 1
118.511907 107.365345 30.167525 1
91.937268 102.765906 9.088991 1
97.169918 102.072403 26.650692 1
103.649737 101.213608 48.398115 1
100.181837 79.888117 41.169485 1
97.295387 62.138185 35.152849 1
97.967311 55.403531 49.487383 1
99.404064 54.520436 57.028964 1
105.317378 101.756409 5.745939 1
109.570138 102.204003 23.578277 1
114.836466 102.758271 45.660623 1
113.354740 80.297052 40.970788 1
112.146322 61.978870 37.146006 1
118.891909 55.178293 49.776727 1
121.622314 54.295177 56.952062 1
98.868500 103.799700 7.788330 1
99.012752 111.393939 5.956077 1
99.202002 121.421924 4.489685 1
99.754858 130.889191 6.586836 1
101.935599 150.550618 21.814941 1
104.039362 157.059471 24.972117 1
104.573220 176.027551 27.913324 1
96.486459 139.714894 12.790786 1
87.370625 148.434874 18.278825 1
86.483800 141.832333 20.240959 1
83.900793 122.601457 25.955966 1
89.671258 118.131122 28.685538 1
101.251327 109.160132 34.163202 1
101.251327 109.160132 34.163202 1
104.558054 139.839739 11.473702 1
115.110483 148.485985 13.246754 1
118.409417 142.419413 13.984117 1
128.018050 124.749622 16.131794 1
124.858301 119.142143 20.525543 1
118.517377 107.889164 29.342834 1
118.517377 107.889164 29.342834 1
91.911395 102.831640 8.886459 1
97.208953 102.169570 26.429903 1
103.769150 101.349700 48.154719 1
100.344067 79.977283 41.045248 1
97.493254 62.188293 35.127794 1
98.175669 55.469397 49.469225 1
99.637404 54.586569 57.006035 1
105.263009 101.749723 5.453341 1
109.664760 102.252237 23.248021 1
115.115588 102.874515 45.283734 1
113.529498 80.355300 40.917305 1
112.235967 61.989820 37.356276 1
119.110081 55.197572 49.922017 1
121.901700 54.314770 57.073796 1
98.776100 103.886700 7.507500 1
98.905104 111.408071 5.394975 1
99.075128 121.374077 3.552037 1
99.610907 130.917424 5.275497 1
101.726071 151.190877 19.688536 1
103.661874 157.774025 22.798773 1
103.869550 176.812862 25.289422 1
96.314534 139.984899 11.104671 1
86.833491 148.556933 16.192413 1
86.087230 142.010014 18.385795 1
83.913633 122.941145 24.774344 1
89.608038 118.549442 27.777578 1
101.035470 109.736248 33.804422 1
101.035470 109.736248 33.804422 1
104.388917 140.068939 9.801516 1
114.913396 148.815069 11.214173 1
118.155667 142.743352 12.137157 1
127.599261 125.058576 14.825486 1
124.563074 119.520245 19.390717 1
118.470117 108.406030 28.552133 1
118.470117 108.406030 28.552133 1
91.826994 102.959105 8.688102 1
97.189506 102.296025 26.211763 1
103.830138 101.474904 47.912080 1
100.441202 80.049350 40.946686 1
97.620475 62.216132 35.149152 1
98.335506 55.512012 49.495908 1
99.831172 54.629877 57.026139 1
105.155288 101.752557 5.206256 1
109.743424 102.278721 22.953107 1
115.425059 102.930284 44.929593 1
113.646395 80.369669 40.861243 1
112.195811 61.970426 37.543312 1
119.171168 55.174875 50.051340 1
122.025751 54.292165 57.178234 1
98.718200 103.988400 7.184970 1
98.855421 111.445816 4.857195 1
99.029891 121.349431 2.704390 1
99.565052 130.949061 4.080459 1
101.667299 151.803197 17.641729 1
103.340070 158.476603 20.711947 1
103.103091 177.564923 22.786474 1
96.261879 140.243344 9.536628 1
86.372092 148.577968 14.225041 1
85.703276 142.087746 16.604048 1
83.755249 123.184014 23.533258 1
89.350291 118.858974 26.807743 1
100.578323 110.179559 33.378931 1
100.578323 110.179559 33.378931 1
104.333898 140.287786 8.216975 1
114.784944 149.171684 9.269145 1
117.969878 143.084918 10.287695 1
127.246472 125.356312 13.254375 1
124.305077 119.902098 17.980115 1
118.402345 108.956689 27.463639 1
118.402345 108.956689 27.463639 1
91.772924 103.113640 8.426848 1
97.136805 102.426987 25.949182 1
103.779134 101.576676 47.647855 1
100.411684 80.101963 40.824882 1
97.608840 62.227828 35.145890 1
98.362137 55.526883 49.492171 1
99.881681 54.644795 57.017625 1
105.080041 101.772125 4.913532 1
109.850119 102.310440 22.611983 1
115.757057 102.977050 44.528532 1
113.718241 80.385818 40.763443 1
112.055491 61.961605 37.692835 1
119.112983 55.154387 50.148336 1
122.023579 54.267935 57.252071 1
98.588100 104.005300 6.998310 1
98.777605 111.410781 4.513684 1
99.002763 121.256357 2.113574 1
99.546288 130.895716 3.171962 1
101.510205 152.299594 15.869976 1
102.976091 158.998588 18.989816 1
102.449308 178.129233 20.559750 1
96.188636 140.412427 8.194196 1
86.086381 148.718051 12.462230 1
85.539792 142.269962 14.982817 1
83.947770 123.488948 22.324399 1
89.421880 119.263609 25.917915 1
100.407226 110.784274 33.129329 1
100.407226 110.784274 33.129329 1
104.275586 140.397469 6.968655 1
114.750313 149.287224 7.680991 1
117.876464 143.176522 8.737623 1
126.981842 125.378198 11.815220 1
124.158390 120.007214 16.705366 1
118.492342 109.228831 26.518817 1
118.492342 109.228831 26.518817 1
91.638872 103.210283 8.271303 1
97.017860 102.486480 25.787510 1
103.678896 101.590163 47.478596 1
100.330326 80.081735 40.753228 1
97.543198 62.179538 35.155475 1
98.406454 55.467672 49.490451 1
99.971150 54.585168 57.006599 1
104.928194 101.692867 4.762199 1
109.945180 102.271060 22.390986 1
116.157873 102.987054 44.221268 1
113.896746 80.376039 40.710466 1
112.052690 61.935691 37.847242 1
119.233069 55.095330 50.214034 1
122.231510 54.209946 57.281273 1
98.634200 104.081000 6.874950 1
98.894340 111.445527 4.277549 1
99.183737 121.242587 1.692889 1
99.746630 130.905253 2.498429 1
101.676324 152.729997 14.464185 1
102.680436 159.538267 17.529795 1
101.827460 178.690849 18.613675 1
96.371082 140.570990 7.214743 1
85.866105 148.557752 11.102179 1
85.342575 142.159899 13.752341 1
83.817716 123.525204 21.471331 1
89.161737 119.392190 25.356219 1
99.886026 111.098130 33.152350 1
99.886026 111.098130 33.152350 1
104.452522 140.547944 5.953500 1
114.842273 149.555195 6.374903 1
117.866662 143.404923 7.496150 1
126.675645 125.491346 10.761947 1
123.924365 120.170216 15.746815 1
118.403151 109.491877 25.750350 1
118.403151 109.491877 25.750350 1
91.680339 103.377914 8.176417 1
96.983137 102.551410 25.711300 1
103.549824 101.527914 47.425513 1
100.268410 80.021762 40.659885 1
97.537177 62.121459 35.028622 1
98.538082 55.377054 49.339356 1
100.135903 54.493613 56.848421 1
104.944229 101.668893 4.659186 1
110.017152 102.281699 22.270787 1
116.299114 103.040554 44.079788 1
114.059642 80.417379 40.634037 1
112.233248 61.967116 37.823865 1
119.492900 55.122954 50.142177 1
122.538626 54.237985 57.189220 1
98.943800 104.125500 6.736100 1
99.281289 111.465309 4.078334 1
99.645694 121.227596 1.374343 1
100.254680 130.901959 1.981550 1
102.337795 153.054397 13.301999 1
102.675084 160.015654 16.163097 1
101.047202 179.128999 17.031344 1
96.936296 140.682530 6.497433 1
85.685512 147.757817 10.049223 1
85.037239 141.438374 12.855349 1
83.149048 123.032058 21.028607 1
88.382485 119.014571 25.176336 1
98.884852 110.952348 33.499935 1
98.884852 110.952348 33.499935 1
104.990925 140.651945 5.075122 1
115.051046 150.031145 5.357293 1
117.864194 143.810391 6.629449 1
126.057904 125.691522 10.334793 1
123.354897 120.410383 15.388127 1
117.930555 109.812297 25.529061 1
117.930555 109.812297 25.529061 1
91.982740 103.505763 8.041434 1
97.058000 102.575163 25.638326 1
103.342918 101.422761 47.429328 1
100.158017 79.905210 40.653830 1
97.507116 61.995420 35.014352 1
98.479722 55.231431 49.317792 1
100.038021 54.347521 56.835103 1
105.228706 101.629524 4.541927 1
110.241982 102.239432 22.170701 1
116.450082 102.994699 44.000966 1
114.104581 80.371449 40.627004 1
112.191714 61.921123 37.875379 1
119.429497 55.106234 50.222756 1
122.459378 54.220924 57.276582 1
99.331200 104.292800 6.574440 1
99.770321 111.616327 3.886774 1
100.244841 121.350743 1.100633 1
100.930501 131.028974 1.541724 1
103.211380 153.452567 12.274970 1
102.592872 160.392551 15.140770 1
100.532124 179.478386 15.596848 1
97.692780 140.924726 5.860948 1
85.715508 146.881772 9.072430 1
84.871037 140.659929 12.039837 1
82.411389 122.537888 20.682848 1
87.592418 118.634804 25.002060 1
97.989614 110.802162 33.669786 1
97.989614 110.802162 33.669786 1
105.725484 140.844571 4.321408 1
115.346270 150.675229 4.553119 1
117.925279 144.392848 6.005831 1
125.437024 126.094483 10.237072 1
122.743026 120.833915 15.316605 1
117.336764 110.277109 25.510115 1
117.336764 110.277109 25.510115 1
92.357313 103.763793 7.850913 1
97.194462 102.744094 25.509823 1
103.184516 101.481355 47.377624 1
100.024729 79.939902 40.666623 1
97.394731 62.010218 35.080829 1
98.255092 55.243961 49.390387 1
99.751602 54.359938 56.920229 1
105.594855 101.710752 4.419449 1
110.445767 102.289406 22.094640 1
116.452806 103.005969 43.982387 1
114.053416 80.391427 40.588002 1
112.096601 61.948203 37.819722 1
119.247630 55.134835 50.218379 1
122.227498 54.250217 57.293565 1
99.629000 104.501000 6.473300 1
100.272477 111.801028 3.762959 1
100.967227 121.500304 0.901495 1
101.763088 131.176133 1.180385 1
104.033225 153.871474 11.328807 1
102.725772 160.737159 14.141578 1
100.288614 179.783410 14.297714 1
98.525172 141.198195 5.197676 1
86.065429 146.334471 7.959656 1
85.127263 140.220868 11.117769 1
82.394717 122.414096 20.316242 1
87.520487 118.604365 24.782241 1
97.806793 110.959065 33.744537 1
97.806793 110.959065 33.744537 1
106.572808 141.043132 3.744245 1
115.848457 151.201091 3.926551 1
118.218875 144.864746 5.495572 1
125.123069 126.409205 10.065578 1
122.459714 121.170379 15.183597 1
117.114947 110.657207 25.454338 1
117.114947 110.657207 25.454338 1
92.630179 104.142046 7.669957 1
97.289635 102.966188 25.366898 1
103.059644 101.510072 47.281795 1
99.925927 79.931421 40.678947 1
97.317629 61.970775 35.183171 1
98.182979 55.199121 49.489875 1
99.675267 54.314918 57.020534 1
105.854450 101.762958 4.401772 1
110.571499 102.314279 22.114030 1
116.412772 102.996995 44.047677 1
114.011083 80.385256 40.636290 1
112.052394 61.944317 37.854144 1
119.169364 55.130599 50.272191 1
122.130187 54.245923 57.355361 1
99.720400 104.712900 6.284300 1
100.621245 111.973349 3.541168 1
101.586538 121.626696 0.603870 1
102.493314 131.295736 0.746238 1
104.588429 154.212081 10.424778 1
102.839561 161.017933 13.141500 1
100.014944 180.010899 13.029446 1
99.188931 141.410502 4.466049 1
86.425552 146.003905 6.757741 1
85.447250 139.987828 10.086361 1
82.597801 122.465111 19.781457 1
87.673254 118.728812 24.365403 1
97.858584 111.230873 33.564393 1
97.858584 111.230873 33.564393 1
107.265326 141.211885 3.188028 1
116.243459 151.634289 3.335236 1
118.448257 145.255916 4.973892 1
124.870057 126.677961 9.746721 1
122.234932 121.447819 14.888181 1
116.946815 110.952075 25.205963 1
116.946815 110.952075 25.205963 1
92.696429 104.568157 7.373892 1
97.232152 103.203493 25.089417 1
102.848936 101.513570 47.027326 1
99.716581 79.900623 40.536963 1
97.109416 61.911431 35.134811 1
98.080074 55.128507 49.429414 1
99.613073 54.244018 56.951858 1
105.893263 101.779289 4.326235 1
110.495684 102.327846 22.068709 1
116.195008 103.007139 44.039774 1
113.876878 80.390588 40.602572 1
111.986335 61.945727 37.799371 1
119.116108 55.131918 50.210021 1
122.084323 54.247221 57.290095 1
99.837800 104.884900 6.019210 1
101.006435 112.097635 3.251329 1
102.250904 121.700308 0.253568 1
103.261440 131.360055 0.284673 1
105.116676 154.459505 9.568853 1
103.014509 161.190319 12.221358 1
99.878528 180.130279 11.812311 1
99.866259 141.543348 3.725272 1
86.878137 145.696332 5.546392 1
85.846464 139.773942 9.023593 1
82.841561 122.524107 19.151454 1
87.907280 118.881016 23.820405 1
98.073075 111.570126 33.189981 1
98.073075 111.570126 33.189981 1
107.971988 141.323287 2.653045 1
116.729033 151.931812 2.821597 1
118.820469 145.527139 4.505649 1
124.912085 126.872581 9.410702 1
122.244494 121.648979 14.542058 1
116.891225 111.166358 24.839563 1
116.891225 111.166358 24.839563 1
92.793493 104.956357 6.976794 1
97.171723 103.432770 24.718967 1
102.593477 101.546046 46.689876 1
99.555231 79.862516 40.393085 1
97.026395 61.814576 35.152052 1
98.145778 55.010850 49.425881 1
99.728604 54.126070 56.937964 1
105.955743 101.756317 4.195184 1
110.445889 102.333266 21.965505 1
116.006180 103.047717 43.971053 1
113.781552 80.418204 40.557456 1
111.967265 61.962772 37.773507 1
119.099974 55.148718 50.182336 1
122.070044 54.263949 57.261622 1
99.957600 105.079000 5.680290 1
101.345172 112.238834 2.876391 1
102.825575 121.786668 -0.188550 1
103.929944 131.435939 -0.257828 1
105.594604 154.679162 8.697839 1
103.180010 161.323913 11.300870 1
99.739554 180.202957 10.616229 1
100.470519 141.682483 2.921031 1
87.285360 145.383004 4.229770 1
86.179567 139.525390 7.792851 1
82.958780 122.464220 18.170850 1
88.041573 118.994560 22.952000 1
98.241631 112.031707 32.546736 1
98.241631 112.031707 32.546736 1
108.602228 141.424715 2.078530 1
117.196329 152.164950 2.287869 1
119.209304 145.742209 3.998511 1
125.072391 127.035024 8.981009 1
122.342675 121.826605 14.095097 1
116.864735 111.374453 24.357949 1
116.864735 111.374453 24.357949 1
92.897748 105.314322 6.484925 1
97.137301 103.697356 24.252495 1
102.387326 101.694997 46.254853 1
99.443980 79.905319 40.288057 1
96.994134 61.769029 35.321690 1
98.213559 54.954299 49.582067 1
99.833507 54.069400 57.086218 1
106.042131 101.799971 4.015724 1
110.359130 102.365624 21.829262 1
115.705008 103.066087 43.888327 1
113.615388 80.422026 40.485913 1
111.911204 61.954728 37.711085 1
118.986318 55.140976 50.153008 1
121.923336 54.256303 57.246082 1
100.002900 105.398500 5.123740 1
101.545051 112.516785 2.294921 1
103.195309 122.020111 -0.821174 1
104.360791 131.661247 -0.972831 1
105.831026 155.024432 7.700257 1
103.226245 161.623793 10.234482 1
99.521560 180.444960 9.361108 1
100.840301 141.960951 1.957476 1
87.524346 145.323396 2.753946 1
86.383526 139.503952 6.368165 1
83.060716 122.553963 16.895113 1
88.140642 119.270460 21.808938 1
98.334948 112.681184 31.669923 1
98.334948 112.681184 31.669923 1
108.992567 141.669626 1.360288 1
117.483800 152.488911 1.671845 1
119.452244 146.054238 3.389452 1
125.185627 127.312298 8.392239 1
122.377485 122.105468 13.465318 1
116.742163 111.656503 23.645875 1
116.742163 111.656503 23.645875 1
92.930988 105.732061 5.772680 1
96.910752 104.091576 23.598088 1
101.839069 102.060093 45.672072 1
99.190894 80.096018 40.229410 1
96.986728 61.814571 35.699296 1
98.174713 55.000766 49.962769 1
99.779549 54.115833 57.470162 1
106.078344 102.027310 3.617623 1
110.163291 102.547539 21.487183 1
115.221810 103.191752 43.615621 1
113.329347 80.514449 40.320936 1
111.785954 62.020041 37.633964 1
118.735904 55.206292 50.146235 1
121.601628 54.321623 57.268413 1
100.182900 105.524100 4.630970 1
101.818779 112.617888 1.793277 1
103.545524 122.097966 -1.352049 1
104.656693 131.744373 -1.564139 1
105.604843 155.221064 6.872002 1
103.117986 161.891169 9.338576 1
99.299765 180.678945 8.259488 1
100.933512 142.033670 1.143763 1
87.659686 145.618048 1.605114 1
86.624228 139.780491 5.221843 1
83.608301 122.777743 15.756101 1
88.659371 119.685991 20.821718 1
98.795768 113.481517 30.987317 1
98.795768 113.481517 30.987317 1
109.102353 141.833837 0.781763 1
117.786948 152.494934 1.198748 1
119.772416 146.063056 2.907209 1
125.555385 127.329261 7.883355 1
122.676234 122.160334 12.955392 1
116.898412 111.787434 23.133858 1
116.898412 111.787434 23.133858 1
93.100611 105.895041 5.128879 1
96.778266 104.267946 23.020282 1
101.332468 102.253044 45.175990 1
98.948208 80.169307 40.108460 1
96.963708 61.788262 35.890582 1
98.005372 54.974626 50.165567 1
99.533198 54.089763 57.689019 1
106.272211 102.115192 3.273040 1
110.008509 102.604703 21.219600 1
114.635287 103.210878 43.443392 1
113.059505 80.507405 40.162285 1
111.774381 61.991654 37.486388 1
118.507297 55.177962 50.116801 1
121.249663 54.293332 57.287385 1
100.378600 105.546200 4.109460 1
102.030337 112.629300 1.254310 1
103.745234 122.098778 -1.929197 1
104.735167 131.756716 -2.206909 1
105.041734 155.336143 5.986939 1
102.944221 162.146460 8.432090 1
99.052423 180.909553 7.197572 1
100.765475 142.013875 0.262236 1
87.635395 146.116300 0.423972 1
86.799814 140.237985 4.026359 1
84.366058 123.116524 14.518844 1
89.309412 120.239820 19.812288 1
99.229647 114.466903 30.435086 1
99.229647 114.466903 30.435086 1
108.943880 141.941154 0.165517 1
118.002464 152.279514 0.727130 1
120.060325 145.866520 2.420849 1
126.054148 127.187725 7.354058 1
123.068591 122.053381 12.399635 1
117.077235 111.749882 22.524999 1
117.077235 111.749882 22.524999 1
93.284362 105.870954 4.442107 1
96.608039 104.349206 22.411870 1
100.723894 102.464759 44.664613 1
98.614641 80.262094 40.011796 1
96.859038 61.782060 36.139098 1
97.645718 54.968312 50.430350 1
99.038798 54.083464 57.979915 1
106.520793 102.170012 2.918179 1
109.865545 102.642309 20.942279 1
114.007457 103.227166 43.262089 1
112.699796 80.505502 39.989099 1
111.633337 61.974916 37.319821 1
118.072398 55.160982 50.102414 1
120.648595 54.276349 57.334361 1
100.545500 105.517800 3.602480 1
102.154627 112.602168 0.726220 1
103.786523 122.070201 -2.504857 1
104.595029 131.742196 -2.867741 1
104.141140 155.427064 5.009028 1
102.654697 162.388728 7.475700 1
98.832130 181.158967 6.137828 1
100.335145 141.945540 -0.674663 1
87.471628 146.821764 -0.760931 1
86.935403 140.902301 2.831059 1
85.373569 123.660990 13.293263 1
90.227930 120.994353 18.775684 1
99.969576 115.642992 29.777717 1
99.969576 115.642992 29.777717 1
108.511870 142.041998 -0.493531 1
118.057681 151.921355 0.235072 1
120.198904 145.535201 1.926868 1
126.435532 126.934582 6.854474 1
123.378191 121.884239 11.941671 1
117.242780 111.749310 22.150559 1
117.242780 111.749310 22.150559 1
93.441030 105.732144 3.760257 1
96.392680 104.365041 21.807243 1
100.047837 102.672098 44.155615 1
98.293192 80.354892 39.922473 1
96.832741 61.779521 36.399084 1
97.309937 54.965851 50.704051 1
98.539496 54.080973 58.281962 1
106.767281 102.230138 2.590030 1
109.682615 102.686509 20.688956 1
113.292768 103.251646 43.101427 1
112.283020 80.517406 39.810347 1
111.459523 61.976564 37.126315 1
117.572926 55.166109 50.069650 1
119.959746 54.281480 57.366289 1
100.688200 105.430800 3.080770 1
102.204947 112.526903 0.183320 1
103.701229 121.998661 -3.102034 1
104.296846 131.681527 -3.571279 1
103.060863 155.469566 3.900272 1
102.369982 162.532368 6.429749 1
98.719060 181.330377 5.005186 1
99.745341 141.821444 -1.692358 1
87.277939 147.629667 -1.981295 1
87.116108 141.677446 1.592898 1
86.644751 124.340724 12.003264 1
91.406795 121.865601 17.653877 1
100.963178 116.898570 28.993435 1
100.963178 116.898570 28.993435 1
107.906816 142.100381 -1.230330 1
117.989034 151.416740 -0.330664 1
120.243010 145.064155 1.340932 1
126.808047 126.561313 6.209704 1
123.644801 121.629788 11.348460 1
117.296862 111.733302 21.660816 1
117.296862 111.733302 21.660816 1
93.578953 105.481378 3.061196 1
96.151752 104.312605 21.179959 1
99.337762 102.865261 43.617216 1
97.913765 80.455433 39.766527 1
96.728524 61.802970 36.561466 1
96.844578 54.989211 50.873877 1
97.882307 54.104359 58.480435 1
107.007264 102.280357 2.251027 1
109.445490 102.736578 20.420382 1
112.464825 103.301529 42.920069 1
111.790894 80.561923 39.580518 1
111.241272 62.016704 36.856958 1
117.007196 55.216428 49.964065 1
119.183416 54.332098 57.326297 1
100.753000 105.291200 2.600786 1
102.186001 112.395283 -0.319648 1
103.539594 121.868476 -3.662254 1
103.876788 131.557676 -4.244103 1
101.647508 155.407301 2.787838 1
101.999017 162.479573 5.360416 1
98.588876 181.317524 3.868335 1
98.955264 141.580565 -2.699842 1
87.137007 148.609677 -3.118683 1
87.406741 142.633973 0.409513 1
88.192381 125.228850 10.685909 1
92.879407 122.908912 16.463658 1
102.285247 118.253301 28.058351 1
102.285247 118.253301 28.058351 1
107.081708 142.116699 -1.941939 1
117.824066 150.649544 -0.918539 1
120.225114 144.347780 0.740590 1
127.218521 125.992958 5.573047 1
123.922158 121.235115 10.791264 1
117.307082 111.687168 21.263081 1
117.307082 111.687168 21.263081 1
93.647570 105.178424 2.389875 1
95.864695 104.237070 20.568795 1
98.610256 103.071350 43.080546 1
97.606682 80.557596 39.736943 1
96.771373 61.818632 36.953948 1
96.568575 55.005064 51.265484 1
97.436789 54.120248 58.893253 1
107.162125 102.279663 1.969845 1
109.162785 102.760888 20.191929 1
111.640266 103.356801 42.756911 1
111.297326 80.615207 39.380708 1
111.017643 62.068367 36.627255 1
116.476584 55.281663 49.872123 1
118.460565 54.397620 57.288505 1
100.903600 104.895400 2.195780 1
102.248253 112.050406 -0.641158 1
103.483112 121.550937 -3.951996 1
103.689537 131.235651 -4.656660 1
101.158728 155.243986 1.700804 1
101.871585 162.227606 4.435694 1
98.804895 181.122961 2.924143 1
98.647867 141.240461 -3.411759 1
86.871725 148.326611 -4.015087 1
87.318889 142.332070 -0.537230 1
88.621320 124.872082 9.592545 1
93.335830 122.719241 15.412458 1
102.796824 118.398957 27.091764 1
102.796824 118.398957 27.091764 1
106.764258 141.890477 -2.635469 1
117.844282 149.970530 -1.539635 1
120.235486 143.656791 0.087881 1
127.200222 125.267090 4.828261 1
123.798225 120.779288 10.215183 1
116.971165 111.773257 21.025553 1
116.971165 111.773257 21.025553 1
93.805347 104.654392 1.877902 1
95.664382 103.976642 20.108633 1
97.966507 103.137355 42.684545 1
97.331727 80.557817 39.715115 1
96.803379 61.764100 37.243556 1
96.277872 54.950631 51.546926 1
96.973836 54.065869 59.192343 1
107.375802 102.007529 1.634415 1
108.963534 102.607056 19.893611 1
110.929675 103.349467 42.504550 1
110.914847 80.598337 39.175541 1
110.902755 62.043719 36.460578 1
116.084912 55.268981 49.822242 1
117.896394 54.385056 57.282647 1
100.905100 104.490500 1.948833 1
102.144716 111.706321 -0.779848 1
103.266017 121.239221 -4.037626 1
103.405223 130.915461 -4.864580 1
100.886693 155.104242 0.773003 1
101.698436 161.989362 3.721721 1
99.067019 180.948111 2.183783 1
98.366233 140.953678 -3.912107 1
86.408993 147.708900 -4.716128 1
86.979111 141.708918 -1.265743 1
88.639663 124.233082 8.784012 1
93.322268 122.188585 14.668395 1
102.719235 118.085724 26.477078 1
102.719235 118.085724 26.477078 1
106.483995 141.625891 -3.169800 1
117.841027 149.307398 -2.044044 1
120.149281 142.942139 -0.499564 1
126.872413 124.402382 3.998965 1
123.397879 120.268820 9.618052 1
116.425252 111.973669 20.894328 1
116.425252 111.973669 20.894328 1
93.816828 104.118941 1.545512 1
95.334529 103.746219 19.816598 1
97.213964 103.284662 42.442482 1
96.940494 80.668115 39.708806 1
96.712875 61.843593 37.433473 1
95.854504 55.030006 51.720675 1
96.372503 54.145103 59.380191 1
107.437342 101.733651 1.425448 1
108.675231 102.507685 19.705139 1
110.208151 103.466193 42.341456 1
110.466625 80.707710 39.073259 1
110.677424 62.147097 36.407891 1
115.616435 55.382648 49.866506 1
117.277805 54.499007 57.361801 1
100.782400 104.043600 1.892796 1
101.975496 111.294771 -0.761908 1
103.016338 120.846889 -3.989957 1
103.019319 130.514776 -4.919907 1
100.042897 154.781677 0.127958 1
101.368256 161.547416 3.165547 1
99.133153 180.552476 1.573139 1
97.804466 140.485702 -4.248793 1
86.007927 147.501685 -5.182979 1
86.815791 141.496941 -1.788811 1
89.168815 124.007235 8.097205 1
93.765359 122.092441 14.092041 1
102.989621 118.249865 26.122380 1
102.989621 118.249865 26.122380 1
105.902314 141.312161 -3.447068 1
117.677328 148.309752 -2.167291 1
119.853532 141.853954 -0.819412 1
126.192047 123.050486 3.106487 1
122.735645 119.344062 9.026670 1
115.799404 111.906084 20.907180 1
115.799404 111.906084 20.907180 1
93.707722 103.583612 1.362073 1
95.017745 103.455072 19.652569 1
96.640004 103.295895 42.302490 1
96.664075 80.663041 39.693029 1
96.684112 61.824945 37.521085 1
95.612684 55.011184 51.793807 1
96.016045 54.126296 59.460217 1
107.358172 101.375197 1.464795 1
108.385499 102.299648 19.750543 1
109.657673 103.444424 42.394361 1
110.175010 80.689205 39.134171 1
110.596923 62.131254 36.475333 1
115.383101 55.369571 49.990437 1
116.955350 54.485927 57.504932 1
100.627900 103.704600 2.013980 1
101.785868 110.976288 -0.599847 1
102.761275 120.534507 -3.830269 1
102.639709 130.190229 -4.871957 1
99.221634 154.507535 -0.376641 1
100.999108 161.165364 2.668460 1
99.125348 180.207129 1.048577 1
97.257178 140.085976 -4.463323 1
85.620710 147.342403 -5.555076 1
86.609274 141.346145 -2.193887 1
89.488614 123.881155 7.596076 1
94.105338 122.059329 13.604364 1
103.370096 118.403321 25.661698 1
103.370096 118.403321 25.661698 1
105.332666 141.062777 -3.606996 1
117.499708 147.330789 -2.217700 1
119.407632 140.746628 -1.104771 1
124.964743 121.569282 2.136800 1
121.617005 118.332103 8.385496 1
114.898832 111.835796 20.925256 1
114.898832 111.835796 20.925256 1
93.570014 103.164643 1.351389 1
94.750763 103.225991 19.651033 1
96.212936 103.301961 42.312283 1
96.460404 80.665278 39.748048 1
96.666380 61.823996 37.613747 1
95.444482 55.010309 51.874411 1
95.767072 54.125423 59.544644 1
107.240866 101.113272 1.700870 1
108.131537 102.143824 19.988113 1
109.234485 103.419987 42.633782 1
109.951213 80.686842 39.259336 1
110.535738 62.146893 36.507317 1
115.244229 55.390996 50.052569 1
116.764996 54.507411 57.577659 1
100.501300 103.470800 2.264113 1
101.622110 110.752062 -0.339236 1
102.536381 120.307549 -3.595519 1
102.307427 129.949708 -4.739730 1
98.517989 154.290263 -0.690034 1
100.660387 160.884632 2.256689 1
99.095468 179.948278 0.567848 1
96.785584 139.774930 -4.542995 1
85.325260 147.279236 -5.808458 1
86.429284 141.291635 -2.467839 1
89.644917 123.851860 7.262206 1
94.405537 122.075858 13.171101 1
103.959062 118.511807 25.028974 1
103.959062 118.511807 25.028974 1
104.839734 140.878811 -3.641296 1
117.330282 146.465707 -2.217269 1
118.962870 139.771697 -1.348445 1
123.718024 120.274402 1.182134 1
120.219908 117.484843 7.562919 1
113.199958 111.886812 20.367754 1
113.199958 111.886812 20.367754 1
93.462312 102.850679 1.481533 1
94.527819 103.055873 19.787201 1
95.847283 103.309973 42.455911 1
96.413382 80.691790 39.781348 1
96.884566 61.865906 37.555218 1
95.526594 55.052711 51.803803 1
95.775937 54.168094 59.476797 1
107.147353 100.953712 2.067710 1
107.926914 102.054241 20.355949 1
108.892271 103.417060 43.002852 1
109.751786 80.719101 39.430689 1
110.452761 62.207848 36.517421 1
115.116324 55.461270 50.082847 1
116.599368 54.577957 57.615493 1
100.446300 103.205700 2.704826 1
101.527854 110.491476 0.097503 1
102.385579 120.039188 -3.196751 1
102.071902 129.666398 -4.442256 1
98.014701 154.028194 -0.800210 1
100.458686 160.555122 2.060716 1
99.161153 179.630412 0.279290 1
96.448669 139.435915 -4.427105 1
85.155356 147.175876 -5.772143 1
86.317866 141.181697 -2.463313 1
89.703849 123.722762 7.174142 1
94.701101 121.935300 12.880732 1
104.729498 118.348254 24.332623 1
104.729498 118.348254 24.332623 1
104.486942 140.637273 -3.508485 1
117.254803 145.537544 -2.017138 1
118.616169 138.765689 -1.296980 1
122.581349 119.041658 0.800586 1
118.896705 116.615922 7.224921 1
111.502436 111.748003 20.117151 1
111.502436 111.748003 20.117151 1
93.424940 102.512258 1.830773 1
94.342517 102.829632 20.142852 1
95.478792 103.222650 42.819500 1
96.339008 80.637844 39.948517 1
97.054995 61.839741 37.558899 1
95.546258 55.025327 51.791727 1
95.714359 54.140053 59.466855 1
107.119485 100.755689 2.602990 1
107.798524 101.913949 20.891672 1
108.639401 103.348257 43.539125 1
109.624444 80.690968 39.747898 1
110.427793 62.212883 36.655974 1
115.070104 55.476562 50.233781 1
116.526783 54.593273 57.771573 1
100.419100 103.061000 3.019760 1
101.470749 110.342544 0.388492 1
102.286290 119.873874 -2.963409 1
101.914207 129.484357 -4.317306 1
97.684727 153.872586 -1.069501 1
100.368638 160.330714 1.731920 1
99.260039 179.410445 -0.127823 1
96.224800 139.214339 -4.467415 1
85.057672 147.128932 -5.849271 1
86.234703 141.124831 -2.563644 1
89.662980 123.637000 7.006231 1
94.942246 121.773968 12.427594 1
105.536583 118.035268 23.307098 1
105.536583 118.035268 23.307098 1
104.252933 140.484853 -3.553186 1
117.195616 144.877695 -1.989549 1
118.416490 138.073417 -1.325297 1
121.972468 118.254948 0.609436 1
117.964494 116.078210 6.928520 1
109.921371 111.709975 19.609535 1
109.921371 111.709975 19.609535 1
93.411992 102.310077 2.081205 1
94.272018 102.697615 20.394727 1
95.337026 103.177520 43.073162 1
96.284471 80.615202 40.056521 1
97.073062 61.835817 37.545668 1
95.481057 55.021900 51.769660 1
95.604176 54.136916 59.445675 1
107.111300 100.661389 2.994023 1
107.711765 101.851075 21.283437 1
108.455343 103.324298 43.931795 1
109.505733 80.705457 39.934150 1
110.362375 62.258728 36.673882 1
115.041942 55.541364 50.248292 1
116.494163 54.658607 57.787007 1
100.393000 102.957500 3.263240 1
101.442147 110.228598 0.602255 1
102.251185 119.738914 -2.810363 1
101.861134 129.333582 -4.267436 1
97.571521 153.756965 -1.382987 1
100.377629 160.173012 1.395294 1
99.451724 179.254486 -0.544766 1
96.146916 139.045771 -4.559887 1
84.948532 146.908425 -5.984639 1
86.118621 140.920900 -2.666446 1
89.526679 123.481346 6.998281 1
94.998316 121.601814 12.219514 1
105.978698 117.830002 22.697399 1
105.978698 117.830002 22.697399 1
104.172318 140.350189 -3.669742 1
117.188211 144.532157 -2.135880 1
118.517163 137.755772 -1.398001 1
122.387934 118.018549 0.751182 1
118.062998 115.960827 6.898831 1
109.383804 111.831434 19.235813 1
109.383804 111.831434 19.235813 1
93.391964 102.187591 2.295218 1
94.241939 102.614013 20.608345 1
95.294501 103.142070 43.286291 1
96.373059 80.601880 40.150605 1
97.270779 61.840913 37.540666 1
95.677010 55.027202 51.764559 1
95.799209 54.142317 59.440600 1
107.090153 100.571674 3.280536 1
107.718491 101.778729 21.567876 1
108.496582 103.273461 44.213665 1
109.484837 80.688770 40.012295 1
110.290805 62.269891 36.585880 1
115.012294 55.555170 50.147073 1
116.484894 54.672707 57.681868 1
100.337500 102.967800 3.335810 1
101.414657 110.218006 0.629398 1
102.260531 119.698898 -2.855397 1
101.911374 129.280240 -4.407437 1
97.749117 153.758484 -1.816368 1
100.506289 160.225925 0.890837 1
99.740438 179.319370 -1.000621 1
96.243377 139.015786 -4.804178 1
84.851944 146.578805 -6.317793 1
85.975226 140.649500 -2.881000 1
89.246952 123.379521 7.129169 1
94.557498 121.400012 12.478222 1
105.214606 117.427568 23.212615 1
105.214606 117.427568 23.212615 1
104.277740 140.292054 -3.955001 1
117.280336 144.563582 -2.561591 1
118.754757 137.837330 -1.659597 1
123.049224 118.246127 0.967595 1
118.708409 116.118111 7.080021 1
109.997347 111.847652 19.346318 1
109.997347 111.847652 19.346318 1
93.334620 102.216461 2.366534 1
94.196017 102.615833 20.679737 1
95.262723 103.110392 43.357777 1
96.456947 80.587886 40.138067 1
97.450940 61.841638 37.458192 1
95.901880 55.028079 51.687097 1
96.048324 54.143234 59.362719 1
107.026153 100.558490 3.374254 1
107.735211 101.773024 21.658146 1
108.613262 103.277017 44.299667 1
109.563902 80.694524 40.077846 1
110.339193 62.277439 36.634752 1
115.139742 55.564950 50.169268 1
116.653357 54.682541 57.695937 1
100.297100 103.024600 3.341800 1
101.412766 110.250169 0.585560 1
102.321076 119.699046 -2.969761 1
102.062548 129.269423 -4.604967 1
98.218602 153.823435 -2.249745 1
100.673975 160.437963 0.391827 1
99.959720 179.536734 -1.465745 1
96.514085 139.070343 -5.075046 1
84.820772 146.124605 -6.736026 1
85.853856 140.255265 -3.170420 1
88.862868 123.159941 7.214935 1
93.990180 121.095592 12.708737 1
104.279577 116.952893 23.733609 1
104.279577 116.952893 23.733609 1
104.568012 140.254939 -4.280097 1
117.508310 144.769185 -3.086233 1
119.010932 138.076780 -1.998202 1
123.387541 118.584160 1.170848 1
119.201945 116.280313 7.327629 1
110.802373 111.656998 19.682936 1
110.802373 111.656998 19.682936 1
93.289411 102.305912 2.382572 1
94.129477 102.664385 20.697612 1
95.169767 103.108297 43.377928 1
96.413437 80.589488 40.151089 1
97.448587 61.846317 37.465280 1
95.911273 55.033480 51.695805 1
96.064569 54.148842 59.371316 1
106.972205 100.578215 3.391857 1
107.787534 101.786329 21.671744 1
108.797184 103.282373 44.308305 1
109.678485 80.695696 40.093835 1
110.397229 62.275197 36.656737 1
115.274028 55.559280 50.162262 1
116.834451 54.676741 57.679351 1
100.323200 103.035800 3.326830 1
101.470686 110.243756 0.537732 1
102.450171 119.666192 -3.068500 1
102.326237 129.227597 -4.770568 1
99.004749 153.876280 -2.618213 1
100.958848 160.681336 -0.043053 1
100.099090 179.768278 -1.959631 1
96.977904 139.136383 -5.295670 1
84.924040 145.514717 -7.105716 1
85.808587 139.671130 -3.458794 1
88.384962 122.650818 7.163406 1
93.500006 120.621389 12.681599 1
103.764785 116.548767 23.755420 1
103.764785 116.548767 23.755420 1
105.059625 140.161498 -4.563638 1
117.912629 144.975659 -3.625976 1
119.357167 138.298786 -2.375917 1
123.564596 118.851404 1.265062 1
119.507190 116.431007 7.462805 1
111.364869 111.573802 19.900313 1
111.364869 111.573802 19.900313 1
93.309473 102.350565 2.387459 1
94.091078 102.686175 20.705521 1
95.058975 103.101776 43.389577 1
96.343366 80.583853 40.172522 1
97.412410 61.841419 37.494857 1
95.860706 55.027226 51.723170 1
96.005634 54.142070 59.398785 1
106.985268 100.554022 3.371072 1
107.868881 101.773185 21.647052 1
108.963089 103.282911 44.278775 1
109.784763 80.689208 40.089993 1
110.454876 62.262980 36.673844 1
115.379587 55.543010 50.159953 1
116.971427 54.660126 57.670411 1
100.441900 103.014500 3.327310 1
101.573711 110.232214 0.557105 1
102.566589 119.653851 -3.047552 1
102.529059 129.207688 -4.795588 1
99.616505 153.927871 -2.884542 1
101.202295 160.840971 -0.344253 1
100.008817 179.897888 -2.377303 1
97.342768 139.197154 -5.409920 1
85.042384 145.054561 -7.319469 1
85.815840 139.216594 -3.638454 1
88.068643 122.212650 7.083049 1
93.190655 120.188349 12.596662 1
103.469414 116.126018 23.661290 1
103.469414 116.126018 23.661290 1
105.441714 140.096786 -4.703737 1
118.265284 145.010135 -3.885142 1
119.650406 138.331622 -2.577907 1
123.684779 118.879462 1.229607 1
119.625662 116.446507 7.421310 1
111.479908 111.564102 19.846697 1
111.479908 111.564102 19.846697 1
93.425100 102.327363 2.412598 1
94.149134 102.675353 20.732794 1
95.045736 103.106284 43.419495 1
96.323729 80.586488 40.213019 1
97.387446 61.842495 37.544161 1
95.793682 55.028963 51.768141 1
95.916025 54.144126 59.444185 1
107.105802 100.537279 3.338035 1
107.996607 101.764645 21.613117 1
109.099721 103.284528 44.243727 1
109.835826 80.685142 40.069718 1
110.436155 62.254279 36.665617 1
115.351227 55.532594 50.154387 1
116.941097 54.650120 57.665311 1
100.560200 102.991900 3.332500 1
101.679850 110.213853 0.568409 1
102.686513 119.629524 -3.047995 1
102.725154 129.173728 -4.847864 1
100.177985 153.951162 -3.170606 1
101.445674 160.927781 -0.625317 1
99.910227 179.935902 -2.874207 1
97.682135 139.231008 -5.543210 1
85.146356 144.553018 -7.488851 1
85.829921 138.698655 -3.816094 1
87.820905 121.646957 6.881356 1
92.914496 119.656596 12.433518 1
103.136223 115.662374 23.575509 1
103.136223 115.662374 23.575509 1
105.795681 140.019726 -4.872961 1
118.623609 144.933282 -4.127105 1
119.927506 138.243633 -2.793532 1
123.725301 118.759039 1.090697 1
119.662417 116.351961 7.290037 1
111.509103 111.521483 19.730752 1
111.509103 111.521483 19.730752 1
93.542255 102.299283 2.430799 1
94.234563 102.648189 20.752204 1
95.091877 103.080255 43.440402 1
96.330849 80.570157 40.151567 1
97.362088 61.834237 37.414157 1
95.730510 55.020470 51.633737 1
95.832242 54.135577 59.310076 1
107.226409 100.520876 3.327257 1
108.111022 101.752072 21.602382 1
109.206469 103.276699 44.233045 1
109.891135 80.676506 40.054655 1
110.449514 62.244985 36.646981 1
115.350907 55.522507 50.140332 1
116.934019 54.639936 57.652672 1
100.607800 102.993900 3.312700 1
101.726853 110.227664 0.579424 1
102.755757 119.647930 -3.018709 1
102.871883 129.186681 -4.843975 1
100.676969 154.009189 -3.344660 1
101.661201 161.026327 -0.785403 1
99.838964 179.971523 -3.331533 1
97.965179 139.307467 -5.591217 1
85.179709 144.000682 -7.530431 1
85.780292 138.113420 -3.895955 1
87.529576 120.965898 6.689995 1
92.553939 119.082067 12.341515 1
102.636740 115.301629 23.682894 1
102.636740 115.301629 23.682894 1
106.092228 139.988459 -4.968097 1
118.924548 144.903254 -4.311281 1
120.141132 138.200338 -2.961904 1
123.684613 118.677105 0.968355 1
119.666603 116.302676 7.209393 1
111.603340 111.537720 19.733787 1
111.603340 111.537720 19.733787 1
93.584537 102.317636 2.440477 1
94.265833 102.666125 20.762303 1
95.109512 103.097673 43.451021 1
96.306941 80.586240 40.155948 1
97.303602 61.849208 37.413347 1
95.668720 55.035497 51.632574 1
95.768942 54.150538 59.308925 1
107.269675 100.511688 3.263879 1
108.157211 101.756591 21.537934 1
109.256278 103.298192 44.167272 1
109.894616 80.690561 40.021913 1
110.415211 62.252974 36.641177 1
115.318225 55.528204 50.132798 1
116.905420 54.645629 57.644275 1
100.620500 103.001200 3.328260 1
101.753456 110.239055 0.611590 1
102.822027 119.657808 -2.978932 1
103.026843 129.191170 -4.824439 1
101.199045 154.050468 -3.447126 1
101.879925 161.108514 -0.901714 1
99.856516 179.994404 -3.721782 1
98.263774 139.378040 -5.602462 1
85.247624 143.398964 -7.517417 1
85.731708 137.473931 -3.927205 1
87.141675 120.216396 6.529817 1
92.118798 118.436233 12.256246 1
102.106798 114.863833 23.747950 1
102.106798 114.863833 23.747950 1
106.402732 139.944265 -5.021333 1
119.221591 144.908751 -4.486758 1
120.380538 138.199841 -3.116599 1
123.756143 118.659146 0.874190 1
119.770111 116.302604 7.142455 1
111.771022 111.573543 19.721485 1
111.771022 111.573543 19.721485 1
93.592714 102.348523 2.474697 1
94.305520 102.684523 20.795557 1
95.188218 103.100606 43.483080 1
96.335908 80.586248 40.190286 1
97.291170 61.846782 37.449581 1
95.694083 55.032926 51.673032 1
95.814353 54.148012 59.349101 1
107.274668 100.499054 3.253174 1
108.204843 101.750413 21.524667 1
109.356708 103.300009 44.150833 1
109.933821 80.691481 40.001396 1
110.404485 62.253161 36.617335 1
115.346629 55.528541 50.094745 1
116.955886 54.646157 57.601550 1
100.621700 103.003500 3.386950 1
101.765711 110.247795 0.692168 1
102.860862 119.668869 -2.884229 1
103.122984 129.198165 -4.743440 1
101.539664 154.079792 -3.470562 1
102.044381 161.151118 -0.920984 1
99.879647 179.986147 -3.967193 1
98.452433 139.426299 -5.540725 1
85.299418 143.007162 -7.392936 1
85.649111 137.049138 -3.841931 1
86.667641 119.695511 6.500895 1
91.637399 117.946877 12.243413 1
101.610619 114.437749 23.767403 1
101.610619 114.437749 23.767403 1
106.599689 139.917585 -5.009875 1
119.452838 144.794286 -4.490839 1
120.621788 138.091045 -3.101561 1
124.026527 118.566865 0.944916 1
120.031097 116.217684 7.209959 1
112.013149 111.503393 19.782525 1
112.013149 111.503393 19.782525 1
93.590444 102.370434 2.547309 1
94.331524 102.687514 20.867384 1
95.249236 103.080168 43.553935 1
96.353512 80.571940 40.204867 1
97.272639 61.837577 37.417323 1
95.702403 55.023772 51.643789 1
95.837477 54.138775 59.319601 1
107.269690 100.485803 3.288144 1
108.229668 101.740049 21.557897 1
109.418441 103.293219 44.181909 1
109.961178 80.684079 40.031165 1
110.403806 62.245261 36.646039 1
115.380167 55.521670 50.111366 1
117.007540 54.639482 57.614287 1
100.630800 102.996500 3.389750 1
101.792196 110.246083 0.716712 1
102.924864 119.669400 -2.842045 1
103.260849 129.195786 -4.704284 1
101.977712 154.097633 -3.490159 1
102.251650 161.183039 -0.944432 1
99.961232 179.971381 -4.181090 1
98.706485 139.476085 -5.502830 1
85.433516 142.625492 -7.281755 1
85.621829 136.652405 -3.743856 1
86.170320 119.254902 6.560800 1
91.162542 117.476118 12.274500 1
101.180842 113.906486 23.740660 1
101.180842 113.906486 23.740660 1
106.861861 139.872756 -5.019670 1
119.726160 144.722706 -4.526875 1
120.884623 138.022143 -3.116066 1
124.258817 118.505759 0.993123 1
120.247173 116.161773 7.249744 1
112.196684 111.457908 19.805409 1
112.196684 111.457908 19.805409 1
93.594978 102.390751 2.568403 1
94.346439 102.691483 20.888331 1
95.277005 103.063892 43.574700 1
96.368086 80.550836 40.253881 1
97.276229 61.812453 37.489850 1
95.737036 54.998682 51.719723 1
95.888667 54.113769 59.395236 1
107.269673 100.456107 3.262881 1
108.288293 101.713630 21.529234 1
109.549685 103.270858 44.149034 1
110.039317 80.654040 40.033668 1
110.438636 62.208960 36.677393 1
115.446758 55.480218 50.128366 1
117.098073 54.597648 57.626009 1
100.630100 103.026200 3.377920 1
101.806810 110.282229 0.729181 1
102.970945 119.710626 -2.805890 1
103.367906 129.236360 -4.659445 1
102.334546 154.150484 -3.459001 1
102.425569 161.251117 -0.942759 1
100.063225 180.005991 -4.318823 1
98.909321 139.559925 -5.440123 1
85.548918 142.365109 -7.138839 1
85.590960 136.383593 -3.610431 1
85.713413 118.961542 6.666582 1
90.721929 117.145922 12.354377 1
100.772930 113.502367 23.768550 1
100.772930 113.502367 23.768550 1
107.070859 139.877471 -5.004913 1
119.957575 144.669064 -4.527190 1
121.086273 137.963393 -3.116524 1
124.373773 118.432132 0.992252 1
120.369053 116.104450 7.259388 1
112.332461 111.433303 19.836153 1
112.332461 111.433303 19.836153 1
93.590222 102.445415 2.573470 1
94.328314 102.727691 20.894236 1
95.242325 103.077245 43.581641 1
96.356401 80.576785 40.183980 1
97.283685 61.848886 37.355990 1
95.752395 55.035232 51.586773 1
95.908391 54.150347 59.262202 1
107.260660 100.465710 3.223340 1
108.346243 101.737104 21.484874 1
109.690557 103.311509 44.098708 1
110.115105 80.689295 40.005828 1
110.461345 62.239816 36.667891 1
115.507041 55.507449 50.102998 1
117.184286 54.624834 57.594878 1
100.627600 102.994400 3.431160 1
101.819554 110.258110 0.810438 1
103.018487 119.693429 -2.694406 1
103.485211 129.219518 -4.529790 1
102.733806 154.142890 -3.311824 1
102.583798 161.258839 -0.842107 1
100.214737 179.994958 -4.316180 1
99.138152 139.592386 -5.285536 1
85.691931 141.996124 -6.921453 1
85.597220 136.004972 -3.410457 1
85.321359 118.554854 6.815840 1
90.328628 116.704174 12.493424 1
100.377125 112.990264 23.887107 1
100.377125 112.990264 23.887107 1
107.304540 139.819062 -4.885925 1
120.177939 144.653340 -4.485432 1
121.269500 137.940208 -3.081038 1
124.448833 118.387217 1.009467 1
120.450597 116.071301 7.285095 1
112.427015 111.423766 19.878903 1
112.427015 111.423766 19.878903 1
93.584098 102.437982 2.641347 1
94.307301 102.708477 20.962884 1
95.202876 103.043442 43.651245 1
96.308534 80.555835 40.166842 1
97.228811 61.838635 37.266656 1
95.700763 55.024850 51.497724 1
95.858282 54.139975 59.173123 1
107.250097 100.414886 3.249596 1
108.392310 101.699702 21.506736 1
109.806750 103.290730 44.115129 1
110.184344 80.667866 40.021242 1
110.492289 62.217856 36.682485 1
115.576664 55.482305 50.101404 1
117.279646 54.599559 57.587460 1
100.609900 102.976600 3.487360 1
101.820187 110.243642 0.884336 1
103.050845 119.680745 -2.604671 1
103.571517 129.205267 -4.433670 1
103.032016 154.134401 -3.221362 1
102.700752 161.243407 -0.749311 1
100.356029 179.973757 -4.270686 1
99.305796 139.613294 -5.169221 1
85.790240 141.653143 -6.726084 1
85.583974 135.643900 -3.250969 1
84.983195 118.141089 6.870816 1
89.989931 116.283488 12.546610 1
100.037357 112.555687 23.936701 1
100.037357 112.555687 23.936701 1
107.475877 139.772895 -4.815311 1
120.342521 144.628367 -4.456275 1
121.404695 137.907121 -3.068253 1
124.498433 118.330496 0.974566 1
120.514441 116.029790 7.264831 1
112.519444 111.412780 19.888012 1
112.519444 111.412780 19.888012 1
93.562408 102.447005 2.714885 1
94.265781 102.700294 21.037440 1
95.136798 103.013953 43.727061 1
96.262966 80.530558 40.222113 1
97.200314 61.816863 37.304825 1
95.681549 55.003223 51.536956 1
95.844339 54.118332 59.212243 1
107.222840 100.374564 3.280582 1
108.424494 101.673126 21.532934 1
109.912540 103.281175 44.135397 1
110.224324 80.656469 40.046150 1
110.478599 62.204957 36.711178 1
115.617625 55.470015 50.109568 1
117.350275 54.587280 57.588815 1
100.608800 102.976800 3.495430 1
101.832246 110.248958 0.912927 1
103.085202 119.690672 -2.555609 1
103.644116 129.214345 -4.377726 1
103.255590 154.147079 -3.181756 1
102.800989 161.238903 -0.680133 1
100.491798 179.975426 -4.192130 1
99.436480 139.646662 -5.103671 1
85.870824 141.375514 -6.600037 1
85.581116 135.344021 -3.169710 1
84.737297 117.776407 6.821623 1
89.749167 115.936444 12.498630 1
99.806898 112.244039 23.891156 1
99.806898 112.244039 23.891156 1
107.608728 139.758632 -4.783078 1
120.473848 144.620795 -4.461998 1
121.515197 137.894883 -3.080816 1
124.548280 118.304667 0.942083 1
120.577564 116.006120 7.241525 1
112.609209 111.393443 19.883122 1
112.609209 111.393443 19.883122 1
93.558198 102.468159 2.737389 1
94.259096 102.712922 21.060155 1
95.127050 103.016023 43.750037 1
96.256466 80.539493 40.202360 1
97.196518 61.831512 37.249507 1
95.687242 55.017830 51.482627 1
95.855219 54.132891 59.157797 1
107.214390 100.358117 3.265192 1
108.436136 101.667521 21.515435 1
109.949065 103.288996 44.115287 1
110.260826 80.667689 40.007283 1
110.515083 62.218948 36.657012 1
115.675861 55.483277 50.046672 1
117.421667 54.600535 57.522858 1
100.622000 102.978000 3.505510 1
101.849590 110.254042 0.935947 1
103.114514 119.698955 -2.519513 1
103.702527 129.221607 -4.337807 1
103.441962 154.156634 -3.155009 1
102.852227 161.222316 -0.608032 1
100.601177 179.968966 -4.103695 1
99.544587 139.674342 -5.056351 1
85.938733 141.102477 -6.504184 1
85.575632 135.048840 -3.120161 1
84.518045 117.416728 6.736307 1
89.523382 115.595230 12.425021 1
99.568001 111.939881 23.841041 1
99.568001 111.939881 23.841041 1
107.718273 139.745787 -4.761897 1
120.569854 144.645668 -4.473675 1
121.603852 137.920043 -3.085585 1
124.615524 118.330667 0.957433 1
120.645570 116.029036 7.256230 1
112.678744 111.410170 19.896531 1
112.678744 111.410170 19.896531 1
93.569393 102.479560 2.759441 1
94.269766 102.719298 21.082293 1
95.137070 103.016175 43.772282 1
96.257588 80.542376 40.204541 1
97.190234 61.836669 37.234987 1
95.686326 55.022710 51.468544 1
95.856840 54.137748 59.143655 1
107.223939 100.351735 3.257594 1
108.456010 101.665725 21.506813 1
109.981723 103.292879 44.105397 1
110.270200 80.670555 40.001291 1
110.505467 62.220985 36.654200 1
115.685564 55.486147 50.036818 1
117.440900 54.603375 57.510768 1
100.647400 102.976500 3.503740 1
101.874444 110.256673 0.945643 1
103.145136 119.704792 -2.498919 1
103.754156 129.226868 -4.313310 1
103.593511 154.163084 -3.137810 1
102.892154 161.211913 -0.572493 1
100.675181 179.971341 -4.021067 1
99.635288 139.695502 -5.025395 1
86.002812 140.886863 -6.436527 1
85.580015 134.819333 -3.084469 1
84.348558 117.146754 6.678897 1
89.355864 115.342704 12.371436 1
99.404437 111.722371 23.795132 1
99.404437 111.722371 23.795132 1
107.809860 139.735191 -4.750175 1
120.642981 144.685077 -4.495820 1
121.673569 137.960251 -3.101338 1
124.675312 118.373202 0.960297 1
120.701309 116.070656 7.256205 1
112.726360 111.449954 19.890711 1
112.726360 111.449954 19.890711 1
93.593640 102.482088 2.765936 1
94.291711 102.729084 21.088779 1
95.156164 103.034951 43.778758 1
96.257803 80.566077 40.174308 1
97.174736 61.864468 37.174201 1
95.671357 55.050294 51.407710 1
95.841882 54.165314 59.082819 1
107.248004 100.348168 3.242540 1
108.502694 101.670233 21.489635 1
110.056416 103.307385 44.085589 1
110.269749 80.691081 39.943885 1
110.443733 62.246420 36.566130 1
115.642854 55.512392 49.941776 1
117.408026 54.629759 57.413426 1
