61 35
112.922900 152.627900 8.189900 1
113.094434 160.113711 8.240949 1
113.303451 170.002454 7.443949 1
113.437746 179.485895 6.773776 1
113.573745 203.921352 7.156192 1
114.082894 210.781492 9.815754 1
113.539775 229.569302 9.522729 1
109.514602 189.754041 5.802619 1
96.522247 193.223267 5.073681 1
95.210039 187.011692 7.505786 1
91.388054 168.919625 14.589629 1
90.374067 161.950949 17.524213 1
88.339224 147.966371 23.413269 1
88.339224 147.966371 23.413269 1
117.519745 189.706803 5.974177 1
130.339264 193.821938 5.667977 1
130.948235 187.380542 7.755622 1
132.721945 168.619089 13.836176 1
133.886858 161.378004 15.936669 1
136.224575 146.846764 20.151890 1
136.224575 146.846764 20.151890 1
106.289495 151.515385 7.103358 1
106.114247 133.573532 7.671445 1
105.897230 111.355326 8.374932 1
106.624978 89.088448 7.331258 1
107.230704 70.555080 6.462576 1
105.431604 64.331353 20.563856 1
105.381233 63.719120 28.104027 1
119.535596 151.210080 7.363849 1
120.196692 133.323500 8.742367 1
121.015349 111.173963 10.449429 1
121.096724 88.682824 9.549067 1
121.163090 70.340136 8.814775 1
122.563636 64.383302 23.075638 1
122.333250 63.880745 30.620609 1
112.862600 152.607800 7.727800 1
113.029351 160.092869 7.851609 1
113.240920 169.988740 7.149386 1
113.383204 179.478130 6.571410 1
113.543194 203.908492 7.194408 1
113.995064 210.741147 9.933871 1
113.437750 229.530770 9.887930 1
109.476801 189.759734 5.678292 1
96.491262 193.243666 4.899719 1
95.157458 187.054071 7.375718 1
91.272571 169.026023 14.587405 1
90.256209 162.081733 17.578434 1
88.216601 148.146094 23.580762 1
88.216601 148.146094 23.580762 1
117.480754 189.701769 5.895895 1
130.284909 193.865032 5.597525 1
130.880957 187.430998 7.711435 1
132.617029 168.690986 13.868489 1
133.771961 161.457153 15.999262 1
136.089648 146.940465 20.275250 1
136.089648 146.940465 20.275250 1
106.236425 151.502164 6.591271 1
106.062162 133.565202 7.297357 1
105.846364 111.353053 8.171735 1
106.597698 89.083021 7.215746 1
107.223055 70.547028 6.420048 1
105.375209 64.381464 20.540562 1
105.296401 63.801116 28.083010 1
119.480928 151.201544 6.927484 1
120.104817 133.323541 8.429120 1
120.877401 111.184627 10.288642 1
120.988196 88.690493 9.469955 1
121.078557 70.345362 8.802272 1
122.346170 64.448857 23.100594 1
122.042990 63.977236 30.644988 1
112.814700 152.595500 7.174100 1
112.985567 160.078427 7.388583 1
113.209260 169.982697 6.821554 1
113.364298 179.480158 6.400802 1
113.551076 203.893580 7.499094 1
113.933068 210.735884 10.225076 1
113.359076 229.524509 10.369091 1
109.474618 189.782265 5.689459 1
96.481338 193.231557 4.886193 1
95.137968 187.039176 7.350024 1
91.225218 169.003013 14.526270 1
90.232755 162.054412 17.515310 1
88.241106 148.110120 23.513645 1
88.241106 148.110120 23.513645 1
117.477389 189.709627 5.943125 1
130.249350 193.975555 5.726241 1
130.776341 187.528250 7.817945 1
132.311274 168.749587 13.910322 1
133.368046 161.499377 16.036375 1
135.488752 146.949826 20.302889 1
135.488752 146.949826 20.302889 1
106.195865 151.508493 5.978372 1
106.053508 133.577738 6.833536 1
105.877221 111.373276 7.892526 1
106.620387 89.096944 7.089119 1
107.238945 70.555707 6.420419 1
105.384663 64.483787 20.580612 1
105.303629 63.952995 28.126686 1
119.437503 151.193957 6.403070 1
120.012613 133.328628 8.066308 1
120.724794 111.205406 10.125948 1
120.862320 88.708193 9.401331 1
120.974481 70.360550 8.810368 1
122.093286 64.522498 23.145048 1
121.709052 64.080699 30.687554 1
112.744600 152.543000 6.451800 1
112.921617 160.019826 6.819398 1
113.158058 169.933705 6.465502 1
113.327590 179.438210 6.269398 1
113.549240 203.814940 7.996322 1
113.841741 210.687492 10.656488 1
113.302698 229.476933 10.826760 1
109.457806 189.761949 5.806548 1
96.469482 193.226879 4.990542 1
95.142803 187.006553 7.392241 1
91.278669 168.888998 14.387522 1
90.346551 161.907749 17.319369 1
88.475999 147.897942 23.202933 1
88.475999 147.897942 23.202933 1
117.459263 189.668907 6.092905 1
130.216227 193.984260 6.016994 1
130.662576 187.507809 8.036163 1
131.962627 168.644254 13.917271 1
132.887796 161.361331 15.992240 1
134.744404 146.746130 20.156241 1
134.744404 146.746130 20.156241 1
106.129793 151.487370 5.206689 1
106.028594 133.567797 6.275433 1
105.903276 111.377182 7.598906 1
106.638779 89.095743 6.943748 1
107.250960 70.550255 6.398441 1
105.462592 64.569579 20.605865 1
105.417438 64.087073 28.155480 1
119.369241 151.150655 5.679895 1
119.895657 133.309753 7.601406 1
120.547537 111.216781 9.980875 1
120.726375 88.717878 9.320590 1
120.872229 70.368857 8.782092 1
121.882142 64.570927 23.141121 1
121.436130 64.148534 30.681338 1
112.637000 152.468600 5.583400 1
112.828112 159.931835 6.160459 1
113.084776 169.851296 6.093056 1
113.270798 179.357045 6.187670 1
113.515173 203.665200 8.699689 1
113.791991 210.558881 11.306324 1
113.164021 229.346314 11.281081 1
109.418523 189.696526 6.032271 1
96.453755 193.251774 5.230284 1
95.174270 186.973071 7.502176 1
91.447591 168.685484 14.119373 1
90.608541 161.637391 16.916299 1
88.924756 147.493443 22.529103 1
88.924756 147.493443 22.529103 1
117.417802 189.581482 6.367333 1
130.178883 193.884150 6.467512 1
130.558535 187.366246 8.363161 1
131.664322 168.381953 13.884498 1
132.450313 161.054865 15.858935 1
134.027619 146.351035 19.821189 1
134.027619 146.351035 19.821189 1
106.023106 151.461909 4.293707 1
105.975101 133.557701 5.597764 1
105.915654 111.386112 7.212637 1
106.641873 89.100414 6.709674 1
107.246325 70.551380 6.291044 1
105.585838 64.673007 20.556566 1
105.609297 64.244500 28.109537 1
119.260676 151.084683 4.788405 1
119.750081 133.276955 7.004805 1
120.356129 111.225063 9.749444 1
120.614427 88.723914 9.201580 1
120.825083 70.373062 8.754767 1
121.755463 64.634219 23.142877 1
121.258402 64.239323 30.681392 1
112.578100 152.372100 4.565500 1
112.770805 159.813097 5.380256 1
113.025874 169.729103 5.652081 1
113.208699 179.224078 6.115604 1
113.437263 203.400389 9.680719 1
113.723486 210.332982 12.180970 1
113.022592 229.115170 11.863468 1
109.351610 189.558935 6.403057 1
96.426348 193.276168 5.704508 1
95.224979 186.898129 7.728865 1
91.725827 168.321212 13.625083 1
91.102672 161.157167 16.172737 1
89.852142 146.780527 21.285308 1
89.852142 146.780527 21.285308 1
117.350413 189.432827 6.745422 1
130.137932 193.649035 7.012093 1
130.477485 187.085637 8.751976 1
131.466481 167.968835 13.819625 1
132.134507 160.594487 15.656777 1
133.475084 145.795815 19.343531 1
133.475084 145.795815 19.343531 1
105.959896 151.406110 3.266823 1
105.948822 133.522653 4.830592 1
105.935109 111.376761 6.767076 1
106.653949 89.088050 6.407385 1
107.252260 70.536510 6.108004 1
105.771148 64.777913 20.441967 1
105.889910 64.412499 27.997356 1
119.199095 151.015365 3.704090 1
119.637709 133.253804 6.273462 1
120.180861 111.259082 9.455196 1
120.512515 88.755612 9.064738 1
120.782997 70.402868 8.746299 1
121.680956 64.743124 23.167763 1
121.157570 64.386075 30.706383 1
112.636300 152.205300 3.364800 1
112.821301 159.605849 4.490433 1
113.056142 169.500895 5.196855 1
113.226785 178.963020 6.114411 1
113.460518 202.921596 10.929836 1
113.694208 209.905386 13.289089 1
112.969867 228.677749 12.628507 1
109.359742 189.262069 6.977312 1
96.443212 193.045911 6.514743 1
95.309837 186.542316 8.139364 1
92.008725 167.599698 12.871297 1
91.693251 160.275157 14.981741 1
91.060169 145.576438 19.216933 1
91.060169 145.576438 19.216933 1
117.361721 189.132555 7.233287 1
130.158108 193.309979 7.645333 1
130.461100 186.696987 9.193631 1
131.343608 167.435739 13.703264 1
131.846099 160.010281 15.380307 1
132.854485 145.109043 18.745757 1
132.854485 145.109043 18.745757 1
106.002851 151.273923 2.119722 1
105.998790 133.430246 4.086122 1
105.993761 111.333616 6.521203 1
106.661971 89.043158 6.172382 1
107.218141 70.490163 5.882048 1
106.027507 64.842424 20.287015 1
106.303973 64.533605 27.840804 1
119.247889 150.907223 2.353755 1
119.557942 133.214307 5.375628 1
119.941893 111.304592 9.117711 1
120.350361 88.799925 8.913520 1
120.683490 70.446203 8.746991 1
121.593066 64.816285 23.179396 1
121.064639 64.470552 30.718193 1
112.728400 151.882300 1.944800 1
112.967009 159.221878 3.408718 1
113.246443 169.067858 4.610682 1
113.450722 178.459042 6.082675 1
113.786517 202.037563 12.501158 1
113.785773 209.105367 14.608328 1
113.100858 227.864898 13.621660 1
109.601658 188.669517 7.725825 1
96.622974 192.262292 7.607964 1
95.523276 185.644794 8.712534 1
92.320253 166.370420 11.929743 1
92.144948 158.969521 13.773207 1
91.793151 144.117568 17.472627 1
91.793151 144.117568 17.472627 1
117.607381 188.536743 7.794741 1
130.365180 192.805574 8.414266 1
130.591369 186.152079 9.792867 1
131.250174 166.772861 13.808233 1
131.548199 159.305225 15.340550 1
132.146267 144.319347 18.415570 1
132.146267 144.319347 18.415570 1
106.060947 151.022677 0.837353 1
105.968494 133.257730 3.418373 1
105.854005 111.258596 6.614565 1
106.598416 88.972740 6.146364 1
107.218010 70.423576 5.756667 1
106.427078 64.795998 20.196972 1
106.899890 64.502070 27.741612 1
119.306262 150.620250 0.696083 1
119.445148 133.091571 4.568193 1
119.617139 111.385234 9.363151 1
120.150440 88.884193 9.067704 1
120.585376 70.533427 8.826751 1
121.700948 64.715167 23.169728 1
121.261849 64.263489 30.708653 1
112.793600 151.314200 0.319300 1
113.131473 158.583671 2.082827 1
113.510793 168.353946 3.775156 1
113.793951 177.621854 5.879563 1
114.304605 200.563188 14.287341 1
113.992799 207.711917 16.074089 1
113.101982 226.444594 14.787261 1
110.005461 187.663726 8.444162 1
96.947161 190.952830 8.619633 1
95.865377 184.269624 9.240280 1
92.714532 164.803870 11.048000 1
92.638980 157.337966 12.615473 1
92.487365 142.355563 15.761041 1
92.487365 142.355563 15.761041 1
118.010832 187.505465 8.389777 1
130.668024 191.982970 9.446001 1
130.775681 185.293852 10.656286 1
131.089249 165.810873 14.181408 1
131.437578 158.299162 15.467986 1
132.136594 143.224838 18.049861 1
132.136594 143.224838 18.049861 1
106.092320 150.549666 -0.644369 1
105.936877 132.960083 2.939755 1
105.744385 111.178109 7.378137 1
106.588209 88.908255 6.498197 1
107.290548 70.372410 5.765797 1
106.884153 64.567410 20.151709 1
107.541372 64.186231 27.678614 1
119.325491 150.058937 -1.156858 1
119.267220 132.840752 3.922298 1
119.195063 111.518910 10.211981 1
119.868017 89.032448 9.453883 1
120.416848 70.693573 8.835613 1
121.782623 64.434105 22.969663 1
121.453918 63.740300 30.495804 1
112.827500 150.495100 -1.200200 1
113.283363 157.702570 0.778173 1
113.789627 167.390682 2.863912 1
114.122989 176.509250 5.536629 1
114.527019 198.677374 15.816093 1
114.143351 205.884269 17.335131 1
113.152059 224.607923 15.991713 1
110.310854 186.321805 8.845773 1
97.283767 189.730504 9.055396 1
96.238266 183.022721 9.420451 1
93.193101 163.485380 10.483724 1
93.148221 155.972762 11.810738 1
93.058161 140.896616 14.473759 1
93.058161 140.896616 14.473759 1
118.315272 186.134239 8.935657 1
130.920251 190.597006 10.537648 1
130.928660 183.867044 11.501094 1
130.953154 164.265103 14.307265 1
131.212873 156.707879 15.318853 1
131.734069 141.542217 17.348887 1
131.734069 141.542217 17.348887 1
106.116606 149.872537 -2.198519 1
106.002914 132.571294 2.588714 1
105.862125 111.146384 8.516961 1
106.676692 88.898054 7.182416 1
107.354680 70.380124 6.071636 1
107.061558 64.185485 20.296901 1
107.783013 63.598017 27.804625 1
119.340830 149.173963 -2.700687 1
119.150769 132.326422 3.495391 1
118.915412 111.463562 11.168195 1
119.631978 88.994450 10.030599 1
120.216376 70.669726 9.102830 1
121.612177 64.174733 23.127253 1
121.291824 63.352049 30.640760 1
113.009400 149.091200 -2.762500 1
113.529472 156.216189 -0.518965 1
114.128685 165.800342 1.981251 1
114.509218 174.756280 5.151298 1
114.834170 196.191219 16.885613 1
114.454680 203.413801 18.329329 1
113.400787 222.146510 17.172811 1
110.714569 184.394874 8.954873 1
97.733927 187.982504 8.957627 1
96.682711 181.271596 9.239331 1
93.620902 161.725154 10.059832 1
93.577520 154.171767 11.130747 1
93.490464 139.013804 13.279834 1
93.490464 139.013804 13.279834 1
118.705578 184.063275 9.339310 1
131.256323 188.438174 11.508923 1
131.233402 181.666038 12.107538 1
131.166642 161.941260 13.851086 1
131.359185 154.339695 14.468777 1
131.745574 139.085052 15.708344 1
131.745574 139.085052 15.708344 1
106.318370 148.619536 -3.957479 1
106.171985 131.795427 2.302827 1
105.990711 110.961373 10.055248 1
106.782192 88.757247 8.110231 1
107.440964 70.276110 6.491337 1
106.944312 63.608537 20.495424 1
107.568496 62.766219 27.987582 1
119.538166 147.711393 -4.137882 1
119.151722 131.294887 3.115814 1
118.673179 110.965791 12.098302 1
119.467550 88.514182 10.697301 1
120.115402 70.203732 9.554712 1
121.295905 63.512749 23.506586 1
120.850545 62.580734 31.000932 1
113.521600 147.610600 -4.269160 1
113.960738 154.664061 -1.794236 1
114.495807 164.151194 1.064807 1
114.853066 172.946850 4.658083 1
115.150200 193.670354 17.608157 1
114.826800 200.898442 19.037904 1
113.889559 219.649437 18.097471 1
111.087414 182.408619 8.908237 1
98.114381 186.021246 8.775879 1
97.034793 179.310539 8.922818 1
93.890343 159.764682 9.350799 1
93.827084 152.178433 10.155304 1
93.700139 136.954525 11.769767 1
93.700139 136.954525 11.769767 1
119.059960 181.935880 9.481816 1
131.636187 186.018499 12.038946 1
131.667833 179.226033 12.325479 1
131.760008 159.442043 13.160047 1
132.002491 151.821781 13.434305 1
132.489100 136.529617 13.984680 1
132.489100 136.529617 13.984680 1
106.865089 147.159803 -5.650452 1
106.541249 130.916662 1.986238 1
106.140225 110.802048 11.443097 1
106.863176 88.652221 8.934071 1
107.464909 70.216277 6.845735 1
106.567255 63.139120 20.627088 1
106.996117 62.069340 28.103932 1
120.088018 146.289895 -5.517449 1
119.373831 130.367173 2.742332 1
118.489432 110.649546 12.970687 1
119.292641 88.225520 11.185605 1
119.947701 69.937566 9.729778 1
120.781935 62.923695 23.547422 1
120.150499 61.814754 31.004215 1
113.914500 146.018300 -5.866960 1
114.297934 152.975968 -3.125934 1
114.782739 162.338889 0.124729 1
115.129260 170.949424 4.142370 1
115.486410 190.913452 18.233727 1
115.238741 198.163047 19.566414 1
114.544890 216.932170 18.791026 1
111.392926 180.171893 8.912579 1
98.417100 183.776900 8.918655 1
97.320314 177.068115 8.818935 1
94.125777 157.527852 8.528485 1
94.076300 149.912482 8.982453 1
93.977014 134.630133 9.893467 1
93.977014 134.630133 9.893467 1
119.363059 179.638547 9.466195 1
131.906151 183.688585 12.229562 1
131.960481 176.890245 12.247200 1
132.118726 157.089144 12.298573 1
132.338329 149.463270 12.283735 1
132.779020 134.159843 12.253958 1
132.779020 134.159843 12.253958 1
107.268979 145.582516 -7.304831 1
106.940198 130.037519 1.667822 1
106.533053 110.787448 12.779064 1
106.898818 88.710209 9.633516 1
107.203254 70.334683 7.015385 1
106.168103 63.011960 20.658105 1
106.573356 61.790487 28.112990 1
120.495742 144.782326 -7.123922 1
119.552428 129.443867 2.155569 1
118.384294 110.449751 13.646665 1
119.222899 88.054444 11.545348 1
119.906826 69.789910 9.831614 1
120.639797 62.606732 23.567783 1
119.920787 61.533574 31.021881 1
114.234200 144.049100 -7.355480 1
114.551063 150.907217 -4.366296 1
114.959500 160.143756 -0.762735 1
115.253211 168.579889 3.613133 1
115.537025 187.873141 18.611340 1
115.451149 195.127545 19.938091 1
114.972566 213.905974 19.228024 1
111.480681 177.554540 8.808583 1
98.518162 181.201068 9.018570 1
97.428459 174.494959 8.770889 1
94.254550 154.962495 8.049482 1
94.285828 147.333925 8.129159 1
94.348597 132.025089 8.289055 1
94.348597 132.025089 8.289055 1
119.453944 177.033575 9.327857 1
131.996722 180.994588 12.218749 1
132.090252 174.198474 12.061336 1
132.362670 154.403857 11.602851 1
132.548984 146.779562 11.408414 1
132.922871 131.479302 11.018222 1
132.922871 131.479302 11.018222 1
107.599631 143.616020 -8.843857 1
107.242246 128.820920 1.316892 1
106.799680 110.499481 13.899407 1
107.073346 88.489483 10.305269 1
107.301125 70.169923 7.313764 1
106.122165 62.583282 20.799703 1
106.468014 61.282848 28.244218 1
120.830948 142.907167 -8.620089 1
119.717903 128.362999 1.843918 1
118.339585 110.352481 14.801839 1
119.183137 88.032198 12.015806 1
119.871100 69.828851 9.743650 1
120.575568 62.567965 23.440398 1
119.846113 61.467384 30.889481 1
114.518600 141.965700 -8.617930 1
114.826431 148.758650 -5.482572 1
115.221675 157.904653 -1.653665 1
115.486128 166.203680 2.978726 1
115.641016 184.935402 18.674423 1
115.668263 192.173490 20.089824 1
115.293235 210.962970 19.668571 1
111.666068 174.978252 8.472637 1
98.750844 178.775042 8.859363 1
97.628447 172.077482 8.537506 1
94.359311 152.569913 7.600052 1
94.500400 144.942500 7.528888 1
94.783535 129.635985 7.386076 1
94.783535 129.635985 7.386076 1
119.636208 174.446925 9.028088 1
132.151774 178.364596 12.090870 1
132.227012 171.573738 11.775802 1
132.446154 151.794427 10.858121 1
132.491684 144.173374 10.511894 1
132.583050 128.879621 9.817094 1
132.583050 128.879621 9.817094 1
107.892918 141.574501 -10.156642 1
107.407226 127.554145 1.044128 1
106.805771 110.192105 14.914547 1
107.073892 88.246481 10.945869 1
107.297056 69.980501 7.642622 1
105.931619 62.137913 20.963547 1
106.190224 61.128416 28.456582 1
121.121539 140.840444 -9.865054 1
119.820859 127.058160 1.564032 1
118.210187 109.991106 15.717040 1
119.088454 87.763713 12.276073 1
119.804728 69.636124 9.469786 1
120.479255 62.477900 23.221966 1
119.745559 61.414173 30.675985 1
114.774800 140.036000 -9.653070 1
115.078440 146.798162 -6.451450 1
115.459311 155.895812 -2.507616 1
115.703876 164.109504 2.275507 1
115.807415 182.460527 18.415072 1
115.794714 189.662806 20.002849 1
115.361690 208.455698 19.954436 1
111.850403 172.722436 7.997149 1
99.001300 176.696904 8.684426 1
97.844251 170.015799 8.189689 1
94.474185 150.556161 6.748701 1
94.762789 142.938564 6.446508 1
95.341955 127.651747 5.840075 1
95.341955 127.651747 5.840075 1
119.826817 172.234939 8.500273 1
132.321872 176.190249 11.598223 1
132.365855 169.405598 11.165479 1
132.493964 149.644368 9.905055 1
132.303065 142.031003 9.454899 1
131.919974 126.752680 8.551536 1
131.919974 126.752680 8.551536 1
108.143072 139.641407 -11.164628 1
107.548406 126.409258 0.952307 1
106.812004 110.023290 15.957255 1
107.130784 88.182456 11.450694 1
107.396112 70.003697 7.699752 1
105.896987 62.132187 20.989206 1
106.078291 61.230497 28.498242 1
121.374912 138.941961 -10.942227 1
119.888843 125.923493 1.328804 1
118.048597 109.802298 16.524422 1
118.983014 87.679359 12.478313 1
119.745080 69.636956 9.178501 1
120.453359 62.561048 22.971525 1
119.742292 61.523823 30.431469 1
114.888500 138.263000 -10.659090 1
115.180172 145.017496 -7.440222 1
115.546069 154.098313 -3.456379 1
115.792615 162.272677 1.393550 1
115.956173 180.428114 17.752330 1
115.909536 187.572704 19.581722 1
115.234818 206.353608 20.011902 1
111.953025 170.801827 7.248479 1
99.218607 175.062588 8.272538 1
98.027266 168.404565 7.585424 1
94.557321 149.012156 5.584109 1
94.983247 141.416702 5.009599 1
95.837987 126.174321 3.856685 1
95.837987 126.174321 3.856685 1
119.934807 170.337580 7.683909 1
132.461948 174.262854 10.689094 1
132.537131 167.489266 10.111558 1
132.756113 147.760260 8.429406 1
132.296530 140.167402 7.846576 1
131.374250 124.930230 6.676966 1
131.374250 124.930230 6.676966 1
108.247992 137.837761 -12.123042 1
107.735435 125.391406 0.803252 1
107.100711 109.978524 16.810465 1
107.259147 88.249192 11.786148 1
107.391016 70.163240 7.604262 1
105.809720 62.281041 20.877848 1
105.972806 61.306266 28.378165 1
121.484602 137.207468 -11.999844 1
119.872964 124.943234 1.010087 1
117.877222 109.756031 17.120709 1
118.898184 87.710926 12.689058 1
119.730834 69.732000 9.074817 1
120.518560 62.671673 22.871515 1
119.841343 61.639402 30.335295 1
114.843100 136.368300 -11.573030 1
115.130060 143.126008 -8.360486 1
115.494745 152.204973 -4.372313 1
115.760395 160.362394 0.505056 1
116.041167 178.411704 16.979276 1
115.959266 185.519291 18.946383 1
115.160891 204.278694 19.846414 1
111.959783 168.847280 6.449053 1
99.319843 173.315044 7.729345 1
98.050862 166.696397 6.832747 1
94.354782 147.418677 4.221280 1
94.904753 139.861065 3.336723 1
96.008425 124.694626 1.561615 1
96.008425 124.694626 1.561615 1
119.945823 168.392989 6.810671 1
132.477246 172.409043 9.674744 1
132.620719 165.651468 8.943106 1
133.038604 145.969102 6.812112 1
132.315969 138.410357 6.073479 1
130.865801 123.241644 4.591210 1
130.865801 123.241644 4.591210 1
108.197657 135.924006 -13.008656 1
107.659334 124.263177 0.629483 1
106.992704 109.823047 17.518205 1
107.280912 88.155818 12.237973 1
107.520796 70.121555 7.843083 1
105.837292 62.169354 21.062233 1
105.928082 61.234317 28.568831 1
121.436325 135.329574 -12.940787 1
119.942121 123.838141 0.769846 1
118.091801 109.607923 17.748169 1
118.971254 87.614724 13.037084 1
119.688495 69.678131 9.194949 1
120.677957 62.561421 22.949622 1
120.117210 61.511574 30.420606 1
114.739400 134.566700 -12.465100 1
115.029994 141.334722 -9.274673 1
115.403330 150.421140 -5.304313 1
115.682671 158.575581 -0.422726 1
116.008802 176.574381 16.105830 1
115.992263 183.650854 18.183637 1
115.224684 202.401802 19.267787 1
111.902443 167.050154 5.548917 1
99.373854 171.766800 7.017206 1
98.021046 165.194138 5.926002 1
94.080808 146.050358 2.747720 1
94.695824 138.524118 1.661502 1
95.930025 123.420635 -0.518295 1
95.930025 123.420635 -0.518295 1
119.887732 166.578553 5.904907 1
132.420482 170.649114 8.684991 1
132.654469 163.920018 7.744139 1
133.335986 144.320598 5.003781 1
132.372337 136.815545 4.030147 1
130.438508 121.754579 2.076282 1
130.438508 121.754579 2.076282 1
108.093733 134.121321 -13.899349 1
107.729835 123.222964 0.360979 1
107.279205 109.727037 18.020185 1
107.461069 88.131768 12.448471 1
107.612439 70.157399 7.810972 1
105.891465 62.213855 21.030503 1
105.979383 61.233579 28.531361 1
121.332075 133.519926 -13.829369 1
119.938766 122.792375 0.497022 1
118.213389 109.508098 18.237858 1
119.076786 87.573995 13.256064 1
119.780932 69.685599 9.193152 1
120.962256 62.572045 22.934311 1
120.502029 61.521939 30.412124 1
114.587900 132.895800 -13.326725 1
114.919093 139.667380 -10.147825 1
115.338708 148.757415 -6.190386 1
115.656743 156.914142 -1.314991 1
116.071915 174.912468 15.212085 1
116.044728 181.982631 17.311150 1
115.378740 200.736591 18.410268 1
111.909014 165.389088 4.676575 1
99.452874 170.246689 6.294123 1
97.966793 163.745251 4.973684 1
93.638378 144.808919 1.127723 1
94.294923 137.298378 -0.039808 1
95.612464 122.226400 -2.382782 1
95.612464 122.226400 -2.382782 1
119.895991 164.916364 4.990742 1
132.411476 169.055655 7.747017 1
132.728932 162.358269 6.622330 1
133.653566 142.851207 3.346527 1
132.575635 135.392721 2.158478 1
130.412468 120.425206 -0.225670 1
130.412468 120.425206 -0.225670 1
107.930289 132.464165 -14.708835 1
107.602773 122.271169 0.064759 1
107.197197 109.648721 18.359567 1
107.452670 88.100439 12.611612 1
107.665308 70.165178 7.827422 1
105.920533 62.182171 21.020033 1
105.984789 61.227362 28.524415 1
121.167328 131.831668 -14.740612 1
119.867425 121.836103 0.114220 1
118.257714 109.458266 18.509443 1
119.150749 87.562564 13.366555 1
119.879067 69.705484 9.172263 1
121.291262 62.609444 22.900684 1
120.943578 61.563568 30.385167 1
114.322900 131.408400 -14.286717 1
114.699723 138.190859 -11.136217 1
115.180517 147.292444 -7.212428 1
115.561252 155.461118 -2.361590 1
116.130598 173.493351 14.123880 1
116.098658 180.587631 16.139863 1
115.463362 199.347918 17.145193 1
111.885165 163.979528 3.612698 1
99.481705 168.965332 5.244907 1
97.834318 162.539667 3.755734 1
93.036077 143.824033 -0.581688 1
93.691922 136.308783 -1.718914 1
95.008058 121.227354 -4.001074 1
95.008058 121.227354 -4.001074 1
119.868287 163.443535 3.923274 1
132.377099 167.619024 6.655138 1
132.962925 161.010377 5.170793 1
134.669227 141.761782 0.847435 1
133.333166 134.445229 -0.851213 1
130.651989 119.762542 -4.260018 1
130.651989 119.762542 -4.260018 1
107.657096 131.001943 -15.636596 1
107.392576 121.462511 -0.431570 1
107.065009 109.649402 18.397499 1
107.379996 88.104968 12.638082 1
107.642169 70.172911 7.844352 1
105.898228 62.170117 21.025081 1
105.955115 61.234562 28.531947 1
120.890813 130.308460 -15.726501 1
119.629865 121.012301 -0.420994 1
118.068394 109.500561 18.532315 1
119.079506 87.607501 13.400049 1
119.904121 69.752577 9.214420 1
121.494155 62.688729 22.939998 1
121.220963 61.648434 30.428347 1
113.878000 129.813000 -15.273320 1
114.313198 136.617530 -12.178425 1
114.875042 145.744288 -8.324499 1
115.334789 153.940089 -3.526551 1
116.089174 172.051960 12.863914 1
116.085665 179.183307 14.744843 1
115.520534 197.956034 15.537289 1
111.747957 162.530168 2.399173 1
99.432652 167.732058 4.024525 1
97.647416 161.367634 2.434639 1
92.447672 142.830375 -2.196124 1
93.075693 135.288665 -3.160806 1
94.335992 120.154138 -5.096707 1
94.335992 120.154138 -5.096707 1
119.724379 161.907528 2.720084 1
132.242315 166.094876 5.391331 1
132.906017 159.542719 3.703303 1
134.839139 140.458662 -1.213311 1
133.489666 133.129270 -2.844669 1
130.781572 118.420815 -6.118439 1
130.781572 118.420815 -6.118439 1
107.207352 129.448919 -16.611312 1
107.084842 120.614521 -0.984351 1
106.933133 109.674486 18.367221 1
107.320299 88.115079 12.668553 1
107.642548 70.170560 7.925387 1
105.964592 62.152797 21.105584 1
106.045259 61.252105 28.616495 1
120.434978 128.648966 -16.712552 1
119.171894 120.099427 -0.977968 1
117.607778 109.512253 18.506681 1
118.857322 87.635661 13.356733 1
119.876392 69.794168 9.156684 1
121.654428 62.810077 22.899998 1
121.450409 61.788933 30.393186 1
113.315600 128.165400 -16.405690 1
113.815966 135.007152 -13.404113 1
114.467502 144.178826 -9.672891 1
115.016965 152.429315 -4.979242 1
115.992196 170.724967 11.194019 1
116.033233 177.888050 12.949746 1
115.575330 196.671482 13.529099 1
111.533252 161.129132 0.847075 1
99.338613 166.604504 2.483919 1
97.447017 160.268649 0.902939 1
91.937482 141.814600 -3.701882 1
92.474709 134.236586 -4.400100 1
93.552805 119.029206 -5.801267 1
93.552805 119.029206 -5.801267 1
119.502467 160.420347 1.168337 1
132.034002 164.618013 3.758390 1
132.766604 158.107714 1.941803 1
134.900407 139.145571 -3.349257 1
133.531374 131.800209 -4.889974 1
130.784027 117.059708 -7.981848 1
130.784027 117.059708 -7.981848 1
106.638145 127.838280 -17.719051 1
106.692448 119.718727 -1.708635 1
106.759694 109.663918 18.117787 1
107.222969 88.064463 12.578683 1
107.608566 70.086611 7.968327 1
106.033689 62.078414 21.167045 1
106.156455 61.217989 28.682106 1
119.858403 126.928153 -17.848351 1
118.673923 119.168877 -1.703452 1
117.207145 109.560311 18.289303 1
118.649746 87.663456 13.277791 1
119.826263 69.805438 9.190643 1
121.839513 62.908959 22.945752 1
121.732664 61.909656 30.443898 1
112.664300 126.454400 -17.616440 1
113.214332 133.354872 -14.761559 1
113.935802 142.595159 -11.217169 1
114.564952 150.923968 -6.674268 1
115.757784 169.463638 9.203833 1
115.868564 176.653929 10.841350 1
115.619599 195.446550 11.212892 1
111.179605 159.747493 -0.977439 1
99.082252 165.433110 0.664506 1
97.135744 159.086758 -0.803695 1
91.466272 140.602134 -5.080031 1
91.984819 133.005376 -5.552027 1
93.025428 117.760379 -6.499217 1
93.025428 117.760379 -6.499217 1
119.142697 158.968777 -0.666413 1
131.718886 163.123150 1.772609 1
132.549453 156.635882 -0.083785 1
134.968595 137.740820 -5.490787 1
133.577286 130.372271 -6.894760 1
130.785237 115.585237 -9.712219 1
130.785237 115.585237 -9.712219 1
105.976957 126.130059 -18.879203 1
106.240141 118.788996 -2.499244 1
106.566054 109.698226 17.784799 1
107.158065 88.052913 12.440394 1
107.650812 70.036891 7.992090 1
106.164427 62.076923 21.230187 1
106.332334 61.226572 28.745521 1
119.191974 125.157924 -19.075531 1
118.148452 118.212331 -2.554729 1
116.856226 109.611375 17.903520 1
118.455116 87.666838 13.154897 1
119.759095 69.769931 9.282148 1
122.033774 62.993283 23.056055 1
122.043235 62.027157 30.559303 1
111.987200 124.680500 -18.875530 1
112.586641 131.664178 -16.241462 1
113.368161 141.000313 -12.971609 1
114.053674 149.435989 -8.638913 1
115.399387 168.287573 6.855059 1
115.576401 175.504041 8.366773 1
115.512435 194.300984 8.549701 1
110.724998 158.374592 -3.090010 1
98.617006 164.040131 -1.457113 1
96.627801 157.686446 -2.833500 1
90.833968 139.180464 -6.842418 1
91.445997 131.577773 -7.006466 1
92.674206 116.320870 -7.335676 1
92.674206 116.320870 -7.335676 1
118.689900 157.594716 -2.832915 1
131.229326 161.935852 -0.533892 1
132.215433 155.474353 -2.404004 1
135.087604 136.654349 -7.850961 1
133.593832 129.255599 -8.959815 1
130.596162 114.407962 -11.185034 1
130.596162 114.407962 -11.185034 1
105.291290 124.350085 -20.090413 1
105.758081 117.827263 -3.372206 1
106.336129 109.749758 17.330703 1
107.090699 88.047771 12.242765 1
107.718749 69.984578 8.007927 1
106.307592 62.095498 21.296594 1
106.517561 61.242849 28.810611 1
118.500150 123.306459 -20.329427 1
117.576970 117.224374 -3.464579 1
116.433769 109.692729 17.419713 1
118.202284 87.696100 12.982454 1
119.644601 69.756710 9.363638 1
122.173932 63.113440 23.158097 1
122.296987 62.184754 30.665068 1
111.258200 122.960100 -20.273160 1
111.906814 130.029780 -17.892338 1
112.749756 139.465318 -14.938322 1
113.491823 148.017781 -10.850836 1
114.968067 167.227226 4.184929 1
115.193100 174.461175 5.603859 1
115.282438 193.258859 5.562338 1
110.218696 157.099465 -5.504933 1
98.099931 162.764239 -3.951209 1
96.080660 156.389630 -5.179053 1
90.199255 137.822706 -8.755316 1
90.918820 130.233169 -8.466244 1
92.362828 115.002663 -7.886143 1
92.362828 115.002663 -7.886143 1
118.181280 156.293419 -5.256926 1
130.670729 160.849731 -3.107077 1
131.901821 154.431278 -4.980193 1
135.487543 135.736649 -10.435898 1
133.830189 128.316580 -11.066901 1
130.504246 113.426160 -12.333183 1
130.504246 113.426160 -12.333183 1
104.552921 122.618765 -21.432059 1
105.190316 116.900968 -4.427235 1
105.979631 109.820361 16.630607 1
106.945300 88.040211 11.926855 1
107.749055 69.911961 8.011785 1
106.410461 62.098970 21.352811 1
106.660700 61.244404 28.865377 1
117.755031 121.504387 -21.719678 1
116.984304 116.281166 -4.561850 1
116.029889 109.813080 16.685248 1
117.960085 87.734049 12.753411 1
119.534262 69.727457 9.546794 1
122.329041 63.219309 23.354431 1
122.572077 62.328323 30.863046 1
110.568900 121.293700 -21.777840 1
111.226856 128.455938 -19.694852 1
112.083683 137.998891 -17.113377 1
112.848082 146.683614 -13.319420 1
114.406672 166.311795 1.156825 1
114.689428 173.552629 2.529553 1
114.764343 192.349587 2.352360 1
109.604957 155.914957 -8.217119 1
97.513276 161.649599 -6.709371 1
95.471872 155.256981 -7.799227 1
89.526000 136.637600 -10.973582 1
90.350189 129.105568 -10.083852 1
92.004155 113.990463 -8.298362 1
92.004155 113.990463 -8.298362 1
117.568460 155.112742 -7.986797 1
130.016663 159.878357 -6.063433 1
131.467695 153.461279 -7.776997 1
135.694024 134.770654 -12.767986 1
133.984450 127.337945 -12.953994 1
130.553714 112.422159 -13.327270 1
130.553714 112.422159 -13.327270 1
103.858031 120.903667 -22.887990 1
104.588712 115.981748 -5.639676 1
105.493547 109.886714 15.719690 1
106.738352 88.009233 11.565293 1
107.774439 69.799971 8.107468 1
106.464156 62.086370 21.509003 1
106.728919 61.229571 29.020816 1
117.058939 119.780387 -23.195444 1
116.431833 115.383283 -5.801786 1
115.655269 109.938203 15.737348 1
117.769489 87.777243 12.407109 1
119.493746 69.703832 9.691126 1
122.524712 63.302386 23.498818 1
122.870522 62.438643 31.006586 1
109.994100 119.766300 -23.258670 1
110.608828 127.022987 -21.517405 1
111.422983 136.674827 -19.362118 1
112.179780 145.499497 -15.904477 1
113.800369 165.580439 -2.070252 1
114.148881 172.823490 -0.724601 1
114.105231 191.620203 -0.935070 1
108.960291 154.892513 -11.090418 1
96.945740 160.807521 -9.665138 1
94.906778 154.367295 -10.431179 1
88.968021 135.609251 -12.662378 1
89.741891 128.127186 -11.388711 1
91.294876 113.112351 -8.832746 1
91.294876 113.112351 -8.832746 1
116.923887 154.091203 -10.860167 1
129.363234 158.978066 -9.202042 1
130.969795 152.529013 -10.633603 1
135.649125 133.745259 -14.803222 1
134.010977 126.298884 -14.537947 1
130.723579 111.355671 -14.005598 1
130.723579 111.355671 -14.005598 1
103.282652 119.278865 -24.326005 1
104.040880 115.130742 -6.876601 1
104.979827 109.993935 14.731783 1
106.480051 88.026598 11.179579 1
107.728729 69.742547 8.222977 1
106.386841 62.101247 21.662750 1
106.633097 61.242955 29.175022 1
116.490015 118.232008 -24.625918 1
115.977449 114.598079 -7.053241 1
115.342724 110.098065 14.707578 1
117.647191 87.868201 12.025945 1
119.526604 69.738596 9.838934 1
122.735455 63.380444 23.626421 1
123.157946 62.525521 31.131275 1
109.567900 118.712200 -24.482300 1
110.130390 126.060331 -23.156417 1
110.890521 135.816333 -21.510583 1
111.629057 144.785075 -18.441536 1
113.268424 165.333376 -5.313850 1
113.639234 172.568295 -3.930933 1
113.590093 191.362886 -4.282460 1
108.419946 154.345166 -13.960989 1
96.424734 160.339725 -12.716676 1
94.383176 153.864631 -13.071487 1
88.436857 135.005029 -14.104924 1
89.130294 127.574836 -12.519432 1
90.521870 112.664099 -9.337704 1
90.521870 112.664099 -9.337704 1
116.382029 153.539936 -13.694884 1
128.817201 158.502970 -12.244724 1
130.472721 152.001990 -13.347993 1
135.294650 133.066991 -16.561417 1
133.794899 125.629494 -15.763429 1
130.785232 110.704098 -14.162046 1
130.785232 110.704098 -14.162046 1
102.856696 118.112443 -25.492431 1
103.606943 114.538127 -7.916171 1
104.536006 110.111891 13.849305 1
106.234834 88.081837 10.812295 1
107.648816 69.745585 8.284502 1
106.264144 62.128661 21.733769 1
106.484712 61.267108 29.246466 1
116.070887 117.154193 -25.787710 1
115.671000 114.065865 -8.108076 1
115.175808 110.241486 13.785191 1
117.604102 87.963572 11.671773 1
119.584503 69.794780 9.948171 1
122.981374 63.459986 23.701326 1
123.482203 62.606019 31.201468 1
109.039300 118.113600 -25.522500 1
109.567581 125.528066 -24.619167 1
110.291798 135.360002 -23.490154 1
111.007059 144.456309 -20.816500 1
112.594291 165.452542 -8.411049 1
113.046130 172.681941 -7.023371 1
112.944006 191.476580 -7.360687 1
107.782043 154.169750 -16.691290 1
95.791594 160.220735 -15.699888 1
93.782660 153.725966 -15.646475 1
87.931362 134.809058 -15.490903 1
88.597771 127.457357 -13.564559 1
89.935107 112.704136 -9.698818 1
89.935107 112.704136 -9.698818 1
115.742082 153.370056 -16.356264 1
128.211115 158.302122 -15.104816 1
129.851544 151.750905 -15.886633 1
134.629518 132.669583 -18.163783 1
133.286667 125.260312 -16.938281 1
130.591865 110.391559 -14.478973 1
130.591865 110.391559 -14.478973 1
102.333589 117.428060 -26.514366 1
103.115557 114.261733 -8.861422 1
104.083903 110.340729 12.999015 1
105.859720 88.254527 10.453643 1
107.337784 69.871542 8.335056 1
106.103809 62.221710 21.780316 1
106.332476 61.250500 29.279383 1
115.552427 116.511152 -26.719024 1
115.383719 113.771946 -8.978240 1
115.174806 110.379895 12.990751 1
117.630784 88.057245 11.462334 1
119.633762 69.851968 10.215829 1
123.211955 63.480460 23.905901 1
123.804577 62.612610 31.397753 1
108.652400 117.893500 -26.316200 1
109.142571 125.348651 -25.816353 1
109.808060 135.229867 -25.196010 1
110.449622 144.445637 -22.946384 1
111.804703 165.949614 -11.413863 1
112.403693 173.157595 -9.971560 1
112.366007 191.950596 -10.400922 1
107.122153 154.290103 -19.233775 1
95.183811 160.475272 -18.467053 1
93.314849 153.954953 -18.005407 1
87.871240 134.963628 -16.660801 1
88.555495 127.714115 -14.385112 1
89.928644 113.165961 -9.818312 1
89.928644 113.165961 -9.818312 1
115.088271 153.579966 -18.845651 1
127.619923 158.389960 -17.754865 1
129.221906 151.800848 -18.242647 1
133.887904 132.609150 -19.663380 1
132.722822 125.242852 -18.056320 1
130.384762 110.460336 -14.831310 1
130.384762 110.460336 -14.831310 1
101.950886 117.121039 -27.271892 1
102.784493 114.211290 -9.577204 1
103.816785 110.608016 12.334927 1
105.568127 88.479729 10.165953 1
107.025819 70.061714 8.360653 1
105.988737 62.369465 21.798339 1
106.245597 61.315150 29.285260 1
115.174324 116.261645 -27.421586 1
115.262425 113.728395 -9.649642 1
115.371524 110.591387 12.357937 1
117.824963 88.239009 11.347773 1
119.825870 70.009487 10.523931 1
123.585544 63.490230 24.095290 1
124.269650 62.572470 31.573387 1
108.345100 117.723300 -26.915200 1
108.778231 125.197648 -26.789061 1
109.363963 135.102560 -26.663472 1
109.918678 144.424692 -24.876582 1
111.024641 166.491059 -14.431075 1
111.762757 173.662305 -12.874661 1
111.835475 192.456462 -13.244827 1
106.485424 154.412272 -21.678138 1
94.585525 160.702068 -21.231992 1
92.906684 154.178436 -20.313074 1
88.016826 135.177461 -17.636600 1
88.687434 128.029411 -15.056276 1
90.033196 113.684870 -9.878143 1
90.033196 113.684870 -9.878143 1
114.455398 153.794771 -21.217508 1
127.012022 158.569899 -20.270128 1
128.546924 151.949860 -20.469762 1
133.017537 132.668086 -21.051221 1
132.036912 125.348540 -19.136793 1
130.069016 110.659847 -15.294964 1
130.069016 110.659847 -15.294964 1
101.651444 116.852944 -27.841365 1
102.614609 114.127452 -10.123929 1
103.807339 110.752351 11.816371 1
105.508928 88.597632 9.891344 1
106.925208 70.157616 8.289087 1
105.956460 62.561509 21.786432 1
106.257978 61.392272 29.254598 1
114.881235 116.087740 -27.927232 1
115.220398 113.704300 -10.137591 1
115.640397 110.752806 11.891901 1
117.970759 88.372435 11.294427 1
119.871290 70.120083 10.807156 1
123.748784 63.415776 24.254644 1
124.506498 62.440142 31.718304 1
108.128300 117.636300 -27.306400 1
108.487174 125.111885 -27.543526 1
108.972354 135.016489 -27.903455 1
109.416756 144.421996 -26.583691 1
110.197025 167.004509 -17.273610 1
111.136257 174.138216 -15.654325 1
111.290514 192.934274 -15.871217 1
105.851400 154.523139 -23.933372 1
94.050619 161.011098 -23.806409 1
92.602407 154.509969 -22.443066 1
88.384292 135.574538 -18.472143 1
88.985034 128.533773 -15.596531 1
90.190589 114.404530 -9.825820 1
90.190589 114.404530 -9.825820 1
113.822349 154.014716 -23.368181 1
126.442195 158.654036 -22.603742 1
127.912776 152.017265 -22.497157 1
132.196045 132.686758 -22.186714 1
131.431994 125.412204 -20.018883 1
129.898710 110.813798 -15.668530 1
129.898710 110.813798 -15.668530 1
101.448949 116.654177 -28.224024 1
102.597748 114.080422 -10.494964 1
104.020357 110.893225 11.459731 1
105.605753 88.716212 9.699239 1
106.925324 70.257641 8.233929 1
105.984506 62.772193 21.794923 1
106.335008 61.497487 29.243669 1
114.685901 116.019391 -28.202953 1
115.255213 113.680693 -10.413251 1
115.960212 110.784604 11.616318 1
118.084546 88.379679 11.197840 1
119.817052 70.107303 10.856549 1
123.749362 63.357342 24.265226 1
124.565065 62.373790 31.721731 1
108.002300 117.434000 -27.628400 1
108.295954 124.897306 -28.159650 1
108.693433 134.782688 -28.926042 1
109.054370 144.241131 -28.025818 1
109.638953 167.249085 -19.807021 1
110.621671 174.377622 -18.190775 1
110.758566 193.173528 -18.431215 1
105.400439 154.425163 -25.857104 1
93.526108 160.776911 -26.011182 1
92.261047 154.313061 -24.326259 1
88.576381 135.486211 -19.418690 1
89.083579 128.555399 -16.270834 1
90.101413 114.646806 -9.953792 1
90.101413 114.646806 -9.953792 1
113.376085 154.015658 -25.278011 1
126.014112 158.642953 -24.791611 1
127.405881 152.000895 -24.383273 1
131.459601 132.654989 -23.193929 1
130.892808 125.435731 -20.793208 1
129.755377 110.948292 -15.975497 1
129.755377 110.948292 -15.975497 1
101.331368 116.358562 -28.501568 1
102.623476 113.956822 -10.758242 1
104.223553 110.982638 11.214120 1
105.692383 88.787870 9.580859 1
106.914931 70.314522 8.221447 1
105.993606 62.980862 21.866455 1
106.369576 61.784768 29.326988 1
114.573353 115.840093 -28.465685 1
115.333524 113.568058 -10.674476 1
116.274870 110.754521 11.356959 1
118.250814 88.333693 11.091034 1
119.862299 70.048347 10.874157 1
123.869525 63.296861 24.259866 1
124.747816 62.318081 31.709887 1
107.923200 117.244700 -27.818900 1
108.152830 124.684851 -28.631804 1
108.463256 134.535617 -29.786003 1
108.737020 144.026590 -29.286684 1
109.114429 167.387418 -22.118311 1
110.126961 174.509994 -20.494207 1
110.207272 193.303134 -20.911451 1
104.986986 154.261338 -27.567324 1
93.000738 160.390561 -27.928773 1
91.914557 153.971878 -25.968820 1
88.750908 135.276582 -20.260187 1
89.181224 128.423784 -16.935071 1
90.044773 114.671749 -10.262307 1
90.044773 114.671749 -10.262307 1
112.968152 153.958015 -26.999031 1
125.623362 158.557560 -26.758154 1
126.955036 151.920787 -26.125239 1
130.833721 132.590273 -24.281785 1
130.441500 125.450903 -21.621341 1
129.654399 111.123782 -16.282423 1
129.654399 111.123782 -16.282423 1
101.262707 116.079146 -28.655345 1
102.672916 113.831990 -10.900764 1
104.419242 111.049236 11.085534 1
105.791905 88.843233 9.522859 1
106.934411 70.360533 8.222199 1
106.011546 63.069989 21.890188 1
106.399247 61.893488 29.353235 1
114.508638 115.677380 -28.590808 1
115.393828 113.474985 -10.796623 1
116.489989 110.747684 11.238497 1
118.396238 88.319943 11.061842 1
119.950883 70.028958 10.917771 1
124.009431 63.240808 24.269432 1
124.925935 62.252301 31.713563 1
107.892000 117.122100 -27.983700 1
108.080474 124.534687 -29.026501 1
108.325360 134.344830 -30.498655 1
108.520900 143.849419 -30.333156 1
108.690935 167.467712 -24.055924 1
109.684157 174.611703 -22.516145 1
109.670268 193.396428 -23.220809 1
104.670435 154.101068 -28.974248 1
92.567397 159.983067 -29.509719 1
91.615013 153.612761 -27.334208 1
88.841066 135.058366 -20.997732 1
89.215475 128.236643 -17.602689 1
89.966833 114.546967 -10.789598 1
89.966833 114.546967 -10.789598 1
112.658226 153.905252 -28.453855 1
125.301173 158.544645 -28.463805 1
126.578535 151.914566 -27.669398 1
130.299027 132.603547 -25.355577 1
130.052124 125.527417 -22.514833 1
129.556642 111.327204 -16.814094 1
129.556642 111.327204 -16.814094 1
101.236388 115.896066 -28.771098 1
102.730212 113.766243 -11.008895 1
104.580082 111.128787 10.986843 1
105.878453 88.914070 9.485740 1
106.959124 70.424117 8.236328 1
106.031407 63.137040 21.905837 1
106.426423 61.959244 29.368296 1
114.484368 115.566504 -28.719314 1
115.518874 113.478807 -10.919358 1
116.799938 110.893541 11.122909 1
118.559483 88.453171 11.074348 1
119.994484 70.151887 11.034744 1
124.102436 63.189555 24.281189 1
125.062328 62.146905 31.712454 1
107.842400 117.078900 -28.163900 1
108.009354 124.464929 -29.383775 1
108.226059 134.237537 -31.091201 1
108.398470 143.743794 -31.155855 1
108.536225 167.508137 -25.455560 1
109.371539 174.722160 -24.169428 1
109.245952 193.493230 -25.166322 1
104.527390 154.015634 -30.027552 1
92.290494 159.590984 -30.763779 1
91.396314 153.269729 -28.426502 1
88.791891 134.858203 -21.618861 1
89.114209 128.042852 -18.205724 1
89.761033 114.365965 -11.356319 1
89.761033 114.365965 -11.356319 1
112.518119 153.852856 -29.542042 1
125.034768 158.813765 -29.843791 1
126.211290 152.178435 -28.944407 1
129.638072 132.852126 -26.324827 1
129.510712 125.815979 -23.378842 1
129.255129 111.696005 -17.466906 1
129.255129 111.696005 -17.466906 1
101.189491 115.816090 -28.915193 1
102.758820 113.761849 -11.150598 1
104.702190 111.217989 10.848102 1
105.927670 88.994192 9.421998 1
106.947672 70.496682 8.235009 1
106.024126 63.222040 21.911423 1
106.430813 62.047989 29.373845 1
114.438377 115.524302 -28.868631 1
115.644424 113.537127 -11.067965 1
117.137915 111.076341 10.975180 1
118.622161 88.616172 11.055227 1
119.832643 70.298741 11.120508 1
123.955488 63.088107 24.228770 1
124.956049 61.965400 31.642988 1
107.809100 117.077800 -28.336500 1
107.967463 124.441606 -29.685086 1
108.169164 134.180416 -31.577442 1
108.326625 143.683220 -31.850839 1
108.443864 167.582399 -26.744779 1
109.141409 174.838731 -25.625364 1
108.805899 193.591812 -26.879175 1
104.439116 153.971858 -30.956271 1
92.071496 159.234371 -31.802496 1
91.178202 152.962063 -29.336554 1
88.576362 134.693103 -22.154158 1
88.873134 127.900944 -18.692815 1
89.468690 114.270595 -11.746673 1
89.468690 114.270595 -11.746673 1
112.432834 153.837933 -30.512973 1
124.869314 158.977070 -31.052795 1
125.958646 152.344437 -30.031896 1
129.131475 133.025983 -27.058386 1
129.122429 125.998983 -24.087934 1
129.104273 111.897362 -18.126899 1
129.104273 111.897362 -18.126899 1
101.155621 115.796970 -29.051359 1
102.804852 113.770057 -11.290864 1
104.847168 111.260040 10.702759 1
105.993949 89.027757 9.345107 1
106.948446 70.523183 8.215094 1
106.045122 63.270700 21.904620 1
106.472551 62.105549 29.367278 1
114.404808 115.516264 -29.028286 1
115.750374 113.673628 -11.222072 1
117.416633 111.391829 10.827944 1
118.519753 88.909742 10.914559 1
119.419405 70.574437 10.985197 1
123.512072 63.294861 24.064780 1
124.574039 62.027121 31.447008 1
107.774100 117.072700 -28.451100 1
107.940186 124.421370 -29.878986 1
108.148665 134.133968 -31.900892 1
108.310142 143.630064 -32.349124 1
108.439610 167.642468 -27.805555 1
108.999617 174.929493 -26.815771 1
108.565736 193.658190 -28.368292 1
104.424958 153.937176 -31.687441 1
91.948572 158.921535 -32.617028 1
91.029574 152.702859 -30.027781 1
88.352864 134.590108 -22.486244 1
88.660684 127.845299 -18.934455 1
89.278410 114.309974 -11.806808 1
89.278410 114.309974 -11.806808 1
112.419654 153.813041 -31.259203 1
124.793296 159.077911 -31.995620 1
125.811069 152.457042 -30.834193 1
128.775474 133.172848 -27.451376 1
128.868089 126.140271 -24.495585 1
129.053945 112.027461 -18.563973 1
129.053945 112.027461 -18.563973 1
101.118102 115.792850 -29.143922 1
102.861411 113.811924 -11.387224 1
105.020228 111.358854 10.601697 1
106.092446 89.119946 9.292485 1
106.984883 70.609858 8.202790 1
106.126572 63.392125 21.913562 1
106.586975 62.243100 29.376759 1
114.366938 115.495302 -29.134206 1
115.818647 113.780222 -11.323586 1
117.616347 111.656380 10.731885 1
118.268591 89.156536 10.746974 1
118.800531 70.806749 10.759279 1
122.818341 63.381209 23.779885 1
123.902849 62.028989 31.143822 1
107.784500 116.995700 -28.460800 1
107.938305 124.333971 -29.942530 1
108.128579 134.026668 -32.059496 1
108.273280 143.515403 -32.647534 1
108.375267 167.612527 -28.576346 1
108.855301 174.923376 -27.730730 1
108.399523 193.623925 -29.586629 1
104.371091 153.826367 -32.172159 1
91.839656 158.662011 -33.145740 1
90.908000 152.484446 -30.464247 1
88.194426 134.491439 -22.654031 1
88.512219 127.797195 -19.008689 1
89.149961 114.363343 -11.693303 1
89.149961 114.363343 -11.693303 1
112.367688 153.725327 -31.774435 1
124.715078 159.032072 -32.639653 1
125.698823 152.428650 -31.356001 1
128.564117 133.195277 -27.617189 1
128.738550 126.171229 -24.644862 1
129.088596 112.075534 -18.680063 1
129.088596 112.075534 -18.680063 1
101.128277 115.703125 -29.127336 1
102.832179 113.800949 -11.358206 1
104.942197 111.445398 10.646109 1
106.078609 89.210271 9.326849 1
107.024477 70.703331 8.228790 1
106.153266 63.440118 21.914709 1
106.597966 62.269196 29.375454 1
114.377436 115.421017 -29.149202 1
115.878833 113.767170 -11.336911 1
117.738063 111.719155 10.720630 1
117.884260 89.210549 10.621453 1
118.003492 70.853614 10.540567 1
121.871849 63.239411 23.497317 1
122.939104 61.807675 30.848733 1
107.467200 117.464300 -28.241800 1
107.885669 124.750800 -29.915480 1
108.449515 134.393257 -32.189511 1
108.939991 143.872496 -32.742939 1
109.665962 167.859285 -28.120897 1
109.804543 175.223751 -27.747477 1
109.381721 193.891374 -29.916283 1
105.401385 154.314827 -32.290135 1
92.591519 158.194473 -33.781393 1
91.496682 152.173048 -30.820909 1
88.307819 134.634819 -22.198094 1
88.635426 128.015466 -18.419305 1
89.292861 114.731902 -10.836120 1
89.292861 114.731902 -10.836120 1
113.343978 153.896363 -31.365971 1
125.433497 159.774683 -32.176544 1
126.292442 153.152487 -30.900055 1
128.794238 133.864429 -27.182106 1
129.002890 126.817961 -24.265575 1
129.421606 112.677272 -18.412749 1
129.421606 112.677272 -18.412749 1
100.790918 116.359216 -29.033239 1
102.660930 114.166454 -11.314368 1
104.976651 111.451058 10.627709 1
106.127662 89.218071 9.285249 1
107.085681 70.712911 8.167881 1
106.450405 63.433549 21.858204 1
107.015732 62.256422 29.309802 1
114.021628 115.669220 -28.729124 1
115.732069 113.779376 -10.959205 1
117.850165 111.439118 11.045865 1
117.515849 88.934186 10.754554 1
117.243199 70.580248 10.516975 1
121.113366 62.845210 23.401408 1
122.237879 61.419321 30.745421 1
107.554500 117.364300 -28.204900 1
107.946649 124.649872 -29.888961 1
108.468450 134.285471 -32.201766 1
108.912382 143.761463 -32.843120 1
109.528533 167.815739 -28.568958 1
109.698944 175.183171 -28.275808 1
109.361872 193.805519 -30.816906 1
105.317053 154.189192 -32.518912 1
92.504277 158.066716 -33.990561 1
91.427217 152.062935 -30.988021 1
88.290132 134.576096 -22.242710 1
88.621242 127.967590 -18.445288 1
89.285707 114.705793 -10.824710 1
89.285707 114.705793 -10.824710 1
113.267125 153.828591 -31.635571 1
125.400970 159.614460 -32.449019 1
126.265049 153.013754 -31.068896 1
128.781798 133.788290 -27.049096 1
129.022895 126.718032 -24.193271 1
129.506724 112.529604 -18.462268 1
129.506724 112.529604 -18.462268 1
100.879654 116.237934 -28.978245 1
102.655102 114.146963 -11.237355 1
104.853719 111.557621 10.731989 1
106.058512 89.328039 9.380366 1
107.061295 70.825713 8.255370 1
106.363524 63.531913 21.934962 1
106.889025 62.348811 29.388529 1
114.113118 115.588499 -28.706290 1
115.832241 113.555720 -10.952993 1
117.961089 111.038460 11.031493 1
117.223575 88.542807 10.766435 1
116.622096 70.196437 10.550266 1
120.315280 62.413662 23.457877 1
121.404759 61.301891 30.861202 1
107.611100 117.324700 -28.215300 1
107.992027 124.607719 -29.912924 1
108.495660 134.238569 -32.249419 1
108.915047 143.713089 -32.927950 1
109.452889 167.792031 -28.784086 1
109.679521 175.162888 -28.669528 1
109.608423 193.719128 -31.673449 1
105.286401 154.130914 -32.661682 1
92.484681 158.041527 -34.141960 1
91.431421 152.044089 -31.118375 1
88.363655 134.575726 -22.311765 1
88.680166 127.965264 -18.516503 1
89.315336 114.699542 -10.900259 1
89.315336 114.699542 -10.900259 1
113.237228 153.800443 -31.773357 1
125.395787 159.541019 -32.537162 1
126.268816 152.952469 -31.105546 1
128.811633 133.762412 -26.935766 1
129.069056 126.678781 -24.114719 1
129.585645 112.463515 -18.453506 1
129.585645 112.463515 -18.453506 1
100.938333 116.186099 -28.988670 1
102.574818 114.161211 -11.226765 1
104.601350 111.653700 10.768603 1
105.887603 89.427642 9.434200 1
106.958188 70.928250 8.323537 1
106.174701 63.606061 21.983308 1
106.644888 62.410242 29.438540 1
114.172740 115.558560 -28.711245 1
115.872472 113.499237 -10.959140 1
117.977307 110.949110 11.023870 1
117.117148 88.458020 10.741699 1
116.415646 70.115372 10.511572 1
120.041517 62.316213 23.428376 1
121.116677 61.340136 30.852898 1
107.627900 117.279700 -28.275200 1
107.999442 124.560479 -29.984472 1
108.489127 134.189685 -32.330686 1
108.888155 143.665363 -33.005328 1
109.351825 167.738413 -28.818492 1
109.741789 175.103032 -28.884305 1
109.798656 193.522989 -32.634582 1
105.230379 154.072704 -32.727914 1
92.470361 158.119415 -34.202441 1
91.443886 152.105898 -31.201665 1
88.454137 134.590703 -22.461491 1
88.754860 127.974959 -18.674158 1
89.358346 114.698636 -11.073826 1
89.358346 114.698636 -11.073826 1
113.180359 153.762512 -31.824824 1
125.371386 159.444632 -32.503458 1
126.262924 152.858390 -31.072630 1
128.859650 133.675055 -26.905146 1
129.117765 126.596453 -24.071566 1
129.635743 112.391280 -18.385202 1
129.635743 112.391280 -18.385202 1
100.958181 116.128849 -29.056687 1
102.439451 114.152725 -11.275677 1
104.273775 111.705601 10.743349 1
105.658266 89.483446 9.442680 1
106.810618 70.987302 8.360095 1
105.934779 63.638487 21.999943 1
106.344477 62.431320 29.456915 1
114.193166 115.523508 -28.758317 1
115.869545 113.555013 -10.993692 1
117.945461 111.117359 11.004823 1
117.120056 88.624002 10.814615 1
116.446897 70.279505 10.659489 1
120.071340 62.551445 23.619355 1
121.132593 61.293406 31.003345 1
107.635400 117.213800 -28.275400 1
107.973690 124.500026 -29.968287 1
108.411154 134.135830 -32.297673 1
108.746363 143.614491 -32.965085 1
109.036196 167.691057 -28.782822 1
109.621644 175.038551 -29.038931 1
109.900699 193.305459 -33.466667 1
105.004769 153.991430 -32.667320 1
92.328306 158.317743 -34.066770 1
91.344394 152.263840 -31.133706 1
88.478613 134.631013 -22.590755 1
88.754324 127.995702 -18.835888 1
89.307614 114.680112 -11.300708 1
89.307614 114.680112 -11.300708 1
112.962119 153.746748 -31.810177 1
125.248987 159.232926 -32.360531 1
126.181836 152.647085 -30.954407 1
128.898888 133.464918 -26.858876 1
129.152611 126.386786 -24.023727 1
129.661775 112.182554 -18.334215 1
129.661775 112.182554 -18.334215 1
100.970628 116.034831 -29.057178 1
102.305627 114.137214 -11.256044 1
103.958816 111.787308 10.787903 1
105.423756 89.566658 9.551210 1
106.643068 71.071767 8.521875 1
105.665465 63.718542 22.152429 1
106.012186 62.511263 29.612577 1
114.208299 115.488160 -28.764778 1
115.867305 113.682514 -10.981233 1
117.921708 111.446522 11.040710 1
117.131558 88.951116 11.010211 1
116.487150 70.604946 10.985336 1
120.108061 62.977296 24.005535 1
121.157453 61.581413 31.366412 1
107.678400 117.088300 -28.362600 1
108.008874 124.374732 -30.056146 1
108.434528 134.013245 -32.376493 1
108.751907 143.494466 -33.015668 1
108.978001 167.550537 -28.713270 1
109.700982 174.875851 -29.172718 1
110.179623 192.984541 -34.193563 1
104.984686 153.860670 -32.670852 1
92.363078 158.350517 -34.050876 1
91.387028 152.276782 -31.156438 1
88.544147 134.586196 -22.725991 1
88.794748 127.930961 -19.004774 1
89.297649 114.575390 -11.537124 1
89.297649 114.575390 -11.537124 1
112.941560 153.631060 -31.805169 1
125.286946 158.996018 -32.225681 1
126.238513 152.405779 -30.853106 1
129.010083 133.210801 -26.855292 1
129.249894 126.118635 -24.054208 1
129.731140 111.886241 -18.433057 1
129.731140 111.886241 -18.433057 1
101.017186 115.898707 -29.158476 1
102.259261 114.113812 -11.338966 1
103.797379 111.903496 10.727737 1
105.346253 89.685303 9.550615 1
106.635425 71.192457 8.570861 1
105.619859 63.898433 22.230417 1
105.935727 62.726676 29.697596 1
114.255040 115.372905 -28.837521 1
115.831177 113.667169 -11.036583 1
117.782960 111.554897 11.006899 1
117.102135 89.056038 10.926949 1
116.546889 70.707053 10.861745 1
120.160922 63.044969 23.863624 1
121.192310 61.628468 31.223107 1
107.673400 117.082000 -28.382300 1
107.988595 124.370911 -30.068073 1
108.394499 134.013332 -32.375685 1
108.693745 143.496241 -32.998360 1
108.881623 167.543191 -28.643453 1
109.711624 174.849162 -29.216080 1
110.345663 192.811721 -34.721270 1
104.908172 153.854806 -32.626078 1
92.335743 158.487564 -33.982457 1
91.361418 152.403283 -31.109670 1
88.523563 134.681977 -22.742282 1
88.758109 128.016554 -19.038293 1
89.228794 114.640539 -11.605216 1
89.228794 114.640539 -11.605216 1
112.866529 153.637746 -31.770855 1
125.260627 158.895238 -32.107441 1
126.220047 152.304242 -30.743997 1
129.014491 133.107061 -26.772779 1
129.247018 125.993203 -24.026624 1
129.713647 111.717279 -18.515704 1
129.713647 111.717279 -18.515704 1
101.015356 115.878325 -29.183515 1
102.235515 114.192936 -11.352805 1
103.746493 112.105843 10.727767 1
105.257556 89.879859 9.653029 1
106.515258 71.380529 8.758493 1
105.455700 64.143803 22.445157 1
105.753896 63.001371 29.917605 1
114.254156 115.381829 -28.854950 1
115.833710 113.668926 -11.055003 1
117.789725 111.547782 10.987251 1
117.092944 89.049419 10.905022 1
116.524683 70.700839 10.837958 1
120.127887 63.044238 23.846072 1
121.154860 61.631143 31.206827 1
107.670400 117.085900 -28.364900 1
107.973061 124.376482 -30.045734 1
108.363729 134.020886 -32.347687 1
108.653384 143.504400 -32.965659 1
108.839494 167.549361 -28.599708 1
109.713900 174.844981 -29.234817 1
110.436617 192.692956 -35.090592 1
104.862523 153.860427 -32.576928 1
92.312546 158.560399 -33.909780 1
91.338028 152.477780 -31.033541 1
88.499613 134.761315 -22.656099 1
88.727338 128.095558 -18.952285 1
89.184334 114.718873 -11.519559 1
89.184334 114.718873 -11.519559 1
112.823562 153.647908 -31.745864 1
125.254443 158.819341 -32.058337 1
126.207447 152.228828 -30.688076 1
128.983203 133.033053 -26.697002 1
129.226676 125.901875 -23.997108 1
129.715270 111.591193 -18.579025 1
129.715270 111.591193 -18.579025 1
101.013445 115.872760 -29.160873 1
102.251891 114.157305 -11.334292 1
103.785513 112.032981 10.741168 1
105.278990 89.806213 9.658099 1
106.522054 71.306229 8.756628 1
105.463782 64.056016 22.436252 1
105.764958 62.905508 29.907340 1
114.253274 115.395992 -28.844802 1
115.788328 113.567650 -11.052447 1
117.689237 111.303551 10.980406 1
117.025804 88.804409 10.849871 1
116.484740 70.455193 10.743411 1
120.057722 62.785464 23.752127 1
121.062846 61.354347 31.112416 1
107.673800 117.096200 -28.314400 1
107.965554 124.388892 -29.987994 1
108.341704 134.035267 -32.284099 1
108.618697 143.519072 -32.903404 1
108.781479 167.567969 -28.558249 1
109.704523 174.857246 -29.197346 1
110.444210 192.633070 -35.266581 1
104.815661 153.870762 -32.518086 1
92.298617 158.662553 -33.833570 1
91.326829 152.570967 -30.975442 1
88.496365 134.828383 -22.650751 1
88.749210 128.177533 -18.921854 1
89.256616 114.830763 -11.438792 1
89.256616 114.830763 -11.438792 1
112.778136 153.668736 -31.698239 1
125.241804 158.762872 -31.971968 1
126.186493 152.168586 -30.614160 1
128.938028 132.961820 -26.659355 1
129.192096 125.821230 -23.985439 1
129.701953 111.491661 -18.619485 1
129.701953 111.491661 -18.619485 1
101.018161 115.874628 -29.108478 1
102.295036 114.054507 -11.294992 1
103.876247 111.800569 10.764252 1
105.381804 89.582143 9.536410 1
106.634922 71.089104 8.514441 1
105.603788 63.753663 22.150632 1
105.917055 62.557415 29.614036 1
114.258786 115.415917 -28.799101 1
115.790718 113.490500 -11.016720 1
117.687760 111.106192 11.003783 1
117.003869 88.608464 10.773385 1
116.446122 70.260401 10.585482 1
120.002620 62.526491 23.560674 1
121.001462 61.304757 30.959451 1
107.684900 117.109900 -28.260600 1
107.963477 124.406043 -29.921348 1
108.321924 134.055163 -32.208733 1
108.586065 143.538798 -32.836202 1
108.739628 167.598837 -28.552827 1
109.678964 174.886784 -29.183295 1
110.379127 192.651276 -35.290277 1
104.773027 153.887202 -32.461620 1
92.268300 158.722418 -33.734669 1
91.323086 152.640389 -30.847424 1
88.570023 134.925641 -22.437927 1
88.789900 128.243650 -18.763006 1
89.231147 114.834384 -11.388259 1
89.231147 114.834384 -11.388259 1
112.739007 153.696111 -31.673834 1
125.232126 158.716075 -31.974020 1
126.173201 152.121464 -30.615276 1
128.914209 132.913754 -26.657748 1
129.182824 125.774271 -23.982298 1
129.721873 111.446923 -18.613267 1
129.721873 111.446923 -18.613267 1
101.029814 115.880106 -29.046578 1
102.366392 114.036218 -11.239917 1
104.021538 111.752849 10.810874 1
105.475074 89.532994 9.546750 1
106.684893 71.038764 8.494583 1
105.676194 63.684020 22.122051 1
106.007804 62.475311 29.582654 1
114.271555 115.440072 -28.758577 1
115.791334 113.431257 -10.984381 1
117.673329 110.943675 11.025986 1
116.982822 88.446822 10.737210 1
116.419680 70.099473 10.501696 1
119.955983 62.333326 23.463145 1
120.949377 61.314451 30.893305 1
107.702200 117.124300 -28.217100 1
107.971689 124.422365 -29.870888 1
108.318021 134.072066 -32.157690 1
108.572885 143.554917 -32.800647 1
108.720972 167.628913 -28.596227 1
109.663946 174.919816 -29.185758 1
110.302066 192.717982 -35.200799 1
104.751985 153.901102 -32.445363 1
92.250986 158.756494 -33.677584 1
91.318549 152.666569 -30.802854 1
88.602699 134.928825 -22.429810 1
88.810886 128.241532 -18.763862 1
89.228673 114.821627 -11.407125 1
89.228673 114.821627 -11.407125 1
112.721049 153.719643 -31.687034 1
125.223060 158.714414 -32.033646 1
126.163053 152.120783 -30.669412 1
128.900910 132.915926 -26.695890 1
129.169239 125.784128 -23.999993 1
129.707712 111.472202 -18.589929 1
129.707712 111.472202 -18.589929 1
101.047102 115.889208 -28.994624 1
102.419875 114.022605 -11.193084 1
104.119842 111.711106 10.851366 1
105.540470 89.492018 9.537323 1
106.722899 70.998428 8.443607 1
105.722863 63.618532 22.058111 1
106.063111 62.394826 29.515879 1
114.289645 115.461004 -28.726356 1
115.825729 113.435801 -10.955421 1
117.727913 110.927923 11.050907 1
116.997868 88.432747 10.730508 1
116.402480 70.086765 10.469205 1
119.934280 62.292630 23.415072 1
120.933258 61.325458 30.851391 1
107.710200 117.135000 -28.182600 1
107.982106 124.432022 -29.840592 1
108.329778 134.079408 -32.136934 1
108.585362 143.561059 -32.797085 1
108.743194 167.645875 -28.655461 1
109.666386 174.944693 -29.174099 1
110.241481 192.797379 -35.031874 1
104.764966 153.908002 -32.458886 1
92.249156 158.733196 -33.658960 1
91.316129 152.641742 -30.787666 1
88.598557 134.899542 -22.424625 1
88.788472 128.197704 -18.784337 1
89.169591 114.748611 -11.479091 1
89.169591 114.748611 -11.479091 1
112.735943 153.728774 -31.720387 1
125.235936 158.725412 -32.110200 1
126.179951 152.133516 -30.740373 1
128.929525 132.933711 -26.750560 1
129.187849 125.807520 -24.038905 1
129.706247 111.506846 -18.597218 1
129.706247 111.506846 -18.597218 1
101.054422 115.902060 -28.957717 1
102.434443 114.021922 -11.158162 1
104.143385 111.693663 10.883830 1
105.546418 89.474652 9.549746 1
106.714203 70.981125 8.439349 1
105.714246 63.590267 22.047911 1
106.056742 62.359859 29.504474 1
114.296866 115.468850 -28.692604 1
115.869102 113.450778 -10.924019 1
117.816054 110.951732 11.079398 1
117.053559 88.457730 10.752222 1
116.431705 70.112706 10.485393 1
119.978058 62.306625 23.420079 1
120.990504 61.320618 30.852102 1
107.712200 117.144300 -28.157000 1
107.994432 124.439369 -29.821845 1
108.354414 134.083551 -32.129720 1
108.615259 143.563899 -32.806330 1
108.774624 167.658075 -28.719569 1
109.674575 174.966673 -29.130053 1
110.142463 192.881515 -34.804747 1
104.794242 153.911250 -32.488239 1
92.264878 158.702956 -33.681038 1
91.348580 152.610095 -30.807341 1
88.679735 134.863799 -22.437302 1
88.854604 128.164624 -18.791362 1
89.205531 114.720876 -11.474775 1
89.205531 114.720876 -11.474775 1
112.765888 153.734395 -31.756422 1
125.261388 158.740602 -32.166938 1
126.203629 152.150318 -30.788158 1
128.948032 132.955210 -26.772271 1
129.199492 125.834078 -24.046717 1
129.704114 111.543555 -18.577138 1
129.704114 111.543555 -18.577138 1
101.055848 115.918346 -28.938246 1
102.426742 114.026336 -11.139244 1
104.124381 111.683374 10.902064 1
105.534316 89.465443 9.557312 1
106.707845 70.972815 8.438036 1
105.704801 63.579832 22.045216 1
106.044854 62.348497 29.501738 1
114.297478 115.469986 -28.658106 1
115.947035 113.458996 -10.895730 1
117.989737 110.968719 11.099999 1
117.157155 88.477134 10.777523 1
116.478143 70.134081 10.514526 1
120.058152 62.311352 23.429868 1
121.101313 61.312249 30.855892 1
107.706600 117.155700 -28.124900 1
107.995953 124.446684 -29.806334 1
108.363319 134.085511 -32.135323 1
108.625863 143.564300 -32.832783 1
108.778421 167.667515 -28.799409 1
109.665003 174.985173 -29.044088 1
109.993223 192.955178 -34.551704 1
104.801896 153.911239 -32.537542 1
92.282349 158.726284 -33.739388 1
91.345781 152.640980 -30.856230 1
88.617900 134.916694 -22.458633 1
88.771667 128.213440 -18.819245 1
89.080244 114.761505 -11.515807 1
89.080244 114.761505 -11.515807 1
112.773606 153.738283 -31.805486 1
125.277666 158.723658 -32.208819 1
126.213603 152.134662 -30.819629 1
128.939648 132.943306 -26.773422 1
129.177801 125.822814 -24.044999 1
129.655720 111.533579 -18.569662 1
129.655720 111.533579 -18.569662 1
101.050678 115.932084 -28.913440 1
102.383307 114.007997 -11.114970 1
104.033561 111.625314 10.925678 1
105.508034 89.412477 9.566081 1
106.735280 70.924088 8.434449 1
105.729166 63.521050 22.035934 1
106.059728 62.286656 29.492377 1
114.291582 115.476107 -28.612047 1
116.040719 113.440125 -10.862049 1
118.206735 110.918900 11.118352 1
117.273352 88.431376 10.788795 1
116.512131 70.091634 10.520023 1
120.125944 62.242127 23.409679 1
121.208296 61.320227 30.840078 1
107.701200 117.176900 -28.099500 1
107.995031 124.462783 -29.802135 1
108.367580 134.094747 -32.158531 1
108.633256 143.571616 -32.880478 1
108.791135 167.684077 -28.902965 1
109.634611 175.010587 -28.972404 1
109.802048 193.037840 -34.297134 1
104.810423 153.919548 -32.606095 1
92.303549 158.763601 -33.823231 1
91.356699 152.681770 -30.936107 1
88.598866 134.967597 -22.526961 1
88.738722 128.269626 -18.877300 1
89.019386 114.828292 -11.553247 1
89.019386 114.828292 -11.553247 1
112.782702 153.747579 -31.880031 1
125.301068 158.699630 -32.248648 1
126.234033 152.112035 -30.850847 1
128.951421 132.924755 -26.779559 1
129.187269 125.805223 -24.048435 1
129.660561 111.517911 -18.567677 1
129.660561 111.517911 -18.567677 1
101.046080 115.952793 -28.894026 1
102.338974 114.004849 -11.095221 1
103.940021 111.592622 10.945843 1
105.479559 89.384637 9.579099 1
106.760959 70.900288 8.441518 1
105.749220 63.482432 22.034510 1
106.068900 62.242336 29.490481 1
114.286406 115.494046 -28.572144 1
116.120686 113.437242 -10.833145 1
118.392137 110.890233 11.133637 1
117.367119 88.406928 10.788790 1
116.531165 70.070628 10.507549 1
120.193362 62.226516 23.386829 1
121.309386 61.343265 30.816942 1
107.695200 117.196400 -28.084900 1
108.001019 124.474846 -29.816978 1
108.388588 134.098428 -32.204986 1
108.664723 143.573541 -32.945801 1
108.840957 167.688646 -28.985121 1
109.648813 175.018928 -28.893725 1
109.682858 193.117603 -33.973042 1
104.849592 153.924492 -32.678164 1
92.350241 158.785240 -33.905978 1
91.389136 152.703570 -31.023225 1
88.589786 134.989871 -22.626810 1
88.727855 128.305077 -18.953002 1
89.004930 114.890187 -11.580490 1
89.004930 114.890187 -11.580490 1
112.821830 153.747123 -31.952959 1
125.357652 158.657722 -32.280607 1
126.287722 152.071469 -30.874574 1
128.996679 132.888100 -26.779308 1
129.218411 125.767615 -24.049486 1
129.663378 111.478392 -18.571342 1
129.663378 111.478392 -18.571342 1
101.039894 115.977331 -28.885584 1
102.304262 113.983546 -11.089806 1
103.869986 111.514552 10.947509 1
105.485092 89.312556 9.570719 1
106.829391 70.833191 8.424776 1
105.829749 63.402711 22.011766 1
106.146635 62.158587 29.467185 1
114.279075 115.503410 -28.539539 1
116.176626 113.423434 -10.809900 1
118.526426 110.847731 11.145292 1
117.426045 88.368244 10.784120 1
116.528629 70.035059 10.489565 1
120.239471 62.209414 23.366154 1
121.381570 61.330883 30.792863 1
107.686000 117.230600 -28.072000 1
107.999760 124.502663 -29.829284 1
108.396006 134.118210 -32.248039 1
108.676033 143.591396 -33.011683 1
108.854624 167.712866 -29.090058 1
109.645507 175.041520 -28.846441 1
109.548945 193.212060 -33.661499 1
104.860937 153.942715 -32.758151 1
92.361821 158.803318 -33.988921 1
91.399297 152.718651 -31.112974 1
88.595814 134.996222 -22.736385 1
88.729117 128.318435 -19.049679 1
88.996628 114.917608 -11.651285 1
88.996628 114.917608 -11.651285 1
112.833671 153.766622 -32.038104 1
125.373120 158.668875 -32.351643 1
126.303541 152.086308 -30.928681 1
129.013520 132.913676 -26.784109 1
129.225745 125.796013 -24.046185 1
129.651632 111.512452 -18.551780 1
129.651632 111.512452 -18.551780 1
101.030653 116.014096 -28.876243 1
102.292212 113.988931 -11.083809 1
103.854456 111.481077 10.949365 1
105.501798 89.281555 9.570896 1
106.872928 70.804248 8.423555 1
105.884239 63.372682 22.010753 1
106.202842 62.129270 29.466218 1
114.269030 115.530709 -28.512923 1
116.199335 113.434383 -10.788746 1
118.589696 110.838432 11.159681 1
117.450125 88.361061 10.788520 1
116.520747 70.029601 10.485818 1
120.256707 62.212142 23.360117 1
121.412016 61.333661 30.784788 1
107.695000 117.239400 -28.077200 1
108.015559 124.506943 -29.851872 1
108.418786 134.116821 -32.291909 1
108.700135 143.588518 -33.073331 1
108.872758 167.716021 -29.188731 1
109.656374 175.040254 -28.820519 1
109.511445 193.281075 -33.360791 1
104.880998 153.938629 -32.831646 1
92.373140 158.777901 -34.057665 1
91.400494 152.691711 -31.188354 1
88.567527 134.964846 -22.831091 1
88.690287 128.289842 -19.138983 1
88.936641 114.894600 -11.729748 1
88.936641 114.894600 -11.729748 1
112.854547 153.766941 -32.119606 1
125.395054 158.666555 -32.432105 1
126.324478 152.086809 -30.995509 1
129.031553 132.922394 -26.811226 1
129.237261 125.808816 -24.062209 1
129.650070 111.533453 -18.545546 1
129.650070 111.533453 -18.545546 1
101.039590 116.025583 -28.884967 1
102.302542 113.970999 -11.096005 1
103.866514 111.426714 10.932869 1
105.537185 89.229229 9.549680 1
106.927733 70.753618 8.398411 1
105.951535 63.318229 21.984421 1
106.273978 62.073633 29.439523 1
114.277265 115.533850 -28.507567 1
116.213356 113.442083 -10.783482 1
118.610884 110.851777 11.164830 1
117.482831 88.373769 10.797092 1
116.562847 70.041789 10.497181 1
120.296609 62.215781 23.366923 1
121.455255 61.331345 30.790367 1
107.693900 117.276500 -28.062700 1
108.025478 124.539996 -29.851855 1
108.441873 134.145053 -32.308604 1
108.729748 143.615551 -33.102097 1
108.905013 167.746196 -29.237184 1
109.690578 175.065163 -28.779328 1
109.560463 193.365616 -33.073407 1
104.911145 153.966016 -32.867220 1
92.389926 158.770571 -34.093390 1
91.410316 152.685347 -31.224399 1
88.557069 134.961295 -22.868069 1
88.667206 128.288746 -19.171130 1
88.888230 114.898429 -11.752200 1
88.888230 114.898429 -11.752200 1
112.884986 153.794571 -32.158393 1
125.421903 158.703130 -32.474523 1
126.348337 152.122764 -31.038841 1
129.046704 132.956540 -26.857217 1
129.246511 125.847997 -24.094775 1
129.647478 111.582737 -18.551168 1
129.647478 111.582737 -18.551168 1
101.037674 116.069625 -28.874141 1
102.290383 113.973147 -11.089344 1
103.841670 111.376985 10.934374 1
105.556892 89.183339 9.544110 1
106.984521 70.710924 8.386953 1
106.026967 63.272013 21.972361 1
106.353362 62.027376 29.427285 1
114.274350 115.561590 -28.483518 1
116.210091 113.459513 -10.760615 1
118.607183 110.856439 11.186235 1
117.471744 88.379045 10.803993 1
116.545736 70.047566 10.492254 1
120.287571 62.224879 23.361670 1
121.448307 61.344214 30.785237 1
107.696300 117.270700 -28.052600 1
108.032871 124.533370 -29.844177 1
108.454564 134.136263 -32.308469 1
108.748984 143.605231 -33.117657 1
108.951805 167.745244 -29.313061 1
109.716471 175.060436 -28.767837 1
109.629871 193.406209 -32.865123 1
104.939100 153.959288 -32.900137 1
92.388587 158.690095 -34.113505 1
91.393217 152.606869 -31.245704 1
88.494065 134.888634 -22.892838 1
88.585319 128.216162 -19.195245 1
88.768449 114.826000 -11.775003 1
88.768449 114.826000 -11.775003 1
112.914334 153.783246 -32.208310 1
125.452388 158.687854 -32.540257 1
126.371216 152.109718 -31.089543 1
129.047431 132.949991 -26.864140 1
129.236360 125.828883 -24.133474 1
129.615496 111.538411 -18.653636 1
129.615496 111.538411 -18.653636 1
101.039003 116.068500 -28.862190 1
102.327025 114.064789 -11.069223 1
103.922041 111.583503 10.964611 1
105.423008 89.374582 9.570462 1
106.672306 70.889453 8.410071 1
105.644800 63.461618 21.996429 1
105.961851 62.214177 29.451288 1
114.275384 115.550775 -28.474308 1
116.221770 113.448853 -10.752553 1
118.632044 110.845974 11.192876 1
117.471070 88.369989 10.804494 1
116.524237 70.039659 10.487747 1
120.277043 62.221094 23.356473 1
121.442722 61.341285 30.779367 1
107.700300 117.260200 -28.037400 1
108.041472 124.522532 -29.829473 1
108.469353 134.124359 -32.296853 1
108.767806 143.592529 -33.113873 1
108.976305 167.737555 -29.341533 1
109.744319 175.046399 -28.721071 1
109.717006 193.422759 -32.679768 1
104.960355 153.947762 -32.910182 1
92.414960 158.689083 -34.135383 1
91.412250 152.608698 -31.264115 1
88.491720 134.898740 -22.901151 1
88.562560 128.231852 -19.193053 1
88.704723 114.852897 -11.751727 1
88.704723 114.852897 -11.751727 1
112.935548 153.770770 -32.218130 1
125.471680 158.681178 -32.536663 1
126.378674 152.102460 -31.081150 1
129.020419 132.941038 -26.841767 1
129.210467 125.818442 -24.115061 1
129.591848 111.524984 -18.643171 1
129.591848 111.524984 -18.643171 1
101.042396 116.061929 -28.847824 1
102.316765 114.066078 -11.052991 1
103.894874 111.594526 10.983155 1
105.376338 89.384503 9.585711 1
106.609403 70.898456 8.422577 1
105.561799 63.467099 22.005474 1
105.870778 62.216804 29.460193 1
114.278410 115.536301 -28.458066 1
116.255980 113.447263 -10.738240 1
118.704871 110.860338 11.204800 1
117.516219 88.385624 10.826764 1
116.546813 70.056330 10.518454 1
120.309269 62.227177 23.377922 1
121.489085 61.337962 30.797460 1
