63 35
114.291500 149.656600 21.024400 1
114.145135 156.511898 20.918363 1
113.964684 165.958282 19.963753 1
113.798242 175.021720 19.176460 1
113.340808 198.404816 19.264398 1
113.547612 204.778410 22.289324 1
113.924048 222.761904 22.019024 1
109.802677 184.739243 18.115564 1
97.767675 189.250633 19.069091 1
96.726969 183.341977 21.586028 1
93.695773 166.132219 28.916946 1
95.748357 161.098896 33.790973 1
99.867452 150.998096 43.572098 1
99.867452 150.998096 43.572098 1
117.461480 184.888338 18.309957 1
129.292830 189.894657 19.339055 1
130.131551 184.329353 22.603131 1
132.574438 168.119651 32.110188 1
130.633862 162.663461 36.556281 1
126.739543 151.714059 45.478634 1
126.739543 151.714059 45.478634 1
108.268526 148.348020 20.051682 1
106.907724 131.265953 21.272286 1
105.222578 110.112433 22.783818 1
104.709750 88.798719 21.771574 1
104.282906 71.058643 20.929053 1
101.185369 65.254829 34.243229 1
100.558894 64.691239 41.433782 1
120.399928 148.610836 20.297590 1
121.744928 131.484743 20.470780 1
123.410488 110.276926 20.685244 1
124.623030 88.845125 18.887764 1
125.611917 71.366445 17.421829 1
127.638840 64.993856 30.681843 1
127.638509 64.094838 37.865622 1
114.182700 149.668300 20.708300 1
114.059231 156.524846 20.690585 1
113.911405 165.983406 19.858846 1
113.772339 175.057051 19.193209 1
113.368462 198.437684 19.604343 1
113.593291 204.741915 22.770061 1
113.963057 222.727511 22.720485 1
109.803326 184.797767 18.252108 1
97.749627 189.221323 19.367293 1
96.762524 183.237525 21.723146 1
93.887454 165.808905 28.584886 1
95.730219 160.296634 33.003332 1
99.428254 149.234686 41.870202 1
99.428254 149.234686 41.870202 1
117.461640 184.926085 18.478002 1
129.260131 189.989268 19.601797 1
130.151418 184.300729 22.631050 1
132.747412 167.732086 31.454156 1
130.932461 161.884866 35.431534 1
127.290243 150.150748 43.413279 1
127.290243 150.150748 43.413279 1
108.158970 148.392488 19.697480 1
106.798161 131.313359 20.958512 1
105.113007 110.163477 22.520107 1
104.665102 88.841440 21.664412 1
104.292296 71.094438 20.952192 1
101.204902 65.309177 34.276794 1
100.574798 64.759291 41.468091 1
120.290215 148.611695 19.989540 1
121.663196 131.491395 20.379829 1
123.363405 110.290751 20.863136 1
124.628175 88.866834 19.008565 1
125.659656 71.394584 17.496071 1
127.657437 65.069002 30.782987 1
127.635552 64.192935 37.969569 1
114.101600 149.655100 20.310900 1
114.002222 156.511688 20.382361 1
113.883498 165.981242 19.681325 1
113.760190 175.064260 19.154998 1
113.363061 198.434743 19.960587 1
113.634122 204.656290 23.282414 1
114.018473 222.639216 23.578156 1
109.795574 184.820828 18.373009 1
97.735135 189.182995 19.645979 1
96.837905 183.130334 21.857431 1
94.224600 165.501140 28.298585 1
95.825049 159.532915 32.187342 1
99.036806 147.555966 39.991240 1
99.036806 147.555966 39.991240 1
117.453599 184.942724 18.611886 1
129.246814 189.992483 19.846047 1
130.155808 184.192495 22.650350 1
132.803377 167.299244 30.818259 1
131.009324 161.160031 34.338915 1
127.409045 148.839948 41.404117 1
127.409045 148.839948 41.404117 1
108.076250 148.413927 19.267149 1
106.726505 131.342507 20.639548 1
105.055052 110.202172 22.339054 1
104.658616 88.874354 21.611681 1
104.328650 71.122539 21.006268 1
101.285154 65.342294 34.343140 1
100.670966 64.798229 41.536257 1
120.207336 148.586335 19.595003 1
121.615434 131.471084 20.071998 1
123.359132 110.276693 20.662675 1
124.605147 88.844504 18.892919 1
125.621333 71.365509 17.449596 1
127.618088 65.043619 30.738423 1
127.598099 64.170609 37.925382 1
113.980700 149.598100 19.842400 1
113.904869 156.453490 20.002591 1
113.814949 165.932405 19.436824 1
113.706809 175.023237 19.064652 1
113.314277 198.373462 20.329203 1
113.630154 204.482714 23.849559 1
114.011736 222.453646 24.571224 1
109.745592 184.794360 18.469486 1
97.671172 189.061688 19.919109 1
96.885500 182.948696 22.003406 1
94.597123 165.143780 28.074203 1
96.022602 158.857193 31.502091 1
98.883232 146.241361 38.381124 1
98.883232 146.241361 38.381124 1
117.403325 184.909481 18.720792 1
129.171238 189.988806 20.069791 1
130.051850 184.088049 22.665140 1
132.616750 166.901294 30.224441 1
130.814737 160.534599 33.310139 1
127.198486 147.758010 39.502473 1
127.198486 147.758010 39.502473 1
107.953438 148.391576 18.769464 1
106.724321 131.325374 20.309813 1
105.202247 110.191500 22.217299 1
104.729756 88.863120 21.554701 1
104.336487 71.110838 21.003201 1
101.446791 65.314570 34.367301 1
100.922890 64.758908 41.566672 1
120.084286 148.517430 19.126048 1
121.522565 131.413810 19.860659 1
123.303635 110.233824 20.770350 1
124.571032 88.807150 18.949731 1
125.604655 71.332652 17.464925 1
127.594994 65.041647 30.769363 1
127.569934 64.184639 37.958232 1
113.868400 149.575100 19.330000 1
113.813864 156.428453 19.567391 1
113.744580 165.914330 19.129959 1
113.638832 175.010434 18.922243 1
113.207855 198.325380 20.714939 1
113.581944 204.250740 24.531457 1
113.847221 222.207311 25.585974 1
109.661482 184.785977 18.548401 1
97.588780 188.988197 20.189844 1
96.936091 182.819046 22.150918 1
95.035045 164.850558 27.862814 1
96.357146 158.344584 30.900567 1
99.010318 145.288491 36.996682 1
99.010318 145.288491 36.996682 1
117.319026 184.908013 18.802190 1
129.071907 189.971732 20.329166 1
129.880922 183.971020 22.709752 1
132.237286 166.493131 29.643528 1
130.444003 159.956940 32.357550 1
126.845269 146.840206 37.804010 1
126.845269 146.840206 37.804010 1
107.838740 148.399737 18.236158 1
106.644793 131.346757 19.941747 1
105.166273 110.229257 22.053858 1
104.699754 88.897154 21.519240 1
104.311455 71.141774 21.074263 1
101.498759 65.332323 34.449063 1
101.013673 64.770628 41.650685 1
119.969464 148.483354 18.608973 1
121.427489 131.394665 19.605454 1
123.233013 110.233168 20.839429 1
124.501627 88.807893 19.003267 1
125.536244 71.334535 17.505785 1
127.526231 65.067672 30.821665 1
127.501387 64.223881 38.012098 1
113.827500 149.523100 18.734900 1
113.790302 156.374502 19.025903 1
113.734330 165.864992 18.701116 1
113.620132 174.963328 18.675079 1
113.119341 198.217348 21.121695 1
113.551716 203.959978 25.202247 1
113.819570 221.854318 27.030272 1
109.609856 184.732176 18.587976 1
97.558805 188.894441 20.472339 1
97.054462 182.667204 22.288215 1
95.585495 164.529534 27.577198 1
96.869970 157.867015 30.272480 1
99.447636 144.496768 35.681329 1
99.447636 144.496768 35.681329 1
117.267755 184.872614 18.820651 1
129.028654 189.827787 20.618048 1
129.716771 183.726921 22.771226 1
131.721004 165.957322 29.042646 1
129.962647 159.283036 31.422910 1
126.434003 145.889174 36.199589 1
126.434003 145.889174 36.199589 1
107.794818 148.371571 17.632400 1
106.619598 131.334736 19.504232 1
105.164268 110.237228 21.822210 1
104.720213 88.900974 21.462826 1
104.350613 71.142139 21.163701 1
101.604458 65.321216 34.547338 1
101.150314 64.755297 41.750647 1
119.925739 148.421614 18.004844 1
121.404437 131.358608 19.349966 1
123.235561 110.228913 21.015674 1
124.492045 88.806627 19.136795 1
125.516769 71.335707 17.604476 1
127.531543 65.084246 30.923868 1
127.521563 64.249411 38.115382 1
113.787400 149.387300 17.965600 1
113.763732 156.235711 18.321244 1
113.715012 165.730030 18.138076 1
113.587934 174.825818 18.347666 1
113.012786 197.972010 21.650566 1
113.525027 203.497833 26.011591 1
113.743947 221.261496 28.844465 1
109.541387 184.575767 18.637905 1
97.520661 188.693537 20.794116 1
97.178670 182.409419 22.444311 1
96.182576 164.106073 27.250727 1
97.508881 157.331489 29.627594 1
100.170493 143.736350 34.397454 1
100.170493 143.736350 34.397454 1
117.199701 184.736996 18.841616 1
128.949448 189.604518 20.928192 1
129.432301 183.413193 22.868449 1
130.838676 165.380120 28.519705 1
129.153140 158.606339 30.659432 1
125.770632 145.012812 34.953404 1
125.770632 145.012812 34.953404 1
107.751599 148.257883 16.857312 1
106.581996 131.249743 18.977182 1
105.133622 110.187769 21.602315 1
104.759759 88.847719 21.445678 1
104.448580 71.085723 21.315305 1
101.770762 65.257879 34.709774 1
101.342396 64.692593 41.914711 1
119.882894 148.280968 17.220109 1
121.394122 131.267500 19.064069 1
123.265529 110.199151 21.347506 1
124.505376 88.784529 19.372654 1
125.516532 71.319859 17.762064 1
127.570075 65.071484 31.076981 1
127.583148 64.239228 38.268789 1
113.750700 149.171900 16.936700 1
113.739744 156.013265 17.409336 1
113.697874 165.509319 17.444244 1
113.560328 174.592188 17.969598 1
112.925347 197.558127 22.345511 1
113.496945 202.824636 27.009501 1
113.748718 220.335410 31.124137 1
109.483370 184.304013 18.730635 1
97.511415 188.377975 21.216242 1
97.328023 182.038580 22.668375 1
96.793870 163.574235 26.897907 1
98.245812 156.727578 28.976060 1
101.159551 142.987805 33.146466 1
101.159551 142.987805 33.146466 1
117.142005 184.482323 18.906150 1
128.884501 189.231732 21.285226 1
129.112065 182.966954 23.026207 1
129.774873 164.719938 28.097044 1
128.155795 157.887896 30.098385 1
124.906654 144.177453 34.114646 1
124.906654 144.177453 34.114646 1
107.710829 148.071998 15.820925 1
106.536438 131.132876 18.433507 1
105.082134 110.156370 21.668790 1
104.724285 88.815902 21.533103 1
104.426436 71.053558 21.420167 1
101.848032 65.178785 34.813641 1
101.469745 64.589591 42.019466 1
119.842813 148.067956 16.160659 1
121.372168 131.139343 18.655701 1
123.266020 110.176072 21.745394 1
124.490371 88.769546 19.675400 1
125.488889 71.311478 17.987218 1
127.569582 65.046366 31.290050 1
127.599516 64.206010 38.480865 1
113.697500 148.833000 15.701100 1
113.718335 155.660803 16.340201 1
113.707251 165.151500 16.663550 1
113.575338 174.203957 17.574077 1
112.913249 196.895984 23.197219 1
113.448547 201.815005 28.230343 1
113.852430 218.894970 33.863504 1
109.478237 183.847131 18.894407 1
97.521558 187.775680 21.670637 1
97.490235 181.393339 22.933567 1
97.399005 162.803908 26.612020 1
99.026245 155.911808 28.388148 1
102.291769 142.080843 31.952454 1
102.291769 142.080843 31.952454 1
117.137527 184.039836 19.018584 1
128.879551 188.603450 21.739141 1
128.865563 182.283629 23.285077 1
128.824821 163.876296 27.787822 1
127.215648 156.989203 29.599476 1
123.986385 143.168285 33.235078 1
123.986385 143.168285 33.235078 1
107.652344 147.788537 14.560943 1
106.515619 130.951716 17.780877 1
105.107960 110.101895 21.768273 1
104.745572 88.761367 21.656049 1
104.443945 70.998974 21.562643 1
102.011031 65.068748 34.958897 1
101.709015 64.450505 42.165889 1
119.784257 147.720125 14.896316 1
121.397520 130.930527 18.159575 1
123.395281 110.139403 22.200576 1
124.565763 88.735868 20.069383 1
125.520347 71.280241 18.331289 1
127.677543 65.021657 31.625005 1
127.755146 64.187530 38.816189 1
113.653200 148.426700 14.399500 1
113.670896 155.232800 15.238832 1
113.644940 164.706516 15.891538 1
113.483915 173.707730 17.212772 1
112.728850 196.044491 24.103720 1
113.356857 200.492047 29.548028 1
113.887708 216.927480 36.842928 1
109.339710 183.235813 19.099964 1
97.484215 187.154620 22.292660 1
97.624207 180.737921 23.358782 1
98.031954 162.048415 26.464004 1
99.868673 155.128164 27.892351 1
103.554574 141.240706 30.758735 1
103.554574 141.240706 30.758735 1
116.998430 183.469467 19.181776 1
128.799386 187.657905 22.230964 1
128.597800 181.308032 23.634077 1
128.010652 162.813168 27.720830 1
126.421806 155.884175 29.384623 1
123.233336 141.979172 32.723498 1
123.233336 141.979172 32.723498 1
107.606097 147.411656 13.243212 1
106.479563 130.715054 17.128194 1
105.084523 110.038874 21.939148 1
104.726922 88.698539 21.783362 1
104.429279 70.936306 21.653697 1
102.096332 64.961479 35.047915 1
101.844860 64.320505 42.254862 1
119.738806 147.342495 13.548226 1
121.413066 130.701458 17.474396 1
123.486360 110.094301 22.336303 1
124.611905 88.687871 20.209995 1
125.529842 71.229882 18.475885 1
127.711467 65.007960 31.782818 1
127.807895 64.196049 38.976317 1
113.578500 147.991200 13.044300 1
113.587572 154.761161 14.137609 1
113.545320 164.198886 15.189070 1
113.362581 173.119437 16.973395 1
112.535770 194.990687 25.216632 1
113.332086 198.931386 31.017703 1
113.992904 214.444079 40.102882 1
109.189292 182.503082 19.433305 1
97.471121 186.463147 23.053455 1
97.819690 180.023105 23.910551 1
98.834946 161.265613 26.406958 1
100.952945 154.356776 27.448892 1
105.203315 140.492222 29.539826 1
105.203315 140.492222 29.539826 1
116.847210 182.751813 19.541467 1
128.677067 186.629977 22.875753 1
128.346877 180.258648 24.151448 1
127.385153 161.701292 27.867080 1
125.775242 154.743032 29.381798 1
122.544496 140.779295 32.421511 1
122.544496 140.779295 32.421511 1
107.531500 147.011335 11.857527 1
106.417617 130.481092 16.401642 1
105.038243 110.010921 22.028831 1
104.690836 88.670641 21.844850 1
104.401678 70.908455 21.691718 1
102.153717 64.901814 35.086239 1
101.943303 64.245538 42.293125 1
119.664640 146.948433 12.146352 1
121.458226 130.476937 16.686723 1
123.679285 110.079730 22.309215 1
124.728622 88.664985 20.228140 1
125.584406 71.200215 18.530920 1
127.806131 65.032141 31.856274 1
127.932562 64.252849 39.052915 1
113.470600 147.500400 11.579200 1
113.469343 154.219561 12.950569 1
113.416435 163.597714 14.442363 1
113.237479 172.400018 16.740377 1
112.462431 193.651713 26.474386 1
113.271908 197.127722 32.563536 1
114.142780 211.450667 43.413221 1
109.082974 181.595659 19.854951 1
97.479524 185.485853 23.895923 1
97.974756 179.027861 24.511823 1
99.417188 160.218086 26.305714 1
101.786898 153.349413 27.019428 1
106.542398 139.565461 28.451697 1
106.542398 139.565461 28.451697 1
116.741483 181.829166 19.954941 1
128.523001 185.537872 23.635220 1
128.095522 179.148652 24.786470 1
126.850432 160.539183 28.139635 1
125.139327 153.570158 29.484399 1
121.705508 139.584820 32.183052 1
121.705508 139.584820 32.183052 1
107.421271 146.556434 10.375325 1
106.315921 130.208676 15.539399 1
104.947115 109.964484 21.934313 1
104.616773 88.623714 21.777906 1
104.341819 70.861119 21.647726 1
102.200949 64.877274 35.069966 1
102.042834 64.235293 42.279476 1
119.555521 146.509454 10.616630 1
121.509819 130.242383 15.784339 1
123.929895 110.098322 22.183685 1
124.898883 88.671475 20.190045 1
125.689140 71.196836 18.564134 1
127.990836 65.084102 31.901410 1
128.168403 64.338021 39.100490 1
113.327800 147.015900 10.032300 1
113.352296 153.673777 11.675425 1
113.320986 162.969997 13.613803 1
113.137360 171.612253 16.454778 1
112.298639 192.053538 27.787764 1
113.132395 194.961770 34.164494 1
114.342074 208.076247 46.418799 1
108.952455 180.524378 20.273272 1
97.551210 184.511528 24.769644 1
98.129252 178.043776 25.174989 1
99.812880 159.205575 26.355611 1
102.415658 152.392259 26.684013 1
107.638876 138.719395 27.343042 1
107.638876 138.719395 27.343042 1
116.610152 180.783209 20.373142 1
128.386546 184.139945 24.392094 1
127.943620 177.732898 25.433159 1
126.653536 159.071508 28.465396 1
124.769546 152.114440 29.628744 1
120.988783 138.153099 31.963332 1
120.988783 138.153099 31.963332 1
107.274218 146.143791 8.796038 1
106.166667 129.980469 14.510843 1
104.795134 109.964673 21.587753 1
104.500041 88.622827 21.563020 1
104.254425 70.859337 21.542435 1
102.223819 64.972178 35.024432 1
102.117521 64.384837 42.239548 1
119.408370 146.042568 9.025293 1
121.606829 130.008920 14.789926 1
124.329257 110.153914 21.928463 1
125.142511 88.708304 20.071656 1
125.805759 71.218362 18.557339 1
128.250820 65.168092 31.897585 1
128.520792 64.461939 39.097820 1
113.179800 146.460400 8.389600 1
113.218265 153.036185 10.335200 1
113.208448 162.216018 12.765955 1
113.038215 170.644034 16.191303 1
112.217016 190.067974 29.192162 1
112.999742 192.369917 35.818175 1
114.479096 204.184726 49.303078 1
108.864097 179.216514 20.731085 1
97.648064 183.159162 25.706951 1
98.235575 176.683964 25.945479 1
99.946784 157.824076 26.640221 1
102.661791 151.048830 26.471810 1
108.110229 137.452367 26.133841 1
108.110229 137.452367 26.133841 1
116.522085 179.445997 20.871942 1
128.216946 182.529905 25.324228 1
127.834032 176.088212 26.153813 1
126.718743 157.325908 28.570088 1
124.404381 150.440031 29.299476 1
119.759954 136.621554 30.763203 1
119.759954 136.621554 30.763203 1
107.131975 145.671109 7.072176 1
106.003295 129.716938 13.343473 1
104.605598 109.960144 21.109512 1
104.360495 88.618546 21.304923 1
104.156488 70.855262 21.467570 1
102.158370 65.088959 35.006534 1
102.060042 64.569756 42.226985 1
119.263668 145.508458 7.382062 1
121.702956 129.738908 13.747063 1
124.723610 110.210942 21.629056 1
125.405535 88.751457 19.882986 1
125.961677 71.250199 18.458980 1
128.460491 65.264670 31.818457 1
128.772042 64.598565 39.020829 1
113.096400 145.804600 6.797800 1
113.110313 152.274500 9.071120 1
113.064478 161.304974 12.008199 1
112.842970 169.486437 15.984133 1
111.848254 187.845217 30.439301 1
112.823708 189.427965 37.248049 1
114.408940 199.920764 51.774198 1
108.601223 177.668287 21.140217 1
97.733638 181.750198 26.738139 1
98.309320 175.269645 26.773795 1
99.986074 156.394158 26.877648 1
102.969614 149.755949 26.297779 1
108.956938 136.434488 25.134103 1
108.956938 136.434488 25.134103 1
116.256985 177.912459 21.356930 1
127.968802 180.473015 26.087683 1
127.624626 174.021102 26.852278 1
126.622169 155.229032 29.079261 1
124.137656 148.383472 29.597997 1
119.151773 134.645902 30.638989 1
119.151773 134.645902 30.638989 1
107.061993 145.079529 5.385364 1
105.889193 129.377699 12.256734 1
104.436860 109.933390 20.765872 1
104.221158 88.593952 21.145267 1
104.041622 70.832467 21.461051 1
102.020583 65.183874 35.046156 1
101.905114 64.729220 42.270706 1
119.190381 144.907303 5.801293 1
121.789600 129.399132 12.721031 1
125.008301 110.194842 21.289974 1
125.554378 88.715362 19.754715 1
125.999730 71.197797 18.502635 1
128.432944 65.331837 31.927099 1
128.723851 64.735948 39.136483 1
113.030600 145.129000 5.282200 1
113.024793 151.479978 7.869249 1
112.951302 160.336309 11.295326 1
112.703176 168.236247 15.803414 1
111.668048 185.414553 31.640728 1
112.707215 186.302642 38.565110 1
114.261214 195.435344 53.985865 1
108.437661 175.968283 21.594900 1
97.849648 180.015089 27.728451 1
98.316619 173.528823 27.527106 1
99.676736 154.636696 26.940661 1
102.823908 148.125067 25.941873 1
109.139605 135.057625 23.937517 1
109.139605 135.057625 23.937517 1
116.092789 176.241845 21.798514 1
127.718390 178.588684 26.842409 1
127.404335 172.123672 27.502128 1
126.489608 153.293448 29.423644 1
123.813208 146.503824 29.627279 1
118.442246 132.878505 30.035930 1
118.442246 132.878505 30.035930 1
107.001914 144.462748 3.817338 1
105.793775 129.020161 11.247381 1
104.297680 109.896885 20.448351 1
104.105299 88.560717 20.989637 1
103.945175 70.801952 21.440167 1
101.955821 65.251984 35.070522 1
101.854379 64.850755 42.298447 1
119.129319 144.292764 4.261854 1
121.863028 129.053670 11.707586 1
125.248273 110.182586 20.927885 1
125.699359 88.688459 19.577951 1
126.067241 71.158950 18.477013 1
128.474686 65.401612 31.953049 1
128.761552 64.867829 39.167458 1
112.990800 144.405600 3.834100 1
112.963348 150.601473 6.773179 1
112.856779 159.239910 10.715774 1
112.568074 166.829505 15.726576 1
111.427175 182.837732 32.738959 1
112.502865 183.085500 39.710125 1
114.062527 190.684400 55.941113 1
108.254188 174.103671 22.050910 1
97.925573 178.097396 28.644314 1
98.223447 171.613736 28.193013 1
99.091048 152.729200 26.878536 1
102.306119 146.318486 25.511188 1
108.758078 133.453559 22.767212 1
108.758078 133.453559 22.767212 1
115.907425 174.413995 22.272150 1
127.399211 176.665231 27.654891 1
127.111274 170.186499 28.177729 1
126.272619 151.316312 29.700562 1
123.472488 144.575155 29.560408 1
117.853229 131.047097 29.279147 1
117.853229 131.047097 29.279147 1
106.968652 143.811899 2.312249 1
105.729601 128.636766 10.269557 1
104.195227 109.844692 20.123464 1
104.050488 88.514883 20.885271 1
103.930017 70.761411 21.519349 1
101.986281 65.342533 35.208904 1
101.903516 65.012732 42.440677 1
119.094722 143.638682 2.790670 1
121.961328 128.683906 10.745501 1
125.511144 110.164904 20.596234 1
125.862936 88.657438 19.443640 1
126.149838 71.117051 18.503642 1
128.521050 65.476815 32.035507 1
128.798384 65.009459 39.254897 1
112.927600 143.659400 2.524500 1
112.900123 149.710385 5.751356 1
112.787642 158.135457 10.131257 1
112.481947 165.411579 15.586349 1
111.276328 180.217234 33.650824 1
112.297798 179.775133 40.620529 1
113.961298 186.478686 57.231248 1
108.141236 172.227923 22.384583 1
98.059868 176.160073 29.385107 1
98.184281 169.693646 28.677937 1
98.546652 150.859302 26.618210 1
101.820060 144.552379 24.941578 1
108.389089 131.895738 21.576934 1
108.389089 131.895738 21.576934 1
115.793387 172.537488 22.641566 1
127.066576 174.864931 28.438233 1
126.797724 168.373800 28.789211 1
126.014657 149.467503 29.811477 1
123.142009 142.775287 29.296012 1
117.377220 129.345444 28.261583 1
117.377220 129.345444 28.261583 1
106.907981 143.144175 0.964531 1
105.656972 128.209440 9.362585 1
104.107790 109.715061 19.762288 1
104.046179 88.394809 20.764856 1
103.994897 70.649292 21.599326 1
102.120468 65.351955 35.345998 1
102.063957 65.090050 42.580801 1
119.032886 142.935935 1.458266 1
122.070030 128.292688 9.913628 1
125.831029 110.159462 20.384186 1
126.047316 88.643856 19.356944 1
126.223709 71.096830 18.519177 1
128.618856 65.554176 32.087099 1
128.921548 65.143682 39.308927 1
112.903800 142.891000 1.320300 1
112.890236 148.798130 4.803605 1
112.784856 157.009575 9.572155 1
112.462141 163.977687 15.414647 1
111.174334 177.627387 34.362296 1
112.160803 176.707489 41.290233 1
113.747759 181.996484 58.411242 1
108.082899 170.332541 22.622862 1
98.209142 174.204155 29.945611 1
98.192980 167.768173 28.992657 1
98.145909 149.022505 26.217048 1
101.391000 142.781648 24.261372 1
107.903199 130.257587 20.336747 1
107.903199 130.257587 20.336747 1
115.733123 170.672924 22.897613 1
126.718397 173.079982 29.193083 1
126.457080 166.580421 29.325986 1
125.695961 147.649569 29.713078 1
122.798017 141.010661 28.801814 1
116.982467 127.687797 26.973103 1
116.982467 127.687797 26.973103 1
106.883831 142.459148 -0.263444 1
105.584689 127.811795 8.619457 1
103.975901 109.673294 19.619568 1
103.994249 88.358103 20.726070 1
104.009520 70.616798 21.647048 1
102.197726 65.404540 35.434580 1
102.165450 65.190532 42.671107 1
119.007830 142.197670 0.227192 1
122.159109 127.871784 9.170376 1
126.061445 110.131557 20.245019 1
126.199776 88.608851 19.363377 1
126.312591 71.056034 18.644354 1
128.737691 65.600484 32.242226 1
129.064524 65.239435 39.465642 1
112.893300 142.354600 0.072900 1
112.862835 148.114317 3.794796 1
112.729231 156.106231 8.922122 1
112.362382 162.765385 15.111995 1
110.931946 175.286579 34.813765 1
111.945157 173.958285 41.671219 1
113.416154 178.048296 59.127702 1
107.925035 168.677019 22.654066 1
98.354856 172.567594 30.359794 1
98.224541 166.177273 29.144448 1
97.844982 147.564600 25.604587 1
101.119489 141.410242 23.435472 1
107.690721 129.059766 19.082522 1
107.690721 129.059766 19.082522 1
115.572567 169.024329 22.988582 1
126.244598 171.499348 29.777187 1
125.979864 164.999437 29.670731 1
125.208789 146.067570 29.360661 1
122.389352 139.442396 28.151769 1
116.731349 126.147092 25.725783 1
116.731349 126.147092 25.725783 1
106.885088 142.000168 -1.573472 1
105.435748 127.802470 7.990179 1
103.640961 110.220799 19.833296 1
103.437233 88.899210 20.787456 1
103.267663 71.152580 21.581635 1
101.362392 66.041213 35.394315 1
101.316459 65.866947 42.631834 1
119.004439 141.694118 -1.000652 1
122.201644 127.602256 8.291246 1
126.160852 110.151828 19.797716 1
126.264582 88.618814 19.213057 1
126.349178 71.057589 18.736238 1
128.730012 65.675512 32.371161 1
129.041158 65.356388 39.597244 1
112.915300 141.552300 -1.069670 1
112.858691 147.159096 2.878547 1
112.689008 154.927996 8.336880 1
112.276870 161.291195 14.827895 1
110.712553 172.787358 35.134971 1
111.758994 171.133893 41.916317 1
113.125759 174.077906 59.610541 1
107.786170 166.802545 22.636797 1
98.512382 170.792241 30.648183 1
98.318326 164.446249 29.226573 1
97.753115 145.962689 25.085939 1
101.011607 139.884521 22.689760 1
107.550700 127.686941 17.881139 1
107.550700 127.686941 17.881139 1
115.431034 167.144954 23.031861 1
125.690865 169.727647 30.391799 1
125.435487 163.237274 30.017528 1
124.691663 144.333183 28.927409 1
121.965008 137.739475 27.380816 1
116.493196 124.507318 24.277137 1
116.493196 124.507318 24.277137 1
106.920775 141.271012 -2.778856 1
105.294281 127.415035 7.246366 1
103.280118 110.256532 19.661066 1
103.151498 88.937301 20.678856 1
103.044444 71.192633 21.525996 1
101.050289 66.158014 35.354308 1
100.950328 66.026773 42.592191 1
119.034635 140.927790 -2.117763 1
122.275584 127.144841 7.612019 1
126.288961 110.076951 19.660734 1
126.326318 88.540412 19.214211 1
126.356784 70.976313 18.850048 1
128.681489 65.634913 32.510628 1
128.971459 65.340520 39.738641 1
112.911600 140.608200 -2.233570 1
112.830656 146.034693 1.958613 1
112.631892 153.557007 7.751134 1
112.177836 159.636346 14.506051 1
110.453612 170.270973 35.264614 1
111.596597 168.373365 41.965981 1
112.929145 170.370175 59.794550 1
107.633111 164.842676 22.491031 1
98.791122 169.085471 30.852912 1
98.518964 162.780067 29.272387 1
97.726268 144.414726 24.668893 1
100.785287 138.345322 22.002751 1
106.924081 126.165331 16.652373 1
106.924081 126.165331 16.652373 1
115.274962 165.114365 22.986583 1
125.130210 167.895031 30.812507 1
125.002655 161.423125 30.157983 1
124.631134 142.572822 28.251587 1
121.891534 136.151632 26.114652 1
116.393746 123.265682 21.826280 1
116.393746 123.265682 21.826280 1
106.940337 140.440303 -4.036512 1
105.181477 126.959869 6.466962 1
103.003398 110.266419 19.473903 1
102.957371 88.949499 20.545764 1
102.919060 71.206756 21.437908 1
100.855859 66.244811 35.282349 1
100.711736 66.154603 42.520115 1
119.041534 139.992666 -3.223421 1
122.277405 126.606954 7.047604 1
126.284495 110.030977 19.766558 1
126.301053 88.494696 19.306544 1
126.314555 70.930808 18.931378 1
128.532679 65.616589 32.620252 1
128.765782 65.336373 39.850886 1
112.818000 139.634400 -3.400650 1
112.715585 144.883502 1.011177 1
112.492506 152.169973 7.096864 1
111.993971 157.998471 14.066334 1
110.072854 167.931954 35.152381 1
111.361795 165.822009 41.763161 1
112.550965 167.091741 59.668313 1
107.386073 162.977780 22.159174 1
98.986711 167.420311 30.866513 1
98.608286 161.165756 29.115061 1
97.506072 142.948520 24.013717 1
100.705398 136.998072 21.246035 1
107.125758 125.056800 15.691890 1
107.125758 125.056800 15.691890 1
115.022116 163.146795 22.775260 1
124.480556 166.158329 30.995461 1
124.588892 159.723408 30.041368 1
124.904436 140.980828 27.262441 1
122.222855 134.830736 24.383367 1
116.841496 122.488821 18.605683 1
116.841496 122.488821 18.605683 1
106.876527 139.598956 -5.306541 1
105.017797 126.497806 5.649902 1
102.716045 110.274040 19.217776 1
102.740477 88.959629 20.339085 1
102.760812 71.218973 21.272387 1
100.637122 66.328191 35.132995 1
100.455368 66.277404 42.370298 1
118.957883 139.001023 -4.314679 1
122.202261 126.066305 6.516257 1
126.219886 110.048808 19.928567 1
126.221635 88.515462 19.346914 1
126.223062 70.953968 18.872546 1
128.363641 65.624813 32.567958 1
128.552763 65.335581 39.799520 1
112.887200 138.531800 -4.523180 1
112.735287 143.637498 0.052467 1
112.448511 150.733085 6.357102 1
111.886788 156.360206 13.485455 1
109.792735 165.736436 34.808855 1
111.164783 163.476949 41.353154 1
112.189458 164.021274 59.305162 1
107.213751 161.129722 21.666820 1
99.194440 165.715094 30.653929 1
98.709803 159.511132 28.754921 1
97.298235 141.441254 23.223802 1
100.524160 135.559649 20.342186 1
106.997898 123.756530 14.559400 1
106.997898 123.756530 14.559400 1
114.844337 161.273579 22.352921 1
124.017201 164.457960 30.827673 1
124.434042 158.081029 29.606507 1
125.648149 139.507357 26.049692 1
123.162668 133.703786 22.383013 1
118.174843 122.057265 15.024776 1
118.174843 122.057265 15.024776 1
106.966118 138.555628 -6.491680 1
104.918460 125.912163 4.957710 1
102.382750 110.255170 19.136024 1
102.505217 88.941819 20.270995 1
102.607150 71.202047 21.215667 1
100.368572 66.358724 35.074861 1
100.117921 66.336000 42.310248 1
119.036729 137.929479 -5.392248 1
122.318950 125.481965 5.984417 1
126.383438 110.067789 20.072523 1
126.266151 88.537789 19.387963 1
126.170497 70.979023 18.829669 1
128.281136 65.599758 32.510129 1
128.464746 65.287871 39.740892 1
113.004400 137.249100 -5.587720 1
112.792471 142.244075 -0.893778 1
112.426708 149.192859 5.568314 1
111.798884 154.667402 12.809077 1
109.577668 163.629088 34.297226 1
110.988322 161.269791 40.797951 1
111.901197 161.109475 58.763523 1
107.068207 159.248185 21.064828 1
99.410674 164.019243 30.268214 1
98.808254 157.867599 28.237300 1
97.053623 139.950104 22.321985 1
100.232485 134.106638 19.313277 1
106.611779 122.380057 13.275445 1
106.611779 122.380057 13.275445 1
114.695659 159.437310 21.774398 1
123.584321 162.896273 30.442176 1
124.325880 156.591998 29.015131 1
126.485776 138.229947 24.858666 1
124.147120 132.698351 20.707075 1
119.453939 121.597624 12.375722 1
119.453939 121.597624 12.375722 1
107.094316 137.280109 -7.588899 1
104.890490 125.184385 4.410070 1
102.161389 110.205686 19.268954 1
102.349166 88.889154 20.333045 1
102.505458 71.146734 21.218723 1
100.156148 66.313473 35.063094 1
99.843985 66.297350 42.296106 1
119.162602 136.708374 -6.435621 1
122.532308 124.800115 5.479938 1
126.705130 110.053717 20.235374 1
126.411431 88.527929 19.475444 1
126.171904 70.972598 18.855683 1
128.302864 65.540564 32.512120 1
128.514417 65.207030 39.741153 1
113.096900 135.878300 -6.587960 1
112.831039 140.803256 -1.823308 1
112.392540 147.661266 4.730578 1
111.707227 153.046543 12.032809 1
109.389821 161.782660 33.603531 1
110.840666 159.303895 40.050734 1
111.710290 159.030508 58.017086 1
106.929038 157.504018 20.328598 1
99.674453 162.499464 29.737087 1
98.949490 156.403567 27.581925 1
96.837936 138.648445 21.304723 1
99.919338 132.818131 18.171675 1
106.103049 121.117944 11.884319 1
106.103049 121.117944 11.884319 1
114.553977 157.758282 21.044792 1
123.116232 161.614478 29.872060 1
124.139791 155.383827 28.303120 1
127.121047 137.236217 23.733368 1
124.615710 131.810095 19.540032 1
119.588036 120.921033 11.124906 1
119.588036 120.921033 11.124906 1
107.191226 135.886769 -8.602338 1
104.867865 124.395917 3.955567 1
101.990739 110.166260 19.506607 1
102.245376 88.847029 20.500397 1
102.457317 71.102362 21.327561 1
100.006952 66.273214 35.155840 1
99.638669 66.260443 42.386218 1
119.261446 135.403295 -7.429097 1
122.774409 124.051876 4.978419 1
127.124630 109.995030 20.343062 1
126.651938 88.472663 19.576520 1
126.266434 70.920122 18.951366 1
128.485555 65.432793 32.571607 1
128.762226 65.076515 39.797356 1
113.219200 134.259000 -7.622160 1
112.882923 139.145601 -2.822594 1
112.353745 145.959737 3.770245 1
111.606034 151.316029 11.087655 1
109.215103 160.029312 32.659589 1
110.677088 157.454927 39.066678 1
111.558072 157.267528 57.033580 1
106.787552 155.721237 19.388057 1
99.850521 160.944980 28.911357 1
98.989207 154.898629 26.668586 1
96.480516 137.287813 20.136211 1
99.434697 131.445810 16.903969 1
105.363105 119.722163 10.417551 1
105.363105 119.722163 10.417551 1
114.409964 156.060776 20.095744 1
122.624769 160.368754 29.043449 1
123.900032 154.202307 27.406721 1
127.614411 136.241695 22.639529 1
125.011700 130.920887 18.371219 1
119.788618 120.243165 9.805637 1
119.788618 120.243165 9.805637 1
107.319419 134.213641 -9.653245 1
104.910044 123.432904 3.503855 1
101.926403 110.082615 19.796906 1
102.225929 88.763465 20.779867 1
102.475234 71.018866 21.598017 1
99.900499 66.201205 35.407693 1
99.465188 66.195159 42.634354 1
119.391155 133.861731 -8.449158 1
123.046451 123.162434 4.485522 1
127.572929 109.913133 20.502969 1
126.933907 88.394629 19.748685 1
126.412753 70.845239 19.133529 1
128.719661 65.310347 32.719897 1
129.059772 64.934680 39.941955 1
113.367900 132.505600 -8.666500 1
112.971918 137.389846 -3.869092 1
112.365873 144.212708 2.708086 1
111.568364 149.605572 9.993306 1
109.125443 158.509862 31.481254 1
110.629852 155.992484 37.901161 1
111.456446 155.812005 55.870719 1
106.720810 154.050079 18.255743 1
99.989530 159.517235 27.790061 1
98.983837 153.505106 25.515608 1
96.054620 135.993968 18.890955 1
98.878290 130.121279 15.598237 1
104.544788 118.336053 8.990456 1
104.544788 118.336053 8.990456 1
114.340746 154.463247 18.950827 1
122.243463 159.253270 27.934472 1
123.757164 153.140921 26.297967 1
128.166026 135.337879 21.531422 1
125.471710 130.131716 17.179399 1
120.064797 119.684064 8.445821 1
120.064797 119.684064 8.445821 1
107.471492 132.394601 -10.704839 1
105.027177 122.403994 3.055675 1
102.000267 110.032158 20.095961 1
102.310670 88.713938 21.095564 1
102.569027 70.970112 21.927566 1
99.883009 66.174980 35.723879 1
99.391492 66.179983 42.946936 1
119.544872 132.176016 -9.485749 1
123.275210 122.200336 3.994328 1
127.894615 109.847115 20.687160 1
127.161035 88.329422 19.998634 1
126.562765 70.780694 19.437107 1
128.958529 65.236311 33.004214 1
129.355045 64.858739 40.223296 1
113.461600 130.649700 -9.767092 1
113.028133 135.568147 -5.008020 1
112.371839 142.451407 1.501052 1
111.548523 147.941691 8.710238 1
109.117693 157.227473 30.037486 1
110.596229 154.852532 36.517396 1
111.364341 154.971196 54.490062 1
106.694038 152.487469 16.913297 1
100.082550 158.299928 26.326409 1
98.910522 152.307147 24.080706 1
95.496833 134.852365 17.539791 1
98.199198 128.928142 14.237612 1
103.622264 117.039498 7.610845 1
103.622264 117.039498 7.610845 1
114.312271 153.001914 17.557619 1
121.949814 158.257068 26.510519 1
123.647749 152.190913 24.882937 1
128.593217 134.522416 20.142382 1
125.761464 129.352396 15.834755 1
120.078744 118.977273 7.190274 1
120.078744 118.977273 7.190274 1
107.557641 130.450105 -11.776620 1
105.115625 121.307589 2.561777 1
102.091563 109.985985 20.317682 1
102.408357 88.668889 21.339010 1
102.672035 70.925998 22.189094 1
99.903277 66.132509 35.969613 1
99.370671 66.137555 43.189757 1
119.638289 130.388617 -10.612740 1
123.419822 121.196879 3.399899 1
128.102624 109.814439 20.752219 1
127.300771 88.295937 20.173965 1
126.646820 70.746548 19.702370 1
129.171614 65.216077 33.251745 1
129.643260 64.848101 40.466803 1
113.496400 128.751700 -10.912810 1
113.050828 133.721729 -6.208763 1
112.377874 140.694137 0.202997 1
111.558784 146.325272 7.303198 1
109.199846 156.156054 28.392942 1
110.626101 154.012089 34.964460 1
111.395590 154.668222 52.925479 1
106.724143 151.048702 15.417121 1
100.157952 157.249077 24.611882 1
98.807141 151.257090 22.466735 1
94.872722 133.804619 16.218705 1
97.476348 127.810908 12.962919 1
102.701267 115.782817 6.429254 1
102.701267 115.782817 6.429254 1
114.342171 151.641519 15.992880 1
121.724609 157.357396 24.877219 1
123.587487 151.332511 23.276998 1
129.013373 133.784223 18.616138 1
126.047115 128.605537 14.410652 1
120.094473 118.213026 5.971145 1
120.094473 118.213026 5.971145 1
107.578518 128.467229 -12.870491 1
105.172642 120.181239 1.985241 1
102.193335 109.920311 20.381788 1
102.515771 88.608153 21.499829 1
102.784144 70.869373 22.430412 1
99.968110 66.110499 36.213348 1
99.412949 66.132872 43.431759 1
119.668313 128.544368 -11.806836 1
123.533363 120.157835 2.680039 1
128.319586 109.772508 20.619622 1
127.451985 88.252483 20.220776 1
126.744413 70.701852 19.895496 1
129.439035 65.231548 33.436584 1
130.007151 64.897649 40.646346 1
113.548700 126.861500 -12.129950 1
113.105129 131.902948 -7.502334 1
112.433131 138.992490 -1.220231 1
111.635706 144.798578 5.740150 1
109.397633 155.287722 26.523678 1
110.648102 153.402426 33.209307 1
111.466897 154.893445 51.118167 1
106.838996 149.738734 13.746817 1
100.266079 156.437781 22.579861 1
98.735682 150.430601 20.604529 1
94.278196 132.933880 14.851109 1
96.825286 126.853069 11.714288 1
101.936749 114.650186 5.419360 1
101.936749 114.650186 5.419360 1
114.456495 150.419824 14.223371 1
121.530085 156.631397 23.025859 1
123.512362 150.616514 21.535222 1
129.286015 133.097353 17.193536 1
126.268843 127.913177 13.031258 1
120.214025 117.509646 4.678458 1
120.214025 117.509646 4.678458 1
107.610035 126.476848 -14.005869 1
105.182708 119.034197 1.286406 1
102.176835 109.817614 20.223544 1
102.569245 88.515968 21.507263 1
102.895859 70.785937 22.575745 1
100.029180 66.076210 36.365121 1
99.441149 66.126627 43.580787 1
119.710697 126.710360 -13.100377 1
123.679820 119.132980 1.798330 1
128.594921 109.749655 20.247899 1
127.637975 88.230151 20.111961 1
126.857538 70.679945 20.001095 1
129.740146 65.314928 33.545594 1
130.417301 65.040062 40.748429 1
113.530800 125.045300 -13.351820 1
113.095294 130.180488 -8.827667 1
112.433787 137.418243 -2.715768 1
111.666882 143.436849 4.065211 1
109.568893 154.709099 24.449543 1
110.662980 153.079460 31.229138 1
111.452090 155.524514 49.034189 1
106.918338 148.652906 11.924243 1
100.288790 155.823668 20.334499 1
98.601269 149.791605 18.574744 1
93.686136 132.222406 13.449219 1
96.232125 126.041964 10.512613 1
101.341379 113.639144 4.619472 1
101.341379 113.639144 4.619472 1
114.535493 149.400516 12.294796 1
121.435124 156.035149 20.924966 1
123.475379 150.018472 19.522396 1
129.417900 132.494087 15.437219 1
126.297277 127.174111 11.530411 1
120.034855 116.498061 3.690287 1
120.034855 116.498061 3.690287 1
107.575124 124.570749 -15.151679 1
105.088260 117.943189 0.501743 1
102.008660 109.735973 19.886106 1
102.495618 88.449304 21.370245 1
102.900928 70.731740 22.605543 1
99.968786 66.099951 36.407548 1
99.336871 66.194597 43.619059 1
119.682662 124.925310 -14.388626 1
123.801950 118.145730 0.849840 1
128.903005 109.750347 19.720144 1
127.835188 88.236138 19.868090 1
126.964330 70.690251 19.988746 1
130.058742 65.414762 33.521672 1
130.861437 65.191749 40.713395 1
113.523400 123.302900 -14.502190 1
113.149667 128.599798 -10.162722 1
112.553023 136.065649 -4.324651 1
111.820037 142.359523 2.205535 1
109.757834 154.527411 22.071989 1
110.729829 153.228604 28.941048 1
111.489764 156.630338 46.589604 1
107.078124 147.887686 9.852363 1
100.301595 155.446010 17.792986 1
98.488837 149.381407 16.288081 1
93.208934 131.717429 11.904841 1
95.825272 125.428408 9.276804 1
101.075700 112.807694 4.002896 1
101.075700 112.807694 4.002896 1
114.690884 148.713715 10.136663 1
121.537241 155.743898 18.491724 1
123.631827 149.718003 17.214405 1
129.732597 132.166770 13.494039 1
126.446906 126.669749 9.988248 1
119.853230 115.638406 2.952878 1
119.853230 115.638406 2.952878 1
107.548340 122.784157 -16.223913 1
104.927086 116.938660 -0.283466 1
101.681066 109.699907 19.456333 1
102.305542 88.430606 21.126341 1
102.825312 70.727497 22.516343 1
99.824482 66.172201 36.329038 1
99.141784 66.312073 43.535183 1
119.664032 123.124242 -15.595578 1
123.914439 117.156949 -0.056352 1
129.177862 109.767448 19.186393 1
128.048848 88.260184 19.617928 1
127.128081 70.719961 19.969865 1
130.504344 65.507677 33.459832 1
131.465312 65.321003 40.633159 1
113.619700 121.511800 -15.521690 1
113.275554 127.025011 -11.457967 1
112.714525 134.786092 -6.014725 1
112.002101 141.422835 0.169087 1
109.936587 154.671858 19.331112 1
110.882070 153.716491 26.259964 1
111.565887 158.187839 43.671462 1
107.264062 147.388601 7.482152 1
100.353839 155.302654 14.946716 1
98.485993 149.182218 13.771274 1
93.045638 131.355621 10.347640 1
95.823635 124.963589 8.173189 1
101.398479 112.136152 3.809532 1
101.398479 112.136152 3.809532 1
114.880481 148.185092 7.752431 1
121.828626 155.547038 15.729157 1
123.944332 149.488211 14.659271 1
130.106615 131.841060 11.543084 1
126.664094 126.189598 8.458670 1
119.755693 114.848327 2.268914 1
119.755693 114.848327 2.268914 1
107.639416 120.930662 -17.204917 1
104.785072 115.891003 -1.031073 1
101.250405 109.650159 18.997752 1
102.020754 88.404735 20.895269 1
102.661940 70.721499 22.474633 1
99.484542 66.242656 36.272834 1
98.691560 66.428710 43.466632 1
119.757530 121.251929 -16.614525 1
124.050998 116.140473 -0.784767 1
129.367746 109.810783 18.817754 1
128.204567 88.313168 19.540836 1
127.255938 70.780813 20.130543 1
130.840413 65.668890 33.605188 1
131.916840 65.537099 40.763320 1
113.695800 119.651000 -16.414380 1
113.364949 125.397896 -12.687249 1
112.825419 133.480769 -7.732042 1
112.124034 140.508198 -1.994731 1
110.038660 155.047239 16.205645 1
111.006665 154.533052 23.178035 1
111.582714 160.281481 40.214600 1
107.385503 146.992341 4.862566 1
100.338419 155.287805 11.763797 1
98.460635 149.112555 10.944985 1
92.991335 131.126302 8.560084 1
96.038716 124.669403 7.035122 1
102.154154 111.711793 3.974849 1
102.154154 111.711793 3.974849 1
115.005893 147.751027 5.129637 1
122.101257 155.487350 12.606819 1
124.203792 149.374736 11.868205 1
130.327712 131.570924 9.716891 1
126.755079 125.799370 7.028204 1
119.585572 114.217098 1.632588 1
119.585572 114.217098 1.632588 1
107.720292 119.004567 -18.090746 1
104.690050 114.798914 -1.711834 1
100.937560 109.590858 18.570938 1
101.801451 88.375676 20.746204 1
102.520493 70.717611 22.556747 1
99.156379 66.334711 36.341492 1
98.252501 66.575374 43.520576 1
119.837137 119.292003 -17.458353 1
124.090243 115.098085 -1.350460 1
129.357008 109.904615 18.596486 1
128.217599 88.416321 19.585569 1
127.288354 70.891569 20.392213 1
131.032581 65.879961 33.861096 1
132.191902 65.800812 41.007048 1
113.699400 118.118500 -17.109780 1
113.370213 124.120126 -13.808279 1
112.850065 132.543568 -9.454768 1
112.170297 139.977878 -4.252615 1
110.115516 155.846388 12.804772 1
111.039685 155.857912 19.802016 1
111.677670 162.959734 36.318005 1
107.458602 147.014725 2.056348 1
100.111233 155.521562 8.361348 1
98.256344 149.305348 7.863023 1
92.853732 131.199786 6.411582 1
96.290667 124.805899 5.631028 1
103.187857 111.974739 4.064622 1
103.187857 111.974739 4.064622 1
115.086204 147.685628 2.351049 1
122.452135 155.711854 9.237694 1
124.485442 149.540638 8.903026 1
130.407728 131.566138 7.928257 1
126.722184 125.679067 5.678203 1
119.326089 113.864979 1.162827 1
119.326089 113.864979 1.162827 1
107.742592 117.404607 -18.824879 1
104.682060 113.894373 -2.288554 1
100.892060 109.547486 18.189149 1
101.752948 88.366363 20.675305 1
102.469491 70.736648 22.744611 1
98.941330 66.480407 36.528035 1
97.950841 66.787395 43.693148 1
119.851337 117.633385 -18.033419 1
123.978647 114.337052 -1.685893 1
129.089634 110.255091 18.557797 1
128.140707 88.765567 19.708094 1
127.366810 71.239811 20.646216 1
131.279264 66.298997 34.093421 1
132.506138 66.250349 41.228358 1
113.550600 117.780200 -17.709740 1
113.301564 123.975166 -14.779184 1
112.892488 132.650688 -10.939134 1
112.304025 140.384525 -6.181518 1
110.390460 157.221683 9.937866 1
111.147194 157.710394 16.938164 1
111.912078 166.042935 32.863129 1
107.669349 147.855458 -0.331284 1
99.659906 156.188886 5.370113 1
97.873469 149.940191 5.065645 1
92.670231 131.740021 4.178840 1
96.651975 125.620450 4.190581 1
104.642481 113.339783 4.214142 1
104.642481 113.339783 4.214142 1
115.305438 148.391374 0.015432 1
122.994517 156.503484 6.432195 1
124.850106 150.267586 6.456731 1
130.254765 132.104688 6.528194 1
126.537997 126.063792 4.797072 1
119.079241 113.941008 1.323081 1
119.079241 113.941008 1.323081 1
107.586877 117.047399 -19.392531 1
104.614595 113.741919 -2.798014 1
100.933879 109.648589 17.751750 1
101.743545 88.487309 20.417592 1
102.417455 70.874109 22.636457 1
98.915372 66.705958 36.453410 1
97.943879 67.056853 43.619109 1
119.696433 117.153433 -18.587621 1
123.659521 114.345187 -2.108854 1
128.567148 110.867641 18.297357 1
127.938303 89.378141 19.649846 1
127.425448 71.852404 20.752866 1
131.466885 67.081166 34.223142 1
132.725963 67.110191 41.352574 1
113.416600 117.975400 -18.239790 1
113.194061 124.304981 -15.610216 1
112.824108 133.154710 -12.186265 1
112.274765 141.103509 -7.792148 1
110.448485 158.662475 7.548437 1
111.279315 159.590903 14.495623 1
111.934994 168.810826 29.928831 1
107.681175 148.861629 -2.293894 1
99.342464 157.173810 2.947925 1
97.661052 150.895868 2.647006 1
92.763714 132.610514 1.770536 1
97.218714 126.893898 2.651928 1
106.158941 115.421874 4.420692 1
106.158941 115.421874 4.420692 1
115.320140 149.360997 -1.956064 1
123.459392 157.362944 4.029297 1
125.099178 151.075735 4.364487 1
129.875281 132.763389 5.340770 1
126.223171 126.554970 4.148626 1
118.894170 114.096005 1.756250 1
118.894170 114.096005 1.756250 1
107.446638 117.181986 -19.872217 1
104.500964 114.084470 -3.232894 1
100.853198 110.248671 17.372355 1
101.286126 89.083321 20.093125 1
101.646465 71.466734 22.357709 1
98.005327 67.369195 36.159830 1
97.004971 67.741750 43.320463 1
119.558333 117.287020 -19.100036 1
123.444112 114.611167 -2.580876 1
128.256004 111.297566 17.875353 1
127.855070 89.811371 19.360606 1
127.528089 72.288330 20.571901 1
131.632413 67.661018 34.073337 1
132.899495 67.757301 41.200760 1
113.276100 117.842300 -18.640620 1
113.083349 124.279053 -16.282901 1
112.761250 133.280642 -13.275302 1
112.261230 141.461329 -9.323115 1
110.554187 159.962100 4.882294 1
111.400506 161.124486 11.792305 1
112.024230 171.378198 26.560283 1
107.721886 149.584357 -4.330013 1
99.168404 157.896527 0.553522 1
97.584401 151.586305 0.601313 1
92.970779 133.206930 0.740510 1
97.087047 127.285604 1.879722 1
105.347514 115.402771 4.165875 1
105.347514 115.402771 4.165875 1
115.364116 150.045198 -4.011845 1
123.831703 158.018701 1.540302 1
125.291588 151.717428 2.242401 1
129.543703 133.364118 4.287354 1
125.956479 127.051706 3.519987 1
118.757691 114.384048 1.980049 1
118.757691 114.384048 1.980049 1
107.306915 117.015811 -20.259420 1
104.396031 114.053644 -3.589358 1
100.791349 110.385455 17.053958 1
101.219522 89.244745 19.960699 1
101.575903 71.648667 22.380072 1
97.940847 67.656921 36.214760 1
96.942824 68.084578 43.372638 1
119.416370 117.081480 -19.448714 1
123.404498 114.614882 -2.921378 1
128.343132 111.560408 17.544977 1
128.000432 90.089959 19.255426 1
127.720942 72.579759 20.650380 1
131.947704 68.077036 34.156165 1
133.277093 68.238222 41.271056 1
113.150100 117.394400 -18.852760 1
112.951956 123.935575 -16.802992 1
112.637920 133.079498 -14.259754 1
112.152496 141.479172 -10.795180 1
110.474838 160.885408 2.149690 1
111.419063 162.506742 8.953759 1
112.057896 173.938820 22.828928 1
107.637339 149.947547 -6.388335 1
98.874965 158.301452 -1.968358 1
97.438497 151.973378 -1.496888 1
93.254589 133.542006 -0.123669 1
97.170759 127.567686 1.384540 1
105.029671 115.578507 4.411190 1
105.029671 115.578507 4.411190 1
115.280046 150.368854 -6.029439 1
124.163337 158.285581 -1.078106 1
125.517998 152.024498 0.059430 1
129.463631 133.788248 3.372654 1
125.975183 127.386498 2.982907 1
118.974617 114.539558 2.200769 1
118.974617 114.539558 2.200769 1
107.198170 116.510855 -20.504622 1
104.358020 113.781984 -3.782616 1
100.840931 110.402696 16.925023 1
101.250170 89.282034 19.976624 1
101.590791 71.702643 22.516568 1
97.917562 67.774626 36.359412 1
96.899350 68.235394 43.512390 1
119.296977 116.577623 -19.548138 1
123.351857 114.539969 -2.978648 1
128.373153 112.016672 17.539908 1
128.292391 90.551707 19.348787 1
128.226525 73.045980 20.824015 1
132.605463 68.656778 34.318683 1
133.986126 68.867341 41.422510 1
113.038900 116.909600 -19.089930 1
112.839485 123.534543 -17.329773 1
112.534652 132.790783 -15.230466 1
112.059984 141.374613 -12.249526 1
110.387169 161.589378 -0.606884 1
111.393898 163.601577 6.082899 1
112.072917 176.269848 18.837297 1
107.559232 150.138192 -8.446474 1
98.300150 158.161647 -4.446886 1
96.985716 151.854250 -3.541759 1
93.157248 133.483103 -0.905455 1
96.934756 127.535683 1.008233 1
104.515405 115.600486 4.848593 1
104.515405 115.600486 4.848593 1
115.200757 150.535549 -8.038459 1
124.530068 158.212812 -3.552180 1
125.814145 152.023340 -2.012105 1
129.554196 133.995666 2.473567 1
126.158342 127.532654 2.508634 1
119.343592 114.562775 2.579008 1
119.343592 114.562775 2.579008 1
107.101129 115.969516 -20.761424 1
104.413200 113.420867 -3.985904 1
101.084613 110.264757 16.788006 1
101.447875 89.168970 20.012581 1
101.750228 71.610283 22.696498 1
98.100487 67.785381 36.574386 1
97.098874 68.297775 43.726196 1
119.189975 116.047973 -19.687130 1
123.257096 114.295632 -3.088036 1
128.293549 112.125648 17.467180 1
128.319475 90.670125 19.386334 1
128.340617 73.172099 20.951497 1
132.787485 68.860300 34.448905 1
134.193592 69.107791 41.546548 1
113.054000 116.774100 -19.381680 1
112.880685 123.452434 -17.833260 1
112.600504 132.776824 -16.056960 1
112.124207 141.474572 -13.427176 1
110.374561 162.202527 -2.737143 1
111.117187 164.541936 3.880357 1
112.271092 178.341146 15.363873 1
107.594226 150.395267 -10.047712 1
97.927071 158.159406 -6.530981 1
96.789457 151.869256 -5.318505 1
93.476004 133.548344 -1.787004 1
97.194004 127.690298 0.485300 1
104.655230 115.934457 5.045323 1
104.655230 115.934457 5.045323 1
115.233603 150.826913 -9.634331 1
124.942995 158.277958 -5.595425 1
126.134320 152.158868 -3.733242 1
129.604219 134.336190 1.690618 1
126.284086 127.851102 2.163825 1
119.621293 114.836920 3.113452 1
119.621293 114.836920 3.113452 1
107.113025 115.805141 -21.025064 1
104.652123 113.316936 -4.205686 1
101.604673 110.235676 16.622533 1
101.836367 89.157339 19.970977 1
102.029211 71.613175 22.757993 1
98.485981 67.919073 36.698774 1
97.556159 68.492674 43.855630 1
119.201747 115.869241 -19.948430 1
123.198210 114.232738 -3.320374 1
128.147166 112.206199 17.270705 1
128.262983 90.763390 19.323946 1
128.357437 73.275732 20.998463 1
132.801130 69.039281 34.520753 1
134.198040 69.323560 41.618834 1
113.121600 116.883800 -19.657550 1
112.978291 123.604082 -18.299221 1
112.745019 132.980145 -16.811599 1
112.307681 141.769064 -14.497063 1
110.600413 162.925236 -4.674241 1
111.361712 165.790854 1.730781 1
112.424225 180.504588 12.026309 1
107.814684 150.859277 -11.547263 1
97.845500 158.403370 -8.415945 1
96.884089 152.132965 -6.970965 1
94.083850 133.869564 -2.762268 1
97.780874 128.118238 -0.201441 1
105.200008 116.576559 4.937588 1
105.200008 116.576559 4.937588 1
115.450899 151.237723 -11.035129 1
125.404260 158.577551 -7.407368 1
126.513328 152.514506 -5.324171 1
129.743638 134.855068 0.743418 1
126.469178 128.385994 1.599317 1
119.898040 115.403949 3.316924 1
119.898040 115.403949 3.316924 1
107.186246 115.903825 -21.314656 1
105.014621 113.394324 -4.458645 1
102.325395 110.286693 16.414940 1
102.395260 89.226368 19.881909 1
102.453410 71.697196 22.767578 1
99.027950 68.132605 36.771370 1
98.181354 68.764233 43.933666 1
119.267471 115.927139 -20.155382 1
123.243735 114.278959 -3.523637 1
128.167678 112.237961 17.072010 1
128.259572 90.805674 19.233476 1
128.334515 73.326598 20.996255 1
132.780938 69.127485 34.529290 1
134.184106 69.433146 41.625248 1
112.948200 116.620900 -19.918130 1
112.881579 123.372514 -18.718526 1
112.749574 132.787732 -17.487975 1
112.383898 141.655786 -15.483646 1
110.744329 163.221343 -6.582818 1
111.538307 166.538630 -0.403752 1
112.390763 182.096991 8.586883 1
107.943436 150.908930 -12.997299 1
97.807039 158.348008 -10.165921 1
97.042162 152.109765 -8.483800 1
94.814356 133.940038 -3.584393 1
98.460367 128.280009 -0.760520 1
105.777129 116.921545 4.906384 1
105.777129 116.921545 4.906384 1
115.573162 151.226823 -12.362084 1
125.634936 158.599446 -9.120440 1
126.640658 152.600952 -6.810280 1
129.569961 135.129526 -0.081628 1
126.409477 128.669212 1.175055 1
120.067063 115.704746 3.696948 1
120.067063 115.704746 3.696948 1
107.009845 115.675563 -21.584578 1
105.131365 113.210214 -4.686886 1
102.805155 110.157257 16.238316 1
102.726287 89.114352 19.809313 1
102.660643 71.599681 22.781567 1
99.397411 68.156598 36.854334 1
98.656810 68.841592 44.023466 1
119.084188 115.577025 -20.359431 1
123.054818 114.041041 -3.715605 1
127.971783 112.138979 16.895003 1
128.098937 90.717583 19.160161 1
128.202636 73.247389 21.007506 1
132.719223 69.088386 34.529687 1
134.157506 69.414455 41.617701 1
112.762000 116.225400 -20.084500 1
112.715540 122.990699 -18.963630 1
112.624309 132.426201 -17.895463 1
112.299060 141.349720 -16.146614 1
110.706216 163.261916 -8.127596 1
111.576440 167.045220 -2.233109 1
112.275316 183.274291 5.496680 1
107.911791 150.741088 -14.128105 1
97.613428 158.043406 -11.535235 1
96.951142 151.837572 -9.696960 1
95.022145 133.762242 -4.342737 1
98.631394 128.272269 -1.158856 1
105.874383 117.255071 5.230507 1
105.874383 117.255071 5.230507 1
115.527445 150.999061 -13.320302 1
125.777242 158.261415 -10.438810 1
126.707829 152.328487 -7.935888 1
129.418293 135.048030 -0.645793 1
126.329498 128.639195 0.994256 1
120.130950 115.778038 4.285482 1
120.130950 115.778038 4.285482 1
106.838071 115.289623 -21.806755 1
105.231594 112.979306 -4.859179 1
103.242219 110.118332 16.127794 1
103.019732 89.088449 19.768753 1
102.834548 71.584616 22.799239 1
99.676314 68.198880 36.909824 1
99.009291 68.905360 44.084093 1
118.897279 115.146751 -20.444564 1
122.846629 113.785045 -3.780516 1
127.737245 112.098797 16.855133 1
127.938824 90.684236 19.178762 1
128.103221 73.219617 21.073793 1
132.642056 69.106753 34.602636 1
134.084678 69.454274 41.688749 1
113.135800 116.241000 -20.172700 1
113.014970 123.041222 -19.295110 1
112.832312 132.506979 -18.557492 1
112.459347 141.481435 -17.103712 1
110.888117 163.631157 -9.761559 1
111.620012 167.918507 -4.202908 1
112.196726 184.697092 2.259855 1
108.055661 150.909669 -15.304752 1
97.378140 157.811341 -13.192739 1
96.769329 151.628773 -11.260006 1
94.996087 133.621209 -5.630661 1
98.521646 128.299645 -2.087361 1
105.596686 117.620406 5.023278 1
105.596686 117.620406 5.023278 1
115.683389 151.233316 -14.648783 1
126.116448 158.356170 -12.095485 1
126.957451 152.494390 -9.400581 1
129.406988 135.421164 -1.551315 1
126.312831 129.125662 0.472648 1
120.103521 116.491940 4.534306 1
120.103521 116.491940 4.534306 1
107.210408 115.172740 -21.810787 1
105.580610 112.899825 -4.860380 1
103.562354 110.085168 16.130098 1
103.270205 89.064030 19.816348 1
103.027040 71.567474 22.884532 1
99.751187 68.205195 36.973894 1
99.029026 68.921789 44.141819 1
119.280848 115.223853 -20.544952 1
123.001530 113.809352 -3.832747 1
127.608978 112.057725 16.862538 1
127.829708 90.643997 19.192087 1
128.009724 73.180056 21.091946 1
132.387128 69.097868 34.683132 1
133.739249 69.459180 41.786381 1
113.105900 116.155500 -20.231240 1
113.043695 122.971734 -19.480991 1
112.936709 132.451695 -18.936111 1
112.622644 141.460324 -17.695383 1
111.136138 163.807533 -10.959011 1
111.858712 168.601364 -5.829419 1
112.428692 185.782585 -0.528327 1
108.270226 150.964510 -16.196316 1
97.401452 157.688644 -14.535324 1
96.872308 151.526428 -12.516082 1
95.331106 133.578138 -6.634765 1
98.785258 128.414919 -2.798937 1
105.717000 118.053444 4.898746 1
105.717000 118.053444 4.898746 1
115.892345 151.250227 -15.462192 1
126.489516 158.254495 -13.284274 1
127.257733 152.431086 -10.486418 1
129.495272 135.469618 -2.337288 1
126.387563 129.318300 0.072486 1
120.151058 116.973925 4.908388 1
120.151058 116.973925 4.908388 1
107.170982 115.107663 -21.847890 1
105.560244 112.830474 -4.896236 1
103.565593 110.010525 16.095789 1
103.268657 88.993112 19.802839 1
103.021508 71.499657 22.888335 1
99.779244 68.144149 36.987078 1
99.075666 68.863603 44.156564 1
119.241867 115.078884 -20.585608 1
122.816193 113.713042 -3.837451 1
127.242402 112.021671 16.902354 1
127.583280 90.612619 19.260236 1
127.861282 73.152493 21.183203 1
132.229399 69.125067 34.793701 1
133.561357 69.509192 41.899562 1
112.999300 116.211100 -20.255340 1
112.971696 123.036524 -19.591554 1
112.911650 132.524063 -19.190315 1
112.633468 141.557041 -18.131374 1
111.209993 164.070776 -11.959532 1
111.899506 169.318172 -7.289944 1
112.488963 186.771508 -2.970866 1
108.310590 151.110376 -16.879650 1
97.298203 157.708160 -15.739604 1
96.822556 151.561870 -13.659430 1
95.437170 133.659969 -7.600642 1
98.740192 128.694641 -3.388855 1
105.368647 118.730291 5.063295 1
105.368647 118.730291 5.063295 1
115.932173 151.388725 -16.137172 1
126.693652 158.245710 -14.327350 1
127.382140 152.445319 -11.461744 1
129.387458 135.550895 -3.115282 1
126.258563 129.560943 -0.352301 1
119.979545 117.540393 5.192412 1
119.979545 117.540393 5.192412 1
107.063779 115.174784 -21.877195 1
105.411788 112.933418 -4.924736 1
103.366051 110.157830 16.068285 1
103.112337 89.144210 19.799965 1
102.901163 71.653912 22.905962 1
99.657514 68.302402 37.005337 1
98.947456 69.026132 44.173754 1
119.130407 115.097123 -20.576839 1
122.597219 113.726336 -3.806501 1
126.890292 112.028842 16.960772 1
127.308715 90.620428 19.311947 1
127.649959 73.160821 21.229444 1
131.996584 69.146046 34.850556 1
133.307963 69.533185 41.960080 1
113.062400 116.204400 -20.328410 1
112.969886 123.037679 -19.757861 1
112.833204 132.529669 -19.509990 1
112.507978 141.581480 -18.642584 1
111.032758 164.245868 -13.062673 1
111.835376 169.865802 -8.868893 1
112.435572 187.495519 -5.339920 1
108.162637 151.153992 -17.639928 1
97.146695 157.803717 -16.909657 1
96.750477 151.661361 -14.801406 1
95.596441 133.770919 -8.660841 1
98.694734 128.805137 -4.296763 1
104.912343 118.839879 4.461003 1
104.912343 118.839879 4.461003 1
115.783809 151.469943 -16.908362 1
126.771472 158.043065 -15.435794 1
127.415012 152.266151 -12.512891 1
129.289412 135.440105 -3.999542 1
126.133227 129.641011 -0.883042 1
119.799440 118.003473 5.371107 1
119.799440 118.003473 5.371107 1
107.138179 115.090044 -21.939802 1
105.356872 112.835798 -5.002153 1
103.150997 110.044261 15.972529 1
102.962095 89.040001 19.760336 1
102.804865 71.557495 22.913048 1
99.436561 68.213009 36.984835 1
98.651656 68.944709 44.144633 1
119.203991 115.144096 -20.630715 1
122.520711 113.732035 -3.833467 1
126.627919 111.983430 16.967130 1
127.113438 90.576048 19.314795 1
127.509402 73.117282 21.229429 1
131.739948 69.140527 34.898158 1
132.979414 69.543081 42.019717 1
113.146500 116.131200 -20.404300 1
113.006026 122.966272 -19.865928 1
112.825978 132.459387 -19.703608 1
112.514426 141.525477 -18.994815 1
111.233980 164.338681 -14.004389 1
111.869163 170.242196 -10.188541 1
112.414533 187.996398 -7.340439 1
108.236002 151.147361 -18.198107 1
96.981197 157.418842 -17.880298 1
96.573855 151.249733 -15.853871 1
95.387419 133.281366 -9.951629 1
98.452676 128.641436 -5.221003 1
104.603990 119.330090 4.272347 1
104.603990 119.330090 4.272347 1
115.866812 151.436552 -17.562197 1
126.947301 157.910820 -16.374872 1
127.540986 152.127862 -13.453369 1
129.270174 135.284212 -4.944099 1
126.106843 129.742063 -1.397057 1
119.758719 118.620160 5.721096 1
119.758719 118.620160 5.721096 1
107.220817 114.964569 -21.972748 1
105.292517 112.778057 -5.042318 1
102.904613 110.070398 15.923424 1
102.784116 89.072303 19.748020 1
102.683822 71.594927 22.931353 1
99.213762 68.259981 36.980662 1
98.365553 69.000903 44.132287 1
119.293889 115.115630 -20.740445 1
122.460617 113.696932 -3.914833 1
126.382083 111.940109 16.920888 1
126.947066 90.533066 19.253827 1
127.407836 73.074578 21.156452 1
131.547943 69.106504 34.855362 1
132.728674 69.509013 41.986897 1
113.200600 116.082300 -20.422600 1
113.063572 122.915120 -19.855518 1
112.920650 132.408916 -19.696106 1
112.718819 141.484263 -19.070980 1
111.928903 164.406257 -14.494475 1
112.039232 170.603146 -11.117785 1
112.554719 188.447714 -8.898220 1
108.629552 151.197289 -18.396207 1
96.917241 156.575161 -18.454416 1
96.460558 150.409399 -16.428317 1
95.130410 132.450786 -10.527030 1
98.058356 127.980400 -5.552457 1
103.934114 119.009294 4.430439 1
103.934114 119.009294 4.430439 1
116.272714 151.356149 -17.872649 1
127.226849 158.107482 -17.144952 1
127.687847 152.303771 -14.240702 1
129.030565 135.399677 -5.781682 1
125.879352 130.114801 -1.851858 1
119.555544 119.509188 6.034456 1
119.555544 119.509188 6.034456 1
107.263586 114.921392 -21.951956 1
105.227496 112.788650 -5.027288 1
102.706110 110.147577 15.931319 1
102.631062 89.151195 19.766469 1
102.568597 71.675245 22.958586 1
99.066908 68.337643 36.999414 1
98.196031 69.079676 44.148199 1
119.345418 115.068764 -20.808248 1
122.410310 113.680232 -3.961275 1
126.205669 111.960764 16.900898 1
126.840609 90.558072 19.255666 1
127.358433 73.103132 21.176093 1
131.461544 69.158897 34.893008 1
132.613904 69.570195 42.028680 1
113.246600 116.067400 -20.460300 1
113.122382 122.904166 -19.939744 1
112.999094 132.399280 -19.864771 1
112.820893 141.482509 -19.358184 1
112.100758 164.482240 -15.177282 1
112.185569 170.857169 -12.149291 1
112.676452 188.763307 -10.490949 1
108.761690 151.218393 -18.852474 1
96.946198 156.361845 -19.057836 1
96.535240 150.191586 -17.035643 1
95.338270 132.219873 -11.145730 1
98.098901 127.929049 -5.923534 1
103.638894 119.318285 4.556291 1
103.638894 119.318285 4.556291 1
116.405113 151.362453 -18.328438 1
127.501262 157.897954 -17.812851 1
127.880713 152.061927 -14.962050 1
128.985917 135.063710 -6.658713 1
125.928286 129.996526 -2.383421 1
119.792276 119.827776 6.196172 1
119.792276 119.827776 6.196172 1
107.305891 114.906727 -21.975420 1
105.169191 112.823876 -5.056942 1
102.523215 110.244585 15.893998 1
102.478292 89.257468 19.779996 1
102.440902 71.789231 23.014436 1
98.890042 68.477582 37.049059 1
97.988738 69.234834 44.192474 1
119.389183 115.040237 -20.845510 1
122.400107 113.662570 -3.987917 1
126.128637 111.956558 16.887408 1
126.795772 90.557377 19.265073 1
127.339853 73.105301 21.204173 1
131.429409 69.185443 34.932119 1
132.570136 69.607586 42.069028 1
113.232000 116.141200 -20.493500 1
113.159669 122.982212 -20.021159 1
113.101850 132.478245 -20.018175 1
112.973369 141.566350 -19.590045 1
112.345813 164.608168 -15.631896 1
112.360020 171.142004 -12.962732 1
112.809772 189.096101 -11.928838 1
108.953549 151.323017 -19.179200 1
97.045908 156.243372 -19.497497 1
96.685934 150.070128 -17.474696 1
95.637463 132.089719 -11.583016 1
98.219460 127.878117 -6.207210 1
103.400974 119.426335 4.580877 1
103.400974 119.426335 4.580877 1
116.597424 151.441205 -18.655295 1
127.745349 157.905082 -18.442690 1
128.011582 152.038364 -15.642513 1
128.787021 134.950755 -7.486620 1
125.876820 130.090247 -2.881214 1
120.036671 120.336249 6.360849 1
120.036671 120.336249 6.360849 1
107.282845 115.015048 -22.001517 1
105.080731 112.950804 -5.089147 1
102.353749 110.394555 15.854229 1
102.332127 89.416272 19.787830 1
102.314131 71.955386 23.061892 1
98.761666 68.673175 37.103022 1
97.856574 69.446505 44.244236 1
119.366651 115.064706 -20.870311 1
122.363977 113.678581 -4.010987 1
126.075669 111.962094 16.866479 1
126.745075 90.565525 19.266900 1
127.291008 73.115578 21.224559 1
131.404074 69.213513 34.950551 1
132.556991 69.644894 42.084947 1
113.240200 116.156800 -20.522300 1
113.213189 123.000977 -20.093004 1
113.206848 132.496954 -20.159218 1
113.107156 141.588989 -19.815129 1
112.502772 164.674210 -16.114661 1
112.552637 171.308405 -13.706215 1
112.933188 189.284674 -13.131962 1
109.095296 151.352741 -19.507835 1
97.129222 156.129443 -19.822998 1
96.807301 149.956664 -17.792378 1
95.869662 131.977611 -11.877924 1
98.293652 127.820869 -6.387083 1
103.158083 119.479178 4.631857 1
103.158083 119.479178 4.631857 1
116.740019 151.470910 -18.996445 1
128.004873 157.732151 -18.941125 1
128.140876 151.840230 -16.184856 1
128.537004 134.679212 -8.156853 1
125.830097 129.995942 -3.253464 1
120.397918 120.597625 6.586586 1
120.397918 120.597625 6.586586 1
107.282454 115.060283 -22.018188 1
105.024344 112.996476 -5.113151 1
102.228022 110.440767 15.821146 1
102.223563 89.467452 19.781210 1
102.219850 72.010702 23.077298 1
98.670392 68.749458 37.124073 1
97.764742 69.534218 44.263969 1
119.367319 115.037681 -20.897481 1
122.353831 113.652551 -4.036157 1
126.052131 111.937296 16.843787 1
126.707784 90.542250 19.261518 1
127.242500 73.093546 21.233294 1
131.373737 69.197251 34.955467 1
132.537970 69.632378 42.087799 1
113.297700 116.159000 -20.544000 1
113.309155 123.004772 -20.140195 1
113.346804 132.500265 -20.250634 1
113.278052 141.594615 -19.965126 1
112.732414 164.710816 -16.453758 1
112.765242 171.422224 -14.269368 1
113.044087 189.409356 -14.190825 1
109.284837 151.367742 -19.719134 1
97.283064 156.052811 -20.051811 1
96.977648 149.891648 -17.983710 1
96.088084 131.946427 -11.960088 1
98.413124 127.790381 -6.426098 1
103.078981 119.450087 4.679431 1
103.078981 119.450087 4.679431 1
116.932203 151.476480 -19.246641 1
128.215932 157.701919 -19.403146 1
128.247375 151.802961 -16.658780 1
128.338957 134.621444 -8.665445 1
125.808025 130.075932 -3.543309 1
120.728986 120.954065 6.735720 1
120.728986 120.954065 6.735720 1
107.328098 115.088993 -22.011552 1
105.035530 112.993512 -5.115051 1
102.196537 110.398580 15.808674 1
102.244121 89.425813 19.771358 1
102.283727 71.969519 23.069626 1
98.768657 68.703820 37.124011 1
97.874502 69.488508 44.265364 1
119.417144 115.005551 -20.939891 1
122.381397 113.623143 -4.074417 1
126.052133 111.911259 16.810668 1
126.695396 90.519611 19.261570 1
127.220008 73.073678 21.260400 1
131.358035 69.194504 34.985377 1
132.527397 69.639168 42.116281 1
113.291800 116.157600 -20.578900 1
113.327537 123.006610 -20.236023 1
113.393651 132.500859 -20.417333 1
113.347785 141.596554 -20.173067 1
112.860288 164.719520 -16.697871 1
112.866617 171.530671 -14.847513 1
113.046190 189.515866 -15.195815 1
109.372499 151.376858 -19.921967 1
97.386593 156.095713 -20.338607 1
97.088855 149.951256 -18.220295 1
96.221652 132.054693 -12.050427 1
98.508588 127.900506 -6.499189 1
103.097979 119.563944 4.640952 1
103.097979 119.563944 4.640952 1
117.022486 151.473384 -19.491091 1
128.281495 157.731565 -19.907058 1
128.202992 151.846703 -17.133525 1
127.974340 134.706246 -9.055237 1
125.489920 130.267921 -3.817632 1
120.504222 121.361154 6.693116 1
120.504222 121.361154 6.693116 1
107.314077 115.094846 -22.018397 1
105.028031 112.960568 -5.125869 1
102.197114 110.317591 15.792937 1
102.305098 89.344806 19.754333 1
102.394976 71.888496 23.051529 1
98.919454 68.606723 37.112005 1
98.038843 69.385624 44.255673 1
119.406064 114.979939 -20.983457 1
122.352358 113.603665 -4.114334 1
126.000855 111.899376 16.775268 1
126.642768 90.509918 19.245559 1
127.166278 73.065771 21.260201 1
131.313081 69.199311 34.986117 1
132.487301 69.650698 42.115800 1
113.274900 116.161100 -20.590900 1
113.333590 123.011713 -20.285221 1
113.426117 132.504600 -20.518759 1
113.395123 141.601590 -20.325743 1
112.917855 164.744395 -16.983745 1
112.986310 171.588125 -15.259123 1
113.064628 189.561997 -16.003836 1
109.424686 151.385179 -20.132586 1
97.413376 156.048363 -20.426272 1
97.101572 149.921151 -18.260563 1
96.193404 132.074817 -11.952641 1
98.482248 127.912186 -6.408520 1
103.075469 119.558677 4.717339 1
103.075469 119.558677 4.717339 1
117.074536 151.480323 -19.698973 1
128.423757 157.569554 -20.167566 1
128.341320 151.711503 -17.337957 1
128.101211 134.649134 -9.096343 1
125.594764 130.239833 -3.844736 1
120.564863 121.391314 6.694112 1
120.564863 121.391314 6.694112 1
107.293665 115.110585 -22.024782 1
105.041560 112.995368 -5.125298 1
102.252673 110.375996 15.802120 1
102.315949 89.408883 19.794395 1
102.368616 71.957296 23.117293 1
98.918083 68.727744 37.196003 1
98.056677 69.530792 44.339339 1
119.385187 114.960774 -20.988874 1
122.309441 113.560905 -4.117857 1
125.930644 111.827399 16.774089 1
126.603960 90.435430 19.214088 1
127.153083 72.989235 21.204025 1
131.314974 69.092529 34.916815 1
132.494658 69.527248 42.046632 1
113.298200 116.107800 -20.621600 1
113.353427 122.958144 -20.309318 1
113.444589 132.450683 -20.557082 1
113.418233 141.548741 -20.422601 1
112.965056 164.728573 -17.344253 1
113.077066 171.543362 -15.510747 1
113.058883 189.496859 -16.647598 1
109.458946 151.338437 -20.343843 1
97.348472 155.747161 -20.291886 1
96.989997 149.628468 -18.109379 1
95.945892 131.806946 -11.752533 1
98.260418 127.627181 -6.232015 1
102.905177 119.239287 4.846476 1
102.905177 119.239287 4.846476 1
117.108556 151.429739 -19.905209 1
128.586734 157.280781 -20.251424 1
128.572567 151.450024 -17.364849 1
128.531302 134.467154 -8.957310 1
125.976195 130.056349 -3.730474 1
120.848644 121.204811 6.758663 1
120.848644 121.204811 6.758663 1
107.317691 115.055681 -22.057334 1
105.091118 112.957503 -5.152344 1
102.333849 110.359230 15.781893 1
102.397921 89.398238 19.806162 1
102.451249 71.951744 23.155690 1
99.021941 68.755398 37.247158 1
98.171831 69.575093 44.389957 1
119.409141 114.910907 -21.019869 1
122.298287 113.534375 -4.140886 1
125.876016 111.829768 16.760927 1
126.559871 90.440294 19.219796 1
127.117587 72.996134 21.225123 1
131.255516 69.109249 34.947949 1
132.420988 69.548372 42.079833 1
113.333300 116.009500 -20.661900 1
113.375831 122.858341 -20.316431 1
113.460105 132.351079 -20.558962 1
113.447720 141.449955 -20.497740 1
113.078181 164.679414 -17.806672 1
113.171501 171.403498 -15.663397 1
113.036135 189.333708 -17.116008 1
109.525136 151.254327 -20.586775 1
97.266920 155.197542 -20.047969 1
96.844149 149.088790 -17.849181 1
95.612774 131.296225 -11.444915 1
97.942955 127.106933 -5.938223 1
102.619130 118.699921 5.112527 1
102.619130 118.699921 5.112527 1
117.174546 151.324349 -20.140789 1
128.772556 156.943687 -20.251771 1
128.820986 151.135491 -17.320429 1
128.962042 134.218334 -8.782504 1
126.351784 129.803099 -3.586752 1
121.113556 120.942671 6.840007 1
121.113556 120.942671 6.840007 1
107.354685 114.953254 -22.102483 1
105.139854 112.886664 -5.192060 1
102.397126 110.327509 15.748905 1
102.457568 89.371594 19.799586 1
102.507876 71.929325 23.171097 1
99.083921 68.747623 37.267180 1
98.236838 69.574624 44.409496 1
119.446432 114.825893 -21.066202 1
122.320507 113.469203 -4.183039 1
125.879572 111.789167 16.723948 1
126.537305 90.400347 19.195596 1
127.073718 72.956720 21.211345 1
131.182201 69.073003 34.943911 1
132.335360 69.514966 42.077621 1
113.349700 115.916600 -20.703400 1
113.377012 122.762831 -20.308233 1
113.449502 132.256512 -20.515044 1
113.438276 141.355541 -20.483731 1
113.098606 164.612092 -18.033500 1
113.215013 171.293176 -15.760790 1
112.985403 189.206587 -17.397192 1
109.530400 151.164209 -20.680839 1
97.198200 154.833543 -19.935221 1
96.746782 148.736635 -17.709422 1
95.431967 130.978565 -11.226483 1
97.754302 126.781497 -5.722398 1
102.414730 118.358880 5.323120 1
102.414730 118.358880 5.323120 1
117.179133 151.227623 -20.222418 1
128.879682 156.631307 -20.200905 1
128.983148 150.839338 -17.239041 1
129.284506 133.969443 -8.612215 1
126.633838 129.544995 -3.444837 1
121.314517 120.666077 6.924983 1
121.314517 120.666077 6.924983 1
107.374899 114.857910 -22.157946 1
105.167680 112.805800 -5.244765 1
102.434378 110.264577 15.699616 1
102.496020 89.311411 19.764482 1
102.547326 71.871432 23.147799 1
99.124512 68.689585 37.244126 1
98.277658 69.516640 44.386464 1
119.465805 114.749174 -21.109788 1
122.345162 113.418413 -4.225462 1
125.910769 111.770485 16.682966 1
126.529304 90.382686 19.173497 1
127.033749 72.939891 21.204645 1
131.118340 69.064616 34.946720 1
132.263469 69.512704 42.081341 1
113.362300 115.886600 -20.753100 1
113.376243 122.730409 -20.317372 1
113.437755 132.224701 -20.498086 1
113.434802 141.323790 -20.499322 1
113.160188 164.604391 -18.280224 1
113.230560 171.247553 -15.897141 1
112.958555 189.155800 -17.582824 1
109.556149 151.141444 -20.799359 1
97.151933 154.531386 -19.935151 1
96.686558 148.447597 -17.676571 1
95.331090 130.727739 -11.098150 1
97.622717 126.527694 -5.583475 1
102.221524 118.099103 5.483293 1
102.221524 118.099103 5.483293 1
117.204370 151.186960 -20.330399 1
128.973004 156.439391 -20.210708 1
129.110832 150.654543 -17.236355 1
129.512273 133.805387 -8.573151 1
126.858078 129.378517 -3.409659 1
121.531679 120.494739 6.952362 1
121.531679 120.494739 6.952362 1
107.390483 114.825126 -22.217836 1
105.214010 112.778916 -5.299957 1
102.518782 110.244998 15.650242 1
102.549910 89.299354 19.754030 1
102.575818 71.865635 23.169743 1
99.165177 68.748539 37.283478 1
98.329248 69.606640 44.423439 1
119.480892 114.733295 -21.162356 1
122.379104 113.410557 -4.280626 1
125.968059 111.772563 16.624588 1
126.549841 90.387727 19.149183 1
127.024313 72.947348 21.208113 1
131.097131 69.077263 34.955144 1
132.240184 69.529641 42.089827 1
113.355400 115.852600 -20.738300 1
113.358655 122.694552 -20.274118 1
113.415054 132.189166 -20.438847 1
113.420906 141.288199 -20.470317 1
113.200534 164.587097 -18.445729 1
113.243315 171.204534 -15.991477 1
112.943560 189.115241 -17.646029 1
109.566655 151.112430 -20.857020 1
97.117003 154.324877 -19.968491 1
96.658268 148.251474 -17.680789 1
95.322139 130.561865 -11.017548 1
97.567988 126.369426 -5.478306 1
102.074925 117.956100 5.637762 1
102.074925 117.956100 5.637762 1
117.214384 151.143222 -20.378938 1
129.032623 156.280311 -20.172358 1
129.182629 150.494612 -17.200248 1
129.619542 133.642982 -8.543577 1
126.979863 129.227149 -3.363221 1
121.682595 120.365519 7.032643 1
121.682595 120.365519 7.032643 1
107.385815 114.788065 -22.209894 1
105.213843 112.770854 -5.287954 1
102.524189 110.272849 15.667274 1
102.570497 89.325366 19.761524 1
102.609040 71.890117 23.169299 1
99.197462 68.731832 37.273647 1
98.358308 69.570091 44.415587 1
119.475922 114.710396 -21.149830 1
122.392787 113.400182 -4.270335 1
126.004842 111.777698 16.632109 1
126.570008 90.390958 19.144328 1
127.030929 72.949028 21.193164 1
131.100867 69.075932 34.940199 1
132.244565 69.527590 42.074825 1
113.365000 115.821600 -20.733400 1
113.357268 122.661782 -20.243876 1
113.406541 132.156719 -20.391329 1
113.418050 141.255665 -20.441243 1
113.241327 164.566461 -18.553991 1
113.263139 171.195521 -16.131029 1
112.959260 189.115265 -17.683849 1
109.583564 151.084992 -20.889973 1
97.111852 154.225239 -20.054282 1
96.672408 148.158046 -17.746404 1
95.392470 130.486524 -11.024398 1
97.574098 126.290408 -5.462323 1
101.952158 117.869700 5.699568 1
101.952158 117.869700 5.699568 1
117.230814 151.103595 -20.403662 1
129.093353 156.135961 -20.161659 1
129.235567 150.346888 -17.195743 1
129.649785 133.485429 -8.557114 1
127.029657 129.097630 -3.343121 1
121.771622 120.292258 7.120245 1
121.771622 120.292258 7.120245 1
107.398097 114.753235 -22.213075 1
105.218176 112.728951 -5.293002 1
102.518678 110.222185 15.659913 1
102.599696 89.276774 19.764208 1
102.667129 71.843248 23.180342 1
99.256726 68.680805 37.284043 1
98.413590 69.518621 44.425566 1
119.487577 114.690455 -21.144903 1
122.396788 113.385822 -4.263656 1
125.999364 111.770250 16.640960 1
126.564341 90.384414 19.160904 1
127.025108 72.943221 21.216040 1
131.080701 69.073763 34.968339 1
132.216978 69.527318 42.104030 1
