79 35
97.726300 151.297500 48.029660 1
97.720837 160.129114 48.027354 1
97.642471 170.858844 47.026423 1
97.473845 181.137927 46.058836 1
96.828476 207.666721 45.571737 1
97.437445 214.632097 49.479083 1
98.702708 235.005804 49.767702 1
92.841437 192.116680 44.782808 1
79.404487 197.886524 44.515798 1
78.912535 191.127562 47.446500 1
77.479653 171.441127 55.982585 1
78.927989 164.089550 59.518568 1
81.834481 149.336567 66.614502 1
81.834481 149.336567 66.614502 1
101.533899 192.325817 44.656140 1
114.260499 199.248938 42.651629 1
115.222497 192.301009 44.957153 1
118.024450 172.064181 51.672322 1
117.221783 164.524012 55.011198 1
115.611009 149.392563 61.711582 1
115.611009 149.392563 61.711582 1
89.889731 149.792662 47.081823 1
88.923145 130.332932 47.770850 1
87.726177 106.235024 48.624106 1
87.249625 82.254394 45.248751 1
86.852977 62.294544 42.439334 1
84.539254 54.683580 57.297001 1
84.467458 53.589113 65.439373 1
105.516255 149.802239 46.742979 1
106.742928 130.352130 47.274533 1
108.261963 106.266359 47.932774 1
108.902873 82.075744 44.470007 1
109.425567 62.347098 41.645947 1
111.861962 54.762659 56.497567 1
111.998706 53.671986 64.639677 1
97.705300 151.320500 47.983360 1
97.700652 160.152114 47.980409 1
97.619722 170.881542 46.976444 1
97.440955 181.159771 46.001631 1
96.750505 207.686864 45.484610 1
97.433585 214.566179 49.529740 1
98.836083 234.921611 50.209086 1
92.789508 192.129210 44.714809 1
79.363002 197.927190 44.552322 1
78.876140 191.146412 47.433053 1
77.458083 171.396434 55.823590 1
78.869337 164.012585 59.306932 1
81.701412 149.194839 66.297226 1
81.701412 149.194839 66.297226 1
101.481557 192.352913 44.584741 1
114.282357 199.160097 42.657101 1
115.283988 192.194503 44.891343 1
118.201377 171.906223 51.398891 1
117.445710 164.318968 54.640657 1
115.929256 149.093029 61.146163 1
115.929256 149.093029 61.146163 1
89.867889 149.816317 47.041460 1
88.889052 130.356564 47.712299 1
87.676911 106.258628 48.543030 1
87.242478 82.265988 45.248299 1
86.880887 62.296142 42.505988 1
84.571270 54.687290 57.365375 1
84.496222 53.594440 65.507935 1
105.494158 149.824424 46.690997 1
106.723667 130.375091 47.243944 1
108.246215 106.290280 47.928677 1
108.892365 82.096789 44.487040 1
109.419332 62.365797 41.680214 1
111.866517 54.786779 56.532827 1
112.008914 53.697755 64.675061 1
97.659500 151.335500 47.949260 1
97.662883 160.167097 47.930985 1
97.592724 170.896295 46.923767 1
97.430507 181.177258 45.975240 1
96.805464 207.708385 45.602062 1
97.409916 214.584436 49.665216 1
98.935826 234.909475 50.821293 1
92.802317 192.165077 44.763573 1
79.367574 197.942747 44.562948 1
78.849888 191.131123 47.364443 1
77.342052 171.291301 55.524194 1
78.720366 163.869145 58.938630 1
81.486338 148.974523 65.790646 1
81.486338 148.974523 65.790646 1
101.494385 192.367602 44.603539 1
114.208246 199.316573 42.607656 1
115.232003 192.327576 44.757176 1
118.213840 171.971130 51.017956 1
117.519522 164.335815 54.159042 1
116.126181 149.013431 60.462503 1
116.126181 149.013431 60.462503 1
89.819060 149.836842 47.023908 1
88.989530 130.374135 47.801746 1
87.962284 106.272540 48.764981 1
87.222506 82.324495 45.210456 1
86.606767 62.391768 42.251909 1
84.459234 54.802837 57.145753 1
84.505250 53.709487 65.288462 1
105.444681 149.830074 46.645652 1
106.687544 130.382730 47.237359 1
108.226629 106.300382 47.970090 1
108.891041 82.107613 44.526863 1
109.432902 62.377208 41.718740 1
111.922679 54.812309 56.571473 1
112.085481 53.727747 64.713919 1
97.628900 151.341500 47.852360 1
97.634243 160.173078 47.826876 1
97.564930 170.902758 46.824742 1
97.401091 181.186543 45.907616 1
96.766797 207.719133 45.683928 1
97.377092 214.590951 49.753364 1
99.026753 234.865621 51.482091 1
92.768309 192.179410 44.761017 1
79.371529 198.044442 44.556852 1
78.837076 191.195054 47.261447 1
77.280405 171.245239 55.138965 1
78.625396 163.774121 58.458593 1
81.324499 148.781247 65.120352 1
81.324499 148.781247 65.120352 1
101.460191 192.385808 44.595877 1
114.157933 199.355819 42.570953 1
115.232129 192.344870 44.622124 1
118.360875 171.924488 50.596449 1
117.750505 164.240543 53.634700 1
116.525631 148.820569 59.731793 1
116.525631 148.820569 59.731793 1
89.787894 149.843833 46.930207 1
88.965226 130.380525 47.700253 1
87.946477 106.278185 48.653837 1
87.169162 82.323782 45.150536 1
86.522179 62.385763 42.234624 1
84.386880 54.776755 57.119981 1
84.445016 53.676209 65.261643 1
105.413417 149.833277 46.548019 1
106.672599 130.384982 47.069828 1
108.231891 106.301456 47.716001 1
108.889111 82.090644 44.400581 1
109.425106 62.345526 41.696691 1
111.936893 54.771915 56.541276 1
112.112030 53.683984 64.683017 1
97.567700 151.351500 47.742660 1
97.583254 160.183050 47.712270 1
97.523881 170.913281 46.715410 1
97.365029 181.199490 45.824969 1
96.739938 207.733057 45.726091 1
97.334668 214.581390 49.837208 1
99.123702 234.784122 52.165528 1
92.731665 192.199199 44.748493 1
79.361069 198.124425 44.567153 1
78.800942 191.237469 47.169208 1
77.169492 171.178233 54.748062 1
78.473267 163.655313 57.965574 1
81.089658 148.558484 64.422408 1
81.089658 148.558484 64.422408 1
101.422853 192.403202 44.547725 1
114.116738 199.381644 42.527662 1
115.216110 192.367681 44.555049 1
118.418184 171.938518 50.460101 1
117.958091 164.183720 53.340718 1
117.034790 148.621560 59.121476 1
117.034790 148.621560 59.121476 1
89.724180 149.862412 46.828021 1
88.923358 130.397371 47.576991 1
87.931663 106.292884 48.504476 1
87.156128 82.328411 45.070336 1
86.510628 62.382009 42.211989 1
84.420949 54.775522 57.105106 1
84.502575 53.676417 65.246761 1
105.349349 149.833533 46.432522 1
106.629315 130.387293 46.979764 1
108.214344 106.306313 47.657432 1
108.885353 82.091315 44.375516 1
109.432594 62.342782 41.698951 1
111.983770 54.782647 56.543688 1
112.178367 53.699187 64.685583 1
97.547400 151.360500 47.579160 1
97.564264 160.192098 47.584790 1
97.503783 170.926317 46.631905 1
97.343387 181.216084 45.783852 1
96.716954 207.749801 45.794686 1
97.328881 214.556964 49.971136 1
99.255968 234.669918 52.891332 1
92.707550 192.219867 44.760998 1
79.365100 198.209178 44.615378 1
78.785249 191.291463 47.130054 1
77.096350 171.142638 54.454402 1
78.374038 163.577444 57.582003 1
80.938077 148.395779 63.858405 1
80.938077 148.395779 63.858405 1
101.398341 192.425136 44.544915 1
114.112977 199.373996 42.553585 1
115.267681 192.344222 44.493568 1
118.630919 171.869008 50.144043 1
118.261784 164.073743 52.926868 1
117.521013 148.430375 58.511380 1
117.521013 148.430375 58.511380 1
89.700999 149.876309 46.681436 1
88.901776 130.411718 47.443705 1
87.912060 106.307789 48.387659 1
87.148510 82.333028 45.023352 1
86.512985 62.378063 42.223130 1
84.475906 54.771122 57.123302 1
84.583388 53.671889 65.264639 1
105.324937 149.846756 46.240037 1
106.611086 130.401967 46.823133 1
108.203773 106.322783 47.545199 1
108.883193 82.095592 44.356314 1
109.437294 62.337116 41.755619 1
112.020369 54.791292 56.602121 1
112.231313 53.713170 64.744318 1
97.508900 151.365500 47.357060 1
97.532353 160.197028 47.388704 1
97.477034 170.934712 46.475359 1
97.320794 181.228784 45.680451 1
96.709907 207.762206 45.867587 1
97.336190 214.522957 50.116666 1
99.383935 234.535375 53.592577 1
92.687833 192.241645 44.746087 1
79.368874 198.283698 44.632301 1
78.767054 191.341624 47.073614 1
77.014166 171.121847 54.184285 1
78.260119 163.520794 57.236845 1
80.760474 148.267167 63.362657 1
80.760474 148.267167 63.362657 1
101.377932 192.443449 44.500876 1
114.089922 199.402398 42.527967 1
115.287979 192.361628 44.400615 1
118.777489 171.854386 49.854969 1
118.493093 164.018968 52.533005 1
117.922377 148.295022 57.907228 1
117.922377 148.295022 57.907228 1
89.659736 149.889766 46.469600 1
88.876539 130.425308 47.251664 1
87.906669 106.321546 48.220130 1
87.148205 82.336534 44.928522 1
86.516913 62.373037 42.188808 1
84.534544 54.772469 57.099607 1
84.669701 53.675797 65.240878 1
105.282799 149.849964 45.998974 1
106.583870 130.408137 46.644423 1
108.195034 106.332622 47.443703 1
108.885142 82.097563 44.317524 1
109.447959 62.332669 41.767968 1
112.064011 54.804993 56.617908 1
112.291756 53.732342 64.760375 1
97.485200 151.361500 47.157060 1
97.516387 160.192955 47.200390 1
97.466048 170.933060 46.315679 1
97.314024 181.231127 45.573448 1
96.717983 207.762714 45.961174 1
97.370922 214.451892 50.318148 1
99.574979 234.339265 54.368660 1
92.684507 192.253093 44.734222 1
79.384806 198.338240 44.679668 1
78.767262 191.376957 47.061636 1
76.968575 171.101232 53.999455 1
78.187819 163.470382 56.987782 1
80.634576 148.156959 62.984692 1
80.634576 148.156959 62.984692 1
101.374020 192.452211 44.467020 1
114.094225 199.403983 42.521958 1
115.332085 192.354639 44.335529 1
118.937528 171.822423 49.617813 1
118.712978 163.955771 52.208544 1
118.262357 148.169144 57.407566 1
118.262357 148.169144 57.407566 1
89.632380 149.893719 46.288964 1
88.866545 130.428607 47.071920 1
87.918175 106.324033 48.041491 1
87.151380 82.327302 44.838422 1
86.513154 62.354050 42.172404 1
84.600126 54.757036 57.094067 1
84.772343 53.661786 65.234829 1
105.254067 149.841072 45.775845 1
106.563431 130.400774 46.449940 1
108.184865 106.327152 47.284695 1
108.891448 82.079142 44.264418 1
109.467700 62.303685 41.801232 1
112.124418 54.797189 56.654673 1
112.372457 53.731576 64.797471 1
97.454700 151.374500 46.908060 1
97.490735 160.205918 46.954968 1
97.441847 170.947753 46.091428 1
97.287077 181.249565 45.403734 1
96.681193 207.776604 46.020021 1
97.372422 214.367473 50.518610 1
99.755954 234.088314 55.228100 1
92.649542 192.276141 44.676848 1
79.380938 198.428961 44.708103 1
78.758542 191.450943 47.039301 1
76.945722 171.126476 53.829247 1
78.152378 163.469615 56.755505 1
80.573872 148.103993 62.627858 1
80.573872 148.103993 62.627858 1
101.337842 192.481551 44.376958 1
114.074859 199.413907 42.473055 1
115.344931 192.358551 44.240385 1
119.044193 171.808824 49.387987 1
118.864784 163.922451 51.921654 1
118.504750 148.096250 57.006161 1
118.504750 148.096250 57.006161 1
89.598975 149.911288 46.058740 1
88.840322 130.445704 46.836951 1
87.900846 106.340546 47.800646 1
87.142708 82.328252 44.714269 1
86.511687 62.342048 42.145376 1
84.649166 54.759231 57.080645 1
84.846425 53.669403 65.221566 1
105.219317 149.850483 45.507046 1
106.538078 130.413297 46.249124 1
108.171148 106.343528 47.168065 1
108.885528 82.087765 44.212565 1
109.468139 62.305987 41.802207 1
112.159475 54.839356 56.669503 1
112.428795 53.775448 64.811848 1
97.433900 151.373500 46.576260 1
97.473871 160.204757 46.645092 1
97.428091 170.950261 45.828287 1
97.272738 181.257288 45.223908 1
96.663414 207.775112 46.153652 1
97.377223 214.285528 50.764467 1
100.019112 233.749241 56.328316 1
92.630248 192.290445 44.643232 1
79.401519 198.527380 44.767362 1
78.779487 191.530840 47.042466 1
76.967729 171.152424 53.669030 1
78.172547 163.468430 56.524056 1
80.590352 148.048359 62.253463 1
80.590352 148.048359 62.253463 1
101.317363 192.501587 44.314395 1
114.072483 199.411622 42.450970 1
115.361864 192.347471 44.168487 1
119.117367 171.772129 49.171001 1
118.961604 163.870503 51.658282 1
118.649026 148.013691 56.649703 1
118.649026 148.013691 56.649703 1
89.575831 149.915786 45.739256 1
88.816209 130.450338 46.519928 1
87.875531 106.345349 47.486672 1
87.192053 82.301919 44.634120 1
86.623173 62.289798 42.259847 1
84.810005 54.743719 57.219776 1
85.022620 53.669241 65.362351 1
105.194994 149.849641 45.155687 1
106.518629 130.417999 46.023607 1
108.157737 106.355096 47.098382 1
108.880849 82.095722 44.174816 1
109.470583 62.310998 41.790501 1
112.179694 54.893735 56.679264 1
112.462379 53.831306 64.821349 1
97.406800 151.348500 46.130260 1
97.463592 160.179140 46.248653 1
97.434674 170.930607 45.513645 1
97.294958 181.244165 45.028672 1
96.727906 207.745270 46.370524 1
97.402189 214.176621 51.096804 1
100.400606 233.265912 57.683197 1
92.668442 192.291994 44.627058 1
79.461405 198.570692 44.884295 1
78.843033 191.555116 47.101026 1
77.041933 171.121253 53.557569 1
78.250608 163.409302 56.334514 1
80.676155 147.933125 61.907230 1
80.676155 147.933125 61.907230 1
101.355305 192.495101 44.286730 1
114.111053 199.419832 42.483109 1
115.402061 192.342585 44.144577 1
119.162304 171.729100 48.983836 1
119.014598 163.817299 51.439057 1
118.718187 147.940067 56.366141 1
118.718187 147.940067 56.366141 1
89.544226 149.910263 45.301920 1
88.801611 130.446515 46.139282 1
87.881996 106.343631 47.176227 1
87.222120 82.279239 44.500342 1
86.672885 62.249672 42.273115 1
84.939936 54.715606 57.248598 1
85.191341 53.645407 65.390631 1
105.161955 149.818099 44.684509 1
106.507547 130.395566 45.708510 1
108.173845 106.343941 46.976565 1
108.912695 82.076925 44.121155 1
109.515264 62.285968 41.792427 1
112.261598 54.923231 56.701421 1
112.566721 53.866479 64.843435 1
97.366400 151.326500 45.533960 1
97.447372 160.155405 45.737233 1
97.439449 170.914699 45.126783 1
97.313078 181.234702 44.801561 1
96.774829 207.705436 46.656611 1
97.429392 214.028622 51.529343 1
100.672616 232.699570 59.122058 1
92.693018 192.291345 44.639856 1
79.537892 198.670725 45.040115 1
78.928509 191.632038 47.184908 1
77.153592 171.130864 53.431919 1
78.372194 163.386211 56.111823 1
80.817662 147.844411 61.489797 1
80.817662 147.844411 61.489797 1
101.377898 192.495087 44.252511 1
114.157562 199.400580 42.547120 1
115.434012 192.308267 44.154718 1
119.151850 171.650900 48.837076 1
118.992690 163.729314 51.259818 1
118.673292 147.832448 56.121722 1
118.673292 147.832448 56.121722 1
89.496417 149.917059 44.726748 1
88.774265 130.456463 45.650775 1
87.879990 106.357482 46.795042 1
87.229282 82.270863 44.324800 1
86.687678 62.222795 42.268738 1
85.088016 54.707303 57.268365 1
85.407684 53.644926 65.409029 1
105.110962 149.789687 44.039065 1
106.486536 130.384217 45.315609 1
108.189959 106.353725 46.896397 1
108.935060 82.078467 44.113582 1
109.542726 62.280790 41.844058 1
112.356339 54.991862 56.776756 1
112.697532 53.966258 64.921321 1
97.303300 151.290500 44.767960 1
97.415098 160.115619 45.087691 1
97.437446 170.883094 44.644888 1
97.335249 181.207841 44.529241 1
96.858531 207.625073 47.045838 1
97.506370 213.794836 52.112295 1
100.902364 232.021295 60.658377 1
92.735133 192.273060 44.671823 1
79.662608 198.797004 45.350979 1
79.072680 191.729341 47.403957 1
77.354430 171.143770 53.383547 1
78.583665 163.355157 55.927760 1
81.050471 147.725140 61.033433 1
81.050471 147.725140 61.033433 1
101.417792 192.471355 44.235032 1
114.232287 199.350791 42.693568 1
115.476989 192.240025 44.243507 1
119.102359 171.528908 48.757924 1
118.920640 163.591323 51.126100 1
118.555972 147.662351 55.878503 1
118.555972 147.662351 55.878503 1
89.424669 149.917942 43.981827 1
88.731625 130.462262 45.024102 1
87.873395 106.369369 46.314801 1
87.217991 82.259746 44.081574 1
86.672478 62.192532 42.222786 1
85.238034 54.701774 57.251467 1
85.644432 53.647638 65.389334 1
105.035065 149.748011 43.213844 1
106.442760 130.367113 44.792838 1
108.185961 106.367049 46.748161 1
108.952552 82.080225 44.074235 1
109.577745 62.273114 41.893516 1
112.453959 55.091363 56.866164 1
112.825127 54.122823 65.016402 1
97.233800 151.279500 43.836060 1
97.386216 160.097002 44.311328 1
97.448237 170.871111 44.088129 1
97.377856 181.195666 44.239232 1
96.980085 207.522662 47.580153 1
97.643696 213.467244 52.907086 1
101.128184 231.232929 62.341645 1
92.805267 192.261189 44.755085 1
79.815172 198.912567 45.719781 1
79.250960 191.817376 47.683078 1
77.607609 171.151628 53.401458 1
78.862330 163.322414 55.804708 1
81.380282 147.610919 60.627500 1
81.380282 147.610919 60.627500 1
101.485509 192.453849 44.270364 1
114.355931 199.273419 42.943814 1
115.558343 192.141153 44.426917 1
119.060537 171.367419 48.746662 1
118.812364 163.417406 51.066628 1
118.314338 147.463494 55.722284 1
118.314338 147.463494 55.722284 1
89.344508 149.954736 43.075254 1
88.672134 130.505244 44.239439 1
87.839501 106.420015 45.681105 1
87.189528 82.282206 43.774673 1
86.648536 62.191532 42.187887 1
85.405575 54.730676 57.248465 1
85.912211 53.687856 65.382166 1
104.948945 149.731839 42.206326 1
106.406751 130.386080 44.132581 1
108.212007 106.429530 46.517929 1
108.981118 82.126052 44.000634 1
109.608365 62.305359 41.947654 1
112.572979 55.250012 56.963095 1
112.989923 54.349285 65.118895 1
97.237100 151.224500 42.733960 1
97.438098 160.030975 43.368814 1
97.548552 170.806981 43.393397 1
97.514077 181.121242 43.882321 1
97.207620 207.283967 48.337496 1
97.858524 212.970400 53.940661 1
101.429025 230.208287 64.278885 1
92.969330 192.161423 44.921614 1
80.055460 198.898900 46.245392 1
79.494969 191.763566 48.058527 1
77.862460 170.980894 53.339539 1
79.151107 163.119888 55.617805 1
81.737139 147.344592 60.189779 1
81.737139 147.344592 60.189779 1
101.643340 192.362303 44.338621 1
114.523013 199.210807 43.277480 1
115.651884 192.049270 44.674842 1
118.939880 171.190274 48.744857 1
118.598885 163.231764 51.023533 1
117.914587 147.260798 55.596328 1
117.914587 147.260798 55.596328 1
89.336414 149.953727 41.999765 1
88.668084 130.513506 43.311737 1
87.840460 106.439757 44.936414 1
87.208779 82.273206 43.429915 1
86.683011 62.158608 42.176006 1
85.630911 54.744032 57.273936 1
86.233361 53.706253 65.401747 1
104.933685 149.667875 41.026843 1
106.477629 130.365369 43.290362 1
108.389553 106.462379 46.093357 1
109.091444 82.132826 43.820134 1
109.663870 62.290868 41.966207 1
112.760465 55.352533 57.009510 1
113.254982 54.517756 65.167991 1
97.102200 151.100500 41.288360 1
97.373220 159.882426 42.183773 1
97.555436 170.650286 42.577609 1
97.569962 180.933530 43.515096 1
97.351761 206.825511 49.345054 1
97.961594 212.296342 55.163367 1
101.792298 228.786840 66.572193 1
93.057431 191.912674 45.163106 1
80.282045 198.808968 46.936420 1
79.759377 191.618055 48.527705 1
78.237030 170.673502 53.162550 1
79.597193 162.793130 55.329626 1
82.326741 146.978971 59.678468 1
82.326741 146.978971 59.678468 1
101.728175 192.126564 44.537701 1
114.606157 199.020369 43.798066 1
115.664163 191.824029 45.066098 1
118.745756 170.863667 48.759421 1
118.285195 162.892652 50.972412 1
117.360954 146.896592 55.413394 1
117.360954 146.896592 55.413394 1
89.189541 149.912264 40.544942 1
88.537384 130.494050 42.156701 1
87.729787 106.447552 44.152619 1
87.134819 82.259702 43.019200 1
86.639610 62.127375 42.075818 1
85.789047 54.833187 57.244922 1
86.486442 53.825763 65.368959 1
104.780807 149.536796 39.508311 1
106.412474 130.308605 42.284706 1
108.433028 106.497643 45.722815 1
109.122133 82.148361 43.667343 1
109.684132 62.290314 41.991004 1
112.847790 55.523500 57.098348 1
113.378886 54.781728 65.263513 1
97.026100 150.920500 39.680560 1
97.348633 159.665599 40.870797 1
97.580305 170.408874 41.685330 1
97.626629 180.632260 43.136000 1
97.483769 206.121547 50.532388 1
98.155236 211.338446 56.572897 1
102.183195 226.975708 69.063842 1
93.134914 191.485879 45.511695 1
80.617073 198.674255 47.866468 1
80.151253 191.412573 49.117704 1
78.794481 170.261897 52.762109 1
80.212652 162.363856 54.825181 1
83.058609 146.514240 58.965311 1
83.058609 146.514240 58.965311 1
101.795971 191.746982 44.779175 1
114.673005 198.670015 44.369750 1
115.653920 191.437461 45.484453 1
118.510972 170.371621 48.731185 1
117.928558 162.384875 50.857029 1
116.759786 146.357247 55.123125 1
116.759786 146.357247 55.123125 1
89.103674 149.799309 38.937022 1
88.437782 130.434308 41.091891 1
87.613176 106.453707 43.760368 1
87.062164 82.256855 42.811966 1
86.603540 62.117036 42.022580 1
85.917865 54.943081 57.257230 1
86.695325 53.999767 65.381696 1
104.687514 149.377904 37.810299 1
106.385178 130.238640 41.111892 1
108.487458 106.537798 45.200372 1
109.159227 82.165714 43.429041 1
109.707087 62.289070 41.984432 1
112.904911 55.694942 57.160787 1
113.456677 55.047253 65.332584 1
96.875800 150.606500 37.750060 1
97.265118 159.278575 39.375172 1
97.578456 169.960636 40.764600 1
97.703723 180.075733 42.836633 1
97.762838 204.999278 51.960454 1
98.416589 209.837729 58.309994 1
102.632717 224.485827 71.890480 1
93.297858 190.775855 45.953718 1
80.928829 197.980006 48.957271 1
80.487931 190.669039 49.889985 1
79.203751 169.374808 52.606649 1
80.736985 161.449054 54.471624 1
83.813848 145.543822 58.214217 1
83.813848 145.543822 58.214217 1
101.960419 191.019166 45.232939 1
114.854755 197.922051 45.250014 1
115.779020 190.652274 46.150390 1
118.471069 169.478018 48.772865 1
117.732611 161.476089 50.790371 1
116.250692 145.417990 54.839057 1
116.250692 145.417990 54.839057 1
88.944497 149.582970 36.961667 1
88.199743 130.332185 39.952111 1
87.277478 106.493024 43.655321 1
86.937309 82.289410 42.783460 1
86.654176 62.143964 42.057781 1
86.052456 55.010541 57.314994 1
86.847510 54.099455 65.441435 1
104.523693 149.102158 35.795211 1
106.360493 130.121426 39.851315 1
108.635071 106.616900 44.874133 1
109.267972 82.229104 43.317788 1
109.784134 62.339646 42.048510 1
113.006866 55.909569 57.289851 1
113.576613 55.351939 65.467054 1
96.848800 150.094200 35.706760 1
97.296486 158.666794 37.782247 1
97.683327 169.249285 39.781336 1
97.889019 179.200340 42.530589 1
98.188534 203.340049 53.558528 1
98.780852 207.837478 60.159812 1
103.163274 221.185581 74.971788 1
93.581805 189.656941 46.496427 1
81.416858 196.899092 50.167851 1
81.005533 189.548880 50.733344 1
79.807487 168.140343 52.380422 1
81.461670 160.189139 54.020103 1
84.781251 144.232835 57.310580 1
84.781251 144.232835 57.310580 1
102.241498 189.894931 45.740284 1
115.065108 196.903788 46.327632 1
115.912675 189.595001 46.942340 1
118.381333 168.307124 48.732766 1
117.480639 160.295667 50.643745 1
115.673148 144.218450 54.478654 1
115.673148 144.218450 54.478654 1
88.907973 149.157659 34.906189 1
88.148886 130.071433 38.808734 1
87.208872 106.436051 43.641441 1
86.866774 82.232849 42.758983 1
86.582036 62.087745 42.024484 1
86.125537 54.955306 57.287192 1
86.992858 54.046685 65.406515 1
104.478330 148.651853 33.636821 1
106.470900 129.888199 38.540796 1
108.938373 106.652489 44.613564 1
109.516872 82.252447 43.238550 1
109.988666 62.353002 42.117157 1
113.278484 56.027868 57.388048 1
113.891090 55.529266 65.565965 1
96.793900 149.411100 33.692660 1
97.275045 157.873473 36.173422 1
97.706886 168.327770 38.753404 1
97.969683 178.059348 42.196010 1
98.454483 201.164667 55.247442 1
99.066872 205.211900 62.132175 1
103.579828 217.139368 78.073970 1
93.740116 188.163175 47.058510 1
81.827374 195.426561 51.445290 1
81.451139 188.055549 51.648332 1
80.355300 166.586431 52.239720 1
82.156205 158.615172 53.604382 1
85.770225 142.618624 56.342956 1
85.770225 142.618624 56.342956 1
102.398521 188.414477 46.292002 1
115.136599 195.488913 47.559979 1
115.906822 188.150750 47.829646 1
118.150205 166.777310 48.615092 1
117.104666 158.762197 50.434800 1
115.006503 142.677642 54.086549 1
115.006503 142.677642 54.086549 1
88.848093 148.539199 32.868833 1
88.076369 129.702238 37.835061 1
87.120706 106.375532 43.984979 1
86.784293 82.178239 42.951245 1
86.504287 62.038055 42.090833 1
86.085110 54.822336 57.315420 1
86.962782 53.873014 65.428971 1
104.413563 148.044736 31.536615 1
106.585216 129.566589 37.362081 1
109.274454 106.684434 44.575963 1
109.762180 82.277097 43.298715 1
110.159945 62.371702 42.257055 1
113.498368 56.110749 57.543839 1
114.147576 55.650721 65.721193 1
96.769100 148.535300 31.763160 1
97.274766 156.875636 34.623324 1
97.733307 167.177106 37.754550 1
98.010084 176.647796 41.859868 1
98.482192 198.563382 56.823654 1
99.168932 202.094958 63.979841 1
103.980378 212.793284 80.688159 1
93.780864 186.320082 47.532701 1
82.277950 193.638671 52.827534 1
81.921627 186.264925 52.703038 1
80.883786 164.787843 52.340425 1
82.800588 156.810030 53.492334 1
86.647188 140.800329 55.803960 1
86.647188 140.800329 55.803960 1
102.445087 186.601809 46.846734 1
115.210775 193.492980 48.707647 1
115.946282 186.147042 48.603630 1
118.088549 164.750956 48.300666 1
116.924777 156.737305 50.053827 1
114.589349 140.655686 53.572031 1
114.589349 140.655686 53.572031 1
88.821482 147.727579 30.892704 1
88.069000 129.218165 36.969340 1
87.137167 106.297079 44.494328 1
86.806608 82.107280 43.296366 1
86.531474 61.973333 42.299263 1
86.111562 54.698765 57.495798 1
86.978704 53.721887 65.607211 1
104.386821 147.242420 29.555552 1
106.769568 129.119205 36.335348 1
109.720212 106.676575 44.731012 1
110.052926 82.266276 43.460585 1
110.324270 62.358466 42.424489 1
113.704363 56.064776 57.688656 1
114.393560 55.594156 65.862134 1
96.872200 147.425400 29.958760 1
97.394267 155.623393 33.201875 1
97.873459 165.743856 36.873621 1
98.182186 174.921792 41.595314 1
98.788324 195.581792 58.245470 1
99.476934 198.546772 65.654205 1
104.454646 207.952363 83.076299 1
94.003601 184.109321 48.056676 1
82.677784 191.134051 54.081050 1
82.333164 183.776196 53.573306 1
81.329405 162.345400 52.094428 1
83.380560 154.381270 53.100367 1
87.496775 138.399026 55.119064 1
87.496775 138.399026 55.119064 1
102.660951 184.453342 47.314641 1
115.390393 191.233802 49.743773 1
116.083803 183.898070 49.273868 1
118.103456 162.531709 47.905202 1
116.805632 154.539266 49.661058 1
114.201190 138.500204 53.184672 1
114.201190 138.500204 53.184672 1
88.919873 146.657884 29.094955 1
88.087431 128.570878 36.323879 1
87.056580 106.172877 45.275800 1
86.790056 81.990939 43.914339 1
86.568220 61.863534 42.781150 1
86.166403 54.607641 57.987100 1
87.029102 53.645986 66.100805 1
104.477638 146.238058 27.651754 1
107.064171 128.558775 35.452191 1
110.267170 106.665881 45.111751 1
110.450144 82.258884 43.750725 1
110.599367 62.353767 42.640740 1
114.085210 55.877074 57.804239 1
114.850670 55.315696 65.965191 1
96.996600 146.045800 28.390960 1
97.509329 154.081264 32.019441 1
97.984030 163.998925 36.208684 1
98.299103 172.876692 41.472733 1
98.965951 192.347283 59.497218 1
99.713048 194.864037 67.064413 1
104.846790 203.132089 85.010336 1
94.143467 181.596129 48.566573 1
82.886429 188.193894 55.174341 1
82.522240 180.867185 54.336904 1
81.461489 159.527106 51.897752 1
83.656961 151.592034 52.825679 1
88.062790 135.668103 54.687822 1
88.062790 135.668103 54.687822 1
102.797323 181.997599 47.812728 1
115.529353 188.607480 50.662097 1
116.209985 181.304882 49.811568 1
118.192422 160.035030 47.334281 1
116.759752 152.074124 49.128149 1
113.884704 136.098350 52.728042 1
113.884704 136.098350 52.728042 1
89.046736 145.320722 27.469723 1
87.934616 127.785241 35.917220 1
86.557424 106.070221 46.378157 1
86.566831 81.901872 44.771429 1
86.574663 61.785778 43.434096 1
86.014637 54.524420 58.632432 1
86.757402 53.572701 66.759163 1
104.608473 144.968135 26.051565 1
107.398244 127.844526 34.945001 1
110.852919 106.639743 45.958062 1
110.851898 82.245919 44.367869 1
110.851064 62.351545 43.070988 1
114.389663 55.570886 58.088689 1
115.212466 54.856136 66.232051 1
97.210500 144.232900 27.043460 1
97.688711 152.109397 31.009510 1
98.129603 161.829568 35.641895 1
98.410427 170.430206 41.349293 1
98.969760 188.856876 60.443157 1
99.847818 191.021527 68.104616 1
105.072170 198.292609 86.451540 1
94.216093 178.753646 48.882444 1
83.191131 185.142956 56.061647 1
82.819490 177.854291 54.942787 1
81.737032 156.625021 51.683952 1
84.104826 148.740948 52.622813 1
88.856467 132.919361 54.506899 1
88.856467 132.919361 54.506899 1
102.877924 179.164382 48.232322 1
115.601101 185.633042 51.424696 1
116.296902 178.392680 50.156774 1
118.323521 157.304101 46.463771 1
116.731649 149.393144 48.342393 1
113.537115 133.517606 52.112371 1
113.537115 133.517606 52.112371 1
89.271207 143.558399 26.000661 1
87.699383 126.711148 35.685166 1
85.752919 105.848397 47.677949 1
86.148884 81.707207 45.744840 1
86.478460 61.613718 44.135849 1
85.509408 54.357799 59.316196 1
86.016046 53.414975 67.462093 1
104.848058 143.242617 24.749600 1
107.838065 126.827708 34.834471 1
111.540700 106.500533 47.322929 1
111.244335 82.130021 45.431444 1
111.002635 62.254660 43.888844 1
114.521402 55.151956 58.761645 1
115.375333 54.277155 66.886160 1
97.531100 142.187800 25.964160 1
97.937401 149.936581 30.181832 1
98.300989 159.492678 35.150123 1
98.501409 167.858035 41.200317 1
98.821086 185.391397 61.122910 1
99.835818 187.279287 68.840477 1
105.101695 193.673697 87.499367 1
94.213957 175.834967 49.049315 1
83.410320 182.068206 56.687522 1
83.011723 174.822516 55.325284 1
81.850752 153.718416 51.357574 1
84.416777 145.912303 52.419010 1
89.566225 130.247167 54.549078 1
89.566225 130.247167 54.549078 1
102.884168 176.261201 48.535076 1
115.654885 182.509048 51.968327 1
116.379646 175.353934 50.296902 1
118.490613 154.513649 45.428641 1
116.672888 146.684549 47.440505 1
113.025120 130.973281 51.477869 1
113.025120 130.973281 51.477869 1
89.608696 141.533917 24.788278 1
87.410723 125.520592 35.689308 1
84.688870 105.690530 49.188572 1
85.612480 81.609465 46.751366 1
86.381232 61.566020 44.722800 1
84.783753 54.322137 59.855697 1
84.965091 53.381333 68.015553 1
105.202261 141.282051 23.748838 1
108.396113 125.634474 34.931264 1
112.351177 106.257514 48.778865 1
111.694623 81.933482 46.434140 1
111.159169 62.096026 44.521901 1
114.652387 54.612199 59.212718 1
115.539144 53.552778 67.311700 1
97.807100 139.952900 24.995560 1
98.171720 147.553397 29.478521 1
98.484455 156.932440 34.776715 1
98.632163 165.077836 41.121391 1
98.807607 181.873692 61.671309 1
99.821870 183.515008 69.445112 1
104.976745 189.061943 88.403774 1
94.285456 172.754007 49.233296 1
83.485605 178.736443 57.074706 1
82.998884 171.549556 55.454106 1
81.581239 150.616726 50.733880 1
84.408094 142.935138 52.017867 1
90.080968 127.519895 54.594544 1
90.080968 127.519895 54.594544 1
102.957193 173.217349 48.780563 1
115.699913 179.372514 52.475296 1
116.490594 172.319708 50.438793 1
118.793564 151.777410 44.507189 1
116.792526 144.036299 46.679189 1
112.776888 128.501607 51.037912 1
112.776888 128.501607 51.037912 1
89.893842 139.327473 23.744988 1
87.182698 124.231652 35.780603 1
83.825360 105.537779 50.684876 1
84.916950 81.535893 47.617527 1
85.825517 61.558351 45.064472 1
83.833503 54.314283 60.150416 1
83.801525 53.373457 68.312222 1
105.494383 139.135297 22.801943 1
108.911982 124.314209 34.998230 1
113.144121 105.960722 50.101330 1
112.058855 81.709227 47.224778 1
111.173767 61.930929 44.878807 1
114.863945 54.286897 59.438398 1
115.857135 53.355828 67.540799 1
98.084200 137.313800 24.144260 1
98.432115 144.779756 28.849140 1
98.720040 153.997943 34.423837 1
98.833842 161.949240 41.010803 1
98.905333 178.111776 62.063072 1
99.846831 179.504918 69.894253 1
104.952049 184.414923 89.041072 1
94.441424 169.355164 49.346235 1
83.658985 175.172781 57.334249 1
83.060983 168.072263 55.400437 1
81.319214 147.390996 49.767934 1
84.410913 139.863016 51.322746 1
90.615270 124.756031 54.442910 1
90.615270 124.756031 54.442910 1
103.111591 169.870871 48.920866 1
115.737886 176.052263 52.955848 1
116.594067 169.116012 50.574680 1
119.087814 148.913195 43.639187 1
117.034389 141.250950 46.030832 1
112.913623 125.874521 50.830334 1
112.913623 125.874521 50.830334 1
90.173334 136.713602 22.866482 1
87.216736 122.684057 36.077105 1
83.555441 105.310606 52.436446 1
84.800036 81.426578 48.603048 1
85.835955 61.547133 45.412387 1
83.623847 54.303130 60.467663 1
83.472399 53.362438 68.628141 1
105.775214 136.572509 21.936652 1
109.460030 122.759454 35.192430 1
114.023073 105.654247 51.607536 1
112.484960 81.521075 48.028211 1
111.230552 61.839276 45.109094 1
115.163371 54.299106 59.659321 1
116.288575 53.358892 67.743388 1
98.207800 134.413200 23.479160 1
98.550097 141.780089 28.338092 1
98.826005 150.876197 34.110423 1
98.918209 158.672827 40.880081 1
98.903468 174.308073 62.326982 1
99.764958 175.449221 70.207989 1
104.771593 179.876629 89.497981 1
94.490797 165.866180 49.381503 1
83.760259 171.546730 57.536313 1
83.097188 164.500757 55.431748 1
81.165899 143.978360 49.301906 1
84.359124 136.529008 51.021501 1
90.767221 121.579813 54.472347 1
90.767221 121.579813 54.472347 1
103.161915 166.399118 48.998939 1
115.706145 172.539158 53.341314 1
116.669871 165.747028 50.611332 1
119.476857 145.963987 42.659872 1
117.433578 138.393540 45.335665 1
113.333173 123.201330 50.705388 1
113.333173 123.201330 50.705388 1
90.297545 133.834608 22.187708 1
87.177297 120.965863 36.496781 1
83.313346 105.029884 54.216387 1
84.974651 81.296998 49.668759 1
86.357410 61.543354 45.883621 1
83.919109 54.299394 60.903944 1
83.644925 53.358731 69.061224 1
105.899675 133.722812 21.258086 1
109.846980 121.042422 35.531155 1
114.735072 105.339836 53.206010 1
112.815181 81.360681 48.858425 1
111.249414 61.804490 45.312754 1
115.432454 54.298341 59.810694 1
116.695622 53.357907 67.874328 1
98.278700 131.465100 22.850660 1
98.643743 138.767183 27.804827 1
98.939627 147.781195 33.703569 1
99.045401 155.469653 40.595639 1
99.056166 170.724658 62.314649 1
99.734824 171.652453 70.241394 1
104.630785 175.176040 89.744881 1
94.625767 162.501399 49.235190 1
83.834506 167.994363 57.438242 1
83.059925 161.018210 55.147409 1
80.803849 140.699176 48.475032 1
84.195539 133.429676 50.548033 1
91.001910 118.841401 54.708086 1
91.001910 118.841401 54.708086 1
103.294441 163.062023 48.837123 1
115.719676 169.243639 53.453959 1
116.786527 162.572985 50.474227 1
119.893879 143.143760 41.795335 1
117.867290 135.702079 44.822025 1
113.800378 120.768276 50.895922 1
113.800378 120.768276 50.895922 1
90.361275 130.895767 21.599666 1
87.161722 119.258979 36.911040 1
83.199563 104.848592 55.871841 1
85.037563 81.240797 50.774340 1
86.567392 61.591271 46.531525 1
83.992278 54.347253 61.528969 1
83.643934 53.406493 69.683408 1
105.957559 130.811972 20.573976 1
110.091550 119.318847 35.769772 1
115.210821 105.086494 54.587273 1
113.072292 81.237672 49.663074 1
111.328215 61.787774 45.647145 1
115.743850 54.346090 60.109296 1
117.133681 53.405466 68.152045 1
98.343200 128.277600 22.344960 1
98.673661 135.557578 27.333964 1
98.926238 144.534362 33.291200 1
98.997869 152.154091 40.259615 1
98.938537 167.116042 62.181458 1
99.604537 167.845398 70.129988 1
104.353108 170.533352 89.802256 1
94.547552 159.056292 48.987431 1
83.912567 164.490807 57.430011 1
82.957507 157.630835 54.872038 1
80.175759 137.650190 47.421578 1
83.960186 130.734879 49.971698 1
91.554694 116.857384 55.089222 1
91.554694 116.857384 55.089222 1
103.215009 159.647448 48.607418 1
115.716893 165.669944 53.227639 1
116.929152 159.096540 50.091498 1
120.460026 139.950568 40.957039 1
118.454834 132.687391 44.402614 1
114.430860 118.111804 51.317119 1
114.430860 118.111804 51.317119 1
90.426465 127.663177 21.111047 1
87.140798 117.333832 37.315958 1
83.072001 104.542513 57.383270 1
85.049817 81.102137 51.610248 1
86.696018 61.591959 46.805175 1
83.864312 54.348218 61.756430 1
83.376322 53.407600 69.903720 1
106.020311 127.685308 20.045849 1
110.334447 117.434925 36.058716 1
115.676799 104.741505 55.888024 1
113.215366 81.061645 50.338884 1
111.207945 61.749545 45.813285 1
115.852300 54.346076 60.223315 1
117.367539 53.405113 68.243343 1
98.485300 125.100300 21.789360 1
98.778608 132.380199 26.780802 1
98.991425 141.345764 32.756457 1
99.067119 148.928037 39.765566 1
99.169983 163.701483 61.814725 1
99.617021 164.215289 69.795377 1
104.239892 166.941167 89.492351 1
94.671044 155.702189 48.620275 1
83.970219 161.048491 57.035940 1
82.701708 154.333105 54.241469 1
79.006987 134.773590 46.102180 1
83.217225 128.218008 48.920826 1
91.666241 115.062410 54.577224 1
91.666241 115.062410 54.577224 1
103.323997 156.400082 48.112302 1
115.714310 162.538292 52.878490 1
117.019389 156.004304 49.697552 1
120.820617 136.973137 40.432619 1
118.775778 129.960457 44.342540 1
114.672241 115.887563 52.188884 1
114.672241 115.887563 52.188884 1
90.564132 124.388893 20.638822 1
87.119184 115.413853 37.599692 1
82.853142 104.299635 58.603144 1
85.043447 80.977103 52.442558 1
86.866511 61.565010 47.314903 1
83.747775 54.321045 62.208821 1
83.103321 53.380255 70.345211 1
106.144346 124.604677 19.408580 1
110.506085 115.603544 36.143241 1
115.907385 104.457114 56.866373 1
113.346240 80.898572 50.864458 1
111.257498 61.685412 45.969598 1
116.047959 54.323440 60.353032 1
117.642462 53.382663 68.357700 1
98.467800 121.992400 21.198260 1
98.734954 129.267559 26.198073 1
98.918228 138.223087 32.189737 1
98.988941 145.783532 39.222438 1
99.154782 160.459943 61.335922 1
99.594119 160.941958 69.318985 1
104.178037 163.437435 89.055560 1
94.613661 152.493989 48.135752 1
84.009813 157.852263 56.665777 1
82.465090 151.278531 53.680067 1
77.965862 132.131601 44.983765 1
82.551404 125.915253 47.979820 1
91.753574 113.440422 53.992236 1
91.753574 113.440422 53.992236 1
103.259093 153.242281 47.574284 1
115.600286 159.455085 52.371164 1
117.002507 152.958526 49.155097 1
121.086675 134.036375 39.787845 1
118.935126 127.337683 44.163332 1
114.617446 113.894892 52.943965 1
114.617446 113.894892 52.943965 1
90.545528 121.220923 20.095005 1
87.016470 113.595711 37.687390 1
82.646270 104.153049 59.472877 1
84.972654 80.911834 53.060032 1
86.908980 61.567423 47.722414 1
83.567968 54.323426 62.568037 1
82.801723 53.382706 70.693869 1
106.115795 121.559652 18.770163 1
110.578800 113.822805 36.099813 1
116.105503 104.241987 57.559744 1
113.410153 80.785409 51.226389 1
111.211959 61.655405 46.061224 1
116.182182 54.326065 60.400262 1
117.874947 53.385216 68.384719 1
98.368700 118.975600 20.539160 1
98.624192 126.250998 25.539235 1
98.792863 135.209256 31.527245 1
98.854488 142.781403 38.547431 1
99.010433 157.522438 60.617960 1
99.508258 158.039736 68.595380 1
103.997836 160.154658 88.397979 1
94.473796 149.509908 47.444466 1
84.007250 154.950518 56.091154 1
82.198093 148.518226 52.949949 1
76.928663 129.783262 43.800748 1
81.806303 123.884850 46.973113 1
91.594646 112.048048 53.339345 1
91.594646 112.048048 53.339345 1
103.117442 150.272121 46.874305 1
115.427368 156.546019 51.672009 1
116.874058 150.082794 48.408820 1
121.087746 131.257733 38.904319 1
118.725046 124.875518 43.629941 1
113.983632 112.067828 53.113218 1
113.983632 112.067828 53.113218 1
90.446389 118.178854 19.454292 1
86.825769 111.887615 37.548532 1
82.342182 104.096875 59.955491 1
84.797696 80.883720 53.489377 1
86.841502 61.562665 48.107421 1
83.288430 54.318612 62.903695 1
82.405960 53.377876 71.017727 1
106.012357 118.567657 18.093176 1
110.564317 112.116028 35.918724 1
116.201175 104.126741 57.992742 1
113.357552 80.731323 51.500009 1
111.038435 61.651198 46.204863 1
116.177868 54.322344 60.484375 1
117.965215 53.381547 68.448200 1
98.193400 116.182000 19.748260 1
98.456300 123.483740 24.709401 1
98.638412 132.476303 30.645372 1
98.707718 140.093792 37.616259 1
98.842803 154.991593 59.581413 1
99.354297 155.539521 67.555922 1
103.918961 157.682742 87.338302 1
94.325468 146.922538 46.435816 1
83.984670 152.547038 55.116077 1
81.847613 146.255507 51.896724 1
75.623131 127.930533 42.519905 1
80.765466 122.367637 45.875067 1
91.084995 111.204141 52.608131 1
91.084995 111.204141 52.608131 1
102.978759 147.608443 45.917385 1
115.216990 153.981789 50.767148 1
116.671134 147.581985 47.384462 1
120.906534 128.941646 37.531910 1
118.373172 122.860540 42.556723 1
113.289277 110.657107 52.640410 1
113.289277 110.657107 52.640410 1
90.273280 115.415584 18.626182 1
86.513736 110.371144 37.079083 1
81.858112 104.124375 59.930188 1
84.528346 80.899231 53.593525 1
86.750869 61.568197 48.319315 1
82.970437 54.323790 63.058964 1
81.963241 53.382831 71.158433 1
105.847782 115.725474 17.344769 1
110.445152 110.530723 35.564889 1
116.138244 104.097873 58.127520 1
113.266576 80.678173 51.735450 1
110.924588 61.578246 46.522399 1
116.210573 54.327513 60.788287 1
118.074706 53.386704 68.734488 1
97.978700 113.544400 18.870560 1
98.262119 120.895046 23.757801 1
98.470581 129.949096 29.598677 1
98.538115 137.646823 36.480875 1
98.556398 152.819203 58.257680 1
99.102012 153.404984 66.227235 1
103.694534 155.735074 85.982020 1
94.119885 144.638335 45.153732 1
83.924265 150.542219 53.820192 1
81.396787 144.472710 50.460501 1
74.035149 126.794407 40.674926 1
79.350944 121.420435 44.067458 1
90.018570 110.636066 50.875514 1
90.018570 110.636066 50.875514 1
102.787007 145.214885 44.744761 1
115.061953 151.547119 49.555430 1
116.536166 145.232964 46.023754 1
120.830019 126.842092 35.737245 1
118.204463 121.030270 41.026452 1
112.935557 109.367231 51.640717 1
112.935557 109.367231 51.640717 1
90.062902 112.839394 17.679824 1
86.105748 109.000427 36.379914 1
81.205415 104.246452 59.537125 1
84.198968 80.977954 53.511648 1
86.690599 61.610835 48.496448 1
82.681243 54.366831 63.175679 1
81.548173 53.426076 71.258524 1
105.651193 112.992051 16.546229 1
110.262375 109.069093 35.078401 1
115.972571 104.211150 58.027458 1
113.190943 80.749988 51.748621 1
110.922387 61.616247 46.627918 1
116.345200 54.368111 60.843683 1
118.285347 53.427128 68.771645 1
97.828400 110.952800 18.241360 1
98.105762 118.414170 22.958188 1
98.317357 127.600739 28.588223 1
98.394037 135.455265 35.290816 1
98.411638 151.124933 56.712578 1
98.894755 151.793331 64.679666 1
103.482305 154.428746 84.397198 1
93.987565 142.697455 43.761598 1
83.716345 148.805991 52.193790 1
80.848168 142.859646 48.887865 1
72.494195 125.540072 39.258891 1
77.884813 120.232387 42.637684 1
88.702590 109.581041 49.418170 1
88.702590 109.581041 49.418170 1
102.664224 143.160675 43.415631 1
114.901089 149.560798 48.233473 1
116.385119 143.286782 44.635005 1
120.707567 125.012820 34.153955 1
118.039487 119.458118 39.692291 1
112.685246 108.311061 50.806502 1
112.685246 108.311061 50.806502 1
89.918693 110.250581 17.009222 1
85.851907 107.585756 35.889108 1
80.815813 104.285777 59.268968 1
83.805483 80.981747 53.380440 1
86.293884 61.585053 48.479227 1
82.037440 54.340771 63.088588 1
80.768114 53.399882 71.151142 1
105.515285 110.317056 15.986946 1
110.062017 107.630092 34.753977 1
115.692401 104.302725 57.993869 1
113.094872 80.775961 51.883911 1
110.976457 61.588718 46.900937 1
116.488053 54.341523 61.082997 1
118.477788 53.400847 68.998696 1
97.777200 108.438600 17.548260 1
98.010569 116.068021 21.990660 1
98.162289 125.454881 27.282063 1
98.165539 133.549337 33.693302 1
97.975189 149.991089 54.527487 1
98.441020 150.840827 62.478311 1
103.020100 153.900557 82.136444 1
93.667534 141.055508 41.881453 1
83.406526 147.538612 50.042035 1
80.242132 141.661333 46.886279 1
71.025385 124.542923 37.694693 1
76.447120 119.275908 41.087314 1
87.327342 108.706179 47.895550 1
87.327342 108.706179 47.895550 1
102.340642 141.585531 41.542415 1
114.624330 148.032413 46.175206 1
116.137357 141.689634 42.711897 1
120.544264 123.215393 32.624519 1
117.882099 118.054572 38.534284 1
112.539725 107.697947 50.393874 1
112.539725 107.697947 50.393874 1
89.875068 107.665145 16.310184 1
85.543570 106.197424 35.262071 1
80.179670 104.379876 58.731095 1
83.175471 81.001915 53.146574 1
85.668975 61.543687 48.498396 1
81.022423 54.299596 62.988498 1
79.537406 53.358815 71.014138 1
105.475537 107.747006 15.350068 1
109.897301 106.254696 34.279279 1
115.372933 104.406713 57.720003 1
112.962723 80.799672 51.847538 1
110.997076 61.546959 47.058250 1
116.575506 54.300804 61.214688 1
118.602561 53.360406 69.120946 1
97.726800 106.065600 16.959660 1
97.845916 113.887433 21.058707 1
97.866801 123.508717 25.913145 1
97.739817 131.905537 31.921597 1
97.197774 149.393400 51.879341 1
97.827886 150.524254 59.783693 1
102.437052 154.317176 79.306537 1
93.100627 139.803672 39.649329 1
83.042705 146.827550 47.612831 1
79.795970 140.850809 44.740224 1
70.339395 123.442701 36.373349 1
75.712704 118.332308 40.069017 1
86.495745 108.076884 47.485402 1
86.495745 108.076884 47.485402 1
101.775900 140.350485 39.405803 1
114.274659 146.717862 43.547249 1
115.901288 140.241416 40.396960 1
120.639075 121.377847 31.221298 1
117.943312 116.615846 37.442449 1
112.533515 107.059564 49.926922 1
112.533515 107.059564 49.926922 1
89.850810 105.191124 15.625936 1
85.271076 104.916397 34.574305 1
79.599773 104.576189 58.038971 1
82.818525 81.105430 52.993791 1
85.497598 61.569962 48.794524 1
80.470684 54.326022 63.157177 1
78.774726 53.385287 71.140910 1
105.464667 105.321535 14.923356 1
109.776041 104.976982 33.933547 1
115.114973 104.550307 57.474551 1
112.814455 80.877701 51.826304 1
110.938269 61.571516 47.219877 1
116.568526 54.325674 61.355942 1
118.624550 53.385195 69.254706 1
97.711000 103.774800 16.393360 1
97.763568 111.808011 20.062447 1
97.718040 121.682205 24.379082 1
97.539901 130.406334 29.900136 1
96.891371 149.030245 48.798815 1
97.495372 150.610852 56.627705 1
102.017478 155.672731 75.881277 1
92.861455 138.748008 37.121569 1
82.760516 146.266218 44.562105 1
79.482781 140.119368 42.115212 1
69.935910 122.215796 34.988291 1
75.383413 117.352756 38.902633 1
86.315347 107.593713 46.757847 1
86.315347 107.593713 46.757847 1
101.539077 139.268745 36.906186 1
113.942328 145.991982 40.762541 1
115.616773 139.319028 38.082521 1
120.493831 119.883102 30.276580 1
117.811710 115.453532 36.744321 1
112.429289 106.564369 49.723643 1
112.429289 106.564369 49.723643 1
89.852899 102.804140 15.021205 1
85.085659 103.683071 33.904823 1
79.182158 104.771493 57.289305 1
82.673947 81.213517 52.871168 1
85.580276 61.605456 49.193809 1
80.270534 54.361555 63.454345 1
78.417115 53.420853 71.403003 1
105.473326 102.945882 14.487072 1
109.682722 103.745650 33.506414 1
114.895370 104.736028 57.058751 1
112.783326 80.981815 51.686232 1
111.060847 61.609075 47.304676 1
116.784545 54.364203 61.403663 1
118.892647 53.423909 69.288711 1
97.782400 101.900600 15.794900 1
97.726082 110.096252 19.085122 1
97.563806 120.174094 22.899027 1
97.289073 129.199753 27.907641 1
96.415888 149.003821 45.556073 1
96.983038 150.990659 53.294643 1
101.499073 157.405845 72.142002 1
92.524140 137.983311 34.523152 1
82.192303 145.773186 41.341144 1
78.946916 139.417447 39.447303 1
69.494265 120.905454 33.931223 1
75.116912 116.448653 38.074809 1
86.400319 107.504844 46.390063 1
86.400319 107.504844 46.390063 1
101.203230 138.501811 34.370733 1
113.547824 145.494808 37.923624 1
115.293409 138.644302 35.793344 1
120.377673 118.691230 29.588601 1
117.667588 114.562320 36.240974 1
112.229049 106.276511 49.590811 1
112.229049 106.276511 49.590811 1
89.949591 100.799850 14.377085 1
85.200480 102.641532 33.195807 1
79.319431 104.922175 56.499924 1
82.704271 81.255852 52.609066 1
85.521584 61.557611 49.370578 1
80.050143 54.313913 63.569963 1
78.106672 53.373272 71.497090 1
105.573729 101.050167 14.021006 1
109.610333 102.746426 33.018968 1
114.609007 104.846963 56.544829 1
112.667749 81.002310 51.519751 1
111.084556 61.555812 47.421550 1
116.769175 54.315172 61.538512 1
118.855470 53.374370 69.429296 1
97.736200 101.384000 14.990750 1
97.670287 109.800782 17.664862 1
97.498959 120.117017 20.776303 1
97.176899 129.417460 25.250925 1
96.047113 150.027251 41.935972 1
96.446437 152.105512 49.660998 1
101.208564 159.385944 68.129608 1
92.325877 138.526139 31.343545 1
81.210697 145.874703 37.373917 1
78.122334 139.275765 36.177827 1
69.127040 120.055422 32.694049 1
74.901219 116.102499 37.130239 1
86.488718 108.169861 46.032687 1
86.488718 108.169861 46.032687 1
101.009442 138.988859 31.359967 1
113.604728 145.683893 34.592510 1
115.340580 138.688598 32.990239 1
120.396496 118.313812 28.323397 1
117.714751 114.536154 35.192463 1
112.333087 106.955233 48.977158 1
112.333087 106.955233 48.977158 1
89.928624 100.229254 13.479769 1
85.435158 102.401665 32.325975 1
79.870685 105.091866 55.664129 1
82.954985 81.333497 52.097933 1
85.522149 61.558643 49.129672 1
80.047741 54.314688 63.327782 1
78.102538 53.373929 71.254471 1
105.558292 100.357091 13.462651 1
109.509424 102.457482 32.438186 1
114.402255 105.058470 55.936275 1
112.608956 81.162937 51.101509 1
111.146431 61.674945 47.158518 1
116.881465 54.315110 61.193209 1
119.004112 53.374342 69.074297 1
97.802800 101.904400 14.154980 1
97.733466 110.461662 16.338074 1
97.530862 120.929598 18.890795 1
97.105870 130.420087 22.937301 1
95.537654 151.611127 38.840484 1
95.902010 153.721957 46.558404 1
100.418138 161.228441 64.998290 1
92.077393 139.687469 28.633835 1
80.342070 146.576641 33.994389 1
77.632400 139.735562 33.384534 1
69.740102 119.809948 31.608247 1
75.472887 116.190985 36.371104 1
86.977318 108.928527 45.929099 1
86.977318 108.928527 45.929099 1
100.754288 140.252916 28.736007 1
113.492817 146.678914 31.953218 1
115.118474 139.569808 30.798900 1
119.853428 118.863528 27.436784 1
117.299152 115.108763 34.366715 1
112.173289 107.573782 48.273550 1
112.173289 107.573782 48.273550 1
90.011031 100.687126 12.611824 1
85.785710 102.749205 31.532305 1
80.553293 105.302775 54.962437 1
83.104349 81.436896 51.706260 1
85.227676 61.572557 48.996038 1
79.850035 54.328484 63.231021 1
77.958747 53.387690 71.170742 1
105.640001 100.768200 12.790399 1
109.382762 102.791469 31.816490 1
114.017559 105.296954 55.377185 1
112.549930 81.341000 50.735451 1
111.353006 61.803731 46.949886 1
116.980994 54.335702 60.970750 1
119.048056 53.387487 68.865707 1
97.782000 102.084900 13.643170 1
97.736317 110.760647 15.294461 1
97.536146 121.362829 17.215085 1
97.049416 131.063907 20.718850 1
95.154850 153.044584 35.473211 1
95.395217 155.377234 43.131907 1
99.785282 163.332379 61.413458 1
91.892189 140.576727 25.869552 1
80.018967 147.710930 30.564633 1
77.878801 140.645314 30.458088 1
71.645263 120.065704 30.147759 1
77.072945 116.590039 35.354154 1
87.965102 109.615150 45.802232 1
87.965102 109.615150 45.802232 1
100.563117 141.214842 26.032315 1
112.809741 148.483351 29.364431 1
114.250534 141.275242 28.670264 1
118.447048 120.280600 26.648404 1
115.936173 116.364553 33.504540 1
110.897404 108.505914 47.263286 1
110.897404 108.505914 47.263286 1
89.995286 100.806309 12.124274 1
86.012518 102.852270 31.099039 1
81.080467 105.385882 54.596393 1
83.378164 81.473780 51.494342 1
85.290613 61.570968 48.912405 1
80.010039 54.326616 63.183538 1
78.172703 53.385725 71.135906 1
105.622935 100.835126 12.405208 1
109.227894 102.886270 31.454908 1
113.692046 105.426274 55.044840 1
112.445968 81.407424 50.671110 1
111.429728 61.818860 47.104116 1
117.034444 54.373778 61.146491 1
119.068784 53.379742 69.044311 1
97.785400 101.926900 13.414050 1
97.826407 110.687394 14.531863 1
97.699343 121.390298 15.783590 1
97.213879 131.301904 18.638165 1
95.095783 154.239966 31.821095 1
95.152542 156.969986 39.350931 1
99.416130 165.658412 57.326057 1
91.979355 141.140404 23.045445 1
79.769581 148.257046 26.812255 1
78.168942 141.063239 27.261359 1
73.506856 120.110256 28.569437 1
78.641446 116.836411 34.187663 1
88.945432 110.266531 45.462193 1
88.945432 110.266531 45.462193 1
100.646840 141.796303 23.296794 1
112.473756 149.795174 26.467936 1
113.832899 142.538945 26.347668 1
117.791594 121.404148 25.997370 1
115.214138 117.394528 32.774257 1
110.041758 109.348110 46.373968 1
110.041758 109.348110 46.373968 1
89.983301 100.633229 11.989827 1
86.190111 102.773480 30.993014 1
81.492823 105.423856 54.525565 1
83.690611 81.485807 51.553984 1
85.519902 61.561399 49.080640 1
80.326254 54.317246 63.383738 1
78.537438 53.376428 71.347169 1
105.611127 100.528018 12.241076 1
109.179330 102.711415 31.282996 1
113.597966 105.415193 54.863292 1
112.402559 81.365605 50.647167 1
111.427645 61.751973 47.208707 1
117.121209 54.390344 61.259333 1
119.192401 53.403689 69.148496 1
97.713300 101.724800 13.325640 1
97.911778 110.538399 13.853400 1
97.929859 121.302065 14.380901 1
97.501142 131.388061 16.551869 1
95.261707 155.177834 28.104460 1
95.041111 158.399128 35.434484 1
99.045778 168.256949 52.857403 1
92.230434 141.510714 20.208643 1
79.402016 148.001818 22.894026 1
78.209539 140.790709 23.939254 1
74.736279 119.787331 26.983629 1
79.607134 116.796380 32.981587 1
89.381864 110.794205 45.018158 1
89.381864 110.794205 45.018158 1
100.895322 142.173652 20.523146 1
112.724344 150.315706 23.297173 1
114.121014 143.084708 23.823090 1
118.189013 122.023403 25.354897 1
115.552667 118.065785 32.139694 1
110.262107 110.123722 45.755276 1
110.262107 110.123722 45.755276 1
89.877544 100.474485 12.055839 1
86.202793 102.694375 31.073158 1
81.652174 105.443372 54.623208 1
83.805156 81.493464 51.715056 1
85.597153 61.559186 49.294506 1
80.447779 54.315108 63.613641 1
78.683663 53.374312 71.582583 1
105.503078 100.114904 12.184442 1
109.139983 102.496072 31.189625 1
113.643694 105.444755 54.724429 1
112.493853 81.368382 50.650920 1
111.556099 61.732905 47.328771 1
117.483852 54.436620 61.316491 1
119.668839 53.469114 69.177279 1
97.906000 101.677900 13.115330 1
98.104392 110.505998 13.266233 1
98.123144 121.282540 13.296097 1
97.690216 131.469585 14.927324 1
95.405175 155.909371 25.022181 1
94.854872 159.700753 32.056187 1
98.426880 171.011589 48.671778 1
92.408397 141.797238 17.937712 1
79.010958 147.433883 19.565864 1
78.085687 140.279506 21.138556 1
75.390703 119.441368 25.719245 1
79.942236 116.699335 32.076235 1
89.076156 111.196684 44.833304 1
89.076156 111.196684 44.833304 1
101.071870 142.470409 18.268995 1
113.031019 150.549274 20.640642 1
114.486061 143.403437 21.795829 1
118.724073 122.590171 25.160474 1
116.090074 118.705655 31.988293 1
110.804224 110.910293 45.690212 1
110.804224 110.910293 45.690212 1
90.071184 100.374505 11.894031 1
86.394940 102.666988 30.902447 1
81.842473 105.505878 54.441472 1
83.891620 81.529459 51.680474 1
85.597192 61.573115 49.382405 1
80.402937 54.329056 63.685331 1
78.613845 53.388269 71.648704 1
105.696601 100.020693 12.049989 1
109.338765 102.466866 31.045907 1
113.848990 105.496048 54.569237 1
112.607851 81.423651 50.499023 1
111.595639 61.791417 47.179561 1
117.528180 54.426119 61.129030 1
119.725445 53.436361 68.983623 1
97.997500 101.497700 13.049260 1
98.257940 110.323790 12.876756 1
98.340045 121.092729 12.478877 1
97.938222 131.345255 13.640111 1
95.627587 156.278655 22.438818 1
94.874998 160.560887 29.165685 1
97.659527 173.416036 44.778618 1
92.656516 141.825436 16.067014 1
79.006836 146.996571 16.994165 1
78.352849 139.919943 18.996223 1
76.448018 119.308262 24.827504 1
80.642463 116.732940 31.492402 1
89.059788 111.564842 44.867374 1
89.059788 111.564842 44.867374 1
101.318481 142.497133 16.438313 1
113.171189 150.824442 18.459024 1
114.617630 143.785987 20.156832 1
118.830593 123.285487 25.101938 1
116.262221 119.344508 31.922398 1
111.108069 111.435836 45.609549 1
111.108069 111.435836 45.609549 1
90.155432 100.205244 11.863397 1
86.514435 102.560677 30.870900 1
82.005615 105.477521 54.408796 1
84.026041 81.489896 51.725047 1
85.707709 61.524225 49.491275 1
80.520826 54.280066 63.796825 1
78.735816 53.339231 71.761109 1
105.777726 99.748074 12.058485 1
109.446023 102.299151 31.035566 1
113.988608 105.458239 54.535571 1
112.709386 81.388074 50.463945 1
111.666117 61.757661 47.143332 1
117.653374 54.373235 61.059271 1
119.882928 53.377026 68.903942 1
98.069200 101.534500 12.872810 1
98.377030 110.348023 12.399000 1
98.488885 121.095119 11.610003 1
98.056516 131.385140 12.353467 1
95.513191 156.667618 20.018877 1
94.699575 161.376545 26.446839 1
96.776996 175.538233 41.003728 1
92.683011 141.921138 14.287028 1
79.056422 147.205090 14.843755 1
78.669855 140.210312 17.175757 1
77.543924 119.837027 23.968045 1
81.441632 117.326865 30.834885 1
89.263470 112.289527 44.615108 1
89.263470 112.289527 44.615108 1
101.337740 142.677285 14.664636 1
112.997074 151.349998 16.325360 1
114.567224 144.436023 18.385984 1
119.140507 124.298089 24.387843 1
116.472723 120.176077 31.061559 1
111.119073 111.904113 44.454226 1
111.119073 111.904113 44.454226 1
90.223963 100.243017 11.707015 1
86.592123 102.602944 30.715713 1
82.094642 105.525355 54.255088 1
84.113321 81.532080 51.620994 1
85.793533 61.561706 49.428552 1
80.599836 54.317304 63.731507 1
78.810607 53.376486 71.694845 1
105.842955 99.711480 11.967228 1
109.532423 102.303941 30.934595 1
114.101226 105.514277 54.422569 1
112.783896 81.437561 50.402150 1
111.709548 61.801805 47.123299 1
117.714458 54.395893 61.020201 1
119.958492 53.392981 68.859888 1
98.171100 101.570900 12.718950 1
98.532686 110.364351 11.982802 1
98.679273 121.080002 10.847703 1
98.215667 131.389216 11.207399 1
95.419864 156.947670 17.793719 1
94.607165 162.058999 23.906696 1
96.219276 177.103417 37.612122 1
92.744116 141.950610 12.670124 1
79.209339 147.484422 12.987528 1
79.001336 140.591787 15.626262 1
78.395497 120.516011 23.311950 1
82.096594 118.040636 30.299147 1
89.523877 113.073109 44.320902 1
89.523877 113.073109 44.320902 1
101.390040 142.795803 13.060400 1
112.994435 151.606389 14.335398 1
114.587583 144.810773 16.742903 1
119.227849 125.017577 23.755103 1
116.545051 120.817271 30.373754 1
111.161272 112.388189 43.655922 1
111.161272 112.388189 43.655922 1
90.322128 100.290856 11.565748 1
86.696918 102.643249 30.576645 1
82.207649 105.556329 54.118743 1
84.176062 81.549530 51.571259 1
85.814438 61.567899 49.450904 1
80.614942 54.323883 63.751947 1
78.822785 53.383173 71.714640 1
105.936779 99.676315 11.894621 1
109.661983 102.298514 30.850912 1
114.275039 105.545675 54.325170 1
112.912055 81.464834 50.344877 1
111.800473 61.825713 47.098751 1
117.826450 54.385985 60.968444 1
120.088807 53.373522 68.801634 1
98.260400 101.587900 12.524340 1
98.673798 110.356658 11.557164 1
98.863477 121.035187 10.119057 1
98.398967 131.350601 10.144919 1
95.486124 157.119504 15.793786 1
94.660235 162.610066 21.566678 1
95.918884 178.499946 34.322055 1
92.883571 141.937111 11.206374 1
79.408225 147.622969 11.215057 1
79.277520 140.851907 14.156183 1
78.896822 121.130226 22.722630 1
82.435186 118.660138 29.795478 1
89.535901 113.703220 43.989113 1
89.535901 113.703220 43.989113 1
101.524900 142.828636 11.595338 1
113.144349 151.668997 12.461628 1
114.638933 144.985593 15.220779 1
118.992118 125.519227 23.257198 1
116.379011 121.332332 29.912129 1
111.135088 112.930160 43.267100 1
111.135088 112.930160 43.267100 1
90.406999 100.322060 11.385701 1
86.789256 102.664730 30.399221 1
82.309232 105.565768 53.944568 1
84.214110 81.543924 51.492392 1
85.799602 61.549770 49.451366 1
80.591385 54.305421 63.749066 1
78.794440 53.364500 71.710655 1
106.017080 99.628494 11.769761 1
109.766325 102.273183 30.718186 1
114.409152 105.548195 54.182703 1
112.989957 81.461611 50.257181 1
111.832532 61.817807 47.055722 1
117.858801 54.344387 60.907163 1
120.133833 53.354543 68.739574 1
98.345400 101.568900 12.436270 1
98.834394 110.307124 11.252309 1
99.095832 120.943183 9.537372 1
98.663366 131.256574 9.270631 1
95.739603 157.185935 14.123522 1
94.923163 163.024644 19.545473 1
95.929503 179.745860 31.214249 1
93.142363 141.867554 10.009614 1
79.715513 147.660478 9.734350 1
79.603819 141.006432 12.932129 1
79.278493 121.625580 22.246117 1
82.683011 119.154604 29.384049 1
89.515126 114.195903 43.708293 1
89.515126 114.195903 43.708293 1
101.783482 142.775780 10.362984 1
113.471434 151.555458 10.835263 1
114.871199 145.002863 13.936673 1
118.948211 125.917498 22.969969 1
116.417272 121.695641 29.634562 1
111.338242 113.223309 43.008924 1
111.338242 113.223309 43.008924 1
90.480873 100.343439 11.330738 1
86.896886 102.681486 30.351219 1
82.458666 105.576801 53.905185 1
84.304232 81.546541 51.490389 1
85.840357 61.545383 49.480475 1
80.666528 54.300828 63.790550 1
78.888473 53.359883 71.756377 1
106.084507 99.524215 11.728999 1
109.892465 102.211765 30.659676 1
114.607998 105.539852 54.102217 1
113.096725 81.449061 50.237348 1
111.864206 61.801826 47.085355 1
117.914226 54.305254 60.913913 1
120.218757 53.350476 68.742052 1
98.415600 101.542700 12.360170 1
98.959144 110.247416 10.970951 1
99.273228 120.837129 8.997519 1
98.867419 131.141231 8.463654 1
95.960165 157.195645 12.604436 1
95.234620 163.332047 17.700789 1
96.026937 180.786909 28.258824 1
93.348976 141.769174 8.926344 1
79.991398 147.708883 8.469176 1
79.879087 141.155526 11.868515 1
79.551964 122.067946 21.769570 1
82.851522 119.570137 28.947340 1
89.473008 114.557589 43.351533 1
89.473008 114.557589 43.351533 1
101.991244 142.686029 9.225114 1
113.831651 151.271510 9.316244 1
115.170016 144.822185 12.652347 1
119.068193 126.037611 22.369221 1
116.592741 121.854020 29.078635 1
111.625062 113.458480 42.542941 1
111.625062 113.458480 42.542941 1
90.543421 100.340833 11.283573 1
86.956424 102.685318 30.302694 1
82.514475 105.588604 53.854976 1
84.334954 81.548051 51.525086 1
85.850199 61.538325 49.585843 1
80.677240 54.294125 63.896414 1
78.899838 53.353319 71.862402 1
106.141669 99.433523 11.701405 1
109.975589 102.199731 30.615505 1
114.723271 105.625224 54.037517 1
113.181730 81.519320 50.280341 1
111.924527 61.859758 47.216178 1
117.983594 54.284232 60.997668 1
120.305161 53.344833 68.822632 1
98.402300 101.652200 12.233450 1
99.012432 110.323238 10.671948 1
99.392055 120.867665 8.479681 1
99.020709 131.158592 7.716041 1
96.142920 157.307313 11.236470 1
95.595017 163.720437 16.003681 1
96.259899 181.731437 25.591897 1
93.508733 141.797474 7.945783 1
80.333934 148.126624 7.416120 1
80.241013 141.650406 10.960772 1
79.970368 122.787501 21.285074 1
83.200388 120.228557 28.472932 1
89.682327 115.093324 42.897367 1
89.682327 115.093324 42.897367 1
102.152644 142.716859 8.182859 1
114.165856 151.054656 7.903735 1
115.449240 144.665826 11.375099 1
119.187277 126.057451 21.485939 1
116.839051 121.970441 28.299801 1
112.126685 113.768717 41.973711 1
112.126685 113.768717 41.973711 1
90.522648 100.487716 11.170523 1
86.987061 102.793463 30.204001 1
82.608775 105.648780 53.774061 1
84.373071 81.599891 51.487371 1
85.841553 61.583227 49.584085 1
80.723586 54.339243 63.914523 1
78.976976 53.398489 71.887325 1
106.113187 99.472914 11.627078 1
110.001803 102.239396 30.529968 1
114.817218 105.665228 53.938099 1
113.147889 81.578107 50.115622 1
111.786467 61.933865 46.998202 1
117.901096 54.329275 60.739085 1
120.256141 53.387516 68.553755 1
98.392600 101.729200 11.954900 1
99.037817 110.369576 10.244624 1
99.451751 120.871523 7.862844 1
99.098474 131.146344 6.899797 1
96.245291 157.364690 9.881137 1
95.925416 164.025729 14.317677 1
96.585300 182.485637 23.010689 1
93.590631 141.789797 6.931869 1
80.624735 148.522459 6.245680 1
80.545237 142.122205 9.926036 1
80.313686 123.480556 20.645596 1
83.490991 120.840153 27.827485 1
89.867139 115.541451 42.239944 1
89.867139 115.541451 42.239944 1
102.235859 142.710703 7.106892 1
114.400344 150.801212 6.411914 1
115.649538 144.454839 9.972485 1
119.287991 125.970129 20.343153 1
117.084304 121.973525 27.258169 1
112.661993 113.953227 41.135074 1
112.661993 113.953227 41.135074 1
90.510224 100.576041 10.899856 1
87.030264 102.841844 29.948376 1
82.720863 105.647696 53.537065 1
84.448529 81.584131 51.380502 1
85.886522 61.555252 49.585524 1
80.791157 54.311048 63.923903 1
79.056831 53.370275 71.899385 1
106.096113 99.510864 11.398464 1
109.890185 102.309421 30.315840 1
114.588523 105.774973 53.741909 1
113.206155 81.646544 50.068308 1
112.078765 61.968613 47.072304 1
118.193034 54.352408 60.806913 1
120.525768 53.355054 68.621377 1
98.392700 101.807100 11.854620 1
99.068284 110.416193 10.004066 1
99.512424 120.874716 7.443375 1
99.173932 131.130415 6.289995 1
96.336013 157.404397 8.750634 1
96.302534 164.269375 12.876844 1
97.039963 183.092541 20.745563 1
93.667607 141.773474 6.128322 1
80.968870 148.989595 5.364321 1
80.926269 142.643454 9.137817 1
80.802186 124.159419 20.128663 1
83.959462 121.430410 27.286222 1
90.295416 115.953896 41.649854 1
90.295416 115.953896 41.649854 1
102.313583 142.695944 6.250087 1
114.642920 150.487854 5.160312 1
115.873542 144.175502 8.787208 1
119.457904 125.789879 19.351055 1
117.321103 121.899674 26.347261 1
113.033018 114.092895 40.387098 1
113.033018 114.092895 40.387098 1
90.508533 100.661591 10.804638 1
87.097183 102.898003 29.869036 1
82.872747 105.667459 53.477387 1
84.550008 81.593795 51.395015 1
85.946048 61.556511 49.661789 1
80.899278 54.312309 64.017346 1
79.192045 53.371513 71.998668 1
106.090080 99.555718 11.348297 1
109.873973 102.342319 30.269477 1
114.559704 105.793066 53.700256 1
113.187575 81.665070 50.019978 1
112.068536 61.987492 47.018529 1
118.194383 54.364017 60.743942 1
120.529478 53.355468 68.556264 1
98.350500 101.889200 11.845110 1
99.052358 110.469572 9.874815 1
99.523055 120.887592 7.158494 1
99.200016 131.122964 5.832970 1
96.387816 157.440801 7.806221 1
96.673996 164.458385 11.656710 1
97.447574 183.581504 18.761638 1
93.700143 141.765031 5.489040 1
81.202626 149.320617 4.689539 1
81.180635 143.023325 8.544176 1
81.116584 124.681569 19.771354 1
84.258608 121.885788 26.909828 1
90.563956 116.275276 41.235163 1
90.563956 116.275276 41.235163 1
102.347090 142.683408 5.563655 1
114.852425 150.132941 4.137091 1
116.092285 143.846293 7.805250 1
119.703552 125.535537 18.489285 1
117.564349 121.761574 25.548147 1
113.271445 114.188066 39.713720 1
113.271445 114.188066 39.713720 1
90.465240 100.749795 10.796691 1
87.117555 102.951190 29.876444 1
82.971957 105.677282 53.503810 1
84.678831 81.605399 51.424920 1
86.099519 61.569596 49.694593 1
81.097329 54.325698 64.065897 1
79.415301 53.384919 72.052570 1
106.042774 99.610640 11.384850 1
109.806544 102.411927 30.307874 1
114.467357 105.880860 53.740937 1
113.195162 81.725972 50.203951 1
112.157624 62.026462 47.319362 1
118.284277 54.397800 61.041534 1
120.611504 53.367525 68.853368 1
98.317900 101.965600 11.827340 1
99.037437 110.523373 9.767186 1
99.527848 120.907048 6.925726 1
99.216312 131.121664 5.446273 1
96.422740 157.472690 6.946292 1
97.021731 164.594554 10.562218 1
97.886832 183.975956 16.917133 1
93.721011 141.758759 4.922508 1
81.362487 149.542384 4.150433 1
81.389164 143.287951 8.074201 1
81.466865 125.071030 19.502734 1
84.553214 122.246637 26.654222 1
90.746836 116.578709 41.005672 1
90.746836 116.578709 41.005672 1
102.368592 142.673507 4.957897 1
115.040651 149.771083 3.238205 1
116.303638 143.498711 6.922876 1
119.982263 125.229535 17.655003 1
117.771389 121.584864 24.759575 1
113.334657 114.270818 39.016875 1
113.334657 114.270818 39.016875 1
90.431677 100.829446 10.782646 1
87.159337 102.994052 29.879672 1
83.107042 105.674588 53.528427 1
84.640330 81.589404 51.468401 1
85.916536 61.542531 49.753774 1
80.948673 54.298525 64.136926 1
79.285494 53.357766 72.127549 1
106.006488 99.668383 11.399371 1
109.715698 102.521435 30.325434 1
114.308949 106.054470 53.762260 1
113.295538 81.856401 50.443556 1
112.469050 62.121674 47.736988 1
118.632480 54.443901 61.415230 1
120.953012 53.340506 69.219066 1
98.275000 102.067300 11.785610 1
99.002438 110.608339 9.659834 1
99.502794 120.964534 6.721469 1
99.202198 131.160022 5.113404 1
96.446515 157.535430 6.197254 1
97.309182 164.759365 9.547660 1
98.259650 184.345545 15.226592 1
93.719877 141.794802 4.430697 1
81.466102 149.741494 3.650248 1
81.508046 143.536771 7.652029 1
81.630211 125.464636 19.307784 1
84.637752 122.621271 26.485284 1
90.673223 116.915271 40.888934 1
90.673223 116.915271 40.888934 1
102.368713 142.698298 4.433810 1
115.131773 149.550332 2.416891 1
116.411862 143.284011 6.105955 1
120.140301 125.032464 16.850879 1
117.852975 121.534289 24.004719 1
113.262821 114.514227 38.360892 1
113.262821 114.514227 38.360892 1
90.388866 100.928681 10.742928 1
87.229945 103.053728 29.863480 1
83.318104 105.685274 53.541369 1
84.824084 81.601543 51.444545 1
86.077561 61.555879 49.699289 1
81.186291 54.312110 64.108787 1
79.565474 53.371544 72.108133 1
105.962305 99.761379 11.382105 1
109.581727 102.721329 30.309136 1
114.063789 106.386738 53.747161 1
113.540368 82.153291 50.576447 1
113.113491 62.389712 47.990572 1
119.403504 54.628412 61.563645 1
121.743005 53.485214 69.356081 1
98.244100 102.123300 11.780420 1
98.969162 110.654864 9.616132 1
99.467628 120.991531 6.609481 1
99.167689 131.169144 4.891793 1
96.419100 157.558542 5.581441 1
97.461977 164.847834 8.733151 1
98.554505 184.611892 13.729201 1
93.688288 141.794022 4.050014 1
81.523771 149.880293 3.307871 1
81.571538 143.727666 7.389232 1
81.710665 125.807269 19.276773 1
84.650989 122.935272 26.470705 1
90.551570 117.171812 40.907330 1
90.551570 117.171812 40.907330 1
102.337369 142.695126 4.040130 1
115.146546 149.377132 1.762019 1
116.433078 143.098193 5.427311 1
120.180282 124.809894 16.102993 1
117.834529 121.442771 23.300664 1
113.127126 114.685702 37.744792 1
113.127126 114.685702 37.744792 1
90.358325 100.977729 10.742651 1
87.235853 103.084068 29.871258 1
83.369148 105.692447 53.559123 1
84.844141 81.604256 51.491711 1
86.071828 61.554880 49.770937 1
81.202618 54.310533 64.187614 1
79.593955 53.369679 72.189379 1
105.932077 99.817781 11.387560 1
109.483140 102.831819 30.319004 1
113.880550 106.564209 53.762493 1
113.771328 82.319382 50.637787 1
113.682251 62.546522 48.089434 1
120.099342 54.778730 61.599160 1
122.462210 53.622538 69.382623 1
98.243400 102.139100 11.775790 1
98.952125 110.667273 9.592805 1
99.436698 120.991849 6.542654 1
99.136069 131.154865 4.740730 1
96.415271 157.553673 5.102533 1
97.615652 164.910584 8.033336 1
98.776950 184.832479 12.339332 1
93.668579 141.774346 3.764177 1
81.579966 149.972814 3.012793 1
81.660252 143.867323 7.163832 1
81.894092 126.084215 19.254324 1
84.812401 123.182456 26.445277 1
90.668803 117.359270 40.875923 1
90.668803 117.359270 40.875923 1
102.318623 142.666075 3.748826 1
115.152140 149.206585 1.211778 1
116.430510 142.897724 4.828218 1
120.153942 124.522269 15.361611 1
117.784142 121.221219 22.581974 1
113.028482 114.596743 37.071643 1
113.028482 114.596743 37.071643 1
90.359091 100.977333 10.744908 1
87.252509 103.086285 29.875815 1
83.405481 105.697899 53.566526 1
84.948762 81.613167 51.508685 1
86.233286 61.566670 49.795876 1
81.375574 54.322981 64.216762 1
79.773361 53.382468 72.219860 1
105.935233 99.846371 11.383558 1
109.431062 102.811451 30.333004 1
113.760075 106.483213 53.798787 1
113.945184 82.245459 50.623201 1
114.096149 62.478367 48.033354 1
120.617167 54.901491 61.601611 1
122.996498 53.803123 69.388433 1
98.254100 102.113000 11.795630 1
98.937463 110.641828 9.607126 1
99.399401 120.960126 6.532318 1
99.092311 131.112085 4.670157 1
96.389488 157.514991 4.779648 1
97.744612 164.939114 7.463057 1
98.923885 185.002194 11.048339 1
93.633676 141.725661 3.585820 1
81.617759 150.031050 2.842675 1
81.722533 143.964579 7.049995 1
82.027700 126.295122 19.304414 1
84.987877 123.342140 26.457300 1
90.928300 117.416161 40.811555 1
90.928300 117.416161 40.811555 1
102.284356 142.611263 3.574615 1
115.185983 148.965373 0.912414 1
116.448036 142.605783 4.444755 1
120.123942 124.082575 14.733199 1
117.762701 120.764984 21.948784 1
113.024216 114.107315 36.428863 1
113.024216 114.107315 36.428863 1
90.372786 100.927908 10.768405 1
87.262986 103.058215 29.896422 1
83.411972 105.696276 53.583556 1
84.975213 81.611798 51.537840 1
86.276350 61.565513 49.835124 1
81.404208 54.321978 64.251219 1
79.794761 53.381276 72.252844 1
105.952355 99.842179 11.401942 1
109.405688 102.626383 30.386586 1
113.682077 106.074161 53.895956 1
114.068962 81.867946 50.505256 1
114.384486 62.126577 47.739971 1
120.994955 54.982061 61.498166 1
123.390107 54.024589 69.298724 1
98.288400 102.055700 11.841150 1
98.941079 110.591040 9.668728 1
99.378089 120.911395 6.597178 1
99.070820 131.057844 4.705258 1
96.420189 157.466205 4.647800 1
97.871963 164.937567 7.142947 1
99.079425 185.143136 9.797965 1
93.636149 141.675395 3.542315 1
81.654158 150.030942 2.813781 1
81.767647 143.985673 7.051284 1
82.098198 126.377969 19.393616 1
85.089852 123.384124 26.516356 1
91.093440 117.376143 40.810116 1
91.093440 117.376143 40.810116 1
102.288571 142.543859 3.548542 1
115.277206 148.703826 0.853325 1
116.522103 142.284163 4.281554 1
120.148040 123.585983 14.266757 1
117.849716 120.205713 21.473560 1
113.237492 113.422260 35.936016 1
113.237492 113.422260 35.936016 1
90.410056 100.846302 10.819481 1
87.287757 103.015253 29.941119 1
83.421265 105.701169 53.620351 1
84.996307 81.615099 51.602623 1
86.307268 61.567488 49.923202 1
81.419992 54.323422 64.333906 1
79.801500 53.382654 72.333698 1
105.993794 99.811387 11.435301 1
109.551542 102.478988 30.417407 1
113.957231 105.782372 53.923634 1
114.307955 81.592304 50.415796 1
114.593986 61.864102 47.554980 1
120.993041 54.713827 61.409800 1
123.353465 53.777814 69.223537 1
98.315500 102.008700 11.853530 1
98.933886 110.555553 9.716629 1
99.344515 120.884729 6.671204 1
99.041781 131.029703 4.770662 1
96.470874 157.445439 4.597375 1
97.996040 164.940867 6.973736 1
99.162973 185.260928 8.556607 1
93.642277 141.658632 3.549312 1
81.663677 150.020419 2.836776 1
81.764456 143.986662 7.090976 1
82.057989 126.412488 19.481936 1
85.062634 123.390749 26.587407 1
91.092295 117.326789 40.846511 1
91.092295 117.326789 40.846511 1
102.297227 142.501145 3.575437 1
115.399093 148.443795 0.941043 1
116.631216 141.967487 4.265784 1
120.219947 123.104320 13.949562 1
118.048102 119.740695 21.203227 1
113.689695 112.990647 35.759724 1
113.689695 112.990647 35.759724 1
90.440268 100.774701 10.837300 1
87.303454 102.977634 29.952676 1
83.418987 105.705631 53.624155 1
85.036310 81.622038 51.610300 1
86.382461 61.576490 49.934103 1
81.482144 54.332655 64.340494 1
79.856633 53.391936 72.338869 1
106.028523 99.794483 11.427770 1
109.630913 102.495360 30.396746 1
114.091884 105.839952 53.886714 1
114.165682 81.636952 50.452081 1
114.225867 61.898204 47.650968 1
120.660013 54.749656 61.490417 1
123.031944 53.811260 69.300384 1
98.341800 101.955700 11.879770 1
98.922776 110.518002 9.794848 1
99.304008 120.860889 6.792439 1
99.004882 131.006357 4.893962 1
96.515178 157.428986 4.616958 1
98.127564 164.921205 6.945373 1
99.249489 185.298175 7.486204 1
93.641676 141.647152 3.617263 1
81.645545 149.986755 2.940594 1
81.729160 143.956509 7.200142 1
81.972699 126.392564 19.606678 1
84.982692 123.347616 26.699968 1
91.023083 117.237080 40.934626 1
91.023083 117.237080 40.934626 1
102.299035 142.463428 3.667361 1
115.509360 148.205480 1.131584 1
116.745141 141.689025 4.375540 1
120.344525 122.708923 13.824021 1
118.313010 119.433119 21.158091 1
114.236211 112.859305 35.875943 1
114.236211 112.859305 35.875943 1
90.469753 100.696881 10.869323 1
87.317396 102.930372 29.978595 1
83.413683 105.696210 53.642515 1
84.858477 81.594939 51.710663 1
86.061028 61.534676 50.102719 1
81.123077 54.290724 64.496194 1
79.476602 53.349963 72.490275 1
106.062749 99.774685 11.427155 1
109.713669 102.465566 30.388272 1
114.234737 105.797778 53.868507 1
114.279682 81.590002 50.467194 1
114.316335 61.847360 47.693253 1
120.765491 54.695837 61.524177 1
123.149899 53.757389 69.330337 1
98.360200 101.941000 11.856930 1
98.904006 110.520657 9.834256 1
99.255756 120.879653 6.884244 1
98.958800 131.026211 4.991261 1
96.542521 157.454283 4.604855 1
98.273110 164.918342 6.938853 1
99.372312 185.301107 6.612132 1
93.629320 141.676645 3.655083 1
81.601284 149.976724 3.064249 1
81.684324 143.940538 7.315386 1
81.926185 126.359291 19.697425 1
84.933884 123.285171 26.779096 1
90.969670 117.116095 40.990439 1
90.969670 117.116095 40.990439 1
102.288653 142.469490 3.732719 1
115.579745 148.057819 1.276814 1
116.834484 141.535545 4.501744 1
120.489089 122.538497 13.894808 1
118.520063 119.245556 21.238240 1
114.568667 112.637351 35.974881 1
114.568667 112.637351 35.974881 1
90.491906 100.657997 10.847673 1
87.333101 102.928957 29.951464 1
83.421402 105.741196 53.608596 1
84.762835 81.630594 51.719098 1
85.879354 61.562565 50.146406 1
80.920459 54.318502 64.532624 1
79.262136 53.377756 72.524257 1
106.089216 99.794432 11.378072 1
109.805865 102.476277 30.327696 1
114.408328 105.797299 53.793699 1
114.413698 81.585736 50.419156 1
114.418076 61.840005 47.667048 1
120.858690 54.677416 61.496226 1
123.253331 53.738780 69.299230 1
98.377400 101.876400 11.867990 1
98.879752 110.474440 9.913816 1
99.196489 120.850583 7.020644 1
98.895561 130.997748 5.131544 1
96.534309 157.428594 4.616231 1
98.377783 164.855926 6.980759 1
99.537446 185.217226 6.061662 1
93.592855 141.652693 3.726583 1
81.497970 149.862378 3.248217 1
81.563026 143.817240 7.486928 1
81.752510 126.209917 19.832773 1
84.775624 123.135062 26.907557 1
90.842346 116.964512 41.105081 1
90.842346 116.964512 41.105081 1
102.253411 142.428498 3.834140 1
115.609800 147.885566 1.438035 1
116.904426 141.372822 4.666455 1
120.675209 122.403528 14.069685 1
118.699121 119.052304 21.384799 1
114.733553 112.327141 36.064613 1
114.733553 112.327141 36.064613 1
90.513595 100.566025 10.858917 1
87.352159 102.879806 29.957133 1
83.437202 105.745072 53.607362 1
84.777685 81.632649 51.740580 1
85.893414 61.563103 50.186797 1
80.916932 54.318926 64.566883 1
79.249029 53.378049 72.556507 1
106.115351 99.768708 11.361540 1
109.877974 102.460368 30.300696 1
114.537368 105.793547 53.753736 1
114.447778 81.576525 50.419793 1
114.374712 61.826342 47.700796 1
120.810592 54.659065 61.529749 1
123.208646 53.720208 69.331678 1
98.392800 101.798800 11.898640 1
98.849906 110.415935 10.018886 1
99.128930 120.809990 7.186770 1
98.824977 130.957494 5.299977 1
96.528873 157.390784 4.636844 1
98.457146 164.780120 7.052241 1
99.700102 185.119548 5.813352 1
93.554084 141.617433 3.815441 1
81.358265 149.682120 3.445526 1
81.406934 143.636095 7.683190 1
81.548687 126.026187 20.025989 1
84.584225 122.953350 27.096329 1
90.675879 116.786850 41.284934 1
90.675879 116.786850 41.284934 1
102.215874 142.373429 3.958813 1
115.624213 147.728076 1.622534 1
116.976164 141.223510 4.843939 1
120.913911 122.278039 14.226736 1
118.902097 118.915709 21.527001 1
114.864835 112.168260 36.177015 1
114.864835 112.168260 36.177015 1
90.534249 100.458204 10.888329 1
87.366436 102.818371 29.979811 1
83.443582 105.741078 53.621701 1
84.820651 81.629794 51.766876 1
85.966831 61.561196 50.223044 1
80.981434 54.317502 64.600285 1
79.308821 53.376807 72.588946 1
106.140424 99.734083 11.363836 1
109.904382 102.437668 30.301029 1
114.565429 105.785612 53.751638 1
114.424103 81.564876 50.446591 1
114.308844 61.811664 47.751160 1
120.711902 54.640088 61.593114 1
123.097260 53.701108 69.398920 1
98.416700 101.729300 11.922640 1
98.825292 110.366435 10.125308 1
99.064052 120.779316 7.359445 1
98.757824 130.926520 5.471406 1
96.535569 157.361009 4.628753 1
98.517548 164.694870 7.166643 1
99.820820 185.020158 5.767966 1
93.523342 141.590626 3.891058 1
81.201970 149.466183 3.620064 1
81.234206 143.425619 7.865667 1
81.328095 125.831621 20.231590 1
84.364842 122.767151 27.305041 1
90.458922 116.617440 41.499890 1
90.458922 116.617440 41.499890 1
102.186212 142.324792 4.076408 1
115.642629 147.588010 1.809822 1
117.046353 141.089637 5.021567 1
121.134897 122.162204 14.376229 1
119.111690 118.792558 21.669970 1
115.051565 112.030427 36.306890 1
115.051565 112.030427 36.306890 1
90.563891 100.356691 10.910668 1
87.380019 102.764928 29.993474 1
83.437278 105.747162 53.624619 1
84.790544 81.633049 51.789151 1
85.916912 61.562097 50.261430 1
80.904217 54.317733 64.628838 1
79.215694 53.376929 72.614138 1
106.174374 99.711080 11.356934 1
109.889901 102.429335 30.301590 1
114.490973 105.795446 53.761440 1
114.355105 81.573427 50.465577 1
114.244298 61.819169 47.777637 1
120.607592 54.649949 61.639135 1
122.967968 53.711286 69.452568 1
98.436500 101.641200 11.957200 1
98.797013 110.297655 10.244523 1
98.995139 120.728919 7.545527 1
98.684588 130.875159 5.653018 1
96.526952 157.307978 4.613125 1
98.537977 164.563477 7.345919 1
99.883277 184.880338 5.866926 1
93.483120 141.539562 3.969061 1
81.049699 149.240273 3.817097 1
81.076600 143.205722 8.071279 1
81.154954 125.629237 20.462188 1
84.189776 122.572086 27.539632 1
90.279994 116.437062 41.742491 1
90.279994 116.437062 41.742491 1
102.146473 142.255708 4.197372 1
115.658836 147.400615 1.992825 1
117.099257 140.909987 5.203983 1
121.294689 122.005114 14.556937 1
119.257623 118.614242 21.836969 1
115.169688 111.809513 36.446382 1
115.169688 111.809513 36.446382 1
90.589539 100.237230 10.942893 1
87.399332 102.694756 30.018355 1
83.448747 105.738028 53.640407 1
84.779513 81.621923 51.814679 1
85.887155 61.549313 50.295065 1
80.851462 54.305156 64.654534 1
79.150463 53.364358 72.637187 1
106.203842 99.669592 11.360616 1
109.872528 102.398164 30.312915 1
114.415596 105.777052 53.782231 1
114.279486 81.557238 50.470217 1
114.168481 61.804777 47.769104 1
120.485573 54.630820 61.649272 1
122.821424 53.690084 69.469823 1
98.450100 101.562800 11.988280 1
98.765629 110.237531 10.361340 1
98.928051 120.686946 7.731045 1
98.620099 130.833003 5.837136 1
96.551495 157.265015 4.612252 1
98.551251 164.453020 7.525704 1
99.872960 184.774383 6.087847 1
93.461652 141.502260 4.054482 1
80.894322 148.983954 4.032268 1
80.916629 142.951680 8.289704 1
80.981600 125.381825 20.690092 1
84.014388 122.338588 27.774401 1
90.100523 116.231488 41.991038 1
90.100523 116.231488 41.991038 1
102.125818 142.192926 4.326322 1
115.698736 147.216919 2.216963 1
117.152835 140.724838 5.419004 1
121.388104 121.815729 14.745403 1
119.334703 118.414190 22.015864 1
115.213983 111.588055 36.606067 1
115.213983 111.588055 36.606067 1
90.608926 100.130063 10.969453 1
87.422736 102.636863 30.039174 1
83.477125 105.741153 53.654116 1
84.836477 81.625691 51.840999 1
85.967911 61.553616 50.331882 1
80.927267 54.309171 64.689468 1
79.223240 53.368310 72.671467 1
106.226356 99.635781 11.362825 1
109.857544 102.377567 30.320438 1
114.354177 105.772816 53.796334 1
114.231150 81.554692 50.471478 1
114.130814 61.803609 47.759893 1
120.405368 54.630509 61.659783 1
122.719149 53.691000 69.487040 1
98.464900 101.506900 11.986730 1
98.737550 110.198869 10.446349 1
98.865497 120.666325 7.886834 1
98.558727 130.812966 5.995862 1
96.569239 157.242789 4.604068 1
98.562997 164.357711 7.695583 1
99.830633 184.686140 6.309873 1
93.439630 141.485407 4.121211 1
80.749169 148.755674 4.218426 1
80.771698 142.722457 8.474526 1
80.837316 125.149858 20.871021 1
83.859517 122.122537 27.966664 1
89.924409 116.047376 42.206045 1
89.924409 116.047376 42.206045 1
102.103961 142.154313 4.438421 1
115.738083 147.054676 2.435627 1
117.193600 140.551851 5.615144 1
121.432999 121.611450 14.875940 1
119.372814 118.215555 22.147120 1
115.238480 111.400746 36.738766 1
115.238480 111.400746 36.738766 1
90.629551 100.047145 10.961465 1
87.444166 102.602832 30.024830 1
83.499552 105.767661 53.631902 1
84.920397 81.654949 51.829384 1
86.103014 61.585163 50.329089 1
81.057985 54.342947 64.686260 1
79.352312 53.403044 72.668020 1
106.249554 99.623240 11.334245 1
109.842773 102.386765 30.295936 1
114.292387 105.808935 53.776882 1
114.195382 81.591881 50.443379 1
114.116270 61.841672 47.724741 1
120.360767 54.671037 61.639431 1
122.655832 53.732211 69.472279 1
98.470900 101.416500 12.021030 1
98.703501 110.123871 10.563283 1
98.798466 120.608159 8.072141 1
98.489826 130.755724 6.186433 1
96.560852 157.181829 4.646724 1
98.564135 164.226336 7.889628 1
99.794413 184.560866 6.560927 1
93.402592 141.428333 4.227881 1
80.620735 148.534454 4.430874 1
80.651396 142.495865 8.679297 1
80.740699 124.907618 21.053431 1
83.750743 121.893780 28.159973 1
89.791237 115.845676 42.421227 1
89.791237 115.845676 42.421227 1
102.066326 142.081854 4.590226 1
115.758545 146.857189 2.684090 1
117.215804 140.340116 5.833495 1
121.460276 121.358215 15.006584 1
119.401172 117.960658 22.277294 1
115.269009 111.142514 36.867997 1
115.269009 111.142514 36.867997 1
90.641265 99.931606 10.988240 1
87.457824 102.530228 30.046125 1
83.515618 105.748225 53.646410 1
84.948323 81.635253 51.856802 1
86.140812 61.565251 50.367253 1
81.087717 54.321887 64.721007 1
79.377519 53.381360 72.701726 1
106.263314 99.573911 11.344345 1
109.827025 102.350663 30.309672 1
114.240099 105.789214 53.795120 1
114.158145 81.572286 50.460298 1
114.091307 61.822179 47.740585 1
120.306575 54.651579 61.668373 1
122.585016 53.712704 69.506066 1
98.474300 101.347400 12.040610 1
98.670621 110.068435 10.661317 1
98.735223 120.568502 8.236542 1
98.424732 130.717744 6.360194 1
96.551042 157.140514 4.699712 1
98.569438 164.118910 8.073541 1
99.791044 184.457502 6.800174 1
93.366980 141.390982 4.330020 1
80.507528 148.352481 4.623354 1
80.544694 142.307616 8.862791 1
80.652944 124.701090 21.210752 1
83.654798 121.695035 28.324052 1
89.678854 115.662550 42.598867 1
89.678854 115.662550 42.598867 1
102.029822 142.030771 4.735625 1
115.763902 146.716858 2.910891 1
117.228705 140.186030 6.028139 1
121.495150 121.164067 15.107566 1
119.442458 117.759557 22.376837 1
115.323164 110.927459 36.964652 1
115.323164 110.927459 36.964652 1
90.650031 99.840131 10.999599 1
87.472106 102.477213 30.053121 1
83.536731 105.742837 53.648004 1
84.997795 81.631022 51.865746 1
86.213887 61.561983 50.382315 1
81.159316 54.318194 64.735335 1
79.448211 53.377461 72.715835 1
106.273643 99.542613 11.342224 1
109.813138 102.330653 30.310430 1
114.196224 105.783181 53.799443 1
114.122010 81.568021 50.451627 1
114.061485 61.819356 47.721316 1
120.248908 54.648574 61.661403 1
122.511792 53.709640 69.503595 1
98.469200 101.299200 12.068300 1
98.633064 110.031056 10.754802 1
98.669728 120.544217 8.386846 1
98.353907 130.695374 6.521776 1
96.512807 157.114896 4.775389 1
98.572854 164.029300 8.254164 1
99.804634 184.370603 7.035055 1
93.315937 141.367274 4.436140 1
80.402548 148.223546 4.823350 1
80.446856 142.173745 9.055670 1
80.575907 124.552841 21.382905 1
83.575330 121.549896 28.498543 1
89.594512 115.523654 42.778051 1
89.594512 115.523654 42.778051 1
101.977310 142.000315 4.881739 1
115.752062 146.589277 3.117744 1
117.228844 140.047827 6.206941 1
121.530179 120.994925 15.204667 1
119.483103 117.585579 22.473255 1
115.375079 110.743777 37.059699 1
115.375079 110.743777 37.059699 1
90.650702 99.770615 11.015081 1
87.468638 102.433132 30.064374 1
83.528136 105.730253 53.654020 1
84.965103 81.618733 51.848345 1
86.161139 61.549939 50.345423 1
81.086180 54.305817 64.691079 1
79.363393 53.365023 72.669058 1
106.275288 99.528865 11.357204 1
109.802893 102.319952 30.327176 1
114.171256 105.776254 53.818377 1
114.108463 81.560735 50.472920 1
114.057251 61.811778 47.744533 1
120.231647 54.642238 61.691033 1
122.485502 53.703332 69.535828 1
98.468200 101.254600 12.082660 1
98.605134 109.995883 10.830197 1
98.618651 120.520861 8.515082 1
98.298214 130.673865 6.660887 1
96.482079 157.089862 4.836746 1
98.579008 163.934973 8.428679 1
99.844110 184.275392 7.229101 1
93.276787 141.343404 4.523909 1
80.316932 148.104815 5.013319 1
80.360263 142.050689 9.239461 1
80.486469 124.417188 21.548700 1
83.495237 121.416737 28.661444 1
89.533172 115.395497 42.935144 1
89.533172 115.395497 42.935144 1
101.936398 141.972199 5.008088 1
115.748033 146.469995 3.298525 1
117.246563 139.924564 6.368759 1
121.611242 120.860068 15.311252 1
119.561106 117.439658 22.573777 1
115.446940 110.575652 37.148054 1
115.446940 110.575652 37.148054 1
90.654405 99.709348 11.018912 1
87.472434 102.394834 30.064997 1
83.532047 105.720399 53.650669 1
84.814991 81.597387 51.882870 1
85.882828 61.519029 50.411472 1
80.782107 54.275005 64.748038 1
79.045069 53.334237 72.722929 1
106.279674 99.513315 11.359088 1
109.798083 102.297325 30.331808 1
114.155058 105.744862 53.826411 1
114.096673 81.528562 50.486536 1
114.049056 61.778968 47.762702 1
120.206163 54.608692 61.716467 1
122.451159 53.669714 69.563793 1
98.461500 101.222800 12.111280 1
98.576850 109.971005 10.905856 1
98.571563 120.504920 8.631714 1
98.244858 130.659353 6.786459 1
96.434593 157.071701 4.904578 1
98.555029 163.855773 8.597107 1
99.861085 184.195972 7.438380 1
93.232142 141.324372 4.606892 1
80.252540 148.040358 5.189551 1
80.296563 141.984098 9.412628 1
80.424786 124.344383 21.712938 1
83.441165 121.341082 28.821255 1
89.494372 115.314125 43.086070 1
89.494372 115.314125 43.086070 1
101.889432 141.954919 5.128831 1
115.734345 146.370147 3.474091 1
117.251518 139.819470 6.523912 1
121.670499 120.739692 15.406947 1
119.618841 117.320632 22.669677 1
115.501619 110.459336 37.244367 1
115.501619 110.459336 37.244367 1
90.652204 99.663446 11.035146 1
87.472388 102.369704 30.078650 1
83.534669 105.720993 53.661126 1
84.855769 81.600179 51.891441 1
85.955365 61.523650 50.418473 1
80.854968 54.279675 64.755179 1
79.118151 53.338919 72.730120 1
106.277744 99.505272 11.382468 1
109.794523 102.292949 30.354952 1
114.149478 105.745027 53.849263 1
114.088448 81.531174 50.491745 1
114.038675 61.783574 47.753522 1
120.188469 54.613332 61.710528 1
122.429454 53.674412 69.559008 1
98.450000 101.197300 12.125600 1
98.550438 109.950528 10.955833 1
98.530180 120.491509 8.714760 1
98.197697 130.648027 6.882052 1
96.386994 157.058993 4.981284 1
98.553568 163.794968 8.734582 1
99.845992 184.138609 7.621910 1
93.190535 141.310559 4.677694 1
80.218473 148.035706 5.319589 1
80.265653 141.977317 9.539576 1
80.403073 124.331400 21.830887 1
83.426948 121.321330 28.933153 1
89.495199 115.280789 43.185826 1
89.495199 115.280789 43.185826 1
101.845469 141.943973 5.234080 1
115.711470 146.304607 3.611450 1
117.243723 139.747815 6.640521 1
121.706626 120.650227 15.463121 1
119.651589 117.227478 22.723158 1
115.527587 110.358778 37.292442 1
115.527587 110.358778 37.292442 1
90.644222 99.628343 11.037964 1
87.472304 102.356491 30.079662 1
83.544366 105.734886 53.659902 1
85.073487 81.628526 51.861037 1
86.346225 61.564026 50.363782 1
81.275358 54.319958 64.710912 1
79.554892 53.379177 72.689394 1
106.269790 99.496761 11.394985 1
109.791178 102.300339 30.364271 1
114.151842 105.772110 53.854621 1
114.086600 81.563056 50.462747 1
114.033392 61.819371 47.696506 1
120.174908 54.647419 61.656277 1
122.413515 53.708432 69.505427 1
98.441900 101.187800 12.136330 1
98.533673 109.943576 10.985070 1
98.504702 120.488755 8.763927 1
98.162294 130.647452 6.945176 1
96.314271 157.057356 5.065702 1
98.546742 163.757620 8.844220 1
99.839419 184.103408 7.771833 1
93.145385 141.303925 4.733692 1
80.222857 148.118229 5.431946 1
80.285433 142.050825 9.638762 1
80.467693 124.378653 21.891709 1
83.502978 121.363895 28.987117 1
89.594124 115.313945 43.226025 1
89.594124 115.313945 43.226025 1
101.797140 141.951237 5.322588 1
115.685591 146.253442 3.736402 1
117.231432 139.690971 6.746212 1
121.733913 120.576844 15.512708 1
119.687216 117.147739 22.772102 1
115.579952 110.266285 37.340096 1
115.579952 110.266285 37.340096 1
90.639162 99.612238 11.036496 1
87.476402 102.342879 30.079360 1
83.559806 105.724362 53.661044 1
84.941183 81.606074 51.903005 1
86.090949 61.531647 50.439731 1
81.006549 54.287493 64.782028 1
79.278583 53.346656 72.758882 1
106.264454 99.497713 11.411066 1
109.788134 102.288562 30.381802 1
114.151637 105.744569 53.873950 1
114.092784 81.534309 50.490572 1
114.044786 61.789642 47.731259 1
120.187323 54.618660 61.691080 1
122.425457 53.679807 69.540381 1
98.444000 101.228500 12.090120 1
98.534246 109.985125 10.945208 1
98.504150 120.532308 8.733618 1
98.158278 130.693154 6.927578 1
96.290431 157.104576 5.089470 1
98.581039 163.785569 8.867314 1
99.902084 184.130934 7.821807 1
93.136454 141.348899 4.723753 1
80.263703 148.253180 5.456705 1
80.337787 142.177209 9.650949 1
80.553567 124.480081 21.867279 1
83.595181 121.464073 28.959444 1
89.699029 115.411615 43.191847 1
89.699029 115.411615 43.191847 1
101.786357 142.002966 5.332063 1
115.688319 146.269014 3.766711 1
117.232857 139.697942 6.758367 1
121.731542 120.558762 15.471990 1
119.686520 117.129093 22.731590 1
115.582616 110.246510 37.299998 1
115.582616 110.246510 37.299998 1
90.642612 99.651529 10.982759 1
87.486828 102.392840 30.025247 1
83.578871 105.787537 53.606466 1
85.115097 81.679448 51.837049 1
86.393750 61.613511 50.364305 1
81.334215 54.369909 64.715671 1
79.620542 53.429212 72.695624 1
106.267622 99.541136 11.370061 1
109.795960 102.343884 30.338178 1
114.165229 105.814625 53.827082 1
114.100130 81.607238 50.423327 1
114.047038 61.864913 47.647397 1
120.187482 54.692851 61.607584 1
122.426817 53.754326 69.456581 1
