49 35
106.445800 151.852200 13.746600 1
106.599459 159.823654 14.053509 1
106.684061 170.050570 13.484195 1
106.663555 179.848007 12.901850 1
106.488502 205.072471 13.231312 1
106.788622 212.233039 15.799629 1
106.443244 231.608073 14.790884 1
102.389796 190.387591 12.265017 1
89.239176 194.756287 13.376643 1
89.269579 188.155817 15.760653 1
89.358134 168.930983 22.704429 1
89.700615 161.560475 25.456969 1
90.387896 146.769501 30.980705 1
90.387896 146.769501 30.980705 1
110.632864 190.452681 11.661337 1
123.741751 194.987937 10.740144 1
123.892730 188.334130 12.966089 1
124.332478 168.953972 19.449471 1
123.614854 161.611226 22.203935 1
122.174729 146.875944 27.731544 1
122.174729 146.875944 27.731544 1
99.310708 150.656920 13.139967 1
98.300153 132.154478 13.310177 1
97.048733 109.241995 13.520957 1
96.122959 86.308159 11.725902 1
95.352407 67.219541 10.231815 1
94.931103 60.482532 24.758934 1
95.834106 59.612980 32.466845 1
113.400631 150.420174 12.234692 1
114.674021 131.945436 12.910535 1
116.250908 109.067482 13.747450 1
116.793950 85.930485 11.680342 1
117.236826 67.061219 9.994522 1
120.292594 60.452697 24.263078 1
120.833738 59.655874 32.012693 1
106.452600 151.879800 13.503000 1
106.594178 159.850137 13.842963 1
106.666688 170.079412 13.315934 1
106.644601 179.879139 12.773542 1
106.489780 205.102209 13.204262 1
106.793198 212.254966 15.793867 1
106.434612 231.628215 14.755859 1
102.380025 190.424690 12.175100 1
89.222529 194.772060 13.288981 1
89.252004 188.168265 15.663780 1
89.337857 168.933750 22.580729 1
89.690314 161.560711 25.325216 1
90.397617 146.764655 30.832791 1
90.397617 146.764655 30.832791 1
110.623705 190.485463 11.579388 1
123.726197 195.044271 10.683820 1
123.875217 188.382599 12.886251 1
124.309259 168.979535 19.301145 1
123.567943 161.629936 22.030947 1
122.080275 146.880902 27.509064 1
122.080275 146.880902 27.509064 1
99.318764 150.675937 12.898573 1
98.321613 132.174302 13.191410 1
97.086792 109.262819 13.554043 1
96.154115 86.327815 11.777590 1
95.377817 67.238223 10.298988 1
94.973670 60.509781 24.830563 1
95.886360 59.644529 32.537817 1
113.408114 150.464925 11.978140 1
114.655272 131.993809 12.788530 1
116.199677 109.120342 13.792058 1
116.751997 85.981430 11.748988 1
117.202439 67.110601 10.082772 1
120.212462 60.494618 24.357592 1
120.728789 59.693753 32.108484 1
106.490400 151.868800 13.123800 1
106.609215 159.835891 13.540003 1
106.659321 170.069602 13.104398 1
106.632582 179.873173 12.636867 1
106.508659 205.093183 13.227216 1
106.806848 212.242296 15.827471 1
106.444879 231.616300 14.804850 1
102.381262 190.427561 12.103415 1
89.222958 194.764200 13.249126 1
89.248848 188.153963 15.605975 1
89.324259 168.900683 22.470643 1
89.680424 161.520729 25.196000 1
90.395166 146.710798 30.665187 1
90.395166 146.710798 30.665187 1
110.625265 190.481923 11.511564 1
123.723947 195.058953 10.654029 1
123.866732 188.387637 12.827493 1
124.282611 168.956486 19.158016 1
123.528892 161.595394 21.853239 1
122.016335 146.823299 27.261964 1
122.016335 146.823299 27.261964 1
99.358960 150.649693 12.521655 1
98.371663 132.152131 13.027615 1
97.149045 109.245692 13.654170 1
96.181842 86.313304 11.862464 1
95.376807 67.225890 10.371166 1
94.997602 60.512503 24.910375 1
95.926132 59.654141 32.616506 1
113.447034 150.489207 11.571962 1
114.633537 132.024053 12.584177 1
116.102829 109.157970 13.837632 1
116.706961 86.016185 11.842312 1
117.199658 67.143014 10.215039 1
120.106632 60.511914 24.504194 1
120.563603 59.701470 32.257817 1
106.537800 151.869500 12.507500 1
106.643114 159.829284 13.048457 1
106.676205 170.068384 12.764139 1
106.646052 179.877166 12.423257 1
106.558546 205.089298 13.291282 1
106.825411 212.234508 15.905629 1
106.448336 231.610836 14.933761 1
102.405176 190.441994 12.032391 1
89.235818 194.728189 13.239289 1
89.248166 188.108832 15.570512 1
89.284131 168.828989 22.360543 1
89.646511 161.439919 25.060257 1
90.373724 146.611692 30.477986 1
90.373724 146.611692 30.477986 1
110.645381 190.492727 11.389518 1
123.739462 195.087413 10.556480 1
123.870256 188.410721 12.714131 1
124.251213 168.963909 18.998594 1
123.498604 161.593930 21.669733 1
121.988275 146.803999 27.030124 1
121.988275 146.803999 27.030124 1
99.404953 150.644664 11.934339 1
98.317882 132.160719 12.677700 1
96.971709 109.271141 13.598239 1
96.128141 86.328128 11.881660 1
95.426011 67.231871 10.452892 1
95.037558 60.516310 24.990853 1
95.947464 59.662494 32.699711 1
113.486564 150.529518 10.887200 1
114.607110 132.071938 12.093995 1
115.994725 109.215232 13.588407 1
116.654901 86.054078 11.852434 1
117.193305 67.165111 10.436670 1
120.048060 60.506142 24.723393 1
120.473260 59.679193 32.477080 1
106.578900 151.726600 11.614700 1
106.695360 159.669439 12.362789 1
106.734177 169.912404 12.327584 1
106.711470 179.726164 12.190001 1
106.663547 204.919925 13.488024 1
106.945616 212.051357 16.138149 1
106.536817 231.430546 15.238850 1
102.481463 190.301077 12.012121 1
89.322345 194.577819 13.356418 1
89.334481 187.931261 15.608919 1
89.369828 168.572191 22.169658 1
89.808864 161.159200 24.791288 1
90.689908 146.282969 30.052319 1
90.689908 146.282969 30.052319 1
110.716498 190.353112 11.306195 1
123.807735 194.956151 10.474569 1
123.919305 188.276562 12.624320 1
124.244269 168.821313 18.885774 1
123.517203 161.441374 21.536408 1
122.058132 146.631456 26.855652 1
122.058132 146.631456 26.855652 1
99.439757 150.520406 11.081812 1
98.392846 132.058846 12.292314 1
97.096405 109.196989 13.791339 1
96.178787 86.264232 11.978393 1
95.415023 67.176512 10.469417 1
95.227489 60.492960 25.026096 1
96.246666 59.654899 32.723001 1
113.509993 150.426383 9.889698 1
114.578446 132.003456 11.577420 1
115.901552 109.189662 13.667382 1
116.629295 86.023481 12.028201 1
117.222802 67.130413 10.691375 1
120.058654 60.480834 24.986234 1
120.467302 59.656432 32.741082 1
106.533800 151.615400 10.598900 1
106.673077 159.538679 11.528487 1
106.731732 169.779491 11.736880 1
106.720991 179.593588 11.849558 1
106.703322 204.742844 13.831317 1
107.023402 211.849759 16.542289 1
106.572335 231.234267 15.789840 1
102.496879 190.171286 11.999830 1
89.361117 194.441089 13.574816 1
89.410317 187.761580 15.727112 1
89.553621 168.306536 21.995991 1
90.068302 160.858888 24.503139 1
91.101149 145.913111 29.534430 1
91.101149 145.913111 29.534430 1
110.724721 190.238857 11.215687 1
123.820752 194.831601 10.402838 1
123.910811 188.144619 12.530500 1
124.173118 168.667836 18.727616 1
123.461324 161.272300 21.338628 1
122.032900 146.431082 26.578358 1
122.032900 146.431082 26.578358 1
99.388864 150.437350 10.080893 1
98.314168 132.013080 11.748779 1
96.983319 109.197401 13.814204 1
96.154487 86.258063 12.042222 1
95.464622 67.164865 10.567340 1
95.340657 60.485101 25.126438 1
96.381841 59.653827 32.821134 1
113.451577 150.340042 8.803331 1
114.471748 131.953463 10.873894 1
115.735065 109.184681 13.437941 1
116.574247 86.009610 11.988695 1
117.258638 67.109292 10.806770 1
120.045885 60.536766 25.146752 1
120.416181 59.749206 32.907354 1
106.525000 151.499500 9.294300 1
106.651073 159.395821 10.431883 1
106.695605 169.626418 10.935884 1
106.690846 179.431059 11.381192 1
106.750600 204.484211 14.339026 1
107.121981 211.552495 17.142861 1
106.608302 230.943486 16.638488 1
102.495317 190.004920 11.968052 1
89.400363 194.279493 13.841616 1
89.496720 187.559621 15.862675 1
89.777375 167.987014 21.749305 1
90.350345 160.492895 24.100483 1
91.500168 145.453861 28.818776 1
91.500168 145.453861 28.818776 1
110.718491 190.083383 11.137336 1
123.823096 194.664037 10.397751 1
123.887632 187.955369 12.456972 1
124.075604 168.415423 18.454746 1
123.351705 161.008741 21.030598 1
121.898989 146.145154 26.199770 1
121.898989 146.145154 26.199770 1
99.379206 150.315324 8.802783 1
98.337688 131.948416 11.030448 1
97.047926 109.203772 13.789075 1
96.173535 86.261838 12.073501 1
95.445750 67.166478 10.645569 1
95.436394 60.537679 25.228466 1
96.540742 59.732212 32.917098 1
113.431300 150.291605 7.410089 1
114.398527 131.954142 9.899299 1
115.596282 109.246180 12.981771 1
116.537300 86.062290 11.752888 1
117.304744 67.154779 10.750678 1
120.009119 60.719608 25.168614 1
120.325896 60.002608 32.938418 1
106.511200 151.259800 7.669000 1
106.614717 159.119218 9.040390 1
106.639834 169.326364 9.897508 1
106.656924 179.101855 10.774313 1
106.890348 203.959897 15.068035 1
107.266523 210.970655 18.012149 1
106.685754 230.365836 17.876227 1
102.530139 189.652827 11.957543 1
89.486586 193.941038 14.134008 1
89.625408 187.174121 15.988785 1
90.029750 167.464487 21.391097 1
90.660952 159.916395 23.546565 1
91.927633 144.769049 27.872112 1
91.927633 144.769049 27.872112 1
110.747474 189.728847 11.070708 1
123.852692 194.329247 10.479427 1
123.838174 187.599127 12.468409 1
123.795888 167.996697 18.261602 1
123.143806 160.581002 20.830696 1
121.835214 145.699328 25.986305 1
121.835214 145.699328 25.986305 1
99.365587 150.055846 7.225215 1
98.371521 131.789852 10.184242 1
97.140520 109.170174 13.848551 1
96.218204 86.230466 12.128312 1
95.450529 67.136959 10.696497 1
95.567428 60.569975 25.306871 1
96.739653 59.796475 32.988733 1
113.400333 150.142432 5.669606 1
114.382242 131.889538 8.712956 1
115.598178 109.286302 12.481641 1
116.531157 86.089484 11.519550 1
117.292045 67.171430 10.734922 1
119.994070 60.858215 25.207113 1
120.315368 60.209230 32.982709 1
106.454700 150.820400 5.661400 1
106.551359 158.622225 7.329952 1
106.579102 168.781259 8.639285 1
106.643372 178.490660 10.072017 1
107.133838 202.986247 16.083540 1
107.446627 209.917439 19.217356 1
106.862477 229.307868 19.663262 1
102.618238 188.963310 12.040596 1
89.660969 193.313846 14.578718 1
89.848554 186.482585 16.175379 1
90.394922 166.585540 20.825885 1
91.157502 158.970527 22.682817 1
92.687828 143.688884 26.409267 1
92.687828 143.688884 26.409267 1
110.824306 189.040864 11.055068 1
123.895902 193.760432 10.709959 1
123.821410 186.980138 12.519061 1
123.604442 167.231571 17.788326 1
122.887446 159.845807 20.425445 1
121.448583 145.024199 25.717566 1
121.448583 145.024199 25.717566 1
99.307818 149.609146 5.259929 1
98.390568 131.518384 9.168063 1
97.254694 109.115704 14.007697 1
96.247819 86.178442 12.302315 1
95.409763 67.086971 10.882868 1
95.662119 60.609622 25.531492 1
96.910125 59.881211 33.205821 1
113.321836 149.804143 3.536336 1
114.325618 131.694471 7.334555 1
115.568640 109.268592 12.038023 1
116.503398 86.061448 11.372327 1
117.265735 67.134974 10.829421 1
119.916221 60.842059 25.319973 1
120.231786 60.212916 33.097434 1
106.313600 150.058300 3.310600 1
106.439173 157.768701 5.358972 1
106.513880 167.840043 7.225412 1
106.649611 177.430688 9.306377 1
107.399746 201.367502 17.236004 1
107.650643 208.170590 20.644097 1
107.147919 227.521127 21.997911 1
102.731887 187.748074 12.127082 1
89.857115 192.097470 15.056768 1
90.068318 185.199336 16.330259 1
90.683479 165.107514 20.039487 1
91.598192 157.439477 21.583073 1
93.433817 142.051427 24.680708 1
93.433817 142.051427 24.680708 1
110.931815 187.833879 11.092361 1
124.007162 192.555538 11.056408 1
123.896635 185.723424 12.656655 1
123.574711 165.823925 17.317600 1
122.759494 158.465818 20.003056 1
121.123524 143.699712 25.392178 1
121.123524 143.699712 25.392178 1
99.161661 148.885772 2.884935 1
98.262889 131.094450 7.989015 1
97.149896 109.062583 14.309648 1
96.175896 86.125689 12.580385 1
95.365203 67.034526 11.141060 1
95.621170 60.589176 25.803730 1
96.859777 59.882225 33.481587 1
113.167854 149.130529 1.104997 1
114.272800 131.327148 6.126249 1
115.641098 109.280560 12.344245 1
116.560950 86.074649 11.617600 1
117.311132 67.149179 11.024989 1
119.974657 60.922236 25.541626 1
120.296618 60.328235 33.321588 1
106.099800 148.848600 0.733300 1
106.241814 156.428452 3.220781 1
106.355346 166.359213 5.728407 1
106.556198 175.758848 8.545471 1
107.540286 198.868817 18.613918 1
107.799453 205.507380 22.331763 1
107.361424 224.750671 24.787917 1
102.739373 185.814910 12.295251 1
90.030459 190.328586 15.667236 1
90.233844 183.363949 16.505749 1
90.826235 163.078427 18.948045 1
91.941615 155.423628 20.423891 1
94.179933 140.062143 23.385588 1
94.179933 140.062143 23.385588 1
110.939505 185.915254 11.263454 1
124.003107 190.650277 11.689938 1
123.872204 183.749877 12.961992 1
123.490931 163.651482 16.667028 1
122.447161 156.344752 19.412976 1
120.352535 141.681748 24.923492 1
120.352535 141.681748 24.923492 1
98.945744 147.724188 0.222013 1
97.979664 130.380959 6.677218 1
96.783320 108.903988 14.671016 1
95.915224 85.956581 13.026927 1
95.192677 66.856666 11.658496 1
95.372800 60.179738 26.218308 1
96.518581 59.372266 33.900665 1
112.957581 148.027953 -1.503578 1
114.254936 130.706035 4.951055 1
115.861500 109.255660 12.944059 1
116.711357 86.053247 12.041723 1
117.404454 67.130630 11.305827 1
120.000701 60.858710 25.815288 1
120.312667 60.250962 33.594596 1
106.019000 147.052200 -1.942000 1
106.108615 154.466538 1.004430 1
106.200419 164.203574 4.182919 1
106.456844 173.338299 7.763474 1
107.750715 195.354607 20.011772 1
107.912088 201.808458 24.046845 1
107.571502 220.874524 27.638217 1
102.780424 183.053120 12.438897 1
90.254366 187.655451 16.334595 1
90.362692 180.643837 16.610583 1
90.678209 160.221487 17.414440 1
92.072275 152.625008 18.953347 1
94.869854 137.380559 22.041592 1
94.869854 137.380559 22.041592 1
110.988818 183.108951 11.471432 1
123.985250 187.934721 12.503300 1
123.891227 180.959885 13.273759 1
123.617371 160.644687 15.517831 1
122.196318 153.446499 18.378720 1
119.344568 139.001314 24.119896 1
119.344568 139.001314 24.119896 1
98.873949 145.930996 -2.572386 1
97.776051 129.264157 5.452677 1
96.416469 108.624791 15.390507 1
95.645735 85.668004 13.831013 1
95.004227 66.560283 12.532993 1
94.979602 59.680431 26.999126 1
95.956440 58.787946 34.695403 1
112.895830 146.398562 -4.175430 1
114.331000 129.727410 3.787438 1
116.108226 109.082903 13.648145 1
116.889523 85.884624 12.590848 1
117.526707 66.965379 11.728575 1
119.921752 60.597012 26.230630 1
120.159165 59.950384 34.009435 1
105.935000 145.010400 -4.588000 1
105.989521 152.238835 -1.210333 1
106.074477 161.745396 2.602695 1
106.393241 170.562673 6.901920 1
108.012189 191.310125 21.161478 1
108.021285 197.528557 25.553638 1
107.644576 216.362902 30.207061 1
102.859361 179.843679 12.481167 1
90.390157 184.226798 16.790143 1
90.253037 177.222614 16.373909 1
89.853658 156.821907 15.161565 1
91.667963 149.379963 16.990201 1
95.308869 134.445631 20.659869 1
95.308869 134.445631 20.659869 1
111.065990 179.879099 11.497899 1
124.008934 184.679251 13.140693 1
124.029493 177.665034 13.366757 1
124.089374 157.235129 14.025198 1
122.223732 150.213676 17.064370 1
118.479790 136.123161 23.163322 1
118.479790 136.123161 23.163322 1
98.795973 143.905636 -5.309130 1
97.637542 128.146065 4.369946 1
96.203001 108.630215 16.356022 1
95.481042 85.684493 14.620298 1
94.880131 66.585981 13.175595 1
94.582688 59.700575 27.636047 1
95.410720 58.806366 35.349553 1
112.821620 144.511008 -6.831060 1
114.312137 128.659174 2.650078 1
116.157903 109.029256 14.390915 1
116.996036 85.840080 13.187556 1
117.679572 66.928258 12.206163 1
119.940629 60.454968 26.683251 1
120.114192 59.755058 34.459131 1
105.877500 142.537100 -7.254810 1
105.965831 149.561468 -3.471645 1
106.102724 158.809742 0.929694 1
106.489944 167.281004 5.871060 1
108.338046 186.713687 21.851300 1
108.137736 192.699613 26.551154 1
107.843492 211.236405 32.280862 1
103.052919 176.065640 12.256232 1
90.547280 180.253707 16.652721 1
90.151254 173.331943 15.565071 1
88.997773 153.171294 12.397131 1
91.254899 145.932649 14.524465 1
95.784449 131.406294 18.793554 1
95.784449 131.406294 18.793554 1
111.252208 176.141547 11.215684 1
124.045532 181.079085 13.498581 1
124.362579 174.079899 13.096515 1
125.286022 153.693777 11.925442 1
122.752455 146.968808 15.146284 1
117.668135 133.473272 21.609806 1
117.668135 133.473272 21.609806 1
98.732953 141.500886 -8.021587 1
97.643644 126.790453 3.194791 1
96.294700 108.573802 17.084582 1
95.528591 85.639477 15.221813 1
94.890932 66.550451 13.671367 1
94.492803 59.664995 28.129373 1
95.267231 58.770715 35.848437 1
112.757633 142.141278 -9.538083 1
114.297021 127.261788 1.399253 1
116.203305 108.835961 14.943356 1
117.062263 85.647225 13.746195 1
117.762783 66.735764 12.769856 1
119.958357 60.081919 27.174985 1
120.128637 59.296608 34.942778 1
105.814400 139.921900 -9.709080 1
105.931648 146.749748 -5.582505 1
106.109627 155.747047 -0.689853 1
106.536583 163.891509 4.770436 1
108.467186 182.130677 22.091472 1
108.201878 187.900927 27.050694 1
108.047306 205.981483 34.093306 1
103.140572 172.230128 11.748111 1
90.640559 176.239762 16.323322 1
89.967922 169.467059 14.611977 1
88.008771 149.740575 9.627434 1
90.625774 142.670755 11.904951 1
95.877518 128.483193 16.475423 1
95.877518 128.483193 16.475423 1
111.344536 172.313693 10.745702 1
124.097507 177.151550 13.432135 1
124.544069 170.197035 12.603828 1
125.844742 149.941026 10.191268 1
122.927237 143.428547 13.522000 1
117.072436 130.359432 20.206046 1
117.072436 130.359432 20.206046 1
98.665920 138.959306 -10.533028 1
97.662429 125.385872 2.042562 1
96.419756 108.577222 17.615531 1
95.598861 85.648997 15.701702 1
94.915602 66.565048 14.108755 1
94.377296 59.679737 28.562290 1
95.076511 58.785650 36.288552 1
112.695276 139.606582 -12.002627 1
114.226592 125.802770 0.265385 1
116.122880 108.708994 15.457312 1
117.021909 85.519716 14.300760 1
117.755109 66.607813 13.357540 1
119.844789 59.769188 27.691709 1
119.995183 58.897265 35.450668 1
105.817300 137.247900 -11.886560 1
105.930190 143.939540 -7.542473 1
106.113246 152.747039 -2.316045 1
106.554424 160.618065 3.530461 1
108.534302 177.799519 21.895930 1
108.242102 183.302704 27.148514 1
108.231926 200.898633 35.328489 1
103.183358 168.550618 10.977870 1
90.725891 172.530711 15.692786 1
89.831055 165.954887 13.410584 1
87.224716 146.801838 6.763340 1
90.132096 139.934961 9.295391 1
95.966561 126.154659 14.376655 1
95.966561 126.154659 14.376655 1
111.390116 168.650088 10.000089 1
123.960339 173.679582 13.155042 1
124.598752 166.814376 11.846549 1
126.458218 146.818489 8.035376 1
123.077306 140.534847 11.367531 1
116.292548 127.924957 18.054433 1
116.292548 127.924957 18.054433 1
98.670875 136.332287 -12.779027 1
97.699740 123.930465 0.955683 1
96.497137 108.572680 17.964050 1
95.584811 85.643381 16.105276 1
94.825451 66.558539 14.558155 1
94.079506 59.673046 29.002375 1
94.667915 58.778759 36.737842 1
112.709636 136.986993 -14.152365 1
114.174494 124.323983 -0.702583 1
115.988485 108.642903 15.952774 1
116.984188 85.467638 14.609587 1
117.796230 66.567163 13.514157 1
119.841380 59.683102 27.832992 1
119.971678 58.787965 35.589669 1
105.868500 134.481800 -13.940700 1
105.956205 141.033636 -9.387938 1
106.117439 149.653810 -3.857324 1
106.548327 157.274240 2.312984 1
108.525864 173.542427 21.492353 1
108.260334 178.834150 26.959273 1
108.338102 195.968486 36.066265 1
103.177962 164.842743 10.130387 1
90.781358 168.782032 15.036126 1
89.644868 162.491734 12.139372 1
86.334675 144.170322 3.702155 1
89.786722 137.622065 6.389505 1
96.714213 124.481164 11.782421 1
96.714213 124.481164 11.782421 1
111.386543 164.974857 9.171960 1
123.841936 169.969149 12.802425 1
124.775072 163.274938 10.913623 1
127.492963 143.777098 5.412219 1
123.528474 137.775421 8.618569 1
115.572605 125.731372 15.053007 1
115.572605 125.731372 15.053007 1
98.727449 133.597128 -14.904540 1
97.681598 122.430603 -0.153084 1
96.386470 108.602546 18.114369 1
95.476109 85.661348 16.407681 1
94.718384 66.566602 14.987146 1
93.690490 59.681250 29.414111 1
94.127682 58.787051 37.159606 1
112.774342 134.289832 -16.172007 1
114.179592 122.817588 -1.687286 1
115.919767 108.611077 16.249675 1
116.982259 85.445015 14.802911 1
117.848770 66.552044 13.623010 1
119.855210 59.666538 27.946625 1
119.969664 58.772380 35.703666 1
105.962100 131.916800 -15.911562 1
105.974484 138.413629 -11.279829 1
106.062810 146.944594 -5.610973 1
106.465369 154.414946 0.742065 1
108.460646 170.054473 20.435639 1
108.233225 175.041430 26.183559 1
108.309476 191.885336 35.817138 1
103.106874 161.747487 8.786178 1
90.761912 165.741627 13.777051 1
89.432044 159.671420 10.515965 1
85.558608 141.991057 1.017577 1
89.199205 135.624833 3.887315 1
96.505073 122.849233 9.646245 1
96.505073 122.849233 9.646245 1
111.319031 161.869227 7.857475 1
123.678856 166.851173 11.816640 1
124.870390 160.362405 9.423542 1
128.340900 141.462948 2.453306 1
123.874681 135.741806 5.509353 1
114.911954 124.260732 11.642165 1
114.911954 124.260732 11.642165 1
98.833832 130.994841 -16.933336 1
97.711879 120.997450 -1.371076 1
96.322510 108.617191 17.900436 1
95.460099 85.653596 16.496982 1
94.742285 66.540208 15.328838 1
93.404918 59.654706 29.730340 1
93.675857 58.760382 37.483417 1
112.883580 131.799192 -18.099146 1
114.276384 121.430944 -2.803599 1
116.001148 108.591552 16.137441 1
117.041811 85.415883 14.835968 1
117.890520 66.515077 13.774558 1
119.895416 59.629619 28.098412 1
120.008839 58.735420 35.855464 1
106.012700 129.524900 -17.815470 1
105.959027 135.992103 -13.142753 1
105.986007 144.474905 -7.401460 1
106.370562 151.863032 -0.951885 1
108.412487 167.153617 19.009109 1
108.108250 172.059361 24.822987 1
108.313383 188.582215 34.995599 1
103.035606 159.072586 7.212292 1
90.751623 163.208215 12.238262 1
89.236268 157.352209 8.679957 1
84.822579 140.295737 -1.684127 1
88.670950 134.113521 1.313936 1
96.393778 121.707183 7.330384 1
96.393778 121.707183 7.330384 1
111.249499 159.171453 6.296311 1
123.561019 164.114607 10.449834 1
124.987083 157.834428 7.661201 1
129.140698 139.542517 -0.461090 1
124.441822 134.086459 2.727950 1
115.012201 123.137347 9.127648 1
115.012201 123.137347 9.127648 1
98.896302 128.568533 -18.887139 1
97.767923 119.678079 -2.667486 1
96.370597 108.668595 17.418107 1
95.462429 85.683566 16.467416 1
94.706530 66.552338 15.676122 1
93.140596 59.667053 30.054670 1
93.288162 58.772916 37.811098 1
112.948068 129.460962 -19.960888 1
114.279559 120.143879 -3.998014 1
115.928395 108.606183 15.769401 1
117.023398 85.420211 14.720535 1
117.916423 66.511003 13.865138 1
119.898488 59.625539 28.192167 1
119.999407 58.731287 35.949385 1
105.955600 127.228500 -19.657500 1
105.891858 133.706353 -14.999685 1
105.908549 142.200071 -9.274516 1
106.287269 149.595695 -2.833193 1
108.319678 164.893460 17.123272 1
108.053739 169.808218 22.931411 1
108.311236 186.253060 33.228482 1
102.949261 156.811831 5.323920 1
90.732527 161.086545 10.397212 1
89.053941 155.420179 6.612336 1
84.164814 138.916061 -4.411668 1
88.221271 132.923919 -1.304011 1
96.361681 120.899019 4.932369 1
96.361681 120.899019 4.932369 1
111.164282 156.903106 4.417317 1
123.396011 161.997402 8.623620 1
125.009786 155.859902 5.627353 1
129.710133 137.983565 -3.099698 1
124.922487 132.701617 0.246564 1
115.314725 122.101908 6.961771 1
115.314725 122.101908 6.961771 1
98.840806 126.260058 -20.728980 1
97.727263 118.408499 -3.980739 1
96.348308 108.685528 16.759432 1
95.478739 85.682773 16.362924 1
94.754968 66.536791 16.032897 1
93.018796 59.641975 30.387310 1
93.074425 58.742701 38.144348 1
112.891662 127.168998 -21.800803 1
114.175884 118.883445 -5.275228 1
115.766187 108.623130 15.189001 1
116.943092 85.426535 14.539917 1
117.902912 66.508663 14.010560 1
119.932814 59.623438 28.331004 1
120.059477 58.729261 36.087853 1
105.851100 125.024600 -21.352900 1
105.744156 131.595029 -16.827427 1
105.710650 140.197267 -11.266719 1
106.057654 147.704144 -4.953582 1
108.057290 163.309153 14.766913 1
107.939239 168.354809 20.466691 1
108.117576 184.977574 30.475722 1
102.703080 155.031984 3.096449 1
90.570886 159.443117 8.255114 1
88.786843 153.877542 4.370246 1
83.590560 137.666990 -6.944999 1
87.844555 131.857414 -3.755877 1
96.381379 120.198884 2.643986 1
96.381379 120.198884 2.643986 1
110.916934 155.136637 2.180761 1
123.109902 160.423256 6.260373 1
124.892996 154.337321 3.254919 1
130.086509 136.611172 -5.498890 1
125.134798 131.542843 -2.062236 1
115.197794 121.371820 4.834369 1
115.197794 121.371820 4.834369 1
98.743252 123.991938 -22.410420 1
97.679359 117.195587 -5.203785 1
96.361888 108.779332 16.104036 1
95.453594 85.774750 16.169880 1
94.697590 66.627248 16.224683 1
92.798039 59.902255 30.638848 1
92.765479 59.094630 38.406093 1
112.789427 124.963316 -23.488809 1
114.095758 117.673690 -6.502075 1
115.713439 108.646669 14.533223 1
116.869038 85.441810 14.237293 1
117.811482 66.517200 13.995949 1
119.930942 59.636368 28.305526 1
120.106369 58.744652 36.061708 1
105.753500 122.809600 -22.878050 1
105.598130 129.534869 -18.587538 1
105.510598 138.328133 -13.334734 1
105.833528 146.056224 -7.293074 1
107.853846 162.360575 11.851095 1
107.735904 167.666213 17.309697 1
107.829656 184.677381 26.644589 1
102.483387 153.651787 0.506757 1
90.378483 158.203412 5.607155 1
88.519439 152.591519 1.825456 1
83.104703 136.246061 -9.189297 1
87.495696 130.610225 -5.876492 1
96.307445 119.300351 0.771574 1
96.307445 119.300351 0.771574 1
110.692583 153.757569 -0.449665 1
122.854216 159.246579 3.452324 1
124.766326 153.128629 0.594824 1
130.335619 135.309233 -7.728050 1
125.312726 130.428456 -4.127140 1
115.232875 120.633808 3.099090 1
115.232875 120.633808 3.099090 1
98.652796 121.677570 -23.880425 1
97.600751 115.962013 -6.284512 1
96.297952 108.884158 15.505372 1
95.434344 85.882723 15.983176 1
94.715533 66.737840 16.380868 1
92.615250 60.232512 30.867810 1
92.475185 59.542874 38.645226 1
112.687354 122.733905 -25.027977 1
114.097861 116.479863 -7.641439 1
115.844547 108.735243 13.888951 1
116.955868 85.526363 13.924741 1
117.862202 66.598472 13.953929 1
120.142182 59.887271 28.319284 1
120.403610 59.087065 36.083022 1
105.717800 120.554800 -24.180810 1
105.492467 127.494759 -20.250406 1
105.322536 136.552218 -15.469751 1
105.605300 144.594176 -9.850474 1
107.653362 161.917325 8.373870 1
107.496617 167.543547 13.500380 1
107.487786 185.037317 21.896615 1
102.256957 152.562174 -2.430703 1
90.179974 157.337661 2.529261 1
88.317028 151.537346 -0.954476 1
82.890929 134.643084 -11.101370 1
87.295836 129.175785 -7.534357 1
96.135507 118.204128 -0.376152 1
96.135507 118.204128 -0.376152 1
110.454250 152.697823 -3.480860 1
122.524912 158.550414 0.166923 1
124.499246 152.294615 -2.326622 1
130.249772 134.073714 -9.589426 1
125.227849 129.364094 -5.766107 1
115.149945 119.912921 1.906448 1
115.149945 119.912921 1.906448 1
98.628030 119.272485 -25.073599 1
97.557856 114.671171 -7.155084 1
96.232606 108.973137 15.034293 1
95.470867 85.978538 15.875884 1
94.836847 66.839344 16.576369 1
92.480003 60.535668 31.112906 1
92.203446 59.953767 38.895472 1
112.638851 120.462149 -26.370949 1
114.189535 115.260922 -8.652685 1
116.109808 108.820044 13.288495 1
117.088058 85.607598 13.625952 1
117.885865 66.676801 13.901163 1
120.363683 60.132197 28.310554 1
120.730701 59.421504 36.078727 1
105.643000 118.265900 -25.342190 1
105.345003 125.434906 -21.852429 1
105.089374 134.778425 -17.662630 1
105.328829 143.184892 -12.602661 1
107.393313 161.775240 4.325115 1
107.181088 167.761223 9.024373 1
107.165304 185.716519 16.382085 1
101.978821 151.629538 -5.731068 1
89.955733 156.601899 -0.834027 1
88.074951 150.553557 -3.855759 1
82.596901 132.936879 -12.656994 1
87.019450 127.692672 -8.789502 1
95.894524 117.168711 -1.028300 1
95.894524 117.168711 -1.028300 1
110.163527 151.762688 -6.875489 1
122.191563 157.943474 -3.653025 1
124.236390 151.505573 -5.556415 1
130.192236 132.754272 -11.100308 1
125.176913 128.220726 -7.061559 1
115.112255 119.122893 1.043317 1
115.112255 119.122893 1.043317 1
98.566371 116.828725 -26.091918 1
97.482343 113.339440 -7.924906 1
96.139938 109.018486 14.572197 1
95.440335 86.035716 15.731048 1
94.858032 66.906367 16.695599 1
92.246970 60.761714 31.256765 1
91.835826 60.264383 39.039248 1
112.547634 118.135066 -27.581644 1
114.241411 113.994855 -9.598763 1
116.338880 108.867872 12.670104 1
117.171168 85.654029 13.229821 1
117.849937 66.722092 13.686295 1
120.559833 60.301905 28.109874 1
121.050756 59.657856 35.877016 1
105.383900 115.741800 -26.430500 1
105.086518 123.127686 -23.426813 1
104.821577 132.744596 -19.910288 1
105.038167 141.527067 -15.534148 1
107.039123 161.544085 -0.311535 1
106.776940 167.883955 3.895288 1
106.779880 186.188708 10.334605 1
101.654410 150.511503 -9.403610 1
89.635315 155.836295 -4.881664 1
87.754238 149.499485 -7.238999 1
82.275327 131.042602 -14.105083 1
86.861340 126.112876 -10.020424 1
96.064451 116.220011 -1.823418 1
96.064451 116.220011 -1.823418 1
109.830177 150.614117 -10.613217 1
121.778546 157.192623 -7.926252 1
123.855617 150.585711 -9.059950 1
129.905380 131.342143 -12.362007 1
124.852916 127.018419 -8.143475 1
114.713722 118.341653 0.322186 1
114.713722 118.341653 0.322186 1
98.307076 114.253386 -27.070357 1
97.387824 111.927548 -8.709094 1
96.249469 109.047349 14.028561 1
95.447218 86.087784 15.530185 1
94.779477 66.977750 16.780039 1
92.066827 60.963674 31.377106 1
91.602553 60.535662 39.160722 1
112.284854 115.465960 -28.668128 1
114.160978 112.537563 -10.466510 1
116.484254 108.911213 12.073227 1
117.289387 85.702073 12.832218 1
117.946010 66.773972 13.451210 1
120.990472 60.434536 27.843735 1
121.660356 59.833550 35.600949 1
104.996300 113.644400 -27.494300 1
104.776083 121.216603 -24.989280 1
104.586627 131.060885 -22.165219 1
104.819052 140.164264 -18.504100 1
106.706681 161.457352 -5.108056 1
106.526503 168.047206 -1.299984 1
106.573094 186.717076 3.987984 1
101.389335 149.654511 -13.219627 1
89.288801 155.225496 -9.244550 1
87.453943 148.612987 -10.713786 1
82.109655 129.353087 -14.993151 1
86.908432 124.846151 -10.671413 1
96.538512 115.801732 -1.998642 1
96.538512 115.801732 -1.998642 1
109.573144 149.657856 -14.378121 1
121.588441 156.358337 -12.379064 1
123.659262 149.658564 -12.653865 1
129.690823 130.144524 -13.454263 1
124.636432 126.099675 -8.969811 1
114.493371 117.982548 0.029495 1
114.493371 117.982548 0.029495 1
97.904485 112.196074 -28.055330 1
97.174590 110.772564 -9.593710 1
96.270725 109.009763 13.268222 1
95.426211 86.077014 15.116445 1
94.723294 66.989300 16.654785 1
92.014857 61.138121 31.318688 1
91.555243 60.795943 39.106826 1
111.898786 113.143045 -29.687602 1
113.978784 111.243073 -11.372090 1
116.554524 108.890259 11.308686 1
117.394929 85.699412 12.477780 1
118.080318 66.786228 13.431229 1
121.474498 60.658262 27.837114 1
122.329422 60.170006 35.584050 1
105.330800 113.749200 -28.790000 1
105.011314 121.489577 -26.880452 1
104.694452 131.513421 -24.796405 1
104.838760 140.846970 -21.764350 1
106.597412 162.939150 -9.712152 1
106.503773 169.821742 -6.459274 1
106.709466 188.788151 -2.365154 1
101.347762 150.611070 -17.049620 1
88.931324 155.996049 -13.872498 1
87.193290 149.239607 -14.634317 1
82.131016 129.560483 -16.853227 1
86.922607 125.380047 -12.207502 1
96.538266 116.990841 -2.884560 1
96.538266 116.990841 -2.884560 1
109.524116 150.620267 -18.259570 1
122.011976 156.633081 -17.182781 1
124.011539 149.923199 -16.703186 1
129.835552 130.379717 -15.306295 1
124.895221 126.602323 -10.474896 1
114.981056 119.021921 -0.779343 1
114.981056 119.021921 -0.779343 1
98.258760 112.140859 -29.115165 1
97.298387 110.840658 -10.655000 1
96.109111 109.230555 12.205130 1
95.290980 86.313715 14.251891 1
94.610022 67.239243 15.955480 1
91.666030 61.597440 30.655988 1
91.084147 61.365358 38.440008 1
112.206075 113.195069 -31.054901 1
114.269803 111.411564 -12.725842 1
116.825395 109.202976 9.971709 1
117.586986 86.038911 11.625351 1
118.208098 67.147570 12.973971 1
121.631800 61.381437 27.521546 1
122.495164 61.084368 35.277231 1
105.298300 113.820000 -30.267400 1
104.914980 121.653578 -28.801112 1
104.522166 131.773675 -27.268001 1
104.607787 141.248399 -24.708393 1
106.250291 163.877047 -13.678468 1
106.088520 170.983113 -10.951252 1
106.402052 190.137947 -7.865338 1
101.066734 151.203431 -20.452611 1
88.696607 156.914731 -17.691988 1
87.197025 150.066034 -18.003825 1
82.829278 130.118203 -18.912095 1
87.410223 125.973908 -14.027639 1
96.603163 117.657228 -4.225619 1
96.603163 117.657228 -4.225619 1
109.245401 151.191871 -21.646808 1
121.682484 157.335449 -20.732771 1
123.411226 150.586547 -19.887458 1
128.446430 130.929412 -17.425364 1
123.771847 127.155750 -12.333632 1
114.390976 119.582836 -2.115649 1
114.390976 119.582836 -2.115649 1
98.239762 112.137660 -30.497645 1
97.111142 110.841404 -12.046724 1
95.713516 109.236187 10.801958 1
94.834456 86.373819 13.367003 1
94.102784 67.344684 15.501977 1
91.047687 62.225656 30.370194 1
90.413714 62.266531 38.153499 1
112.178035 113.194488 -32.499937 1
114.288862 111.407442 -14.176588 1
116.902779 109.194469 8.513893 1
117.583295 86.073618 10.716534 1
118.138288 67.217520 12.512887 1
121.593720 61.876887 27.214573 1
122.464926 61.802414 34.974712 1
105.213200 113.612300 -31.445500 1
104.839173 121.495115 -30.269396 1
104.439228 131.670839 -29.166772 1
104.481413 141.268872 -27.116090 1
105.924595 164.572102 -17.561539 1
105.768072 171.708084 -14.913271 1
106.071799 190.958665 -12.494245 1
100.854013 151.448476 -23.514558 1
88.530400 157.391629 -21.051321 1
87.212733 150.499681 -20.927008 1
83.374839 130.425877 -20.564927 1
87.738344 126.342448 -15.436227 1
96.494930 118.147910 -5.144060 1
96.494930 118.147910 -5.144060 1
109.034908 151.425090 -24.693217 1
121.337189 157.858705 -23.970343 1
122.803937 151.111641 -22.714731 1
127.076048 131.459861 -19.057583 1
122.680300 127.663794 -13.739194 1
113.858992 120.045920 -3.066358 1
113.858992 120.045920 -3.066358 1
98.152682 111.930840 -31.612883 1
96.960412 110.761942 -13.157458 1
95.483966 109.314440 9.696802 1
94.622838 86.517241 12.792980 1
93.906092 67.542351 15.370036 1
90.838959 62.887050 30.387453 1
90.205741 63.166899 38.165894 1
112.091920 112.896766 -33.653999 1
114.265449 111.262493 -15.323718 1
116.957013 109.238704 7.375346 1
117.636721 86.186975 10.211585 1
118.191054 67.387249 12.524666 1
121.715145 62.432943 27.344841 1
122.615139 62.558985 35.101027 1
105.104900 113.298100 -32.258200 1
104.728607 121.231371 -31.494327 1
104.308316 131.450982 -30.942971 1
104.290046 141.151259 -29.448442 1
105.458894 165.008643 -21.332298 1
105.404706 172.143129 -18.675944 1
105.718661 191.447187 -16.730800 1
100.548779 151.502360 -26.513989 1
88.052956 157.235553 -24.453662 1
86.913575 150.342636 -23.790231 1
83.594965 130.266007 -21.857890 1
87.823477 126.322184 -16.511481 1
96.309162 118.407807 -5.782422 1
96.309162 118.407807 -5.782422 1
108.740826 151.474669 -27.612369 1
121.224350 157.587197 -27.370187 1
122.537917 150.930382 -25.577944 1
126.363866 131.541463 -20.357783 1
122.218884 127.813125 -14.795714 1
113.900807 120.331166 -3.633867 1
113.900807 120.331166 -3.633867 1
98.044595 111.610858 -32.365641 1
96.870171 110.592398 -13.900159 1
95.415824 109.331188 8.966554 1
94.556827 86.572954 12.337758 1
93.841854 67.630495 15.143726 1
90.767807 63.193063 30.225549 1
90.134154 63.584369 37.999144 1
111.991957 112.468269 -34.399708 1
114.199065 111.040315 -16.056211 1
116.932211 109.272019 6.659219 1
117.653155 86.257671 9.775062 1
118.241118 67.488430 12.316172 1
121.854910 62.755151 27.186899 1
122.797092 62.994996 34.935387 1
104.990400 112.850500 -32.806600 1
104.562520 120.812171 -32.505617 1
104.077014 131.043735 -32.527495 1
103.984565 140.807779 -31.535416 1
104.923144 165.030929 -24.551805 1
104.951714 172.196764 -21.980804 1
105.162894 191.544511 -20.514892 1
100.148379 151.258858 -29.124603 1
87.550984 156.888023 -27.428076 1
86.643437 150.034032 -26.223998 1
84.000074 130.070782 -22.716945 1
88.098251 126.212553 -17.209027 1
96.322383 118.469944 -6.155855 1
96.322383 118.469944 -6.155855 1
108.349040 151.238713 -30.156877 1
121.023620 156.946979 -30.332247 1
122.197935 150.418418 -28.041034 1
125.618293 131.403058 -21.367551 1
121.773006 127.777915 -15.528879 1
114.056350 120.503047 -3.811948 1
114.056350 120.503047 -3.811948 1
97.940972 111.116216 -32.870341 1
96.803014 110.317767 -14.391756 1
95.393824 109.329009 8.491182 1
94.517600 86.593370 12.007298 1
93.788289 67.669718 14.933882 1
90.663844 63.384760 30.049401 1
90.006384 63.853780 37.816717 1
111.899013 111.940960 -34.843766 1
114.146737 110.737986 -16.489071 1
116.930180 109.248290 6.240228 1
117.622475 86.252190 9.494236 1
118.187073 67.497831 12.148026 1
121.875357 62.821142 27.018369 1
122.855031 63.090008 34.761253 1
104.835100 112.591400 -33.117100 1
104.391791 120.556106 -33.286839 1
103.888564 130.770035 -33.872941 1
103.768377 140.569687 -33.342187 1
104.593943 165.051135 -27.309783 1
104.618784 172.248395 -24.828073 1
104.679895 191.630938 -23.910415 1
99.888413 151.097226 -31.374907 1
87.242419 156.671057 -29.867827 1
86.586566 149.877641 -28.233817 1
84.676300 130.090823 -23.474525 1
88.627403 126.403717 -17.746334 1
96.556390 119.004514 -6.251122 1
96.556390 119.004514 -6.251122 1
108.097120 151.058353 -32.340550 1
120.746777 156.803299 -32.832277 1
121.738610 150.395827 -30.146882 1
124.627462 131.733155 -22.325286 1
121.122122 128.195385 -16.224896 1
114.087666 121.095855 -3.982754 1
114.087666 121.095855 -3.982754 1
97.789273 110.841493 -33.136832 1
96.790718 110.146934 -14.645996 1
95.554158 109.286827 8.252115 1
94.548769 86.564831 11.821458 1
93.711950 67.652534 14.792345 1
90.628352 63.308975 29.899524 1
89.990910 63.748216 37.670248 1
111.761860 111.578619 -35.040773 1
114.067912 110.584051 -16.680838 1
116.923584 109.352433 6.054949 1
117.689468 86.379711 9.454353 1
118.314081 67.644419 12.226720 1
122.105832 63.084224 27.107217 1
123.136800 63.412812 34.841132 1
104.687600 112.584900 -33.432000 1
104.251847 120.529560 -34.027303 1
103.752581 130.702496 -35.115051 1
103.616094 140.515396 -34.982036 1
104.343572 165.179943 -29.733835 1
104.370265 172.463587 -27.518464 1
104.268112 191.862077 -27.052672 1
99.696268 151.087935 -33.366561 1
87.128305 156.895398 -32.109690 1
86.732631 150.170714 -30.141773 1
85.580177 130.584088 -24.409924 1
89.259686 127.071130 -18.398395 1
96.643644 120.021401 -6.334589 1
96.643644 120.021401 -6.334589 1
107.908499 151.044670 -34.301564 1
120.435965 157.009439 -35.164205 1
121.214367 150.710740 -32.168999 1
123.481574 132.364884 -23.445039 1
120.285803 128.899508 -17.136615 1
113.872585 121.945257 -4.476996 1
113.872585 121.945257 -4.476996 1
97.640529 110.840251 -33.397046 1
96.764562 110.152008 -14.899761 1
95.679810 109.299723 8.006335 1
94.609008 86.596612 11.675425 1
93.717742 67.700033 14.729335 1
90.711207 63.475971 29.885852 1
90.115167 63.975928 37.656193 1
111.623817 111.467517 -35.261370 1
113.964788 110.479671 -16.905491 1
116.863702 109.256376 5.825272 1
117.710737 86.310627 9.383862 1
118.401534 67.597331 12.286053 1
122.280641 63.159634 27.181063 1
123.354087 63.550819 34.906280 1
104.685300 112.663100 -33.707700 1
104.218141 120.576677 -34.612657 1
103.680874 130.698818 -36.087343 1
103.501005 140.509409 -36.309292 1
104.098420 165.342613 -31.908399 1
104.206525 172.676839 -29.869407 1
103.996440 192.079679 -29.749114 1
99.527780 151.112900 -35.071207 1
87.009237 157.056047 -33.964348 1
86.825656 150.408916 -31.721006 1
86.290951 131.048176 -25.186942 1
89.748336 127.582931 -19.017930 1
96.686538 120.628951 -6.638090 1
96.686538 120.628951 -6.638090 1
107.743434 151.075584 -35.975901 1
120.237717 157.062452 -37.120608 1
120.856964 150.895965 -33.827927 1
122.660611 132.935197 -24.237525 1
119.710705 129.499850 -17.794355 1
113.790884 122.605862 -4.864329 1
113.790884 122.605862 -4.864329 1
97.645988 110.887970 -33.650771 1
96.902232 110.166147 -15.148977 1
95.981201 109.272278 7.762702 1
94.815988 86.585387 11.502670 1
93.846141 67.702309 14.615574 1
90.912809 63.544420 29.804698 1
90.355285 64.077904 37.575668 1
111.638400 111.508492 -35.447677 1
113.965133 110.495523 -17.091358 1
116.846414 109.241119 5.639952 1
117.728663 86.306929 9.263903 1
118.448176 67.603060 12.219399 1
122.325934 63.232147 27.134494 1
123.397240 63.657440 34.858206 1
104.578300 112.803600 -33.802600 1
104.094907 120.679382 -34.985932 1
103.537630 130.743776 -36.807610 1
103.335861 140.541594 -37.347391 1
103.864823 165.498720 -33.703925 1
103.988523 172.892825 -31.895071 1
103.724046 192.294450 -32.084346 1
99.335266 151.168582 -36.444196 1
86.811809 157.142425 -35.586136 1
86.785432 150.592226 -33.067241 1
86.708606 131.513814 -25.730591 1
90.069370 128.037492 -19.514596 1
96.813678 121.061285 -7.040471 1
96.813678 121.061285 -7.040471 1
107.553533 151.122904 -37.324444 1
120.007450 157.133701 -38.749330 1
120.462545 151.119948 -35.160676 1
121.788075 133.604037 -24.708213 1
119.078144 130.120790 -18.185848 1
113.639898 123.130676 -5.096894 1
113.639898 123.130676 -5.096894 1
97.542931 111.015190 -33.695789 1
96.889415 110.236271 -15.192904 1
96.080134 109.271697 7.720127 1
94.870552 86.586168 11.454262 1
93.863775 67.704223 14.562311 1
90.984067 63.546825 29.761827 1
90.453618 64.080685 37.534666 1
111.537206 111.604749 -35.488609 1
113.850105 110.543794 -17.133252 1
116.714256 109.229966 5.596866 1
117.628935 86.307633 9.287192 1
118.374897 67.613436 12.296819 1
122.264161 63.261348 27.214423 1
123.340986 63.696235 34.936833 1
104.529800 112.991900 -33.673300 1
104.059510 120.826220 -35.110013 1
103.516767 130.829976 -37.243412 1
103.319993 140.608347 -38.064423 1
103.836523 165.653246 -35.081307 1
103.925887 173.103123 -33.515611 1
103.634458 192.498877 -34.014222 1
99.315332 151.254412 -37.450111 1
86.699465 157.063870 -36.858383 1
86.772124 150.626458 -34.064624 1
86.983754 131.876556 -25.927394 1
90.279234 128.423353 -19.663741 1
96.892530 121.493541 -7.093978 1
96.892530 121.493541 -7.093978 1
107.535252 151.187713 -38.313424 1
119.975228 157.168550 -39.967691 1
120.309648 151.280587 -36.163636 1
121.283692 134.131060 -25.083787 1
118.760289 130.647233 -18.487320 1
113.696364 123.655956 -5.249660 1
113.696364 123.655956 -5.249660 1
97.492084 111.214945 -33.534644 1
96.888404 110.348664 -15.033950 1
96.140837 109.275904 7.876368 1
94.910885 86.581342 11.548450 1
93.887154 67.691879 14.604849 1
91.046245 63.481618 29.797113 1
90.535025 63.988652 37.573037 1
111.493331 111.732619 -35.294931 1
113.823821 110.619089 -16.944914 1
116.709755 109.240155 5.778591 1
117.652034 86.314510 9.441289 1
118.420505 67.617610 12.428384 1
122.366062 63.253308 27.327626 1
123.472200 63.681926 35.046242 1
104.480800 113.137900 -33.450900 1
104.040295 120.937179 -35.075426 1
103.529942 130.888823 -37.447222 1
103.346006 140.645339 -38.498831 1
103.849558 165.753382 -36.101880 1
103.896162 173.243268 -34.738249 1
103.563069 192.629637 -35.504108 1
99.336545 151.301205 -38.138080 1
86.629524 156.924879 -37.730719 1
86.766544 150.591672 -34.710396 1
87.165636 132.145281 -25.913265 1
90.335050 128.713413 -19.573294 1
96.695360 121.826414 -6.850375 1
96.695360 121.826414 -6.850375 1
107.557428 151.217727 -38.990695 1
120.040075 157.074585 -40.762922 1
120.302952 151.283695 -36.807258 1
121.068618 134.416908 -25.285827 1
118.714977 130.957951 -18.613948 1
113.991726 124.016583 -5.224951 1
113.991726 124.016583 -5.224951 1
97.437308 111.384709 -33.303325 1
96.841460 110.440945 -14.806168 1
96.103593 109.272236 8.099771 1
94.878290 86.566306 11.702478 1
93.858428 67.667382 14.701135 1
91.020179 63.378751 29.871960 1
90.509573 63.845903 37.650422 1
111.448059 111.820704 -35.009275 1
113.822791 110.671946 -16.667103 1
116.763512 109.249388 6.046687 1
117.712239 86.306939 9.600892 1
118.485969 67.596334 12.499507 1
122.507227 63.158425 27.356708 1
123.654388 63.549482 35.071330 1
104.482200 113.215200 -33.251800 1
104.056828 120.999803 -34.949119 1
103.559786 130.924444 -37.434187 1
103.374995 140.663475 -38.636868 1
103.843925 165.814402 -36.733263 1
103.896387 173.326881 -35.500394 1
103.499843 192.703653 -36.455516 1
99.350661 151.318745 -38.484068 1
86.629559 156.921035 -38.265109 1
86.790978 150.673637 -35.072211 1
87.261139 132.477179 -25.772427 1
90.341986 129.031858 -19.396198 1
96.524561 122.117865 -6.600519 1
96.524561 122.117865 -6.600519 1
107.571414 151.230059 -39.337410 1
120.158194 156.804609 -41.275809 1
120.367975 151.137436 -37.141813 1
120.978991 134.630990 -25.100965 1
118.741198 131.147392 -18.402098 1
114.250432 124.156576 -4.958942 1
114.250432 124.156576 -4.958942 1
97.435687 111.474565 -33.099849 1
96.804436 110.492445 -14.605863 1
96.022726 109.276238 8.296148 1
94.814919 86.556621 11.817555 1
93.809621 67.646304 14.748544 1
90.945932 63.299023 29.897880 1
90.422001 63.736177 37.677200 1
111.449937 111.872653 -34.786223 1
113.854217 110.696893 -16.449612 1
116.831528 109.240898 6.257291 1
117.799340 86.292421 9.767167 1
118.588635 67.576902 12.629629 1
122.651521 63.081462 27.458180 1
123.821796 63.443137 35.170764 1
104.487200 113.207000 -33.127400 1
104.062789 121.002680 -34.773345 1
103.563097 130.930485 -37.245205 1
103.369711 140.657860 -38.537526 1
103.803474 165.842118 -37.131192 1
103.872991 173.351436 -35.880052 1
103.460562 192.720616 -36.972573 1
99.329882 151.308225 -38.591250 1
86.562815 156.804479 -38.360465 1
86.728176 150.611869 -35.062755 1
87.209815 132.574992 -25.457694 1
90.255199 129.081620 -19.090581 1
96.366607 122.071196 -6.313195 1
96.366607 122.071196 -6.313195 1
107.549965 151.214628 -39.450498 1
120.258677 156.495436 -41.415633 1
120.453952 150.921786 -37.155695 1
121.022721 134.687739 -24.748021 1
118.839340 131.187603 -18.039826 1
114.457765 124.163598 -4.577951 1
114.457765 124.163598 -4.577951 1
97.440272 111.467608 -32.980541 1
96.771353 110.490985 -14.487588 1
95.942998 109.281584 8.413144 1
94.750176 86.553190 11.882640 1
93.757351 67.635568 14.770420 1
90.866445 63.277648 29.911528 1
90.328172 63.709467 37.690167 1
111.453137 111.872350 -34.676812 1
113.871158 110.691158 -16.342357 1
116.865484 109.228437 6.361876 1
117.831260 86.276975 9.852742 1
118.618893 67.559021 12.699702 1
122.688640 63.034016 27.517375 1
123.863375 63.380619 35.229973 1
104.523000 113.112100 -33.058200 1
104.104573 120.937204 -34.559715 1
103.608661 130.892302 -36.920054 1
103.413996 140.615269 -38.244944 1
103.835076 165.820902 -37.290202 1
103.918232 173.312716 -35.938961 1
103.497338 192.677903 -37.097068 1
99.367889 151.260714 -38.483513 1
86.522232 156.568178 -38.200725 1
86.652787 150.405272 -34.846299 1
87.033050 132.454907 -25.076040 1
90.061925 128.925011 -18.721207 1
96.140202 121.841293 -5.968466 1
96.140202 121.841293 -5.968466 1
107.586799 151.156333 -39.352680 1
120.414491 156.163494 -41.260219 1
120.619151 150.639888 -36.936023 1
121.215251 134.551602 -24.341190 1
119.050412 131.031836 -17.637257 1
114.706046 123.968439 -4.183936 1
114.706046 123.968439 -4.183936 1
97.474435 111.377641 -32.933216 1
96.770235 110.450821 -14.439010 1
95.898190 109.303094 8.463274 1
94.703931 86.571036 11.908177 1
93.709908 67.650363 14.775488 1
90.797398 63.304908 29.916038 1
90.247903 63.743173 37.693531 1
111.485292 111.798951 -34.641981 1
113.870877 110.645414 -16.301517 1
116.825036 109.216939 6.410157 1
117.843335 86.262084 9.863583 1
118.673804 67.541363 12.680008 1
122.711640 62.937164 27.482008 1
123.871832 63.243240 35.198521 1
104.556300 112.946300 -33.028900 1
104.143855 120.809381 -34.318754 1
103.651323 130.805560 -36.499331 1
103.455918 140.528602 -37.823565 1
103.867940 165.747427 -37.319720 1
103.959860 173.194490 -35.740840 1
103.570538 192.556769 -36.957137 1
99.404998 151.166509 -38.245896 1
86.447709 156.183734 -37.802991 1
86.525245 150.023631 -34.441777 1
86.751081 132.081432 -24.651750 1
89.759735 128.524411 -18.302439 1
95.797436 121.386259 -5.560779 1
95.797436 121.386259 -5.560779 1
107.622596 151.049832 -39.125839 1
120.595433 155.732970 -40.867610 1
120.829356 150.222935 -36.527613 1
121.510691 134.174176 -23.886757 1
119.343270 130.638362 -17.192110 1
114.993724 123.542759 -3.757424 1
114.993724 123.542759 -3.757424 1
97.505918 111.217396 -32.932722 1
96.769739 110.363438 -14.436253 1
95.858093 109.305940 8.468832 1
94.661764 86.576566 11.930690 1
93.666018 67.658128 14.812113 1
90.735559 63.337839 29.956401 1
90.177516 63.788791 37.732561 1
111.512986 111.667962 -34.664937 1
113.883441 110.566962 -16.319284 1
116.818867 109.203545 6.398817 1
117.857278 86.255601 9.891963 1
118.704149 67.540517 12.740781 1
122.708925 62.941707 27.553434 1
123.851703 63.250528 35.272435 1
104.630300 112.773800 -32.998000 1
104.209952 120.673273 -34.038920 1
103.706899 130.714144 -36.000795 1
103.507716 140.440091 -37.302943 1
103.929486 165.663695 -37.234404 1
103.995797 173.045021 -35.371159 1
103.668865 192.408077 -36.593446 1
99.459812 151.070689 -37.901500 1
86.351409 155.659526 -37.291288 1
86.363803 149.497108 -33.933448 1
86.399907 131.548166 -24.153249 1
89.403370 127.986280 -17.804207 1
95.430651 120.838367 -5.063087 1
95.430651 120.838367 -5.063087 1
107.675831 150.935730 -38.793503 1
120.790413 155.289229 -40.314961 1
121.057236 149.767946 -35.991187 1
121.834396 133.686428 -23.397581 1
119.663683 130.152916 -16.702785 1
115.307530 123.061934 -3.267800 1
115.307530 123.061934 -3.267800 1
97.580920 111.039647 -32.925976 1
96.798106 110.267682 -14.427819 1
95.828710 109.311719 8.479358 1
94.630503 86.583448 11.947799 1
93.633194 67.665928 14.834702 1
90.670454 63.364829 29.978172 1
90.095848 63.825630 37.752547 1
111.580306 111.550426 -34.702996 1
113.918967 110.499404 -16.350332 1
116.815019 109.197877 6.376451 1
117.853843 86.252291 9.884929 1
118.701052 67.539130 12.746253 1
122.649961 62.938831 27.573434 1
123.763671 63.246891 35.296714 1
104.710800 112.602700 -32.938900 1
104.279434 120.531195 -33.722978 1
103.762964 130.613301 -35.456614 1
103.558721 140.343144 -36.728526 1
103.992030 165.564267 -37.074820 1
104.021332 172.854422 -34.881001 1
103.739397 192.218567 -36.097229 1
99.514521 150.964438 -37.493998 1
86.257456 155.062378 -36.647147 1
86.209749 148.885503 -33.316294 1
86.070800 130.894454 -23.614698 1
89.054019 127.341749 -17.250986 1
95.040677 120.212257 -4.480425 1
95.040677 120.212257 -4.480425 1
107.728803 150.810889 -38.398893 1
120.973489 154.838023 -39.671893 1
121.271066 149.298342 -35.373735 1
122.137802 133.163236 -22.854740 1
119.957497 129.637142 -16.159150 1
115.582096 122.561047 -2.722571 1
115.582096 122.561047 -2.722571 1
97.663298 110.859964 -32.896231 1
96.843812 110.168588 -14.396475 1
95.829002 109.312422 8.512683 1
94.595236 86.585702 11.978825 1
93.568330 67.669474 14.863814 1
90.572449 63.370263 30.001298 1
89.980839 63.832029 37.774341 1
111.655361 111.441993 -34.708667 1
113.965971 110.435707 -16.349944 1
116.827288 109.189578 6.384343 1
117.854096 86.244404 9.899044 1
118.691505 67.531578 12.765442 1
122.580228 62.913617 27.603037 1
123.662987 63.212616 35.331072 1
104.851200 112.481100 -32.850300 1
104.401890 120.429532 -33.381746 1
103.862796 130.546559 -34.890465 1
103.646293 140.280039 -36.132162 1
104.077352 165.492414 -36.882549 1
104.089249 172.650047 -34.288672 1
103.835787 192.016053 -35.481322 1
99.599951 150.887608 -37.059522 1
86.248057 154.583150 -35.906290 1
86.167251 148.378153 -32.628773 1
85.931893 130.305193 -23.082525 1
88.914639 126.756027 -16.716616 1
94.900348 119.633639 -3.941648 1
94.900348 119.633639 -3.941648 1
107.812470 150.719867 -37.977793 1
121.190317 154.370462 -38.960859 1
121.539090 148.818134 -34.682917 1
122.554941 132.646191 -22.222804 1
120.369928 129.124848 -15.526248 1
115.985078 122.058285 -2.087732 1
115.985078 122.058285 -2.087732 1
97.807100 110.724283 -32.828250 1
96.957448 110.098379 -14.327523 1
95.905282 109.323290 8.582836 1
94.640153 86.595392 12.029894 1
93.587143 67.678183 14.898999 1
90.565040 63.369624 30.028611 1
89.959814 63.826642 37.800886 1
111.788988 111.390196 -34.689664 1
114.065501 110.412549 -16.325134 1
116.884593 109.201884 6.416343 1
117.890876 86.258918 9.951331 1
118.711545 67.547892 12.834274 1
122.527666 62.904381 27.682741 1
123.573187 63.190273 35.416399 1
104.920200 112.370300 -32.752600 1
104.432829 120.329488 -33.027701 1
103.848806 130.475816 -34.305216 1
103.608559 140.213546 -35.508633 1
104.034251 165.412059 -36.634017 1
104.025045 172.420716 -33.661024 1
103.795048 191.793845 -34.737033 1
99.558835 150.805651 -36.585867 1
86.111148 154.034556 -35.173794 1
85.987756 147.815793 -31.923809 1
85.628360 129.702739 -22.457753 1
88.613586 126.160317 -16.089251 1
94.604272 119.051462 -3.309079 1
94.604272 119.051462 -3.309079 1
107.769668 150.625367 -37.516754 1
121.247291 153.955642 -38.239935 1
121.629949 148.392097 -33.979498 1
122.744495 132.187484 -21.570371 1
120.555573 128.659130 -14.878785 1
116.162879 121.578497 -1.450241 1
116.162879 121.578497 -1.450241 1
97.884071 110.581770 -32.735766 1
97.016394 110.009738 -14.234132 1
95.941907 109.301363 8.677350 1
94.604513 86.573117 12.094705 1
93.491354 67.655618 14.939087 1
90.443427 63.341531 30.061942 1
89.825007 63.795682 37.833347 1
111.848937 111.369843 -34.675598 1
114.092071 110.386147 -16.307285 1
116.869828 109.167991 6.438878 1
117.837977 86.223184 9.972568 1
118.627547 67.510657 12.854452 1
122.356307 62.840618 27.716789 1
123.356939 63.112906 35.456872 1
105.006800 112.278800 -32.655400 1
104.490047 120.240576 -32.725861 1
103.869689 130.406064 -33.820903 1
103.606833 140.146088 -35.000796 1
104.012561 165.328022 -36.456258 1
103.983900 172.172387 -33.122507 1
103.757311 191.548130 -34.151125 1
99.547402 150.720515 -36.207408 1
86.033182 153.539640 -34.570817 1
85.876887 147.313782 -31.335867 1
85.421657 129.180061 -21.913602 1
88.414061 125.642616 -15.545703 1
94.419151 118.543747 -2.766740 1
94.419151 118.543747 -2.766740 1
107.756296 150.533547 -37.153946 1
121.317626 153.548677 -37.663230 1
121.741937 147.992759 -33.396789 1
122.977803 131.810359 -20.970177 1
120.800531 128.244329 -14.294781 1
116.431215 121.088089 -0.898728 1
116.431215 121.088089 -0.898728 1
97.977188 110.464747 -32.653108 1
97.105717 109.930378 -14.150526 1
96.026532 109.268642 8.762130 1
94.634031 86.540363 12.157187 1
93.475006 67.622837 14.983009 1
90.412173 63.283261 30.095556 1
89.785576 63.724491 37.867049 1
111.930330 111.352838 -34.633674 1
114.154716 110.348349 -16.264206 1
116.909258 109.104447 6.483387 1
117.845149 86.156114 10.002848 1
118.608411 67.440713 12.873129 1
122.269921 62.724916 27.737736 1
123.236434 62.973685 35.482945 1
105.057500 112.201200 -32.582100 1
104.545681 120.162990 -32.482963 1
103.925164 130.343765 -33.425235 1
103.655260 140.086410 -34.581662 1
104.030519 165.252659 -36.293935 1
103.991810 171.939781 -32.655124 1
103.765225 191.316068 -33.673446 1
99.582017 150.643570 -35.888746 1
86.026218 153.125493 -34.061070 1
85.842201 146.891810 -30.842689 1
85.306229 128.735300 -21.468682 1
88.306131 125.203240 -15.101322 1
94.326270 118.115178 -2.323440 1
94.326270 118.115178 -2.323440 1
107.789471 150.455950 -36.847570 1
121.418744 153.176934 -37.162522 1
121.883237 147.619365 -32.902423 1
123.236138 131.432155 -20.494279 1
121.049312 127.862281 -13.824064 1
116.660824 120.698325 -0.438406 1
116.660824 120.698325 -0.438406 1
98.026754 110.391624 -32.599006 1
97.168637 109.893801 -14.094781 1
96.105988 109.277322 8.819911 1
94.666811 86.549150 12.196161 1
93.468935 67.631712 15.006330 1
90.419612 63.271823 30.115762 1
89.799561 63.702749 37.888359 1
111.975052 111.313177 -34.598317 1
114.194210 110.335949 -16.226746 1
116.942278 109.125804 6.523450 1
117.864466 86.174868 10.029525 1
118.616553 67.457342 12.888887 1
122.252404 62.719452 27.752767 1
123.206120 62.956908 35.499918 1
105.097400 112.146900 -32.546200 1
104.583908 120.106029 -32.321537 1
103.957536 130.296704 -33.145487 1
103.680100 140.042869 -34.270040 1
104.034987 165.200396 -36.110052 1
103.998260 171.784855 -32.288584 1
103.734315 191.162761 -33.266281 1
99.597542 150.590374 -35.625122 1
86.015184 152.825473 -33.679890 1
85.808102 146.581262 -30.483396 1
85.204948 128.394084 -21.173138 1
88.222352 124.866681 -14.811467 1
94.277610 117.787967 -2.045004 1
94.277610 117.787967 -2.045004 1
107.803860 150.403762 -36.593810 1
121.471834 152.934392 -36.799823 1
121.970335 147.368025 -32.555081 1
123.422291 131.155193 -20.191667 1
121.231753 127.580867 -13.525054 1
116.835815 120.407980 -0.146625 1
116.835815 120.407980 -0.146625 1
98.067057 110.335967 -32.578449 1
97.215816 109.865960 -14.073179 1
96.161683 109.283928 8.842807 1
94.693018 86.557176 12.215917 1
93.470598 67.640920 15.023472 1
90.427340 63.285519 30.135421 1
89.810084 63.718868 37.908105 1
112.011419 111.292350 -34.588827 1
114.225182 110.329764 -16.215832 1
116.966568 109.137751 6.536127 1
117.890602 86.187923 10.048960 1
118.644194 67.471301 12.913833 1
122.255754 62.723280 27.780402 1
123.197054 62.955541 35.529229 1
105.129800 112.123900 -32.545400 1
104.614362 120.080580 -32.249675 1
103.979220 130.276012 -33.005219 1
103.683710 140.024029 -34.108922 1
103.970866 165.177832 -36.010631 1
104.011681 171.666073 -32.028030 1
103.746717 191.039968 -33.081980 1
99.571810 150.557689 -35.482848 1
85.998435 152.742963 -33.421748 1
85.778862 146.482761 -30.257527 1
85.139325 128.249009 -21.041270 1
88.184435 124.720695 -14.693322 1
94.295296 117.640151 -1.954397 1
94.295296 117.640151 -1.954397 1
107.776968 150.389789 -36.464694 1
121.479062 152.732639 -36.618704 1
122.007335 147.155669 -32.391516 1
123.546005 130.911955 -20.079230 1
121.348395 127.339230 -13.414087 1
116.938265 120.169553 -0.038608 1
116.938265 120.169553 -0.038608 1
98.099948 110.311116 -32.580488 1
97.229272 109.853104 -14.075821 1
96.151072 109.285926 8.839417 1
94.673854 86.560459 12.217449 1
93.444316 67.645273 15.029101 1
90.384798 63.295139 30.139284 1
89.759868 63.730954 37.911218 1
112.040245 111.289545 -34.608367 1
114.246709 110.325829 -16.234554 1
116.979056 109.132417 6.518420 1
117.917539 86.184868 10.042298 1
118.682914 67.470105 12.916179 1
122.279321 62.730717 27.789175 1
123.212641 62.967447 35.538832 1
