50 35
106.752000 150.764500 35.600090 1
106.569911 157.699651 32.005519 1
106.331096 166.702549 27.353917 1
106.714926 175.971413 24.477514 1
109.433240 200.760841 23.329674 1
110.564268 207.562230 26.366221 1
110.365303 226.490250 23.139107 1
103.653182 186.801207 23.840545 1
90.092459 187.743062 25.955906 1
89.481435 181.560258 29.059059 1
87.701737 163.551927 38.097451 1
93.878288 160.580200 41.805788 1
106.273287 154.616590 49.247617 1
106.273287 154.616590 49.247617 1
111.581649 185.849814 22.069893 1
125.146447 187.814505 20.890357 1
125.839603 181.520585 23.742737 1
127.858525 163.188611 32.050717 1
128.879826 161.933482 39.673991 1
130.929355 159.414715 54.972249 1
130.929355 159.414715 54.972249 1
100.015964 150.239429 37.812431 1
100.333457 148.143631 56.027308 1
100.726623 145.548301 78.583585 1
100.625424 123.311972 73.624614 1
100.541192 104.803918 69.497091 1
98.819517 97.990154 83.706044 1
98.872646 97.105228 91.382860 1
112.795708 148.077110 32.993203 1
119.118545 146.906951 50.166759 1
126.948313 145.457898 71.433315 1
121.865118 123.131587 69.337264 1
117.719533 104.923430 67.627837 1
125.698750 98.104051 79.506980 1
129.154814 97.219911 86.362223 1
106.747000 150.724600 35.539420 1
106.553818 157.666071 31.957648 1
106.309056 166.689148 27.345623 1
106.693511 175.985868 24.560656 1
109.398275 200.791654 23.799258 1
110.768923 207.528721 26.880166 1
110.659952 226.511960 23.990782 1
103.626948 186.821528 24.061550 1
90.072712 188.094795 26.040570 1
89.530907 181.881984 29.096285 1
87.952817 163.786251 37.996507 1
94.200692 160.897352 41.650413 1
106.738822 155.099962 48.983013 1
106.738822 155.099962 48.983013 1
111.568928 185.902554 22.334880 1
125.124584 187.909214 21.121387 1
125.817566 181.558471 23.844953 1
127.835982 163.060993 31.777741 1
128.799553 161.842669 39.414490 1
130.733232 159.397762 54.739788 1
130.733232 159.397762 54.739788 1
100.008786 150.179116 37.740158 1
100.371989 148.107308 55.956925 1
100.821760 145.541685 78.515544 1
100.652423 123.307833 73.547333 1
100.511477 104.801841 69.412120 1
98.805260 97.987512 83.622667 1
98.866633 97.102319 91.299390 1
112.801261 148.056715 32.936990 1
119.106542 146.893382 50.117463 1
126.914570 145.452782 71.392585 1
121.834672 123.127574 69.276885 1
117.691775 104.920316 67.551434 1
125.655842 98.097980 79.439043 1
129.103365 97.212735 86.298442 1
106.664900 150.679300 35.446780 1
106.450198 157.626802 31.877952 1
106.196388 166.675248 27.316393 1
106.588636 176.009280 24.660299 1
109.293570 200.825934 24.461522 1
110.942104 207.492497 27.559589 1
111.011347 226.524537 25.009993 1
103.525546 186.852550 24.335601 1
89.991696 188.607001 26.071073 1
89.579015 182.354192 29.064740 1
88.377020 164.141961 37.784241 1
94.675660 161.337679 41.416851 1
107.315664 155.710098 48.706712 1
107.315664 155.710098 48.706712 1
111.495873 185.970901 22.723916 1
125.025360 188.111257 21.448411 1
125.718210 181.681981 23.981065 1
127.736243 162.955763 31.357796 1
128.610427 161.784066 39.012576 1
130.364726 159.432727 54.374056 1
130.364726 159.432727 54.374056 1
99.917930 150.089175 37.608833 1
100.363606 148.074807 55.830211 1
100.915506 145.580314 78.394538 1
100.711828 123.336933 73.470467 1
100.542298 104.823010 69.371992 1
98.869011 98.009224 83.586714 1
98.948168 97.124325 91.263309 1
112.749359 148.052865 32.872770 1
119.051205 146.906670 50.055655 1
126.854979 145.487293 71.333764 1
121.813618 123.152465 69.227442 1
117.702150 104.937362 67.509638 1
125.641806 98.114348 79.413177 1
129.075603 97.229055 86.279451 1
106.568900 150.559900 35.404670 1
106.325401 157.515463 31.853434 1
106.060840 166.596704 27.358139 1
106.463617 175.976827 24.871393 1
109.165402 200.788821 25.407870 1
111.133685 207.368229 28.505612 1
111.445083 226.444442 26.331927 1
103.405686 186.825950 24.771211 1
89.973948 189.404091 26.253320 1
89.761623 183.095239 29.148708 1
89.143194 164.719773 37.581955 1
95.458933 162.042106 41.279826 1
108.133250 156.668611 48.700654 1
108.133250 156.668611 48.700654 1
111.410973 185.985662 23.318540 1
124.921479 188.213870 21.993263 1
125.616817 181.694766 24.284061 1
127.642095 162.706912 30.956354 1
128.432469 161.608511 38.631088 1
130.018580 159.404265 54.032614 1
130.018580 159.404265 54.032614 1
99.808286 149.904811 37.504502 1
100.348458 147.977801 55.732770 1
101.017375 145.591488 78.305631 1
100.808294 123.328549 73.470984 1
100.634267 104.798348 69.446942 1
98.996141 97.984629 83.665792 1
99.094415 97.099721 91.342164 1
112.698848 147.993971 32.877997 1
119.025299 146.860816 50.052703 1
126.859543 145.457587 71.320684 1
121.823229 123.121439 69.216285 1
117.715878 104.905259 67.500049 1
125.636949 98.084917 79.417492 1
129.059604 97.200075 86.289386 1
106.407600 150.429300 35.265574 1
106.137631 157.404858 31.755711 1
105.871635 166.536096 27.362952 1
106.300993 175.970563 25.095940 1
109.042670 200.742361 26.532510 1
111.294348 207.234206 29.621950 1
111.891747 226.335774 27.751924 1
103.270874 186.826427 25.277682 1
89.977454 190.129805 26.553505 1
89.882172 183.736384 29.263683 1
89.604651 165.114600 37.157478 1
95.854216 162.638878 41.100377 1
108.395737 157.670643 49.012920 1
108.395737 157.670643 49.012920 1
111.309956 186.010219 24.009645 1
124.806449 188.373458 22.778859 1
125.460313 181.739874 24.727707 1
127.364791 162.418582 30.404015 1
128.087855 161.430228 38.100316 1
129.538888 159.446819 53.545123 1
129.538888 159.446819 53.545123 1
99.631147 149.698361 37.287885 1
100.269166 147.886678 55.524816 1
101.059254 145.643179 78.108404 1
100.820106 123.359326 73.372512 1
100.621053 104.811716 69.430665 1
99.010612 97.998118 83.652735 1
99.124031 97.113204 91.328897 1
112.588038 147.936322 32.789371 1
118.959696 146.830524 49.949143 1
126.849921 145.461171 71.198629 1
121.799978 123.126307 69.113355 1
117.681511 104.911174 67.412717 1
125.584886 98.091089 79.342051 1
128.997639 97.206469 86.218895 1
106.256800 150.238500 35.177430 1
105.965072 157.246644 31.734867 1
105.705435 166.446062 27.486351 1
106.169360 175.941614 25.498355 1
108.970536 200.619643 28.022392 1
111.492870 207.073765 30.978891 1
112.339692 226.196921 29.458508 1
103.178319 186.795886 26.048720 1
90.054954 190.756425 27.209093 1
89.927467 184.182783 29.445372 1
89.556140 165.036076 35.958865 1
95.871467 163.212266 40.144923 1
108.544957 159.552277 48.545434 1
108.544957 159.552277 48.545434 1
111.244182 185.992237 24.954666 1
124.736357 188.390283 23.744031 1
125.347445 181.643689 25.273740 1
127.127331 161.993235 29.729247 1
127.785023 161.132214 37.446682 1
129.104870 159.404335 52.933899 1
129.104870 159.404335 52.933899 1
99.462992 149.424578 37.107725 1
100.173032 147.769794 55.356902 1
101.052306 145.720590 77.955654 1
100.892688 123.423776 73.277774 1
100.759831 104.865378 69.384213 1
99.152171 98.051808 83.606611 1
99.266886 97.166982 91.282765 1
112.490397 147.827937 32.753428 1
118.917181 146.785166 49.896579 1
126.875671 145.493861 71.125484 1
121.792658 123.166756 69.037464 1
117.647221 104.957952 67.334586 1
125.535178 98.136436 79.273303 1
128.938967 97.251473 86.154544 1
106.055000 149.839500 35.279506 1
105.760127 156.870226 31.883573 1
105.525814 166.128658 27.763724 1
106.029212 175.677518 26.061169 1
108.868696 200.207121 29.729745 1
111.624321 206.668241 32.453566 1
112.763063 225.803145 31.321095 1
103.070022 186.512710 27.013141 1
90.211385 191.269117 28.147652 1
90.001330 184.540244 29.852974 1
89.389514 164.941407 34.819976 1
95.595772 163.527726 39.316261 1
108.050386 160.690777 48.339330 1
108.050386 160.690777 48.339330 1
111.156890 185.715993 26.081071 1
124.607958 188.331973 24.864329 1
125.097453 181.486735 25.928792 1
126.523183 161.548966 29.029201 1
127.171087 160.766943 36.755868 1
128.471288 159.197595 52.261611 1
128.471288 159.197595 52.261611 1
99.239438 148.958735 37.100688 1
99.986927 147.476684 55.363210 1
100.912576 145.641382 77.978488 1
100.941980 123.352530 73.260205 1
100.966452 104.800761 69.333016 1
99.324207 97.987226 83.551478 1
99.420512 97.102328 91.227877 1
112.343270 147.495235 32.932930 1
118.864799 146.565664 50.046788 1
126.940614 145.414539 71.239418 1
121.839893 123.097426 69.088705 1
117.680015 104.896770 67.334697 1
125.583911 98.064193 79.256536 1
128.998202 97.179282 86.132579 1
105.894100 149.584800 35.207264 1
105.608745 156.655686 31.894928 1
105.413907 165.993300 27.955688 1
105.969701 175.594057 26.595762 1
108.890201 199.887887 31.545815 1
111.789217 206.372666 34.056211 1
113.176785 225.505234 33.194075 1
103.059915 186.388696 28.035679 1
90.520789 191.913610 29.260701 1
90.155949 185.083990 30.466170 1
89.093300 165.191711 33.977277 1
95.090448 164.022287 38.814567 1
107.125422 161.675507 48.521960 1
107.125422 161.675507 48.521960 1
111.158031 185.582058 27.216652 1
124.533470 188.549922 25.973885 1
124.921985 181.645129 26.608593 1
126.053595 161.533896 28.457277 1
126.657621 160.742089 36.186501 1
127.869771 159.153107 51.697378 1
127.869771 159.153107 51.697378 1
99.059334 148.647640 36.925413 1
99.904805 147.326839 55.196033 1
100.951790 145.691223 77.821341 1
100.950050 123.386333 73.179371 1
100.948600 104.821215 69.315699 1
99.341166 98.007778 83.538186 1
99.456285 97.122923 91.214330 1
112.225213 147.301142 32.916796 1
118.794851 146.462495 50.016946 1
126.930241 145.423964 71.192600 1
121.829904 123.109273 69.016008 1
117.670339 104.910592 67.240895 1
125.572373 98.078388 79.164181 1
128.985886 97.193490 86.040612 1
105.741300 149.316700 35.140209 1
105.486954 156.439932 31.939382 1
105.347979 165.866615 28.215816 1
105.961353 175.508822 27.223615 1
108.987999 199.490634 33.463375 1
111.931151 206.000602 35.854383 1
113.498691 225.129065 35.247347 1
103.106213 186.233082 29.199184 1
90.896821 192.405094 30.645579 1
90.287305 185.524228 31.361223 1
88.511999 165.482688 33.445645 1
94.230534 164.375424 38.623003 1
105.706392 162.153388 49.012838 1
105.706392 162.153388 49.012838 1
111.206484 185.415280 28.413211 1
124.448299 188.921847 27.143026 1
124.808976 181.989900 27.362085 1
125.859503 161.799577 28.000130 1
126.346588 160.879010 35.723343 1
127.324062 159.031638 51.222156 1
127.324062 159.031638 51.222156 1
98.885835 148.340098 36.750544 1
99.793051 147.178276 55.029002 1
100.916497 145.739529 77.664016 1
100.908051 123.417596 73.104720 1
100.901019 104.838291 69.309860 1
99.325577 98.024558 83.535785 1
99.457652 97.139653 91.211650 1
112.107071 147.081344 32.898674 1
118.682661 146.350140 50.001467 1
126.825423 145.444659 71.180395 1
121.772679 123.123591 68.958655 1
117.651928 104.919709 67.146723 1
125.535220 98.091563 79.084730 1
128.937233 97.206702 85.966863 1
105.676100 148.981500 35.097925 1
105.471950 156.171525 32.046320 1
105.402215 165.697529 28.582655 1
106.076780 175.368063 27.983831 1
109.257125 198.961293 35.498310 1
112.094875 205.513841 37.900401 1
113.853300 224.630174 37.455986 1
103.286573 185.983334 30.551946 1
91.380564 192.636241 32.352174 1
90.318642 185.777401 32.594260 1
87.225637 165.800014 33.299371 1
92.701206 164.522497 38.695556 1
103.689483 161.958800 49.524529 1
103.689483 161.958800 49.524529 1
111.378655 185.169665 29.681823 1
124.425549 189.347374 28.424703 1
124.969874 182.426234 28.247217 1
126.555305 162.267390 27.730265 1
126.736131 161.080107 35.430290 1
127.099009 158.697494 50.882569 1
127.099009 158.697494 50.882569 1
98.800547 147.984962 36.607234 1
99.757293 146.977466 54.892323 1
100.942075 145.729828 77.535549 1
100.800958 123.383535 73.099417 1
100.683500 104.783955 69.407071 1
99.112306 97.970198 83.633454 1
99.246717 97.085264 91.309275 1
112.063605 146.781197 32.883702 1
118.589787 146.173216 50.010227 1
126.671365 145.420324 71.218544 1
121.697288 123.083428 68.978440 1
117.640694 104.866638 67.151531 1
125.472837 98.034367 79.120805 1
128.845908 97.149413 86.017157 1
105.747100 148.654500 35.086373 1
105.583336 155.927179 32.234751 1
105.543081 165.565288 29.095989 1
106.219410 175.252928 28.937683 1
109.448493 198.381853 37.760856 1
112.215699 204.947731 40.208417 1
114.091511 224.056121 39.935398 1
103.430181 185.672213 32.212305 1
91.865172 192.724317 34.615104 1
90.163336 185.992755 34.474379 1
85.206486 166.386086 34.064497 1
90.577203 164.616061 39.426878 1
101.355065 161.064008 50.188015 1
101.355065 161.064008 50.188015 1
111.500140 184.980116 31.073133 1
124.342960 189.772953 29.913065 1
125.431912 182.934381 29.385718 1
128.603649 163.016030 27.849743 1
128.200584 161.410636 35.465055 1
127.391721 158.188964 50.747333 1
127.391721 158.188964 50.747333 1
98.863330 147.648332 36.551183 1
99.794793 146.822284 54.846672 1
100.948265 145.799341 77.502777 1
101.011918 123.450821 73.076088 1
101.064896 104.849387 69.391602 1
99.501810 98.035469 83.618801 1
99.640389 97.150522 91.294546 1
112.130021 146.486875 32.827158 1
118.545367 146.044191 50.000566 1
126.489693 145.495994 71.266939 1
121.566459 123.149219 69.013086 1
117.551330 104.924372 67.174963 1
125.283810 98.096818 79.211539 1
128.598869 97.211846 86.135962 1
105.806900 148.177800 35.086328 1
105.720174 155.591236 32.619778 1
105.700236 165.383410 30.000708 1
106.275405 175.071968 30.366599 1
109.150447 197.749836 40.400090 1
112.120461 204.201727 42.912232 1
114.154055 223.295546 42.792369 1
103.305627 185.195377 34.336670 1
92.230528 192.725186 37.482971 1
89.856054 186.206537 37.168222 1
82.940047 167.220009 36.251468 1
88.411336 164.900415 41.293016 1
99.391024 160.245495 51.410309 1
99.391024 160.245495 51.410309 1
111.345015 184.821825 32.877337 1
124.162497 189.729190 31.936606 1
126.149044 183.124745 31.121188 1
131.935157 163.888321 28.746165 1
130.758776 161.702856 36.133492 1
128.398033 157.317108 50.958253 1
128.398033 157.317108 50.958253 1
98.908863 147.160444 36.474276 1
99.828373 146.542255 54.778572 1
100.967044 145.776713 77.445582 1
100.766830 123.414097 73.094802 1
100.600183 104.800931 69.473498 1
99.000257 97.987051 83.696619 1
99.119062 97.102087 91.372694 1
112.178012 146.072204 32.736917 1
118.485922 145.800464 49.953625 1
126.297206 145.463952 71.273616 1
121.351648 123.115246 69.088842 1
117.318312 104.888825 67.307056 1
124.926731 98.050604 79.416416 1
128.171914 97.165566 86.373852 1
105.741600 147.753800 35.085881 1
105.717599 155.325720 33.158221 1
105.716954 165.273497 31.211854 1
106.177690 174.928123 32.165148 1
108.501455 197.109735 43.381150 1
111.964403 203.283467 45.960253 1
114.244150 222.349520 45.850051 1
102.964886 184.761507 36.642523 1
92.618899 193.056904 40.303395 1
89.804857 186.707830 40.283665 1
81.608546 168.215209 40.226197 1
87.158751 165.133868 44.746515 1
98.296809 158.950289 53.817814 1
98.296809 158.950289 53.817814 1
111.016185 184.644454 35.205923 1
123.915766 189.385449 34.590428 1
126.885020 183.198318 33.526046 1
135.533411 165.177382 30.425877 1
133.615935 162.247652 37.388110 1
129.767977 156.368323 51.359801 1
129.767977 156.368323 51.359801 1
98.817596 146.665942 36.277127 1
99.788785 146.301361 54.585561 1
100.991452 145.849873 77.257697 1
100.684115 123.467625 73.015471 1
100.428306 104.838118 69.484521 1
98.825377 98.024510 83.707434 1
98.942739 97.139630 91.383541 1
112.147515 145.798008 32.701879 1
118.355985 145.660418 49.956286 1
126.044130 145.490028 71.322961 1
121.184192 123.133457 69.029233 1
117.220684 104.900621 67.158590 1
124.687068 98.069832 79.360201 1
127.849877 97.184993 86.355494 1
105.602500 147.437900 35.187901 1
105.607517 155.128541 33.807889 1
105.613570 165.186109 32.546182 1
105.978933 174.766175 34.102360 1
107.770172 196.321000 46.568453 1
111.807387 202.114615 49.194032 1
114.320073 221.151078 49.041409 1
102.546174 184.315199 39.011204 1
93.111041 193.395094 43.228883 1
89.977951 187.216704 43.720016 1
80.852363 169.221228 45.150513 1
86.416743 165.204684 48.843448 1
97.583247 157.144354 56.254368 1
97.583247 157.144354 56.254368 1
110.636099 184.340158 37.805616 1
123.619253 188.886735 37.659396 1
127.459616 183.231393 36.435189 1
138.645243 166.759370 32.869506 1
136.184401 163.004859 39.239798 1
131.246023 155.470374 52.023593 1
131.246023 155.470374 52.023593 1
98.654586 146.263920 36.132669 1
99.701708 146.095209 54.439771 1
100.998405 145.886275 77.110256 1
100.677387 123.487502 72.957201 1
100.410190 104.844240 69.500470 1
98.829867 98.030567 83.725881 1
98.959298 97.145697 91.401796 1
112.067537 145.661332 32.823279 1
118.255146 145.571502 50.085492 1
125.917457 145.460255 71.461835 1
121.086627 123.109938 69.048776 1
117.146857 104.882203 67.080814 1
124.501502 98.062625 79.356336 1
127.598847 97.177468 86.380820 1
105.465800 147.251000 35.280266 1
105.527168 155.012893 34.386022 1
105.585172 165.130204 33.766935 1
105.929373 174.587872 35.950254 1
107.449573 195.265094 49.855791 1
111.782233 200.851628 52.459143 1
114.484855 219.860838 52.195401 1
102.389227 183.788704 41.416195 1
93.783913 193.323650 46.344522 1
90.370710 187.344246 47.253768 1
80.429249 169.928343 49.902083 1
86.002919 165.122507 52.465453 1
97.188065 155.478239 57.609580 1
97.188065 155.478239 57.609580 1
110.500947 183.894373 40.372265 1
123.442783 188.546967 40.714730 1
127.903212 183.377105 39.447023 1
140.894869 168.319118 35.754639 1
138.115670 163.749668 41.422874 1
132.538417 154.579778 52.797795 1
132.538417 154.579778 52.797795 1
98.498253 146.057676 36.037632 1
99.602007 145.988671 54.342054 1
100.968834 145.903205 77.009221 1
100.633983 123.491141 72.929612 1
100.355274 104.836817 69.534012 1
98.814081 98.022908 83.763604 1
98.964538 97.137941 91.439124 1
111.960862 145.591254 32.913042 1
118.144769 145.524158 50.176685 1
125.802496 145.441062 71.554799 1
121.018009 123.093250 69.028853 1
117.116034 104.867557 66.968825 1
124.408531 98.047692 79.281211 1
127.470296 97.162583 86.321282 1
105.333400 147.177800 35.405090 1
105.502325 154.977159 34.967047 1
105.695033 165.111715 34.982683 1
106.142062 174.386417 37.831001 1
107.810846 193.885419 53.330245 1
112.157869 199.511662 55.821736 1
114.883836 218.515991 55.463422 1
102.672212 183.167016 43.989383 1
94.673716 192.787153 49.710579 1
91.123626 186.923299 50.825047 1
80.783464 169.843954 54.071103 1
86.283200 164.494873 55.439660 1
97.319979 153.760431 58.186059 1
97.319979 153.760431 58.186059 1
110.790086 183.263831 42.993542 1
123.636571 188.103435 43.888587 1
128.537516 183.341809 42.648579 1
142.812242 169.472864 39.036875 1
139.746239 164.104976 43.782201 1
133.593433 153.332793 53.305042 1
133.593433 153.332793 53.305042 1
98.345972 146.036149 36.050702 1
99.485209 145.980453 54.352995 1
100.895976 145.911471 77.017526 1
100.579421 123.508252 72.888171 1
100.315940 104.861291 69.451166 1
98.839716 98.047539 83.687719 1
99.025348 97.162607 91.362473 1
111.821659 145.571968 32.982668 1
118.053873 145.513822 50.228963 1
125.771421 145.441810 71.585595 1
120.957866 123.106979 69.000738 1
117.032186 104.891874 66.892665 1
124.322399 98.072412 79.206626 1
127.383141 97.187427 86.247158 1
105.288600 147.160400 35.456230 1
105.525586 154.968644 35.616179 1
105.800482 165.069379 36.420041 1
106.305592 174.081108 40.007025 1
108.071778 192.210210 57.078603 1
112.410120 197.917002 59.395939 1
115.165489 216.911632 58.816488 1
102.879173 182.332266 46.880342 1
95.481087 191.883834 53.459926 1
91.959388 186.007392 54.597923 1
81.701920 168.891384 57.912510 1
87.090572 163.265676 58.128277 1
97.904428 151.976102 58.561274 1
97.904428 151.976102 58.561274 1
110.996826 182.475583 45.888314 1
123.628548 187.723428 47.356226 1
128.648159 183.071969 46.174107 1
143.268517 169.523905 42.731011 1
139.932645 163.666996 46.642697 1
133.238269 151.913454 54.492604 1
133.238269 151.913454 54.492604 1
98.287786 146.034587 35.971476 1
99.405400 145.971845 54.275080 1
100.789390 145.894137 76.941233 1
100.524684 123.481876 72.857555 1
100.304358 104.827388 69.458569 1
98.844835 98.013492 83.696775 1
99.039182 97.128584 91.371316 1
111.778969 145.686878 32.956596 1
117.995840 145.566716 50.208108 1
125.694388 145.417907 71.571199 1
120.972447 123.073373 68.902582 1
117.121481 104.850354 66.726200 1
124.329718 98.031896 79.088879 1
127.343315 97.147204 86.149756 1
105.217600 147.192400 35.835370 1
105.542365 154.954222 36.671475 1
105.925362 164.945830 38.335114 1
106.513033 173.624197 42.656391 1
108.446835 190.308643 61.125613 1
112.720175 196.141162 63.241986 1
115.438656 215.130153 62.374903 1
103.160868 181.318636 50.181219 1
96.366935 190.732156 57.562490 1
93.007131 184.726133 58.494892 1
83.221203 167.232702 61.210652 1
88.508631 161.548781 60.525915 1
99.119353 150.142386 59.151798 1
99.119353 150.142386 59.151798 1
111.276923 181.486300 49.179974 1
123.395912 187.613128 51.381593 1
128.337198 182.906268 50.093522 1
142.729427 169.196841 46.341828 1
139.264003 163.004461 49.563317 1
132.309646 150.577702 56.028147 1
132.309646 150.577702 56.028147 1
98.200813 146.110286 36.206942 1
99.432793 145.976168 54.502820 1
100.958409 145.810071 77.159406 1
100.521703 123.444864 72.839361 1
100.158216 104.829542 69.243638 1
98.759837 98.016026 83.488161 1
98.987520 97.131187 91.161793 1
111.708956 145.862656 33.258859 1
117.925925 145.652348 50.509472 1
125.624594 145.391908 71.871450 1
120.979037 123.059190 68.979231 1
117.190366 104.845807 66.620491 1
124.306995 98.028299 79.036653 1
127.268164 97.144020 86.119728 1
105.252200 147.292600 36.490010 1
105.668289 154.925261 38.108584 1
106.148575 164.712260 40.702919 1
106.784371 173.018633 45.696193 1
108.767741 188.482747 65.193626 1
113.064224 194.375949 67.082845 1
115.829810 213.348791 66.030889 1
103.453202 180.217178 53.705481 1
97.628420 189.713204 61.777188 1
94.326550 183.623533 62.270672 1
84.709364 165.886464 63.708017 1
89.923462 160.243502 62.403073 1
100.387028 148.919304 59.784336 1
100.387028 148.919304 59.784336 1
111.567498 180.442543 52.701312 1
123.042219 187.426271 55.670046 1
127.874147 182.707858 54.051706 1
141.947854 168.964783 49.338053 1
138.532116 162.464845 51.948850 1
131.677469 149.420882 57.188154 1
131.677469 149.420882 57.188154 1
98.220180 146.270290 36.713410 1
99.710309 146.015488 54.988790 1
101.555601 145.699943 77.619992 1
100.842411 123.404877 72.985623 1
100.248796 104.847935 69.128279 1
99.040583 98.034628 83.390290 1
99.370764 97.149850 91.060202 1
111.743177 146.145329 33.826307 1
118.008282 145.750079 51.056246 1
125.766559 145.260620 72.392624 1
120.996600 123.007557 69.114646 1
117.106474 104.859137 66.441302 1
124.161177 98.039565 78.891624 1
127.087384 97.154409 85.989105 1
105.349400 147.618600 37.523820 1
105.892655 155.013294 39.988329 1
106.509014 164.492844 43.524546 1
107.218298 172.434265 49.071041 1
109.271361 187.130426 69.146655 1
113.609940 193.049912 70.848169 1
116.392935 212.018020 69.757478 1
103.920003 179.337305 57.349551 1
98.911386 188.992126 65.772925 1
95.771315 182.797913 65.813389 1
86.625393 164.756348 65.931247 1
91.834620 159.192427 64.306607 1
102.288411 148.026848 61.046307 1
102.288411 148.026848 61.046307 1
112.035673 179.560651 56.356091 1
122.933112 187.159050 59.928932 1
127.680180 182.429372 58.105349 1
141.506718 168.653481 52.793896 1
138.134143 161.914160 54.778841 1
131.366114 148.389808 58.762197 1
131.366114 148.389808 58.762197 1
98.300662 146.697938 37.633364 1
100.055867 146.133177 55.878232 1
102.229415 145.433798 78.471650 1
101.317445 123.271001 73.272158 1
100.558380 104.824152 68.944441 1
99.590969 98.010745 83.224760 1
100.050513 97.125914 90.888004 1
111.824177 146.666678 34.746152 1
118.185042 145.912076 51.928950 1
126.061903 144.977619 73.206950 1
120.974629 122.866301 69.477920 1
116.825717 104.833479 66.436721 1
123.806694 98.012577 78.927804 1
126.690816 97.127044 86.042444 1
105.370800 148.499400 38.818660 1
106.030880 155.652462 41.892488 1
106.790868 164.840959 46.104440 1
107.631024 172.486425 52.035194 1
110.033922 186.607295 72.481456 1
114.044921 192.812512 73.953164 1
116.941222 211.765998 72.904087 1
104.483227 179.179089 60.541901 1
99.246826 188.628728 69.058912 1
96.199851 182.391843 68.841718 1
87.325086 164.225990 68.209108 1
92.596251 158.806331 66.318386 1
103.174338 147.930253 62.524120 1
103.174338 147.930253 62.524120 1
112.587324 179.376604 59.453076 1
123.282390 187.146542 63.260788 1
127.887213 182.325522 61.315706 1
141.299441 168.283587 55.650369 1
137.903324 161.440564 57.190548 1
131.088053 147.708105 60.281355 1
131.088053 147.708105 60.281355 1
98.310551 147.668053 38.896639 1
100.279914 146.529482 57.092798 1
102.718662 145.119526 79.625896 1
101.743838 123.117809 73.792363 1
100.932457 104.805030 68.936913 1
100.210169 97.991301 83.231573 1
100.800836 97.106393 90.885817 1
111.816518 147.697251 35.928399 1
118.289775 146.355892 53.033260 1
126.305814 144.694837 74.214748 1
120.832096 122.724911 70.207607 1
116.368020 104.807402 66.939595 1
123.256038 97.989426 79.483770 1
126.087181 97.104521 86.619735 1
105.330000 150.115000 40.113960 1
106.065749 157.100187 43.536863 1
106.923671 166.091324 48.137951 1
107.868421 173.547649 54.289660 1
110.601546 187.298265 74.945727 1
114.387105 193.695505 76.171941 1
117.231502 212.644344 74.917068 1
104.860446 180.095130 62.958398 1
99.288542 189.297971 71.532583 1
96.239971 183.070004 71.147094 1
87.360555 164.930126 70.024298 1
92.668091 159.635447 67.896118 1
103.319166 149.010177 63.625324 1
103.319166 149.010177 63.625324 1
112.948373 180.294361 61.755611 1
123.716753 187.979917 65.527779 1
128.221626 183.098281 63.501523 1
141.342736 168.879792 57.599753 1
137.985871 161.958581 58.849160 1
131.249369 148.069215 61.356452 1
131.249369 148.069215 61.356452 1
98.264008 149.334473 40.196818 1
100.408328 147.317793 58.296812 1
103.063733 144.820437 80.710826 1
102.063733 122.986402 74.281915 1
101.231397 104.813193 68.930911 1
100.744683 97.999363 83.235482 1
101.461280 97.114429 90.878962 1
111.751122 149.409417 37.144840 1
118.368662 147.179329 54.101062 1
126.563371 144.417732 75.098485 1
120.842387 122.605167 70.606402 1
116.176655 104.815994 66.942898 1
123.138186 97.995807 79.445219 1
126.011167 97.110853 86.564437 1
105.255100 152.144000 41.629670 1
106.036443 159.047493 45.204822 1
106.961013 167.941398 49.978733 1
107.990627 175.300793 56.232695 1
111.007198 188.832319 76.993731 1
114.664246 195.343639 77.987441 1
117.350654 214.288199 76.371701 1
105.105033 181.772622 64.999293 1
99.331025 190.806243 73.619593 1
96.454905 184.506037 73.104510 1
88.077779 166.155755 71.604254 1
93.392348 160.916203 69.360336 1
104.057534 150.401559 64.857280 1
104.057534 150.401559 64.857280 1
113.179927 181.952123 63.709019 1
124.095877 189.477463 67.378673 1
128.344653 184.400882 65.279580 1
140.719845 169.614588 59.165661 1
137.477811 162.617580 60.289853 1
130.971750 148.576104 62.545866 1
130.971750 148.576104 62.545866 1
98.186382 151.390609 41.729475 1
100.418824 148.259693 59.659574 1
103.183355 144.382529 81.863199 1
102.197556 122.795086 74.647490 1
101.377039 104.827122 68.641607 1
101.042303 98.013437 82.950610 1
101.840116 97.128557 90.586046 1
111.658926 151.479119 38.614164 1
118.404526 148.204218 55.348873 1
126.757815 144.148796 76.071989 1
120.905947 122.493113 71.023875 1
116.133472 104.831884 66.906900 1
123.200245 98.008965 79.348540 1
126.133577 97.123897 86.443090 1
105.262100 154.333300 43.077010 1
106.072967 161.192635 46.729741 1
107.038422 170.040206 51.581028 1
108.122133 177.371429 57.858893 1
111.333768 190.915324 78.582570 1
114.933344 197.484970 79.383542 1
117.439798 216.415076 77.360534 1
105.318907 183.847457 66.649082 1
99.401161 192.786522 75.270478 1
96.814298 186.373374 74.630442 1
89.279677 167.694132 72.766243 1
94.595199 162.444492 70.548308 1
105.262298 151.909606 66.097396 1
105.262298 151.909606 66.097396 1
113.381044 184.028223 65.281520 1
124.542090 191.286614 68.745890 1
128.388572 185.913754 66.608855 1
139.592021 170.264502 60.384428 1
136.497408 163.205416 61.535684 1
130.287187 149.039365 63.846009 1
130.287187 149.039365 63.846009 1
98.193126 153.587290 43.208919 1
100.488839 149.274289 60.883835 1
103.331720 143.933301 82.771453 1
102.150746 122.564203 74.959735 1
101.167779 104.777977 68.457774 1
100.969340 97.964055 82.769203 1
101.839968 97.079004 90.396660 1
111.647473 153.696781 40.016587 1
118.381665 149.309739 56.499400 1
126.720827 143.877117 76.910584 1
120.880332 122.343678 71.352160 1
116.117133 104.782145 66.819005 1
123.208636 97.955898 79.244737 1
126.156713 97.069717 86.333034 1
105.326700 157.075700 44.529700 1
106.144608 163.925348 48.199000 1
107.129272 172.779829 53.033793 1
108.262944 180.170831 59.232238 1
111.713395 194.079263 79.674166 1
115.169129 200.743839 80.306684 1
117.552219 219.631009 77.792832 1
105.560688 186.798646 67.940529 1
99.328149 195.640456 76.439523 1
97.238177 189.037432 75.927602 1
91.150825 169.805147 74.436555 1
96.242218 164.374034 72.131462 1
106.459539 153.474970 67.505644 1
106.459539 153.474970 67.505644 1
113.605525 186.960596 66.472429 1
124.976558 194.049104 69.588152 1
128.357680 188.348577 67.514030 1
138.205698 171.744949 61.472846 1
135.326379 164.610085 62.712186 1
129.548210 150.291964 65.199275 1
129.548210 150.291964 65.199275 1
98.259118 156.321562 44.687471 1
100.604870 150.660238 61.971041 1
103.509716 143.649562 83.374037 1
102.214260 122.458863 75.107717 1
101.136007 104.821123 68.227376 1
101.127018 98.007647 82.540390 1
102.098735 97.122760 90.155648 1
111.700569 156.455019 41.442164 1
118.358967 150.785625 57.560548 1
126.604271 143.765029 77.520448 1
120.827357 122.317746 71.575891 1
116.116012 104.826477 66.727825 1
123.177865 97.999938 79.170272 1
126.108691 97.113807 86.265726 1
105.591100 160.147600 45.987800 1
106.397822 167.038409 49.581736 1
107.377376 175.963914 54.285186 1
108.536920 183.489548 60.314542 1
112.189447 197.986773 80.307341 1
115.478426 204.757209 80.627583 1
117.765423 223.571675 77.543869 1
105.916193 190.339199 68.874829 1
99.167375 198.989608 77.174162 1
97.639165 192.226396 76.782364 1
93.188028 172.527539 75.641196 1
98.112472 166.902547 73.440733 1
107.994763 155.614409 69.024884 1
107.994763 155.614409 69.024884 1
113.936910 190.515428 67.281720 1
125.534116 197.461140 69.834549 1
128.363014 191.377215 68.042016 1
136.602596 173.656883 62.821004 1
134.102038 166.398596 64.161602 1
129.083960 151.832792 66.851895 1
129.083960 151.832792 66.851895 1
98.525532 159.378679 46.163409 1
100.857762 152.259933 62.901362 1
103.745864 143.444467 83.628697 1
102.367201 122.362361 75.102263 1
101.219691 104.815008 68.005420 1
101.398648 98.001240 82.317179 1
102.469933 97.116321 89.919065 1
111.962249 159.508491 42.898409 1
118.561347 152.446047 58.482130 1
126.733220 143.700393 77.779940 1
121.009950 122.285173 71.670195 1
116.342353 104.820053 66.687411 1
123.369334 97.994215 79.149970 1
126.280276 97.108722 86.253683 1
105.607100 163.629200 47.564100 1
106.403205 170.597432 51.007990 1
107.368708 179.640821 55.483649 1
108.536209 187.361833 61.259095 1
112.323514 202.656587 80.622702 1
115.408848 209.529458 80.678428 1
117.410429 228.238575 76.846143 1
105.966360 194.505319 69.591617 1
98.578744 202.982733 77.516996 1
97.738476 196.089129 77.470711 1
95.291071 176.010486 77.335902 1
99.771701 170.056559 75.053923 1
108.763354 158.108321 70.474488 1
108.763354 158.108321 70.474488 1
113.958979 194.710537 67.866254 1
125.868217 201.327402 69.774707 1
128.051983 194.876749 68.414481 1
134.412524 176.088267 64.452624 1
132.421886 168.682108 65.837861 1
128.427107 153.819555 68.617736 1
128.427107 153.819555 68.617736 1
98.546988 162.828669 47.805563 1
100.742820 154.182326 63.827236 1
103.462013 143.475172 83.667568 1
102.039787 122.393841 75.146376 1
100.856019 104.847132 68.053896 1
101.225197 98.033463 82.362059 1
102.397569 97.148548 89.949013 1
111.959825 162.957766 44.443781 1
118.487338 154.400722 59.291244 1
126.570563 143.804258 77.677322 1
120.894867 122.348387 71.666621 1
116.266069 104.850115 66.764612 1
123.259996 98.026585 79.247013 1
126.151985 97.141798 86.358552 1
105.857400 167.204300 49.201100 1
106.640949 174.271622 52.439840 1
107.588796 183.458296 56.617542 1
108.758391 191.404585 62.078440 1
112.659594 207.593581 80.677351 1
115.333691 214.629843 80.362763 1
117.118855 233.158963 75.650155 1
106.231484 198.883688 70.124693 1
97.788515 206.801945 77.559244 1
97.611533 199.870507 77.951427 1
97.096047 179.681666 79.093718 1
100.993796 173.372843 76.698091 1
108.815733 160.712406 71.890590 1
108.815733 160.712406 71.890590 1
114.193053 199.103931 68.263014 1
126.433908 205.278769 69.397872 1
128.134378 198.624973 68.365703 1
133.087248 179.244808 65.359362 1
131.499034 171.745317 66.762195 1
128.311833 156.695470 69.577383 1
128.311833 156.695470 69.577383 1
98.803403 166.375535 49.515110 1
100.748863 156.182064 64.634079 1
103.158010 143.559033 83.356554 1
101.799748 122.401642 75.015336 1
100.669219 104.791626 68.072655 1
101.217952 97.977934 82.375046 1
102.485438 97.093014 89.946691 1
112.191792 166.476240 46.056304 1
118.646435 156.417537 59.964526 1
126.639424 143.961521 77.187511 1
121.032649 122.387849 71.545069 1
116.460059 104.793503 66.943392 1
123.436536 97.973392 79.437421 1
126.318102 97.088483 86.553174 1
106.141700 170.686500 50.882500 1
106.900281 177.859689 53.885889 1
107.805507 187.199729 57.718748 1
108.931590 195.394382 62.809175 1
112.768132 212.597642 80.488295 1
115.194778 219.693619 79.769101 1
116.564703 238.052819 74.311365 1
106.370383 203.252018 70.474827 1
97.243845 210.834495 77.436681 1
97.691066 203.952692 78.255675 1
98.993661 183.908422 80.641116 1
102.286642 177.252217 78.278082 1
108.894942 163.894658 73.535989 1
108.894942 163.894658 73.535989 1
114.310222 203.485978 68.524142 1
126.824686 209.192170 68.811535 1
128.155108 202.414511 68.088150 1
132.030158 182.673576 65.981185 1
130.792552 175.119723 67.444184 1
128.308946 159.960782 70.380109 1
128.308946 159.960782 70.380109 1
99.094287 169.828572 51.259677 1
100.805333 158.204252 65.338825 1
102.924195 143.809338 82.773642 1
101.640937 122.525094 74.749290 1
100.572836 104.809495 68.070347 1
101.320573 97.995671 82.363653 1
102.692971 97.110805 89.916993 1
112.464486 169.892359 47.730351 1
118.804342 158.434629 60.568000 1
126.655184 144.246155 76.465260 1
121.078337 122.524611 71.388871 1
116.530154 104.809669 67.248837 1
123.480661 97.993567 79.759517 1
126.347018 97.108577 86.881400 1
106.405700 174.076700 52.648100 1
107.126893 181.368978 55.359740 1
107.967281 190.878786 58.766189 1
109.015515 199.352384 63.395680 1
112.649860 217.717632 79.910271 1
115.001752 224.798883 78.869484 1
115.873299 243.046881 72.955538 1
106.361389 207.653434 70.544991 1
96.870177 215.200056 77.042715 1
97.763260 208.417329 78.237280 1
100.364498 188.661633 81.716628 1
103.864008 181.865647 80.199811 1
110.886765 168.227580 77.155891 1
110.886765 168.227580 77.155891 1
114.292199 207.872363 68.556205 1
126.889205 213.396421 68.321094 1
127.869075 206.540062 67.811040 1
130.723091 186.569898 66.325435 1
129.779645 178.963132 67.732465 1
127.886353 163.698004 70.556072 1
127.886353 163.698004 70.556072 1
99.365092 173.190068 53.081748 1
100.869815 160.210229 65.947768 1
102.733177 144.136717 81.880316 1
101.488941 122.675569 74.335319 1
100.453319 104.812726 68.055360 1
101.421197 97.998981 82.335486 1
102.909892 97.114129 89.866770 1
112.724199 173.196996 49.510103 1
118.811683 160.415346 61.165597 1
126.350006 144.587420 75.598957 1
121.058063 122.680203 71.042026 1
116.742233 104.813837 67.325635 1
123.640396 97.999691 79.866316 1
126.476803 97.115729 87.000307 1
106.749700 177.206500 54.522200 1
107.424808 184.611629 56.921933 1
108.185153 194.280490 59.868391 1
109.144715 203.025061 63.984768 1
112.585431 222.562355 79.139903 1
114.750857 229.668239 77.884478 1
115.255382 247.802835 71.591176 1
106.400423 211.743526 70.581863 1
96.409892 219.035093 76.604935 1
97.371538 212.291485 77.957327 1
100.172474 192.649729 81.896367 1
103.797347 185.805234 81.032715 1
111.071680 172.069816 79.299557 1
111.071680 172.069816 79.299557 1
114.298355 211.991220 68.469456 1
126.896985 217.467155 67.732087 1
127.667330 210.576566 67.336709 1
129.911076 190.506706 66.185112 1
129.066388 182.883300 67.564567 1
127.371284 167.584779 70.332837 1
127.371284 167.584779 70.332837 1
99.723810 176.268897 55.071843 1
100.997235 162.067413 66.603154 1
102.574170 144.481085 80.882872 1
101.329784 122.840620 73.868762 1
100.294037 104.828524 68.030678 1
101.506833 98.014879 82.292139 1
103.124803 97.129988 89.796707 1
113.042366 176.260194 51.351839 1
118.681609 162.277449 61.790246 1
125.664860 144.962169 74.716448 1
120.790629 122.857815 70.674683 1
116.815464 104.830674 67.378434 1
123.603895 98.017197 79.979214 1
126.377781 97.133565 87.137787 1
107.306800 180.109100 56.496300 1
107.887980 187.631004 58.529430 1
108.513251 197.452433 60.957426 1
109.355839 206.448126 64.521188 1
112.574857 227.058629 78.234962 1
114.575406 234.190174 76.857422 1
114.738038 252.244019 70.318612 1
106.511836 215.549221 70.533357 1
95.976522 222.480026 76.031187 1
96.809351 215.721982 77.396915 1
99.235088 196.038180 81.374798 1
102.832565 189.173480 80.558237 1
110.051921 175.397517 78.919579 1
110.051921 175.397517 78.919579 1
114.376793 215.805367 68.302261 1
126.934693 221.284100 67.062224 1
127.689379 214.399527 66.549310 1
129.887514 194.347191 65.055375 1
129.047441 186.766868 66.657158 1
127.361596 171.554808 69.871592 1
127.361596 171.554808 69.871592 1
100.308964 179.078144 57.211672 1
101.293758 163.785003 67.282665 1
102.513268 144.846830 79.754007 1
101.264373 123.016060 73.357625 1
100.224873 104.845567 68.033696 1
101.677030 98.031728 82.272683 1
103.420927 97.146695 89.748976 1
113.562290 179.120677 53.265790 1
118.517679 164.018009 62.410849 1
124.654093 145.315895 73.735458 1
120.354951 123.023355 70.094511 1
116.848798 104.842740 67.125147 1
123.438607 98.029112 79.830846 1
126.099958 97.145454 87.032011 1
107.676200 182.593500 58.573700 1
108.207112 190.221336 60.181391 1
108.748118 200.175866 62.014763 1
109.492689 209.403078 64.953644 1
112.430289 231.047705 77.040957 1
114.326131 238.220994 75.733879 1
114.213399 256.238616 69.094876 1
106.524814 218.898187 70.254500 1
95.417424 225.370470 75.152511 1
96.018009 218.582362 76.490743 1
97.767302 198.810994 80.388542 1
101.288953 191.904976 79.590043 1
108.356142 178.046095 77.987633 1
108.356142 178.046095 77.987633 1
114.384271 219.091711 67.997860 1
126.873155 224.603397 66.293705 1
127.664988 217.751590 65.483942 1
129.971321 197.794689 63.125389 1
129.267247 190.309788 65.178012 1
127.854327 175.289218 69.297186 1
127.854327 175.289218 69.297186 1
100.695406 181.542786 59.415626 1
101.493198 165.291582 67.873570 1
102.481137 145.167001 78.347403 1
101.174971 123.152373 72.628480 1
100.087802 104.828850 67.868424 1
101.866554 98.015167 82.070384 1
103.781556 97.130259 89.504705 1
113.909304 181.482102 55.339888 1
118.173778 165.456654 63.167907 1
123.454611 145.611834 72.861582 1
119.799133 123.150385 69.572623 1
116.817918 104.832017 66.890322 1
123.208304 98.018298 79.697434 1
125.756803 97.134604 86.939303 1
108.037200 184.569400 60.552800 1
108.545714 192.266641 61.795508 1
109.026988 202.307897 63.094795 1
109.668889 211.714932 65.424709 1
112.247426 234.272712 75.803545 1
114.079103 241.493636 74.680174 1
113.646720 259.529750 68.104810 1
106.544100 221.539312 69.983405 1
94.959438 227.536175 74.352419 1
95.183703 220.706452 75.591192 1
95.836909 200.813873 79.199303 1
99.700570 194.049868 79.429719 1
107.454098 180.475980 79.892116 1
107.454098 180.475980 79.892116 1
114.398237 221.689786 67.705062 1
126.801980 227.227977 65.530058 1
127.621019 220.426772 64.388673 1
130.006591 200.617256 61.064222 1
129.534684 193.275886 63.636051 1
128.587669 178.543351 68.797159 1
128.587669 178.543351 68.797159 1
101.067021 183.531267 61.492596 1
101.683672 166.544511 68.373351 1
102.447295 145.509065 76.894081 1
101.118337 123.319283 71.903746 1
100.012199 104.849973 67.750119 1
102.102650 98.041211 81.911922 1
104.187485 97.156309 89.300415 1
114.252763 183.332042 57.330991 1
117.798268 166.598183 63.940524 1
122.188777 145.876114 72.125310 1
119.211144 123.274130 69.128566 1
116.782743 104.841149 66.684581 1
122.905295 98.027410 79.621861 1
125.302404 97.143644 86.915232 1
108.262900 186.008300 62.215200 1
108.740957 193.747851 63.175009 1
109.164794 203.839936 64.021643 1
109.710528 213.378024 65.770900 1
111.946273 236.707552 74.370729 1
113.767173 243.971381 73.546191 1
113.014609 262.079017 67.200253 1
106.436619 223.486939 69.533320 1
94.457803 229.062362 73.364463 1
94.346384 222.223765 74.569103 1
94.021861 202.305341 78.077793 1
97.805817 195.577070 79.147728 1
105.399396 182.074891 81.294859 1
105.399396 182.074891 81.294859 1
114.301847 223.560236 67.289713 1
126.589876 229.159145 64.660719 1
127.417022 222.395380 63.320091 1
129.826208 202.694913 59.415317 1
129.655281 195.507336 62.422351 1
129.312270 181.083433 68.456819 1
129.312270 181.083433 68.456819 1
101.290078 184.983540 63.150051 1
101.806750 167.484905 68.609513 1
102.446564 145.815576 75.370192 1
101.088519 123.475831 71.110204 1
99.958169 104.881701 67.564471 1
102.219707 98.086120 81.706303 1
104.411262 97.201442 89.063873 1
114.502082 184.672250 59.079613 1
117.377949 167.410811 64.561461 1
120.939226 146.035423 71.349799 1
118.525375 123.337242 68.581705 1
116.556765 104.825807 66.324195 1
122.320397 98.012024 79.425295 1
124.515734 97.128294 86.781921 1
108.355600 187.025900 63.496300 1
108.832191 194.781987 64.312636 1
109.239997 204.895488 64.857974 1
109.716597 214.514703 66.113522 1
111.645658 238.437312 72.984476 1
113.434831 245.743937 72.571159 1
112.441544 263.955935 66.566137 1
106.309879 224.836853 69.098808 1
93.984394 229.951075 72.442787 1
93.636147 223.129642 73.698474 1
92.621828 203.261210 77.355850 1
96.185092 196.575150 79.181355 1
103.335789 183.157680 82.844752 1
103.335789 183.157680 82.844752 1
114.190222 224.830732 66.907667 1
126.328449 230.526423 63.829094 1
127.225557 223.777582 62.458580 1
129.838522 204.120583 58.466756 1
129.913656 197.060944 61.766540 1
130.064435 182.893783 68.388493 1
130.064435 182.893783 68.388493 1
101.365170 186.031400 64.326472 1
101.824186 168.188371 68.532481 1
102.392602 146.092564 73.740954 1
101.050737 123.616284 70.266447 1
99.933855 104.908511 67.374495 1
102.288630 98.125417 81.507102 1
104.544843 97.240955 88.845129 1
114.646910 185.618082 60.499336 1
116.961049 168.004730 65.048312 1
119.826720 146.193559 70.681445 1
117.898011 123.424051 68.126841 1
116.325056 104.854445 66.043441 1
121.658577 98.041045 79.325649 1
123.612818 97.157482 86.749979 1
107.866500 187.496000 64.035000 1
108.462178 195.236185 64.921074 1
108.987685 205.347392 65.404748 1
109.452950 215.004962 66.325464 1
111.031792 239.338740 71.673082 1
112.836857 246.653002 71.627697 1
111.624081 264.981806 66.032351 1
105.895429 225.454451 68.609469 1
93.297850 230.142983 71.537559 1
92.823410 223.360099 72.950837 1
91.441534 203.603944 77.067219 1
94.772339 197.011542 79.552915 1
101.456543 183.782022 84.541170 1
101.456543 183.782022 84.541170 1
113.799206 225.404110 66.505013 1
125.895379 230.956031 63.024523 1
126.894200 224.204497 61.740343 1
129.803415 204.539655 57.999983 1
130.096825 197.568413 61.471066 1
130.685637 183.578646 68.436779 1
130.685637 183.578646 68.436779 1
100.836116 186.628442 64.639463 1
101.428212 168.624018 68.069484 1
102.161427 146.328350 72.317017 1
100.964115 123.734293 69.646624 1
99.967549 104.928490 67.423964 1
102.444523 98.147104 81.536487 1
104.766541 97.262585 88.853950 1
114.221233 185.989108 61.225912 1
116.380421 168.228495 65.247990 1
119.054212 146.234966 70.228649 1
117.380842 123.437340 67.745804 1
116.016129 104.844803 65.720928 1
121.048099 98.030687 79.119921 1
122.834958 97.147044 86.586294 1
108.232900 188.014700 65.260900 1
108.740706 195.783503 65.922909 1
109.157270 205.910363 66.063558 1
109.521680 215.603272 66.561130 1
110.833968 240.203468 70.602260 1
112.640399 247.508705 70.961522 1
111.195766 265.921947 65.708966 1
105.850193 226.127202 68.243839 1
93.010777 230.311960 70.869152 1
92.500861 223.585471 72.519701 1
91.015655 203.993579 77.327170 1
94.123033 197.429115 80.152898 1
100.358865 184.255663 85.823524 1
100.358865 184.255663 85.823524 1
113.774749 226.036860 66.220427 1
125.912573 231.341815 62.507512 1
127.018531 224.570011 61.435366 1
130.239801 204.846130 58.312581 1
130.750953 197.909084 61.826672 1
131.776726 183.987940 68.878693 1
131.776726 183.987940 68.878693 1
101.209554 187.088267 65.859787 1
101.583644 168.927661 68.375205 1
102.046892 146.438585 71.490145 1
100.946716 123.787047 69.309910 1
100.031000 104.933401 67.495225 1
102.415449 98.152777 81.624041 1
104.690966 97.268064 88.956074 1
114.616633 186.496101 62.524818 1
116.448893 168.550833 65.824628 1
118.717839 146.328640 69.910879 1
117.195720 123.512562 67.501272 1
115.954360 104.904977 65.536125 1
120.705001 98.084718 79.034323 1
122.357331 97.205223 86.532104 1
108.534900 188.358500 66.248700 1
108.937608 196.149390 66.684909 1
109.227882 206.280058 66.506232 1
109.484806 215.988097 66.650469 1
110.546966 240.745955 69.674173 1
112.405360 248.008745 70.420504 1
110.742985 266.460028 65.369718 1
105.706835 226.537609 67.874883 1
92.736497 230.416374 70.320405 1
92.316506 223.782250 72.330873 1
91.093220 204.459383 78.186660 1
93.796200 197.819863 81.243356 1
99.220493 184.495789 87.377484 1
99.220493 184.495789 87.377484 1
113.643568 226.438277 65.900207 1
125.931426 231.377042 62.175666 1
127.133329 224.576674 61.440547 1
130.634053 204.769597 59.299406 1
131.399140 197.793045 62.686894 1
132.934505 183.792621 69.484852 1
132.934505 183.792621 69.484852 1
101.522433 187.356427 66.853252 1
101.660040 169.103660 68.611797 1
101.830442 146.500459 70.789467 1
100.897333 123.808068 68.989291 1
100.120671 104.920418 67.490942 1
102.318645 98.133589 81.646993 1
104.491295 97.247997 89.010058 1
114.947433 186.845908 63.577405 1
116.523834 168.765856 66.205194 1
118.475941 146.376757 69.459260 1
117.023025 123.545169 67.156205 1
115.838103 104.924934 65.277956 1
120.418015 98.128298 78.846893 1
121.977980 97.262706 86.366048 1
108.746100 188.616500 67.175100 1
109.034717 196.422211 67.370026 1
109.201462 206.544868 66.869407 1
109.383691 216.254003 66.689594 1
110.365774 241.105711 68.846130 1
112.300089 248.285109 70.059972 1
110.275940 266.727058 65.108091 1
105.571664 226.827842 67.542135 1
92.486542 230.351479 69.912500 1
92.183927 223.851977 72.340435 1
91.302517 204.921215 79.412153 1
93.506355 198.135614 82.547665 1
97.928979 184.518387 88.839960 1
97.928979 184.518387 88.839960 1
113.510010 226.684694 65.576654 1
125.922591 231.360612 61.927178 1
127.161517 224.532293 61.664338 1
130.770075 204.643802 60.898778 1
131.865164 197.581059 64.005409 1
134.062771 183.407668 70.239747 1
134.062771 183.407668 70.239747 1
101.747547 187.531558 67.797587 1
101.768145 169.224425 68.857478 1
101.793649 146.553901 70.169976 1
100.843771 123.843060 68.630036 1
100.053153 104.940054 67.348290 1
102.158978 98.175499 81.528987 1
104.286766 97.300295 88.906382 1
115.185999 187.115425 64.563817 1
116.576356 168.940642 66.569500 1
118.298078 146.434235 69.053192 1
116.952287 123.586353 66.848741 1
115.854729 104.952830 65.050908 1
120.276906 98.163965 78.675942 1
121.759514 97.306011 86.211605 1
108.985200 188.759600 67.884000 1
109.170782 196.570849 67.903320 1
109.221641 206.679909 67.161081 1
109.324509 216.381983 66.722863 1
110.194776 241.290603 68.146161 1
112.049512 248.426269 69.695666 1
109.863363 266.910563 64.975983 1
105.464682 226.957877 67.285567 1
92.339778 230.332733 69.652484 1
92.111514 223.958101 72.398741 1
91.446661 205.391041 80.397621 1
93.233043 198.485740 83.537428 1
96.817925 184.628302 89.838339 1
96.817925 184.628302 89.838339 1
113.393542 226.795247 65.283647 1
125.889383 231.280210 61.678915 1
127.139410 224.452098 61.889373 1
130.780301 204.564213 62.502366 1
132.166390 197.409615 65.263380 1
134.947973 183.051891 70.804141 1
134.947973 183.051891 70.804141 1
102.000709 187.596730 68.523488 1
102.007837 169.281184 69.426603 1
102.016660 146.600241 70.544957 1
100.735788 123.928847 68.694759 1
99.669672 105.058674 67.154774 1
101.667551 98.371847 81.387859 1
103.762198 97.527940 88.778372 1
115.447787 187.285189 65.313901 1
116.678199 169.055475 66.876655 1
118.201856 146.481045 68.811855 1
116.895160 123.631447 66.601686 1
115.829488 104.996524 64.799189 1
120.110246 98.248314 78.489429 1
121.516404 97.413371 86.042310 1
109.199700 188.825600 68.399700 1
109.321577 196.637777 68.325868 1
109.303537 206.734580 67.430959 1
109.360832 216.425451 66.785522 1
110.166263 241.366075 67.519727 1
111.956445 248.455995 69.332742 1
109.538845 266.976599 64.875589 1
105.473489 227.002774 67.056155 1
92.302735 230.239712 69.360178 1
92.041446 223.948771 72.290324 1
91.280404 205.625474 80.824810 1
92.912728 198.693326 83.989230 1
96.188448 184.782009 90.339536 1
96.188448 184.782009 90.339536 1
113.402656 226.805515 65.058570 1
125.904841 231.226531 61.397281 1
127.141378 224.413120 61.924901 1
130.742976 204.568053 63.461671 1
132.322030 197.368864 65.993663 1
135.490852 182.921657 71.074826 1
135.490852 182.921657 71.074826 1
102.222941 187.613348 69.031848 1
102.089984 169.290061 69.749053 1
101.925334 146.599533 70.637189 1
100.708957 123.923538 68.799888 1
99.696523 105.049537 67.270638 1
101.494211 98.362966 81.530511 1
103.476732 97.522410 88.952269 1
115.682121 187.373463 65.867143 1
116.786685 169.112034 67.123607 1
118.154502 146.498329 68.679518 1
116.841801 123.653608 66.422974 1
115.771230 105.022663 64.582656 1
119.933788 98.336681 78.339715 1
121.269430 97.534236 85.908900 1
109.298900 188.841700 68.643900 1
109.426843 196.653765 68.568411 1
109.413234 206.746322 67.626758 1
109.462204 216.427778 66.852251 1
110.202323 241.380524 67.039867 1
111.993792 248.442435 68.957884 1
109.299379 266.980926 64.740267 1
105.547467 226.998446 66.867827 1
92.326097 230.111322 69.049670 1
91.941376 223.842862 72.014189 1
90.820818 205.585046 80.648791 1
92.499836 198.678463 83.844526 1
95.869261 184.818451 90.257677 1
95.869261 184.818451 90.257677 1
113.488069 226.777577 64.918726 1
125.959990 231.190186 61.145780 1
127.174693 224.375810 61.710349 1
130.712699 204.527930 63.354738 1
132.348023 197.346117 65.900322 1
135.629767 182.933779 71.008759 1
135.629767 182.933779 71.008759 1
102.318740 187.634768 69.248058 1
102.138745 169.310528 69.929785 1
101.915846 146.618820 70.773985 1
100.687087 123.947216 68.891301 1
99.664347 105.076868 67.324277 1
101.328153 98.365436 81.588720 1
103.258893 97.504756 89.021813 1
115.790473 187.384080 66.138076 1
116.855106 169.114685 67.310404 1
118.173476 146.491117 68.762126 1
116.830213 123.658380 66.404545 1
115.734719 105.037208 64.481828 1
119.849584 98.411650 78.282399 1
121.150729 97.639658 85.860755 1
109.388400 188.847700 68.755600 1
109.529167 196.659164 68.647733 1
109.528648 206.747284 67.659581 1
109.589441 216.424119 66.830116 1
110.363538 241.376533 66.848053 1
112.043141 248.489852 68.675172 1
109.188481 267.023119 64.540835 1
105.688930 226.999966 66.786307 1
92.448335 230.029183 68.969318 1
91.891637 223.702912 71.779719 1
90.270173 205.276712 79.965429 1
92.070894 198.444780 83.254019 1
95.684551 184.734576 89.853508 1
95.684551 184.734576 89.853508 1
113.623418 226.755232 64.815278 1
126.021610 231.272990 60.925581 1
127.206854 224.442131 61.331198 1
130.659055 204.546242 62.512619 1
132.216194 197.408332 65.225235 1
135.341036 183.084099 70.668868 1
135.341036 183.084099 70.668868 1
102.408851 187.655104 69.394308 1
102.194704 169.327921 69.980321 1
101.929512 146.632568 70.705995 1
100.732629 123.957259 68.847559 1
99.736420 105.083827 67.300717 1
101.404741 98.364137 81.560744 1
103.351185 97.493727 88.988607 1
115.866794 187.368864 66.228193 1
116.933081 169.098128 67.377892 1
118.253498 146.472899 68.801594 1
116.889948 123.641873 66.439085 1
115.777908 105.022097 64.512348 1
119.975138 98.387848 78.283910 1
121.323355 97.611690 85.853607 1
109.482500 188.896200 68.878100 1
109.607234 196.707058 68.718827 1
109.582621 206.789761 67.677145 1
109.628453 216.464044 66.817502 1
110.392257 241.416780 66.810551 1
112.021794 248.564588 68.546119 1
109.125159 267.069348 64.314436 1
105.723418 227.038242 66.778911 1
92.499743 230.125437 68.983156 1
91.819360 223.718040 71.573968 1
89.837646 205.055546 79.120091 1
91.741320 198.279312 82.465446 1
95.561581 184.680883 89.178850 1
95.561581 184.680883 89.178850 1
113.650603 226.795033 64.778530 1
126.050050 231.326033 60.908282 1
127.233052 224.484086 61.043307 1
130.678722 204.555901 61.436590 1
132.084638 197.477396 64.377828 1
134.906011 183.272373 70.280255 1
134.906011 183.272373 70.280255 1
102.510963 187.694630 69.583953 1
102.205671 169.365305 70.050389 1
101.827613 146.667300 70.627987 1
100.753632 123.981574 68.822339 1
99.859719 105.099472 67.319436 1
101.520157 98.393976 81.587063 1
103.462018 97.531154 89.017010 1
115.941987 187.413286 66.305101 1
117.009337 169.138284 67.383823 1
118.331070 146.507772 68.719631 1
116.963881 123.666002 66.465570 1
115.848874 105.037464 64.627277 1
120.155846 98.373349 78.350450 1
121.573229 97.583688 85.906103 1
109.619900 188.937000 68.948900 1
109.714785 196.746382 68.714427 1
109.654296 206.821190 67.600346 1
109.684131 216.493239 66.715230 1
110.463735 241.445458 66.753763 1
112.099263 248.594016 68.480586 1
109.105346 267.026248 64.006989 1
105.785666 227.069931 66.717338 1
92.573379 230.156153 68.990167 1
91.813403 223.678182 71.375180 1
89.599861 204.810130 78.321885 1
91.568313 198.049528 81.661374 1
95.518567 184.482469 88.363004 1
95.518567 184.482469 88.363004 1
113.702462 226.825732 64.676343 1
126.087243 231.393307 60.802132 1
127.237504 224.544575 60.760535 1
130.587812 204.596627 60.639377 1
131.879295 197.568723 63.749578 1
134.471022 183.465246 69.991079 1
134.471022 183.465246 69.991079 1
102.658467 187.717195 69.720173 1
102.200538 169.388234 70.058419 1
101.633461 146.690680 70.477272 1
100.677675 123.997681 68.696754 1
99.882140 105.109526 67.214766 1
101.459576 98.426442 81.502313 1
103.355338 97.576466 88.945635 1
116.064724 187.452821 66.340109 1
117.099677 169.171117 67.333450 1
118.381294 146.532305 68.563528 1
117.003315 123.682636 66.397837 1
115.879509 105.047655 64.631613 1
120.256051 98.364597 78.323528 1
121.718513 97.566732 85.869722 1
109.835700 189.033100 69.120300 1
109.896832 196.840604 68.821036 1
109.795548 206.908086 67.645382 1
109.799682 216.578429 66.741335 1
110.546960 241.531490 66.835122 1
112.254890 248.664193 68.557411 1
109.149189 267.039748 63.929522 1
105.887524 227.150036 66.765438 1
92.678155 230.240824 69.048997 1
91.929075 223.706409 71.278407 1
89.747271 204.673958 77.771895 1
91.718986 197.888323 81.058264 1
95.675791 184.271029 87.653296 1
95.675791 184.271029 87.653296 1
113.805311 226.920583 64.726579 1
126.196292 231.479290 60.861759 1
127.329595 224.630808 60.652234 1
130.630511 204.683594 60.041965 1
131.690673 197.647378 63.220085 1
133.818191 183.527224 69.597886 1
133.818191 183.527224 69.597886 1
102.882576 187.790695 69.929518 1
102.247780 169.465546 70.176206 1
101.461681 146.772713 70.481679 1
100.694991 124.061265 68.851241 1
100.056847 105.157755 67.494170 1
101.468456 98.526991 81.823379 1
103.270465 97.707259 89.293333 1
116.276282 187.554294 66.498017 1
117.227661 169.259937 67.328643 1
118.405783 146.605457 68.357226 1
117.035407 123.742386 66.332745 1
115.917801 105.096476 64.681685 1
120.281969 98.419561 78.380545 1
121.742758 97.626768 85.927597 1
109.910100 188.861000 69.097800 1
109.966281 196.667122 68.763536 1
109.864414 206.731449 67.561230 1
109.871890 216.402871 66.668823 1
110.634127 241.354679 66.889673 1
112.319375 248.513943 68.521736 1
109.126947 266.868855 63.870994 1
105.966112 226.976639 66.737881 1
92.751385 230.050082 69.013841 1
92.070430 223.482422 71.166076 1
90.087045 204.353141 77.434778 1
92.030012 197.490101 80.574249 1
95.929124 183.717470 86.874489 1
95.929124 183.717470 86.874489 1
113.888027 226.752547 64.714520 1
126.213791 231.413518 60.764084 1
127.252578 224.551869 60.502040 1
130.278201 204.566301 59.738800 1
131.214020 197.514905 62.922315 1
133.092008 183.364285 69.310943 1
133.092008 183.364285 69.310943 1
102.955527 187.616957 69.891908 1
102.503834 169.292700 70.432734 1
101.944479 146.600971 71.102452 1
100.858662 123.931758 69.106515 1
99.954897 105.063401 67.445227 1
101.481287 98.334819 81.716956 1
103.351867 97.460537 89.163832 1
116.359573 187.375304 66.501392 1
117.306155 169.093433 67.576464 1
118.478338 146.454416 68.907750 1
117.025121 123.629862 66.536182 1
115.839953 105.015364 64.602056 1
120.175971 98.357730 78.319227 1
121.606945 97.570840 85.872606 1
109.993200 188.870000 69.036200 1
110.050082 196.675510 68.688059 1
109.954273 206.738827 67.476834 1
109.970166 216.411363 66.596694 1
110.747997 241.361747 66.906255 1
112.379648 248.538129 68.517467 1
109.150049 266.890239 63.881355 1
106.071263 226.987608 66.674480 1
92.824913 229.967003 68.890885 1
92.237999 223.397650 71.065535 1
90.528526 204.263437 77.399525 1
92.464613 197.303084 80.321472 1
96.349919 183.335168 86.185189 1
96.349919 183.335168 86.185189 1
114.006654 226.764663 64.704501 1
126.298928 231.508709 60.748609 1
127.232316 224.632537 60.471105 1
129.950950 204.604667 59.662837 1
130.813298 197.510226 62.770567 1
132.543845 183.273226 69.007111 1
132.543845 183.273226 69.007111 1
103.034918 187.626481 69.797973 1
102.592140 169.304211 70.408951 1
102.043827 146.614943 71.165541 1
100.944259 123.945932 69.174850 1
100.029050 105.077742 67.517929 1
101.490450 98.330568 81.787682 1
103.327589 97.446380 89.241710 1
116.455687 187.380449 66.474593 1
117.372727 169.099644 67.592532 1
118.508327 146.461946 68.976903 1
117.035643 123.646141 66.534227 1
115.834600 105.038778 64.542109 1
120.088553 98.392123 78.290265 1
121.472204 97.610559 85.853008 1
110.053000 188.878700 68.933400 1
110.114517 196.684814 68.599893 1
110.024349 206.751143 67.413514 1
110.036187 216.426872 66.569141 1
110.773017 241.376647 67.003101 1
112.369977 248.570007 68.572826 1
109.118311 266.926826 63.970907 1
106.120119 226.996423 66.685111 1
92.862592 229.949635 68.869505 1
92.380912 223.371471 71.043375 1
90.977946 204.211594 77.375091 1
92.925378 197.182734 80.120154 1
96.833449 183.077340 85.628900 1
96.833449 183.077340 85.628900 1
114.062572 226.795670 64.741383 1
126.372574 231.556837 60.861924 1
127.226608 224.669692 60.601483 1
129.714111 204.609863 59.842909 1
130.516202 197.450230 62.814277 1
132.125826 183.082404 68.777172 1
132.125826 183.082404 68.777172 1
103.090953 187.636610 69.662405 1
102.614369 169.314966 70.266669 1
102.024192 146.626472 71.014944 1
100.961814 123.947171 69.123752 1
100.077560 105.070416 67.549646 1
101.467812 98.320150 81.825045 1
103.263834 97.435941 89.289085 1
116.526049 187.391239 66.397375 1
117.429486 169.110960 67.534813 1
118.548241 146.473913 68.943331 1
117.049404 123.659327 66.505177 1
115.827031 105.052958 64.516747 1
120.016651 98.413848 78.288283 1
121.367197 97.637185 85.857513 1
