44 35
107.076600 154.735700 69.263800 1
107.512712 162.827457 68.433514 1
107.893038 173.079081 67.063146 1
108.022010 182.994705 66.960860 1
107.629578 208.034007 71.716430 1
107.501721 215.700572 72.333857 1
107.277749 235.018026 68.987580 1
103.696867 193.626440 67.815180 1
91.754723 200.794724 65.996428 1
91.322562 194.432053 69.096695 1
90.063827 175.899860 78.126671 1
92.454005 172.376583 84.849043 1
97.250561 165.306142 98.339355 1
97.250561 165.306142 98.339355 1
112.046686 193.732696 67.944743 1
124.043811 200.928945 66.683798 1
124.540682 194.611646 69.866069 1
125.987890 176.211602 79.134890 1
124.075918 171.802640 85.476982 1
120.239012 162.954829 98.204157 1
120.239012 162.954829 98.204157 1
99.751111 153.693479 68.830350 1
95.700209 152.217519 87.051010 1
90.683780 150.389759 109.614546 1
92.155561 127.219977 111.075480 1
93.380576 107.934967 112.291467 1
88.996729 102.532586 126.905606 1
87.665415 102.454721 134.682627 1
114.113657 152.827194 67.931760 1
118.210192 151.505386 86.154155 1
123.283083 149.868534 108.719621 1
121.473095 126.577419 111.052204 1
119.996966 107.582426 112.954536 1
125.493628 101.302420 126.822670 1
127.483505 100.762165 134.439095 1
107.077000 154.713200 69.248400 1
107.511798 162.805231 68.420099 1
107.889775 173.057428 67.053368 1
108.015004 182.973157 66.956795 1
107.609448 208.008443 71.732364 1
107.495746 215.673469 72.371291 1
107.307945 234.998723 69.068108 1
103.684523 193.602100 67.818771 1
91.752649 200.789190 66.006839 1
91.326824 194.424806 69.104467 1
90.086545 175.887626 78.126756 1
92.473972 172.373872 84.855088 1
97.265009 165.322545 98.357360 1
97.265009 165.322545 98.357360 1
112.034263 193.712310 67.950098 1
124.032581 200.906145 66.686739 1
124.534624 194.591505 69.873473 1
125.996897 176.199208 79.155295 1
124.099348 171.774388 85.490672 1
120.291387 162.894754 98.204370 1
120.291387 162.894754 98.204370 1
99.752096 153.669303 68.809121 1
95.705989 152.207021 87.031949 1
90.695496 150.396199 109.598169 1
92.158646 127.226267 111.065372 1
93.376476 107.941131 112.286576 1
88.992776 102.555547 126.906957 1
87.662037 102.486441 134.684160 1
114.115536 152.806661 67.921367 1
118.212787 151.491436 86.144076 1
123.286566 149.862735 108.709933 1
121.476573 126.571818 111.044488 1
120.000441 107.576986 112.948430 1
125.494802 101.287751 126.813293 1
127.483697 100.742525 134.429620 1
107.057200 154.650700 69.223600 1
107.487035 162.745331 68.418438 1
107.861242 173.001044 67.077285 1
107.982772 182.916978 66.998691 1
107.568574 207.946611 71.803059 1
107.456284 215.608056 72.483829 1
107.340630 234.951066 69.282841 1
103.649546 193.544073 67.869603 1
91.729131 200.758528 66.091314 1
91.318600 194.383653 69.169372 1
90.122868 175.815915 78.134659 1
92.510310 172.309137 84.866624 1
97.301375 165.271809 98.376188 1
97.301375 165.271809 98.376188 1
111.999158 193.655744 68.007668 1
123.999473 200.847138 66.749394 1
124.503387 194.525665 69.922255 1
125.971108 176.113465 79.163669 1
124.061996 171.703248 85.505750 1
120.230832 162.852916 98.232903 1
120.230832 162.852916 98.232903 1
99.734301 153.601725 68.763494 1
95.707079 152.173374 86.993195 1
90.719974 150.404570 109.567927 1
92.169239 127.235038 111.055095 1
93.375512 107.950235 112.292917 1
88.998484 102.574345 126.918863 1
87.671644 102.510268 134.696775 1
114.100615 152.753826 67.908657 1
118.198319 151.466645 86.133267 1
123.272659 149.872673 108.701477 1
121.471952 126.581522 111.040863 1
120.003394 107.586498 112.948745 1
125.489433 101.309800 126.822580 1
127.473152 100.771245 134.440732 1
107.028200 154.526900 69.172600 1
107.448566 162.626732 68.416224 1
107.811287 172.889651 67.128089 1
107.921185 182.805934 67.084030 1
107.476875 207.826271 71.933917 1
107.396965 215.482267 72.677649 1
107.331597 234.862693 69.710068 1
103.576889 193.427415 67.968187 1
91.694851 200.714361 66.229061 1
91.304855 194.326685 69.283157 1
90.168935 175.721662 78.178653 1
92.556485 172.223242 84.914927 1
97.347766 165.202687 98.433138 1
97.347766 165.202687 98.433138 1
111.926184 193.546511 68.118678 1
123.938099 200.719862 66.868117 1
124.449335 194.386617 70.016236 1
125.938381 175.940131 79.185585 1
124.017118 171.550522 85.538284 1
120.161567 162.741546 98.286746 1
120.161567 162.741546 98.286746 1
99.708524 153.469709 68.681088 1
95.713394 152.103862 86.922637 1
90.766030 150.412461 109.512041 1
92.214258 127.244985 111.031888 1
93.419667 107.961893 112.296910 1
89.057538 102.624115 126.941255 1
87.739832 102.579861 134.720857 1
114.078963 152.648256 67.870931 1
118.175238 151.413452 86.099486 1
123.247809 149.884341 108.672582 1
121.483587 126.591770 111.025591 1
120.044783 107.595588 112.944584 1
125.516497 101.345791 126.836210 1
127.491184 100.821588 134.457708 1
106.992300 154.373900 69.149900 1
107.405691 162.478562 68.443034 1
107.764460 172.749113 67.216078 1
107.872358 182.665508 67.229010 1
107.436470 207.658448 72.218903 1
107.361378 215.311098 72.996777 1
107.308970 234.748435 70.427934 1
103.529466 193.281759 68.180330 1
91.662223 200.608729 66.509693 1
91.242208 194.200184 69.515709 1
90.018850 175.534375 78.271166 1
92.473885 172.023340 84.976549 1
97.400594 164.977470 98.432769 1
97.400594 164.977470 98.432769 1
111.879022 193.400293 68.315995 1
123.878439 200.594266 67.063912 1
124.398959 194.238949 70.165686 1
125.915045 175.728173 79.200049 1
123.975511 171.371961 85.570163 1
120.083295 162.630007 98.353570 1
120.083295 162.630007 98.353570 1
99.675396 153.311378 68.629462 1
95.680099 152.012385 86.875856 1
90.732528 150.403771 109.471261 1
92.247060 127.241349 111.003456 1
93.507656 107.962463 112.278755 1
89.135913 102.639654 126.925681 1
87.813727 102.603127 134.704563 1
114.049202 152.511012 67.858899 1
118.132890 151.328826 86.093765 1
123.189872 149.864873 108.674676 1
121.436003 126.572702 111.039357 1
120.005643 107.576846 112.967867 1
125.450187 101.299229 126.857624 1
127.410980 100.760118 134.481669 1
106.956700 154.227300 69.115300 1
107.357955 162.338423 68.479073 1
107.701928 172.619846 67.342247 1
107.790624 182.535921 67.443678 1
107.297029 207.481314 72.660937 1
107.298212 215.120321 73.566121 1
107.253345 234.609517 71.425804 1
103.423699 193.133371 68.489871 1
91.625609 200.600816 66.957127 1
91.196078 194.144595 69.857940 1
89.945006 175.339924 78.306977 1
92.463856 171.869113 85.009632 1
97.518629 164.903962 98.460377 1
97.518629 164.903962 98.460377 1
111.772916 193.269241 68.630132 1
123.804527 200.413738 67.403973 1
124.345037 194.018177 70.418379 1
125.919350 175.390184 79.198268 1
123.973943 171.060200 85.584453 1
120.069942 162.370880 98.400111 1
120.069942 162.370880 98.400111 1
99.644007 153.155902 68.555367 1
95.699076 151.931266 86.817855 1
90.813875 150.414732 109.433190 1
92.302030 127.251867 110.984427 1
93.540672 107.972614 112.275575 1
89.197192 102.665862 126.936730 1
87.890274 102.637766 134.718227 1
114.022351 152.388335 67.837927 1
118.084786 151.283474 86.082387 1
123.115452 149.915277 108.675179 1
121.532214 126.616318 111.092803 1
120.241011 107.614928 113.064492 1
125.661712 101.416633 126.999125 1
127.606121 100.919841 134.630239 1
106.912300 154.050900 69.093400 1
107.306996 162.168310 68.538457 1
107.641999 172.461784 67.513498 1
107.718127 182.375891 67.740137 1
107.191392 207.242714 73.316852 1
107.212197 214.859598 74.392225 1
107.162961 234.400689 72.793755 1
103.334786 192.949411 68.947410 1
91.586754 200.530460 67.598927 1
91.136474 194.007795 70.343755 1
89.824966 175.009594 78.338465 1
92.433789 171.615356 85.045916 1
97.669116 164.803869 98.506287 1
97.669116 164.803869 98.506287 1
111.684017 193.098092 69.073042 1
123.699553 200.279258 67.904828 1
124.255833 193.827476 70.793956 1
125.876081 175.035733 79.208957 1
123.883052 170.784114 85.632997 1
119.883484 162.252054 98.524622 1
119.883484 162.252054 98.524622 1
99.602662 152.977492 68.498516 1
95.716645 151.840698 86.779306 1
90.904401 150.432945 109.417304 1
92.293762 127.262112 110.940934 1
93.450175 107.976227 112.209104 1
89.136270 102.686381 126.885092 1
87.845600 102.667055 134.669328 1
113.984128 152.231939 67.821579 1
118.040646 151.200040 86.071628 1
123.063984 149.922194 108.671340 1
121.561306 126.621296 111.121464 1
120.335804 107.618323 113.119657 1
125.736539 101.434098 127.068288 1
127.669217 100.944726 134.702860 1
106.888400 153.905000 69.043000 1
107.270721 162.029236 68.588342 1
107.589548 172.336356 67.705175 1
107.642906 182.245450 68.097233 1
107.049331 206.996354 74.161594 1
107.174461 214.572637 75.487514 1
107.061000 234.152706 74.477676 1
103.228540 192.779019 69.521240 1
91.544102 200.495173 68.406855 1
91.088052 193.889173 70.943542 1
89.759738 174.648249 78.332011 1
92.484766 171.401088 85.066020 1
97.953293 164.884752 98.579686 1
97.953293 164.884752 98.579686 1
111.577516 192.952257 69.631380 1
123.592748 200.152702 68.585058 1
124.173151 193.622578 71.287394 1
125.863657 174.602655 79.158337 1
123.800010 170.471808 85.638629 1
119.658726 162.182113 98.643141 1
119.658726 162.182113 98.643141 1
99.582522 152.826516 68.412187 1
95.754092 151.752442 86.708913 1
91.013159 150.422357 109.366645 1
92.439703 127.261281 111.000291 1
93.627066 107.983517 112.360031 1
89.375891 102.737370 127.069972 1
88.119645 102.740783 134.859860 1
113.967297 152.113708 67.771235 1
118.007077 151.133360 86.027837 1
123.009688 149.919350 108.635664 1
121.614837 126.616715 111.132587 1
120.477273 107.612327 113.168947 1
125.852489 101.440497 127.132917 1
127.770440 100.957639 134.771616 1
106.852700 153.758800 69.022500 1
107.222196 161.889393 68.686301 1
107.521620 172.210618 67.978476 1
107.545380 182.108870 68.587350 1
106.855124 206.685790 75.313020 1
107.052537 214.206109 76.919142 1
106.925953 233.809401 76.592578 1
103.088568 192.581811 70.297565 1
91.485397 200.454633 69.465658 1
90.997930 193.763121 71.760880 1
89.578109 174.273130 78.446044 1
92.439123 171.150250 85.182433 1
98.180543 164.883320 98.700875 1
98.180543 164.883320 98.700875 1
111.436867 192.787266 70.403578 1
123.437685 200.034964 69.532812 1
124.061226 193.413616 71.992679 1
125.877379 174.127987 79.157395 1
123.756964 170.091564 85.678733 1
119.501759 161.991355 98.765614 1
119.501759 161.991355 98.765614 1
99.551060 152.676903 68.349851 1
95.773549 151.670928 86.661025 1
91.095672 150.425173 109.336650 1
92.523337 127.262421 110.945355 1
93.711631 107.983261 112.284336 1
89.485062 102.691433 126.985001 1
88.240363 102.671177 134.776717 1
113.939285 151.998250 67.750623 1
117.968916 151.083187 86.012857 1
122.958957 149.950024 108.627657 1
121.704471 126.636133 111.093777 1
120.681381 107.622564 113.105016 1
126.030640 101.438919 127.073726 1
127.934721 100.949714 134.715491 1
106.813100 153.667300 68.994600 1
107.169351 161.802679 68.782952 1
107.451566 172.136242 68.276799 1
107.450642 182.013604 69.162471 1
106.677356 206.326417 76.779898 1
106.916809 213.776365 78.681144 1
106.796811 233.376738 79.153069 1
102.959047 192.402760 71.250893 1
91.421510 200.401702 70.793604 1
90.915483 193.614626 72.783961 1
89.441606 173.846288 78.581166 1
92.422065 170.893933 85.342614 1
98.403186 164.969208 98.911344 1
98.403186 164.969208 98.911344 1
111.306583 192.631105 71.369478 1
123.244017 200.003755 70.699660 1
123.910606 193.293417 72.892607 1
125.852141 173.748590 79.279880 1
123.649027 169.790887 85.822019 1
119.227864 161.848652 98.950645 1
119.227864 161.848652 98.950645 1
99.516008 152.583101 68.277755 1
95.793874 151.624272 86.602794 1
91.184574 150.436901 109.295588 1
92.581736 127.273150 110.916650 1
93.744642 107.993160 112.265915 1
89.558823 102.713480 126.982599 1
88.336103 102.699522 134.777808 1
113.907592 151.938464 67.723299 1
117.911876 151.005365 85.990194 1
122.870531 149.849867 108.610768 1
121.706052 126.526102 111.027171 1
120.756367 107.504481 112.997864 1
126.045476 101.054608 126.868746 1
127.929131 100.423737 134.505189 1
106.810800 153.569000 68.975000 1
107.141648 161.707857 68.899895 1
107.388394 172.051074 68.625413 1
107.341789 181.892861 69.843505 1
106.434128 205.833158 78.548354 1
106.705487 213.193444 80.767891 1
106.661028 232.755364 82.087383 1
102.789980 192.148619 72.406894 1
91.369881 200.327072 72.372050 1
90.865211 193.447168 74.013461 1
89.395286 173.408459 78.794310 1
92.510845 170.564538 85.541318 1
98.763080 164.857419 99.081073 1
98.763080 164.857419 99.081073 1
111.136179 192.424893 72.517342 1
123.031185 199.887816 72.170088 1
123.753606 193.071384 73.985674 1
125.857763 173.217543 79.273831 1
123.580278 169.366651 85.854135 1
119.009871 161.638762 99.059350 1
119.009871 161.638762 99.059350 1
99.519633 152.473883 68.215727 1
95.844647 151.570073 86.553074 1
91.293732 150.450835 109.261110 1
92.547707 127.277391 110.860566 1
93.591434 107.989331 112.191848 1
89.415806 102.738088 126.921595 1
88.199516 102.738817 134.717823 1
113.914964 151.883937 67.698943 1
117.880850 150.946408 85.973987 1
122.791955 149.785422 108.604650 1
121.549213 126.472678 111.087499 1
120.535700 107.460044 113.112382 1
125.742244 100.949162 126.985997 1
127.583112 100.285636 134.630103 1
106.825000 153.525300 68.972600 1
107.146442 161.664395 69.061503 1
107.377310 172.011619 69.064746 1
107.306224 181.796220 70.678200 1
106.331679 205.231118 80.657773 1
106.494690 212.471429 83.251056 1
106.557462 231.959614 85.400107 1
102.719687 191.877085 73.810345 1
91.292060 200.035808 74.199642 1
90.722090 193.072905 75.414189 1
89.061971 172.792451 78.951736 1
92.310707 170.127060 85.708815 1
98.830198 164.778207 99.268778 1
98.830198 164.778207 99.268778 1
111.064956 192.188775 73.893357 1
122.820864 199.876546 73.954765 1
123.588139 192.957418 75.303451 1
125.822938 172.804462 79.231693 1
123.503449 168.926015 85.781069 1
118.848747 161.142830 98.924219 1
118.848747 161.142830 98.924219 1
99.536402 152.437361 68.179106 1
95.896892 151.557888 86.524710 1
91.389908 150.468788 109.242971 1
92.542582 127.288413 110.818041 1
93.501992 107.994586 112.129026 1
89.353870 102.755838 126.870990 1
88.152597 102.763014 134.669542 1
113.933260 151.874283 67.675033 1
117.859695 150.925761 85.958026 1
122.721945 149.751162 108.598535 1
121.480616 126.434981 111.049615 1
120.468256 107.419544 113.048588 1
125.613904 100.823817 126.904835 1
127.425230 100.114921 134.551925 1
106.809900 153.539000 69.005500 1
107.105529 161.670239 69.394932 1
107.288955 172.009699 69.819522 1
107.127372 181.703921 71.903424 1
105.798024 204.529220 83.171727 1
106.112756 211.603650 86.176251 1
106.286867 230.967240 89.247535 1
102.399532 191.543582 75.550216 1
91.083038 199.819608 76.417015 1
90.468306 192.792690 77.142641 1
88.677809 172.325782 79.256133 1
92.156677 169.775693 85.942779 1
99.137994 164.658227 99.361399 1
99.137994 164.658227 99.361399 1
110.739661 191.938635 75.733894 1
122.515778 199.579001 76.238705 1
123.447170 192.590495 76.997186 1
126.159983 172.235466 79.206372 1
123.750479 168.462240 85.784651 1
118.915138 160.890207 98.985803 1
118.915138 160.890207 98.985803 1
99.530730 152.460343 68.118327 1
95.925936 151.572644 86.470388 1
91.461943 150.473358 109.196645 1
92.593185 127.293148 110.789582 1
93.534756 107.999459 112.115438 1
89.423128 102.752581 126.864732 1
88.240959 102.755528 134.666205 1
113.932575 151.956701 67.701382 1
117.833909 150.961177 85.987250 1
122.665075 149.728374 108.631317 1
121.420900 126.403129 110.993095 1
120.406219 107.380301 112.919237 1
125.461194 100.689533 126.763288 1
127.227008 99.929744 134.416133 1
106.793000 153.568200 69.092800 1
107.096946 161.671507 69.867486 1
107.279756 171.976331 70.813812 1
107.090376 181.536517 73.443198 1
105.608492 203.602405 86.117450 1
105.799644 210.497186 89.523217 1
106.189326 229.690516 93.507680 1
102.304766 191.112383 77.670634 1
90.877385 199.180653 78.945369 1
90.117585 192.132654 79.119756 1
87.904557 171.604342 79.627685 1
91.660974 169.092033 86.177062 1
99.199271 164.050381 99.320213 1
99.199271 164.050381 99.320213 1
110.642101 191.520580 77.934771 1
122.255699 199.357707 78.940135 1
123.379654 192.359342 79.144118 1
126.653332 171.975596 79.738251 1
124.013277 168.265223 86.263583 1
118.715271 160.819324 99.358480 1
118.715271 160.819324 99.358480 1
99.515958 152.542777 68.128396 1
95.952330 151.627340 86.487133 1
91.539315 150.493702 109.221657 1
92.565808 127.303654 110.740613 1
93.420195 108.001775 112.004892 1
89.378488 102.743787 126.769548 1
88.232579 102.741115 134.576430 1
113.918667 152.039495 67.741939 1
117.799080 150.999790 86.029799 1
122.604339 149.712278 108.676335 1
121.332700 126.381264 110.965378 1
120.295621 107.353730 112.832203 1
125.278056 100.595660 126.669858 1
127.006478 99.799601 134.327551 1
106.737500 153.675000 69.303000 1
107.034926 161.725586 70.509524 1
107.198491 171.961464 72.032159 1
106.959286 181.341273 75.242867 1
105.267010 202.500802 89.354798 1
105.404590 209.226625 93.085505 1
105.993986 228.218049 97.921841 1
102.091293 190.587885 80.067109 1
90.669219 198.573010 81.822378 1
89.729354 191.560414 81.351046 1
86.991860 171.135220 79.978225 1
91.055257 168.603136 86.333858 1
99.209594 163.521804 99.088209 1
99.209594 163.521804 99.088209 1
110.424203 191.020088 80.418327 1
121.824398 199.066663 82.029278 1
123.161774 192.117395 81.580832 1
127.057073 171.876653 80.274669 1
124.192135 168.084488 86.656544 1
118.442837 160.474449 99.463553 1
118.442837 160.474449 99.463553 1
99.467494 152.703997 68.234790 1
95.950888 151.704354 86.598201 1
91.596102 150.466440 109.338514 1
92.632114 127.271591 110.775501 1
93.494422 107.965717 111.971556 1
89.531022 102.639619 126.733026 1
88.425065 102.601441 134.545575 1
113.872615 152.218620 67.922424 1
117.757142 151.083326 86.203725 1
122.567497 149.677442 108.842139 1
121.239134 126.336699 110.995776 1
120.155794 107.301230 112.752171 1
125.068102 100.455009 126.571554 1
126.761365 99.611412 134.232013 1
106.675200 153.845300 69.626500 1
106.936649 161.804645 71.340140 1
107.047050 171.922962 73.514043 1
106.736451 181.071250 77.329673 1
104.825669 201.226736 92.816485 1
104.969473 207.784815 96.834534 1
105.715410 226.626287 102.206148 1
101.776997 189.934888 82.743565 1
90.483121 197.946904 85.102158 1
89.353254 191.051435 83.894720 1
86.062353 170.967389 80.377886 1
90.419841 168.337466 86.494463 1
99.164355 163.059791 98.769080 1
99.164355 163.059791 98.769080 1
110.104932 190.410996 83.151440 1
121.299017 198.561281 85.512013 1
122.920698 191.758445 84.340023 1
127.644079 171.944204 80.926434 1
124.520591 167.958335 87.064299 1
118.252441 159.959576 99.381635 1
118.252441 159.959576 99.381635 1
99.415248 152.920484 68.454019 1
95.923064 151.804033 86.815361 1
91.598522 150.421472 109.553111 1
92.726850 127.222569 110.848112 1
93.665996 107.913320 111.925986 1
89.758937 102.464078 126.657501 1
88.680126 102.361612 134.473267 1
113.823624 152.501629 68.201200 1
117.705192 151.227462 86.473977 1
122.511882 149.649605 109.101833 1
121.108754 126.298422 111.088417 1
119.964440 107.254440 112.708572 1
124.767840 100.322405 126.523460 1
126.404300 99.432467 134.191017 1
106.552500 154.130400 70.036400 1
106.778774 161.944290 72.327258 1
106.841590 171.879186 75.227645 1
106.469728 180.731506 79.682400 1
104.375275 199.744418 96.530501 1
104.592404 206.153749 100.778692 1
105.521368 224.856190 106.589668 1
101.434553 189.164925 85.681979 1
90.308714 197.195414 88.687630 1
88.970234 190.525142 86.688143 1
85.071718 171.097016 80.864352 1
89.683806 168.269390 86.699580 1
98.939245 162.594967 98.409592 1
98.939245 162.594967 98.409592 1
109.757777 189.662473 86.155193 1
120.770462 197.792978 89.305215 1
122.720715 191.261743 87.350357 1
128.401109 172.238579 81.656552 1
124.973645 167.978041 87.437298 1
118.095484 159.428084 99.037976 1
118.095484 159.428084 99.037976 1
99.303122 153.275046 68.751179 1
95.845258 151.970783 87.106634 1
91.563215 150.355644 109.837095 1
92.818087 127.153298 110.939693 1
93.862560 107.841184 111.857422 1
90.034628 102.231176 126.549312 1
88.994193 102.044590 134.368724 1
113.714035 152.912396 68.564738 1
117.574221 151.464311 86.829087 1
122.354434 149.671086 109.446507 1
121.014690 126.297065 111.193854 1
119.922068 107.234457 112.618900 1
124.604349 100.276709 126.462414 1
126.174701 99.372885 134.142161 1
106.407100 154.616800 70.634400 1
106.602348 162.223907 73.541272 1
106.621969 171.903977 77.203815 1
106.196304 180.403334 82.295615 1
103.960752 198.189424 100.417243 1
104.302370 204.481307 104.829645 1
105.341119 223.081286 110.943032 1
101.098441 188.363480 88.862073 1
90.155587 196.335703 92.604342 1
88.600742 190.008144 89.806761 1
84.072030 171.578218 81.658408 1
88.899513 168.491300 87.179554 1
98.587201 162.296536 98.259275 1
98.587201 162.296536 98.259275 1
109.417738 188.889927 89.371673 1
120.269160 196.918123 93.257762 1
122.463213 190.688681 90.676641 1
128.853706 172.544536 83.158753 1
125.158097 167.926441 88.481570 1
117.741826 158.658945 99.163286 1
117.741826 158.658945 99.163286 1
99.168469 153.856414 69.234068 1
95.716644 152.254973 87.567125 1
91.442081 150.271823 110.269848 1
92.870887 127.069383 111.132722 1
94.060132 107.757190 111.850921 1
90.314199 101.970155 126.495206 1
89.313193 101.690709 134.316998 1
113.581003 153.529677 69.121065 1
117.492041 151.810972 87.351102 1
122.335227 149.682627 109.926032 1
120.963770 126.296603 111.477155 1
119.845285 107.224206 112.742170 1
124.424021 100.267152 126.620623 1
125.936895 99.363691 134.311942 1
106.231200 155.580100 71.378600 1
106.394429 162.928126 74.890860 1
106.376054 172.290620 79.302405 1
105.919784 180.387894 85.009651 1
103.642905 196.861299 104.327489 1
104.117896 203.072566 108.840617 1
105.243457 221.619851 115.097060 1
100.799296 187.846101 92.124864 1
90.055065 195.669990 96.669666 1
88.294544 189.794001 93.112234 1
83.166775 172.679338 82.750703 1
88.169513 169.324008 87.949845 1
98.208901 162.590603 98.383375 1
98.208901 162.590603 98.383375 1
109.117158 188.379763 92.650157 1
119.731670 196.328010 97.283133 1
122.096063 190.429211 94.137372 1
128.982696 173.248108 84.974890 1
125.120324 168.257449 89.821756 1
117.369398 158.242298 99.548344 1
117.369398 158.242298 99.548344 1
98.999029 154.914545 69.898859 1
95.542421 152.800627 88.179009 1
91.261934 150.182852 110.816216 1
92.877238 126.985695 111.465792 1
94.221712 107.677899 112.006456 1
90.590705 101.731475 126.615793 1
89.647599 101.368044 134.441328 1
113.412774 154.639312 69.804812 1
117.292952 152.433116 87.988908 1
122.097921 149.701093 110.506948 1
120.740167 126.297861 111.786891 1
119.632857 107.211430 112.830747 1
124.034256 100.254337 126.766436 1
125.448856 99.350826 134.476429 1
106.218800 157.098800 72.421100 1
106.317845 164.208205 76.396355 1
106.227391 173.266627 81.401869 1
105.737823 180.970882 87.626936 1
103.484255 196.119927 108.002508 1
104.067855 202.276226 112.577789 1
105.395741 220.803196 118.854716 1
100.617668 187.910581 95.248950 1
90.112533 195.585858 100.544158 1
88.231790 190.089330 96.478081 1
82.753856 174.079898 84.635050 1
87.857930 170.347923 89.465940 1
98.100677 162.858673 99.160468 1
98.100677 162.858673 99.160468 1
108.935321 188.462177 95.758788 1
119.332314 196.302713 101.025237 1
121.863672 190.680810 97.522606 1
129.236614 174.306206 87.320688 1
125.171250 168.993925 91.629887 1
117.012965 158.333350 100.277495 1
117.012965 158.333350 100.277495 1
98.987117 156.446627 70.933039 1
95.557713 153.604538 89.119363 1
91.310914 150.085033 111.640380 1
93.049997 126.890008 111.965428 1
94.497497 107.583987 112.235977 1
90.970118 101.426038 126.782941 1
90.077982 100.950714 134.608456 1
113.402376 156.343001 70.759203 1
117.192779 153.381588 88.854708 1
121.886577 149.714352 111.263042 1
120.446330 126.301385 112.238589 1
119.271744 107.207015 113.034197 1
123.424031 100.249896 127.046116 1
124.700940 99.346361 134.780102 1
106.065700 158.928900 73.673800 1
106.145230 165.802324 78.044820 1
106.033369 174.566095 83.549560 1
105.542969 181.917774 90.187256 1
103.346502 195.958012 111.348148 1
103.964375 202.073131 115.973873 1
105.554727 220.595565 122.202995 1
100.440067 188.425654 98.192154 1
90.180861 195.964478 104.126950 1
88.232854 190.659752 99.843593 1
82.559002 175.208970 87.367704 1
87.757897 171.179644 91.845732 1
98.190927 163.093677 100.832145 1
98.190927 163.093677 100.832145 1
108.758421 188.979110 98.688369 1
119.014466 196.685537 104.409513 1
121.652402 191.217526 100.745615 1
129.335769 175.291156 90.073985 1
125.084702 169.762332 93.905075 1
116.553750 158.667205 101.593223 1
116.553750 158.667205 101.593223 1
98.829983 158.318272 72.187720 1
95.513314 154.592534 90.234860 1
91.406120 149.978763 112.583517 1
93.210549 126.786855 112.446835 1
94.712437 107.483428 112.333069 1
91.384752 101.101432 126.830432 1
90.596132 100.506809 134.658907 1
113.244455 158.311875 71.935511 1
116.969024 154.490706 89.882953 1
121.581297 149.758804 112.107935 1
120.283219 126.320829 112.519441 1
119.224578 107.206064 112.855047 1
123.204219 100.248880 126.916944 1
124.385996 99.345338 134.666036 1
105.922000 161.067100 75.089700 1
105.997677 167.769981 79.718065 1
105.884904 176.320495 85.548532 1
105.402298 183.420997 92.454809 1
103.252753 196.679235 114.118941 1
103.872125 202.807867 118.726547 1
105.570044 221.376307 124.788053 1
100.316756 189.630444 100.704083 1
90.082772 196.958496 106.938840 1
88.062623 191.669194 102.669850 1
82.178647 176.263337 90.235805 1
87.515748 172.046475 94.364988 1
98.226126 163.584165 102.651344 1
98.226126 163.584165 102.651344 1
108.636109 190.168972 101.199967 1
118.875133 197.720999 107.152803 1
121.493672 192.257577 103.468205 1
129.120545 176.344573 92.736281 1
124.820513 170.636005 96.234665 1
116.191301 159.180171 103.255148 1
116.191301 159.180171 103.255148 1
98.686183 160.507207 73.584251 1
95.457558 155.764525 91.407372 1
91.459393 149.891423 113.478615 1
93.254908 126.706682 112.859628 1
94.749378 107.409220 112.344423 1
91.589437 100.844979 126.797879 1
90.888170 100.152982 134.626665 1
113.100553 160.522384 73.326587 1
116.832711 155.726021 91.036763 1
121.454383 149.786498 112.967928 1
120.243419 126.340568 112.845723 1
119.255823 107.219315 112.746063 1
123.110575 100.262142 126.842712 1
124.223568 99.358605 134.601983 1
105.780700 163.369300 76.580400 1
105.858030 169.954338 81.374917 1
105.750906 178.363890 87.407025 1
105.279253 185.316034 94.463364 1
103.160347 198.166739 116.374678 1
103.774788 204.377544 120.871583 1
105.562302 223.046950 126.587335 1
100.209418 191.384888 102.826156 1
89.919288 198.634084 109.060684 1
87.930990 193.137745 105.045846 1
82.139788 177.128863 93.352055 1
87.593664 172.781636 97.182664 1
98.538386 164.057712 104.869850 1
98.538386 164.057712 104.869850 1
108.530233 191.885007 103.337496 1
118.856415 199.221651 109.407965 1
121.402491 193.688491 105.777037 1
128.818300 177.572364 95.201438 1
124.589719 171.645473 98.412010 1
116.103891 159.751513 104.854917 1
116.103891 159.751513 104.854917 1
98.544775 162.849143 75.061282 1
95.414301 157.006179 92.572438 1
91.537682 149.770544 114.257359 1
93.166823 126.594807 113.086723 1
94.522813 107.304840 112.112361 1
91.518993 100.571289 126.521151 1
90.900007 99.788300 134.348303 1
112.959154 162.866935 74.804358 1
116.751507 157.005911 92.178214 1
121.447719 149.747979 113.692902 1
120.248054 126.309126 113.081372 1
119.269673 107.193644 112.582644 1
123.036847 100.236409 126.702919 1
124.101657 99.332839 134.468945 1
105.599100 165.780800 78.126500 1
105.683504 172.289522 83.024001 1
105.588595 180.617642 89.168248 1
105.136509 187.509676 96.284579 1
103.079346 200.282574 118.247212 1
103.680628 206.676649 122.481365 1
105.531284 225.537035 127.508557 1
100.093302 193.559945 104.676885 1
89.766796 200.815693 110.843275 1
87.943721 195.062567 107.120381 1
82.633753 178.305759 96.276918 1
88.047672 173.701029 99.854998 1
98.912208 164.460352 107.035413 1
98.912208 164.460352 107.035413 1
108.416046 194.036396 105.179357 1
118.830491 201.268091 111.224925 1
121.259973 195.561925 107.787006 1
128.336188 178.941895 97.773572 1
124.275150 172.744962 100.675762 1
116.125544 160.309088 106.499813 1
116.125544 160.309088 106.499813 1
98.360244 165.281139 76.614482 1
95.379878 158.305441 93.732827 1
91.689144 149.667086 114.931312 1
93.375442 126.517218 113.388830 1
94.779006 107.248782 112.104969 1
91.967587 100.351297 126.474990 1
91.450793 99.480010 134.300225 1
112.774044 165.309952 76.327783 1
116.632972 158.357595 93.279415 1
121.411627 149.748225 114.271247 1
120.215717 126.322741 113.266526 1
119.240398 107.218161 112.447133 1
122.934372 100.261017 126.586779 1
123.958895 99.357484 134.358227 1
105.420300 168.199700 79.738100 1
105.507032 174.686131 84.665045 1
105.423361 183.002791 90.824958 1
105.006359 189.922142 97.916882 1
103.092822 202.907062 119.767884 1
103.615529 209.536344 123.634818 1
105.512483 228.620985 127.707874 1
100.021822 196.067099 106.275374 1
89.632300 203.333032 112.322772 1
88.075113 197.291801 108.952209 1
83.539579 179.695846 99.134962 1
88.826265 174.777674 102.478502 1
99.435472 164.907990 109.188247 1
99.435472 164.907990 109.188247 1
108.348304 196.521401 106.734573 1
118.898426 203.718292 112.583218 1
121.183719 197.747404 109.515983 1
127.839965 180.356334 100.582220 1
123.963918 173.891742 103.132127 1
116.185550 160.918735 108.249224 1
116.185550 160.918735 108.249224 1
98.176431 167.685773 78.255148 1
95.426844 159.608928 94.922033 1
92.021895 149.606969 115.561450 1
93.540623 126.476764 113.605356 1
94.804713 107.224693 111.977230 1
92.215989 100.266457 126.359801 1
91.819744 99.362339 134.188344 1
112.588706 167.758116 77.906200 1
116.419446 159.704703 94.369869 1
121.163194 149.731855 114.757437 1
120.101190 126.317801 113.398312 1
119.235077 107.222544 112.289885 1
122.813503 100.265279 126.459156 1
123.774603 99.361697 134.238696 1
105.055900 170.758000 81.540200 1
105.172925 177.342773 86.334276 1
105.135621 185.782469 92.324978 1
104.771328 192.842277 99.280054 1
103.024871 206.253929 120.885922 1
103.515100 213.104917 124.349653 1
105.327228 232.402070 127.307324 1
99.853960 199.162159 107.547404 1
89.292224 206.458123 113.250528 1
88.051383 200.076417 110.419248 1
84.437253 181.488781 102.172740 1
89.628342 176.290154 105.229470 1
100.045706 165.857660 111.363651 1
100.045706 165.857660 111.363651 1
108.184257 199.601949 107.947767 1
118.925485 206.761678 113.485933 1
120.998769 200.485208 110.918948 1
127.037507 182.204084 103.442236 1
123.314166 175.527498 105.650549 1
115.842244 162.129067 110.082143 1
115.842244 162.129067 110.082143 1
97.811828 170.257860 80.053532 1
95.388760 161.016721 96.156662 1
92.388157 149.572962 116.097955 1
93.735866 126.470235 113.734283 1
94.857611 107.241036 111.766917 1
92.501079 100.283711 126.189790 1
92.230998 99.380119 134.023761 1
112.224905 170.235799 79.732005 1
116.043891 161.071810 95.607177 1
120.773085 149.723696 115.265987 1
119.996366 126.325247 113.504641 1
119.362917 107.242718 112.068184 1
122.900675 100.285822 126.247844 1
123.839680 99.382522 134.030115 1
104.863600 173.128800 83.281000 1
105.000194 179.801468 87.951433 1
104.993973 188.364647 93.764374 1
104.673406 195.600900 100.537894 1
103.064606 209.665760 121.735242 1
103.465878 216.703778 124.814052 1
105.258286 236.141683 126.648946 1
99.814508 202.191068 108.626855 1
89.065311 209.527006 113.913229 1
88.188673 202.827990 111.759931 1
85.635337 183.316141 105.488145 1
90.695030 177.817927 108.224175 1
100.848712 166.784226 113.714784 1
100.848712 166.784226 113.714784 1
108.148132 202.601751 108.986850 1
119.082135 209.689260 114.232970 1
120.858088 203.131186 112.203277 1
126.030804 184.029851 106.291505 1
122.433889 177.199574 108.221851 1
115.215676 163.492720 112.095628 1
115.215676 163.492720 112.095628 1
97.614814 172.607700 81.824822 1
95.441827 162.293345 97.299734 1
92.750910 149.520568 116.463072 1
93.913902 126.436644 113.832647 1
94.881900 107.223095 111.643254 1
92.724184 100.265965 126.097301 1
92.561688 99.362588 133.934267 1
112.026872 172.566538 81.462128 1
115.777436 162.345254 96.695087 1
120.421900 149.687852 115.558621 1
119.838416 126.299138 113.603974 1
119.362559 107.224548 112.009871 1
122.815151 100.267416 126.210393 1
123.707201 99.363906 133.998161 1
104.640700 175.369600 85.033900 1
104.808948 182.164137 89.524118 1
104.845662 190.889933 95.089861 1
104.572008 198.342732 101.626496 1
103.086192 213.171137 122.306120 1
103.391847 220.411280 124.886951 1
105.181517 239.921621 125.632194 1
99.767368 205.248871 109.480868 1
88.864777 212.678070 114.302433 1
88.394622 205.736556 112.932640 1
87.025226 185.518396 108.942924 1
91.796197 179.586306 111.259141 1
101.370477 167.681912 115.907276 1
101.370477 167.681912 115.907276 1
108.103937 205.622348 109.812042 1
119.237646 212.619181 114.750849 1
120.586325 205.802758 113.336833 1
124.514545 185.948945 109.218309 1
121.224180 178.872478 110.771959 1
114.621146 164.671574 113.889790 1
114.621146 164.671574 113.889790 1
97.387444 174.834991 83.605133 1
95.475238 163.507005 98.390291 1
93.107259 149.479000 116.699473 1
94.033232 126.412256 113.834664 1
94.803952 107.213006 111.450185 1
92.845958 100.255823 125.932614 1
92.792037 99.352282 133.771059 1
111.798569 174.734048 83.217893 1
115.401361 163.532901 97.782872 1
119.862835 149.662098 115.819220 1
119.640954 126.283172 113.681564 1
119.460001 107.216563 111.938209 1
122.792890 100.259464 126.167317 1
123.619303 99.355964 133.962324 1
104.420100 177.479300 86.768400 1
104.629526 184.402314 91.056070 1
104.724447 193.300872 96.340482 1
104.510395 200.990286 102.599379 1
103.173469 216.675079 122.647720 1
103.428753 224.077814 124.723321 1
105.213281 243.600306 124.407842 1
99.772101 208.253011 110.167199 1
88.689269 215.732627 114.472213 1
88.585261 208.664613 113.911542 1
88.282320 188.078003 112.278511 1
92.643936 181.669570 114.074342 1
101.396731 168.809261 117.678177 1
101.396731 168.809261 117.678177 1
108.111833 208.576094 110.470570 1
119.424133 215.524677 115.059257 1
120.297672 208.527135 114.315393 1
122.841982 188.145787 112.148783 1
119.950750 180.814341 113.247597 1
114.148688 166.101751 115.452671 1
114.148688 166.101751 115.452671 1
97.162444 176.941345 85.363433 1
95.507428 164.666217 99.404901 1
93.457940 149.465318 116.793135 1
94.130207 126.401244 113.837496 1
94.689757 107.204217 111.377416 1
92.946869 100.247083 125.887327 1
93.009369 99.343531 133.725707 1
111.572368 176.752434 84.964620 1
115.051232 164.639202 98.812059 1
119.359239 149.638933 115.959851 1
119.489515 126.269236 113.716349 1
119.595763 107.210154 111.886670 1
122.830660 100.253026 126.138361 1
123.603413 99.349510 133.938869 1
104.221600 179.490500 88.484500 1
104.473348 186.551933 92.537757 1
104.629692 195.632100 97.502078 1
104.481718 203.565553 103.450616 1
103.315662 220.125855 122.793128 1
103.542400 227.651125 124.371957 1
105.409736 247.125488 123.078134 1
99.821099 211.198482 110.695443 1
88.565802 218.700960 114.482010 1
88.808324 211.618848 114.740601 1
89.514706 190.991177 115.493785 1
93.401930 184.152518 116.693345 1
101.202726 170.428841 119.100596 1
101.202726 170.428841 119.100596 1
108.163851 211.453628 110.979937 1
119.613077 218.443704 115.146595 1
120.100878 211.370272 115.043639 1
121.521667 190.767881 114.743768 1
118.884193 183.296928 115.482214 1
113.591366 168.304378 116.964110 1
113.591366 168.304378 116.964110 1
96.961345 178.952227 87.093148 1
95.508616 165.780243 100.320736 1
93.709630 149.468724 116.701104 1
94.275742 126.402368 113.741044 1
94.746935 107.203441 111.277283 1
93.156280 100.246219 125.804629 1
93.300767 99.342688 133.641929 1
111.369957 178.657753 86.711248 1
114.691374 165.684013 99.796916 1
118.804408 149.618144 116.001379 1
119.307347 126.259310 113.698140 1
119.717519 107.209087 111.819744 1
122.820457 100.251384 126.100466 1
123.521946 99.347868 133.907706 1
104.064200 181.429400 90.154000 1
104.342773 188.631814 93.949225 1
104.541959 197.894980 98.561430 1
104.445187 206.076298 104.165300 1
103.420112 223.537898 122.706547 1
103.663944 231.133836 123.896529 1
105.704065 250.495588 121.578727 1
99.850175 214.082398 111.039798 1
88.470261 221.610856 114.375493 1
89.007894 214.607347 115.346992 1
90.573825 194.208619 118.176626 1
94.057563 187.083442 118.818602 1
101.048652 172.784786 120.106906 1
101.048652 172.784786 120.106906 1
108.194776 214.277112 111.317764 1
119.746397 221.300446 115.130875 1
119.909625 214.227335 115.606748 1
120.385052 193.625881 116.992796 1
118.009536 186.041992 117.390619 1
113.242401 170.822804 118.188961 1
113.242401 170.822804 118.188961 1
96.803657 180.874655 88.770642 1
95.504364 166.866610 101.126500 1
93.895386 149.519757 116.427359 1
94.398994 126.436364 113.591412 1
94.818164 107.223258 111.230955 1
93.320142 100.266168 125.768208 1
93.514749 99.362650 133.604425 1
111.211304 180.499897 88.424308 1
114.357739 166.717283 100.701275 1
118.254088 149.649755 115.904293 1
119.088591 126.304132 113.563670 1
119.769169 107.264684 111.654786 1
122.771589 100.316634 125.961671 1
123.403401 99.413291 133.774878 1
104.000200 183.225900 91.753500 1
104.298759 190.554328 95.297664 1
104.526448 199.985731 99.553855 1
104.462434 208.411753 104.783076 1
103.539033 226.820133 122.390317 1
103.795070 234.468788 123.168976 1
105.972060 253.699113 120.027788 1
99.908270 216.776139 111.245826 1
88.445113 224.338368 114.198062 1
89.145587 217.429550 115.633182 1
91.185816 197.306624 119.813178 1
94.546977 190.155496 120.751621 1
101.292082 175.804762 122.634869 1
101.292082 175.804762 122.634869 1
108.254189 216.966603 111.484392 1
119.899204 224.026840 114.927303 1
119.848237 216.995449 115.843237 1
119.699786 196.515509 118.511025 1
117.471123 188.881880 118.789374 1
112.998689 173.562875 119.347957 1
112.998689 173.562875 119.347957 1
96.736273 182.637809 90.402053 1
95.542952 167.863010 101.841546 1
94.065204 149.566649 116.007626 1
94.530289 126.459805 113.362498 1
94.917396 107.227179 111.160866 1
93.491331 100.270067 125.705343 1
93.724721 99.366534 133.540499 1
111.142578 182.223519 90.045117 1
114.119150 167.693514 101.473302 1
117.805151 149.700466 115.625241 1
118.871956 126.355178 113.377468 1
119.741987 107.316003 111.544307 1
122.669513 100.379099 125.872107 1
123.243575 99.475906 133.689786 1
104.043500 184.875600 93.376600 1
104.325221 192.331033 96.646654 1
104.539056 201.926167 100.520418 1
104.486376 210.585446 105.353718 1
103.677546 229.894021 121.974813 1
103.879366 237.571888 122.403079 1
106.100981 256.658131 118.505452 1
99.971241 219.271573 111.406423 1
88.377054 226.799461 113.898955 1
89.087229 219.949866 115.590316 1
91.155715 199.999436 120.516650 1
94.501338 192.897329 121.814188 1
101.215260 178.644972 124.418059 1
101.215260 178.644972 124.418059 1
108.318505 219.487093 111.562257 1
119.989962 226.694384 114.585337 1
119.890704 219.698654 115.739418 1
119.601598 199.322582 119.100842 1
117.401788 191.688202 119.541052 1
112.987255 176.367689 120.424454 1
112.987255 176.367689 120.424454 1
96.779683 184.217328 92.057303 1
95.589515 168.754771 102.548896 1
94.115671 149.606726 115.541146 1
94.433735 126.478538 113.066266 1
94.698471 107.228148 111.006338 1
93.262251 100.270991 125.549794 1
93.490093 99.367461 133.385114 1
111.186683 183.830870 91.697203 1
113.960085 168.613881 102.248786 1
117.394494 149.770114 115.315195 1
118.680247 126.428516 113.145019 1
119.728840 107.392350 111.375142 1
122.570184 100.475372 125.729899 1
123.068204 99.572565 133.552835 1
104.156200 186.371400 95.025000 1
104.405647 193.954575 97.989680 1
104.587378 203.710749 101.439667 1
104.525379 212.601235 105.833082 1
103.754377 232.817064 121.339916 1
103.946696 240.505672 121.488589 1
106.177227 259.456852 116.984230 1
100.023134 221.613501 111.398992 1
88.334433 229.126135 113.458498 1
88.949602 222.294161 115.255075 1
90.741368 202.395052 120.487865 1
94.090514 195.310631 121.870226 1
100.811506 181.093764 124.644317 1
100.811506 181.093764 124.644317 1
108.370698 221.840651 111.517905 1
120.097282 229.149240 114.043516 1
120.057230 222.180067 115.351572 1
119.940571 201.881345 119.161474 1
117.792530 194.252479 119.870729 1
113.481886 178.943034 121.294044 1
113.481886 178.943034 121.294044 1
96.894867 185.627493 93.737932 1
95.714976 169.548836 103.259766 1
94.253859 149.637843 115.051116 1
94.428598 126.490374 112.748204 1
94.574039 107.223935 110.831412 1
93.097371 100.267663 125.371240 1
93.304755 99.364138 133.207129 1
111.303310 185.291502 93.385018 1
113.882327 169.445152 103.019657 1
117.076022 149.822024 114.950582 1
118.539378 126.481863 112.879727 1
119.732815 107.446868 111.190851 1
122.477099 100.547806 125.573087 1
122.896795 99.645298 133.400651 1
104.197600 187.674900 96.622700 1
104.427747 195.359274 99.315938 1
104.594860 205.247626 102.367317 1
104.533564 214.348753 106.305900 1
103.808666 235.466016 120.563242 1
103.965326 243.156561 120.494231 1
106.183900 262.003225 115.565449 1
100.049572 223.685869 111.324123 1
88.242602 231.124715 112.926001 1
88.702409 224.308420 114.825657 1
90.041660 204.454978 120.358679 1
93.327325 197.357383 121.823350 1
99.920926 183.114079 124.762621 1
99.920926 183.114079 124.762621 1
108.397542 223.910883 111.415287 1
120.176010 231.296315 113.422786 1
120.233248 224.352549 114.859042 1
120.399963 204.127830 119.042344 1
118.325330 196.525640 120.146570 1
114.162002 181.269726 122.362507 1
114.162002 181.269726 122.362507 1
96.941912 186.876670 95.336338 1
95.811988 170.277916 103.926177 1
94.412746 149.722863 114.563390 1
94.440727 126.557333 112.442843 1
94.464016 107.275862 110.677839 1
92.895174 100.335399 125.215569 1
93.076465 99.431970 133.052116 1
111.351925 186.545966 95.048519 1
113.804713 170.155973 103.762667 1
116.842094 149.859632 114.553712 1
118.431835 126.516866 112.609240 1
119.728344 107.479747 111.023434 1
122.395898 100.594988 125.426945 1
122.754495 99.692897 133.257594 1
104.327100 188.767300 98.215200 1
104.526051 196.549290 100.614607 1
104.660988 206.560346 103.237373 1
104.583464 215.857859 106.686566 1
103.861967 237.834152 119.580676 1
103.956978 245.523356 119.378448 1
106.167348 264.298534 114.180496 1
100.098546 225.489297 111.112785 1
88.179367 232.841827 112.199266 1
88.454608 226.055905 114.238263 1
89.256286 206.290932 120.177135 1
92.421768 199.192310 121.881837 1
98.774189 184.946946 125.302796 1
98.774189 184.946946 125.302796 1
108.446417 225.727956 111.173132 1
120.240576 233.213628 112.646056 1
120.454291 226.292719 114.174895 1
121.076767 206.134577 118.627858 1
119.093114 198.591504 120.203894 1
115.112361 183.454226 123.366650 1
115.112361 183.454226 123.366650 1
97.076543 187.895433 96.947854 1
95.965459 170.855734 104.628662 1
94.589550 149.754635 114.140178 1
94.508499 126.577289 112.154396 1
94.441038 107.285983 110.501561 1
92.766936 100.371939 125.040139 1
92.908115 99.476678 132.878449 1
111.488103 187.604275 96.697204 1
113.799085 170.743127 104.503962 1
116.660863 149.863338 114.171352 1
118.366208 126.520488 112.328489 1
119.756998 107.483301 110.825551 1
122.338971 100.611110 125.250644 1
122.634211 99.709314 133.083971 1
104.446200 189.769100 99.796500 1
104.611299 197.636934 101.900312 1
104.711273 207.751813 104.090653 1
104.612024 217.219718 107.039486 1
103.869428 239.970649 118.510308 1
103.931134 247.658219 118.243377 1
106.100569 266.356677 112.759493 1
100.117673 227.108444 110.845325 1
88.097569 234.355128 111.401763 1
88.186371 227.614315 113.600753 1
88.445018 207.980728 120.005628 1
91.476846 200.926927 122.095753 1
97.561053 186.771508 126.290169 1
97.561053 186.771508 126.290169 1
108.465298 227.359126 110.888535 1
120.255442 234.937411 111.820783 1
120.622215 228.058178 113.501148 1
121.690496 208.021421 118.395451 1
119.873495 200.535176 120.388279 1
116.227176 185.511939 124.387442 1
116.227176 185.511939 124.387442 1
97.203199 188.825605 98.537275 1
96.125658 171.396583 105.293662 1
94.791287 149.813367 113.660422 1
94.660573 126.615493 111.933924 1
94.551776 107.307099 110.496900 1
92.823497 100.388743 125.027085 1
92.921899 99.496115 132.866349 1
111.616445 188.573473 98.349104 1
113.789231 171.317950 105.285268 1
116.479875 149.949794 113.874570 1
118.270300 126.606495 112.120214 1
119.730477 107.568942 110.689457 1
122.215505 100.708593 125.137194 1
122.442873 99.807205 132.972832 1
104.568100 190.684500 101.297800 1
104.696929 198.623199 103.118943 1
104.758972 208.820214 104.889650 1
104.633767 218.429255 107.338594 1
103.846635 241.860423 117.343438 1
103.910526 249.547323 117.058347 1
106.109001 268.204530 111.447016 1
100.123927 228.536768 110.496130 1
88.000699 235.631367 110.527569 1
87.897932 228.947434 112.893256 1
87.598605 209.479518 119.783663 1
90.444157 202.490933 122.309378 1
96.154548 188.466390 127.377928 1
96.154548 188.466390 127.377928 1
108.471288 228.794024 110.550371 1
120.242994 236.444921 110.994969 1
120.790347 229.617417 112.830070 1
122.384590 209.731329 118.175064 1
120.800138 202.316906 120.590134 1
117.620494 187.437800 125.436643 1
117.620494 187.437800 125.436643 1
97.334271 189.670959 100.040279 1
96.296848 171.927463 105.928637 1
95.012156 149.954819 113.220474 1
94.746641 126.750041 111.605831 1
94.525643 107.435903 110.261908 1
92.626779 100.614747 124.816736 1
92.667279 99.761925 132.660943 1
111.749006 189.463065 99.926820 1
113.760074 171.834834 105.908919 1
116.250457 150.005139 113.316767 1
118.164838 126.656402 111.779029 1
119.726106 107.614415 110.524935 1
122.074176 100.767156 125.001761 1
122.210287 99.866029 132.839545 1
104.824400 191.473400 102.759600 1
104.895883 199.472668 104.296710 1
104.898408 209.733199 105.653117 1
104.740612 219.452514 107.616968 1
103.940363 243.439559 116.202850 1
103.948096 251.127533 115.940588 1
106.259681 269.729519 110.193032 1
100.222110 229.724132 110.175777 1
87.936472 236.516707 109.695160 1
87.630251 229.897958 112.221101 1
86.738337 210.619898 119.578271 1
89.305153 203.698168 122.547755 1
94.456183 189.807787 128.506850 1
94.456183 189.807787 128.506850 1
108.569141 229.996825 110.191920 1
120.301518 237.720690 110.205924 1
121.047851 230.956543 112.198734 1
123.221654 211.254989 118.003079 1
121.909939 203.931857 120.825819 1
119.277616 189.235952 126.490433 1
119.277616 189.235952 126.490433 1
97.599652 190.365646 101.529642 1
96.554402 172.356557 106.545700 1
95.260018 150.055017 112.757326 1
94.888971 126.841986 111.288730 1
94.580135 107.520978 110.066367 1
92.506558 100.780005 124.634704 1
92.476440 99.961412 132.482603 1
112.015632 190.253596 101.442346 1
113.859432 172.296836 106.416235 1
116.142679 150.060311 112.575579 1
118.137438 126.701860 111.311967 1
119.764258 107.651950 110.281434 1
121.976177 100.823363 124.788491 1
122.021048 99.925149 132.627663 1
104.921100 192.075000 104.144800 1
104.951524 200.121687 105.412081 1
104.908816 210.426309 106.377116 1
104.716394 220.226367 107.883281 1
103.856404 244.652062 115.120818 1
103.862740 252.340697 114.878682 1
106.258306 270.890716 108.999073 1
100.170391 230.610956 109.874427 1
87.793010 237.181640 108.908225 1
87.319358 230.641992 111.608346 1
85.939775 211.594326 119.472837 1
88.153679 204.726215 122.826105 1
92.596491 190.943436 129.555371 1
92.596491 190.943436 129.555371 1
108.516548 230.909264 109.859398 1
120.217132 238.671435 109.469532 1
121.167838 231.985166 111.631005 1
123.936906 212.510446 117.926608 1
122.976895 205.274760 121.095194 1
121.050366 190.754339 127.453846 1
121.050366 190.754339 127.453846 1
97.705186 190.892876 102.932339 1
96.629891 172.684921 107.162566 1
95.298302 150.137117 112.401058 1
94.860668 126.919005 111.034673 1
94.496410 107.593767 109.897384 1
92.236115 100.909809 124.464218 1
92.120452 100.116070 132.313876 1
112.121723 190.845080 102.889722 1
113.893689 172.651172 106.942657 1
116.087981 150.120979 111.961548 1
118.099791 126.756671 110.841396 1
119.740517 107.701984 109.927864 1
121.896687 100.947697 124.478033 1
121.899349 100.084557 132.321272 1
105.021500 192.528600 105.495600 1
105.026653 200.615358 106.475607 1
104.961120 210.949344 107.043771 1
104.757723 220.806062 108.116346 1
103.907009 245.561561 114.131133 1
103.870803 253.250859 113.913970 1
106.289191 271.762158 107.922731 1
100.212136 231.275002 109.602767 1
87.752329 237.608406 108.207000 1
87.115342 231.151786 111.068522 1
85.260022 212.345953 119.403119 1
87.082567 205.524796 123.072841 1
90.740010 191.836241 130.437159 1
90.740010 191.836241 130.437159 1
108.558022 231.575743 109.545400 1
120.193762 239.399913 108.709404 1
121.367504 232.820822 111.080036 1
124.786195 213.658273 117.984841 1
124.212885 206.482426 121.375305 1
123.062378 192.082088 128.179215 1
123.062378 192.082088 128.179215 1
97.815289 191.286424 104.285466 1
96.695467 172.933861 107.822428 1
95.308737 150.206980 112.202415 1
94.836890 126.987595 110.869455 1
94.444156 107.661298 109.759985 1
91.964511 100.999388 124.301209 1
91.738477 100.214417 132.149346 1
112.231906 191.272371 104.325630 1
113.996680 172.909666 107.532044 1
116.182066 150.170447 111.502657 1
118.186150 126.803904 110.415776 1
119.820576 107.747394 109.529377 1
121.970977 101.049047 124.106235 1
121.964460 100.213496 131.952459 1
105.089300 192.855300 106.690200 1
105.086805 200.962036 107.488273 1
105.017668 211.307612 107.775746 1
104.818492 221.197012 108.487634 1
103.979027 246.203053 113.358906 1
103.954062 253.893051 113.166312 1
106.331747 272.397580 107.137983 1
100.286040 231.731938 109.458568 1
87.777503 237.886476 107.736613 1
86.971849 231.517816 110.748769 1
84.625264 212.968178 119.522110 1
86.063800 206.177378 123.412144 1
88.950622 192.549743 131.218580 1
88.950622 192.549743 131.218580 1
108.632803 232.013149 109.453403 1
120.326665 239.713390 108.327859 1
121.685464 233.205392 110.793954 1
125.643159 214.249912 117.976814 1
125.367179 207.137568 121.534217 1
124.813348 192.864668 128.673138 1
124.813348 192.864668 128.673138 1
97.885563 191.580304 105.499631 1
96.662265 173.127639 108.429375 1
95.147395 150.276798 112.057414 1
94.730190 127.053266 110.779620 1
94.382936 107.723518 109.716068 1
91.713137 101.054323 124.220237 1
91.380839 100.266811 132.064338 1
112.302127 191.579053 105.557407 1
114.112891 173.118964 108.112929 1
116.355228 150.259150 111.277518 1
118.311855 126.889460 110.171996 1
119.907577 107.830383 109.270394 1
122.182723 101.231029 123.873445 1
122.230336 100.443241 131.724467 1
105.173300 193.090000 107.767500 1
105.167250 201.212939 108.378993 1
105.099936 211.562497 108.400648 1
104.913265 221.469487 108.804869 1
104.132131 246.638418 112.760981 1
104.041979 254.327664 112.558089 1
106.363787 272.813955 106.452519 1
100.405539 232.043439 109.390071 1
87.837328 238.001830 107.429302 1
86.867860 231.691722 110.515506 1
84.044140 213.312624 119.504523 1
85.117362 206.543017 123.546469 1
87.271080 192.957912 131.657759 1
87.271080 192.957912 131.657759 1
108.752942 232.304647 109.376451 1
120.424276 239.981601 107.909713 1
121.922248 233.556782 110.509670 1
126.285306 214.843571 118.082420 1
126.277560 207.741746 121.671394 1
126.262015 193.489954 128.873670 1
126.262015 193.489954 128.873670 1
97.970893 191.785205 106.601418 1
96.614891 173.263283 108.984770 1
94.935688 150.326678 111.936185 1
94.596370 127.100098 110.691157 1
94.313945 107.767812 109.654877 1
91.428742 101.077837 124.108136 1
90.972996 100.281743 131.945167 1
112.387412 191.790818 106.669492 1
114.190618 173.258893 108.644498 1
116.423596 150.310123 111.090213 1
118.460055 126.951529 109.897762 1
120.120883 107.901503 108.925265 1
122.459866 101.365432 123.546682 1
122.520500 100.602489 131.400067 1
105.320400 193.280900 108.732800 1
105.302845 201.413191 109.203574 1
105.222953 211.761075 109.021158 1
105.034369 221.674965 109.182175 1
104.272897 246.949830 112.397356 1
104.153446 254.638156 112.175629 1
106.388613 273.114949 106.009277 1
100.535098 232.265160 109.455714 1
87.938278 238.110147 107.343076 1
86.824305 231.837023 110.455789 1
83.579696 213.565649 119.522015 1
84.324099 206.778257 123.607830 1
85.817949 193.157462 131.807157 1
85.817949 193.157462 131.807157 1
108.882712 232.519146 109.436122 1
120.512850 240.191512 107.652403 1
122.142947 233.856042 110.388569 1
126.890837 215.403073 118.358046 1
127.200901 208.262002 121.854568 1
127.823130 193.931450 128.871313 1
127.823130 193.931450 128.871313 1
98.117336 191.944918 107.606781 1
96.539534 173.386006 109.519381 1
94.585664 150.403595 111.887841 1
94.421500 127.172571 110.691259 1
94.284860 107.836586 109.695302 1
91.145971 101.131006 124.088337 1
90.533970 100.333619 131.914584 1
112.533948 191.974108 107.640132 1
114.328517 173.393187 109.093865 1
116.550799 150.383743 110.894067 1
118.581310 127.026144 109.672355 1
120.237287 107.976928 108.675994 1
122.717875 101.495336 123.298324 1
122.830017 100.750839 131.152913 1
