52 35
95.633700 154.820600 31.801160 1
96.010229 162.100469 27.801553 1
96.264601 171.391098 23.010112 1
96.302062 181.117738 20.606899 1
95.689246 206.805895 22.323171 1
95.647403 214.295531 24.397707 1
96.186189 234.053618 23.090831 1
91.782720 191.829982 20.409085 1
78.669991 197.211830 19.710593 1
77.463100 190.167484 20.205211 1
73.947842 169.649728 21.645864 1
76.534431 169.004232 29.230176 1
81.725173 167.708855 44.450291 1
81.725173 167.708855 44.450291 1
100.209421 192.055375 20.044398 1
112.838815 198.512899 19.603226 1
114.689040 191.663173 20.594169 1
120.078105 171.712278 23.480444 1
118.687673 169.377385 31.046412 1
115.897369 164.691745 46.229714 1
115.897369 164.691745 46.229714 1
88.145995 153.944626 32.437174 1
81.740690 152.902926 50.206030 1
73.808689 151.612931 72.210075 1
79.080919 128.805657 70.114856 1
83.469163 109.822449 68.370941 1
76.611985 102.793046 81.446649 1
73.854782 101.880482 88.870657 1
102.657820 152.236869 30.694972 1
109.066959 152.339742 48.492766 1
117.003637 152.467131 70.532434 1
113.308160 129.115203 68.623098 1
110.294318 110.070575 67.065944 1
118.432734 102.826468 79.260067 1
121.972058 101.913578 86.344657 1
95.686900 154.832800 31.647910 1
96.072403 162.115567 27.654437 1
96.345023 171.415539 22.882164 1
96.414375 181.153312 20.525190 1
95.916270 206.830393 22.433587 1
95.722052 214.298498 24.575963 1
96.309712 234.056236 23.284966 1
91.941699 191.886365 20.413326 1
78.713805 196.995745 19.853958 1
77.451762 189.954286 20.240148 1
73.775863 169.444939 21.364988 1
76.389953 168.812514 28.940968 1
81.635884 167.543371 44.144362 1
81.635884 167.543371 44.144362 1
100.368814 192.077673 20.038855 1
112.949055 198.633209 19.640971 1
114.799229 191.776676 20.583756 1
120.188147 171.805951 23.329764 1
118.793133 169.491229 30.901084 1
115.993634 164.846067 46.095128 1
115.993634 164.846067 46.095128 1
88.198397 153.972241 32.295475 1
81.835138 152.942558 50.080131 1
73.955203 151.667444 72.103742 1
79.140699 128.836823 70.046694 1
83.456751 109.834182 68.334548 1
76.623418 102.805487 81.423113 1
73.880607 101.893009 88.852461 1
102.703643 152.235091 30.527730 1
109.040758 152.356244 48.351181 1
116.888245 152.506270 70.422621 1
113.250648 129.141129 68.564464 1
110.284011 110.085726 67.049048 1
118.382202 102.839969 79.268943 1
121.898100 101.927376 86.365227 1
95.733600 154.864000 31.425940 1
96.113847 162.157526 27.451645 1
96.389371 171.480010 22.723667 1
96.483574 181.238275 20.453918 1
96.097432 206.889859 22.701057 1
95.789347 214.306220 25.003833 1
96.336725 234.064203 23.698952 1
92.057341 191.991097 20.485841 1
78.701994 196.776350 20.122653 1
77.369976 189.741715 20.375021 1
73.490266 169.252246 21.110080 1
76.181741 168.681336 28.663816 1
81.582970 167.535638 43.822569 1
81.582970 167.535638 43.822569 1
100.485040 192.150909 20.109750 1
113.051742 198.739405 19.853754 1
114.912716 191.873702 20.704018 1
120.333088 171.876272 23.180547 1
118.925325 169.580055 30.755142 1
116.100244 164.972029 45.955757 1
116.100244 164.972029 45.955757 1
88.246052 154.003731 32.084827 1
82.009967 152.993221 49.915571 1
74.287519 151.741850 71.996255 1
79.299235 128.867123 69.999342 1
83.470643 109.827771 68.337249 1
76.711763 102.798944 81.464345 1
74.011115 101.886420 88.909119 1
102.747562 152.267433 30.285871 1
108.957653 152.398982 48.153903 1
116.647841 152.561883 70.280551 1
113.125808 129.172279 68.509568 1
110.253419 110.096925 67.065247 1
118.267721 102.833298 79.329757 1
121.737169 101.920558 86.448848 1
95.723200 154.979000 31.136690 1
96.112723 162.289613 27.194819 1
96.410857 171.648307 22.540322 1
96.547985 181.438411 20.414429 1
96.312209 207.037239 23.215671 1
95.867458 214.420289 25.601644 1
96.375964 234.180475 24.314513 1
92.184154 192.213419 20.682660 1
78.755953 196.801259 20.506667 1
77.369458 189.773488 20.616700 1
73.331077 169.304009 20.937190 1
76.061112 168.770688 28.479827 1
81.539722 167.700425 43.616308 1
81.539722 167.700425 43.616308 1
100.612345 192.332640 20.302556 1
113.120480 199.035430 20.180082 1
114.980070 192.155786 20.912518 1
120.396413 172.117748 23.045850 1
118.964524 169.830262 30.618564 1
116.091026 165.239758 45.815405 1
116.091026 165.239758 45.815405 1
88.234984 154.133564 31.807091 1
82.214051 153.111733 49.710988 1
74.758036 151.846345 71.882262 1
79.567007 128.924121 69.931985 1
83.569665 109.845237 68.308709 1
76.966172 102.815950 81.514409 1
74.353247 101.903286 88.990405 1
102.728585 152.370963 29.970373 1
108.804745 152.495653 47.884442 1
116.329081 152.650059 70.068098 1
112.925666 129.235459 68.398376 1
110.150014 110.139720 67.036639 1
118.071681 102.850273 79.345931 1
121.490423 101.937585 86.489516 1
95.729500 154.951200 30.890660 1
96.100550 162.290617 27.000877 1
96.374244 171.702690 22.453751 1
96.490670 181.533552 20.523730 1
96.212618 207.041805 24.052786 1
95.784713 214.428910 26.429268 1
96.280098 234.192454 25.189455 1
92.104574 192.286356 21.119642 1
78.791412 197.200784 21.056778 1
77.477041 190.158685 20.983897 1
73.648729 169.647474 20.771618 1
76.370063 169.114268 28.317407 1
81.831212 168.044235 43.460213 1
81.831212 168.044235 43.460213 1
100.530486 192.436027 20.701679 1
112.972163 199.262470 20.715825 1
114.835839 192.372120 21.327235 1
120.264084 172.302899 23.108063 1
118.832506 170.001396 30.676588 1
115.959630 165.382763 45.865021 1
115.959630 165.382763 45.865021 1
88.244343 154.097969 31.584923 1
82.346197 153.101687 49.531082 1
75.042235 151.867936 71.754690 1
79.750130 128.919949 69.861622 1
83.668659 109.819621 68.285963 1
77.122059 102.790410 81.520000 1
74.541358 101.877778 89.007185 1
102.731078 152.354492 29.677157 1
108.657956 152.512624 47.640905 1
115.997430 152.708442 69.886080 1
112.734277 129.268753 68.289998 1
110.073015 110.152553 66.988317 1
117.868084 102.824086 79.355128 1
121.218191 101.911713 86.531197 1
95.805900 154.996000 30.469980 1
96.133084 162.374384 26.650617 1
96.352455 171.852873 22.240570 1
96.425088 181.728087 20.549640 1
96.078936 207.100601 24.944891 1
95.684156 214.485503 27.333921 1
96.198332 234.254354 26.190077 1
92.002280 192.435739 21.549994 1
78.834946 197.726979 21.691143 1
77.598999 190.677183 21.379923 1
73.999111 170.143554 20.473446 1
76.725930 169.586414 28.015524 1
82.198085 168.468351 43.150885 1
82.198085 168.468351 43.150885 1
100.423325 192.635354 21.060877 1
112.776527 199.617609 21.266704 1
114.641012 192.717615 21.754380 1
120.071612 172.620308 23.174811 1
118.671172 170.277836 30.736589 1
115.860785 165.576988 45.911485 1
115.860785 165.576988 45.911485 1
88.327344 154.112998 31.197360 1
82.489167 153.152010 49.165040 1
75.259467 151.961967 71.415298 1
79.782160 128.962544 69.703596 1
83.546539 109.819405 68.278893 1
77.008717 102.790691 81.517532 1
74.433478 101.878158 89.006610 1
102.808398 152.432862 29.192125 1
108.587634 152.594398 47.203884 1
115.744277 152.794432 69.508513 1
112.613878 129.325344 68.088244 1
110.060884 110.185167 66.929947 1
117.725493 102.824091 79.358780 1
121.004027 101.911643 86.567820 1
95.730600 154.925800 30.217390 1
96.019746 162.363387 26.511472 1
96.200223 171.928773 22.291376 1
96.253399 181.849261 20.889430 1
95.913414 207.033860 26.258130 1
95.561179 214.392172 28.734271 1
96.073088 234.166799 27.693944 1
91.828442 192.506372 22.325223 1
78.793096 198.101925 22.731879 1
77.614018 191.056863 22.183324 1
74.179767 170.537021 20.585572 1
76.927284 169.927293 28.116062 1
82.440975 168.703697 43.228167 1
82.440975 168.703697 43.228167 1
100.246447 192.732633 21.796923 1
112.479961 199.911632 22.242931 1
114.327986 192.998344 22.582471 1
119.710642 172.862312 23.571435 1
118.382068 170.470195 31.130639 1
115.715901 165.669719 46.300368 1
115.715901 165.669719 46.300368 1
88.257756 154.007911 30.960123 1
82.377657 153.097365 48.916756 1
75.096044 151.969784 71.153334 1
79.623413 128.962062 69.570385 1
83.391685 109.812014 68.252847 1
76.800933 102.778204 81.462504 1
74.188130 101.865571 88.938546 1
102.735955 152.404982 28.872753 1
108.464886 152.609316 46.900141 1
115.559235 152.862348 69.224124 1
112.580008 129.364823 67.957149 1
110.150302 110.201455 66.923872 1
117.744050 102.795066 79.369269 1
120.986700 101.882990 86.594568 1
95.690400 154.911600 29.859610 1
95.903402 162.423801 26.302000 1
95.977818 172.088587 22.311415 1
95.898736 182.048563 21.226521 1
95.141751 206.990395 27.593196 1
95.293004 214.321587 30.168239 1
95.742276 234.105429 29.286229 1
91.302479 192.571464 23.059205 1
78.695105 199.059761 23.652482 1
77.759445 191.986831 23.002674 1
75.034188 171.385821 21.110007 1
77.743444 170.798344 28.656112 1
83.180355 169.619399 43.799553 1
83.180355 169.619399 43.799553 1
99.718775 192.946244 22.591666 1
112.022086 199.979485 23.338592 1
113.903646 193.067959 23.459384 1
119.383978 172.937063 23.811210 1
118.135644 170.474321 31.361406 1
115.630502 165.532116 46.513058 1
115.630502 165.532116 46.513058 1
88.226760 153.893975 30.563944 1
82.248952 153.097923 48.493736 1
74.846342 152.112128 70.697076 1
79.358719 129.091255 69.270199 1
83.114513 109.930262 68.082565 1
76.466294 102.882734 81.256064 1
73.799392 101.970108 88.712980 1
102.727494 152.497976 28.484363 1
108.520476 152.681232 46.491497 1
115.694142 152.908163 68.790400 1
112.660499 129.410286 67.667256 1
110.186413 110.246630 66.751279 1
117.773253 102.854912 79.209605 1
121.010358 101.942785 86.437384 1
95.677600 154.717500 29.825590 1
95.782988 162.300399 26.416240 1
95.700090 172.058324 22.659325 1
95.419227 182.044964 21.902679 1
94.067302 206.674933 29.301291 1
94.676230 213.947229 31.973933 1
95.184804 233.736784 31.270314 1
90.571991 192.367953 24.173352 1
78.592353 199.926186 25.043543 1
77.990043 192.829237 24.272453 1
76.235721 172.158266 22.026533 1
78.865844 171.600514 29.602829 1
84.143952 170.481220 44.806856 1
84.143952 170.481220 44.806856 1
98.976049 192.965999 23.718104 1
111.346712 199.838449 24.782036 1
113.262004 192.936151 24.663789 1
118.840586 172.832131 24.319374 1
117.671266 170.263476 31.846897 1
115.324687 165.108727 46.953049 1
115.324687 165.108727 46.953049 1
88.228817 153.569171 30.484790 1
82.139338 152.888064 48.381707 1
74.598440 152.044609 70.544338 1
79.112454 129.019989 69.184683 1
82.869610 109.855878 68.053001 1
76.039176 102.815486 81.136792 1
73.280393 101.902813 88.560200 1
102.756047 152.442112 28.427103 1
108.613050 152.611194 46.413655 1
115.865994 152.820572 68.687069 1
112.730581 129.333682 67.614768 1
110.173497 110.178986 66.740257 1
117.742713 102.803529 79.218924 1
120.967251 101.891356 86.452312 1
95.603300 154.619000 29.695990 1
95.624023 162.322250 26.566350 1
95.406623 172.211544 23.176220 1
94.931703 182.212728 22.808616 1
92.971314 206.483041 31.193803 1
94.030750 213.673167 33.946943 1
94.594819 233.467683 33.457885 1
89.832753 192.316551 25.478681 1
78.502554 200.787078 26.606777 1
78.198356 193.687121 25.700072 1
77.312333 173.007389 23.059150 1
79.857622 172.434210 30.663219 1
84.965486 171.283961 45.922981 1
84.965486 171.283961 45.922981 1
98.221163 193.132864 25.077064 1
110.686393 199.784461 26.407527 1
112.631758 192.900982 26.010903 1
118.297933 172.851775 24.855672 1
117.176740 170.131108 32.336968 1
114.926743 164.671300 47.350352 1
114.926743 164.671300 47.350352 1
88.167275 153.342395 30.255804 1
82.064898 152.776690 48.152348 1
74.508026 152.076144 70.314516 1
78.949350 129.032116 69.047430 1
82.646004 109.851850 67.992795 1
75.737935 102.823336 81.042167 1
72.953299 101.910733 88.455925 1
102.723524 152.496334 28.269708 1
108.640747 152.642636 46.236738 1
115.968266 152.823805 68.485979 1
112.748370 129.346955 67.444599 1
110.122388 110.200448 66.595305 1
117.667471 102.842259 79.098756 1
120.876319 101.930061 86.339115 1
95.467100 154.246000 29.776650 1
95.402706 162.109955 27.076798 1
95.070351 172.157884 24.201550 1
94.447520 182.157379 24.282389 1
92.041873 206.051484 33.582237 1
93.494149 213.113686 36.483321 1
94.058580 232.912203 36.199812 1
89.172613 192.075495 27.286070 1
78.366223 201.160370 28.729269 1
78.280170 194.072377 27.691484 1
78.029526 173.427493 24.668774 1
80.517947 172.783745 32.286008 1
85.511686 171.491877 47.572189 1
85.511686 171.491877 47.572189 1
97.551908 193.026491 27.010196 1
110.126941 199.416164 28.571120 1
112.110126 192.568505 27.863602 1
117.886457 172.623628 25.802845 1
116.804227 169.783926 33.245544 1
114.632421 164.085241 48.181472 1
114.632421 164.085241 48.181472 1
88.046255 152.824880 30.162727 1
81.962430 152.485851 48.071313 1
74.428532 152.066008 70.248393 1
78.937690 129.031634 69.047056 1
82.690804 109.859404 68.047146 1
75.757710 102.829579 81.082533 1
72.957316 101.916801 88.490331 1
102.638771 152.316480 28.333851 1
108.583113 152.533056 46.291217 1
115.944215 152.801248 68.528490 1
112.697660 129.332031 67.401369 1
110.049935 110.191749 66.482149 1
117.524347 102.838295 79.030751 1
120.691775 101.926019 86.289315 1
95.320500 153.901800 29.977140 1
95.231903 161.933752 27.828880 1
94.870557 172.143147 25.598168 1
94.204427 182.121855 26.203174 1
91.670394 205.597469 36.483095 1
93.292256 212.539569 39.577753 1
93.847745 232.340289 39.521824 1
88.882251 191.892053 29.584511 1
78.265855 201.124379 31.442501 1
78.230953 194.076838 30.156036 1
78.129294 173.549777 26.409006 1
80.632167 172.746136 34.006288 1
85.654911 171.133397 49.252428 1
85.654911 171.133397 49.252428 1
97.260658 192.873928 29.407567 1
109.903060 199.058813 31.227647 1
111.913924 192.257859 30.213993 1
117.770874 172.449019 27.261567 1
116.694934 169.487419 34.657524 1
114.535752 163.544110 49.499650 1
114.535752 163.544110 49.499650 1
87.906350 152.406739 30.158094 1
81.938389 152.253497 48.108172 1
74.547971 152.063722 70.336632 1
79.039217 129.029525 69.066763 1
82.777422 109.857442 68.009811 1
75.913785 102.828150 81.082189 1
73.153287 101.915512 88.504965 1
102.526090 152.126142 28.506055 1
108.479121 152.436778 46.459161 1
115.850983 152.821448 68.691159 1
112.636111 129.353393 67.454344 1
110.014226 110.214060 66.445662 1
117.411480 102.832678 79.023554 1
120.537563 101.920465 86.300028 1
95.198900 153.611000 30.336120 1
95.159375 161.781093 28.792377 1
94.865301 172.123867 27.282760 1
94.273359 182.051099 28.500971 1
91.999985 204.972244 40.018584 1
93.392619 211.895828 43.262757 1
94.035867 231.691788 43.556657 1
89.051875 191.666019 32.438632 1
78.178184 200.478666 34.782971 1
78.006177 193.527017 33.059881 1
77.505179 173.279257 28.041115 1
80.070423 172.226303 35.586955 1
85.218331 170.113246 50.729866 1
85.218331 170.113246 50.729866 1
97.435163 192.599871 32.234893 1
110.015011 198.832511 34.307921 1
112.045909 192.074581 33.071044 1
117.961214 172.391053 29.468446 1
116.835404 169.340232 36.820584 1
114.576142 163.217877 51.574776 1
114.576142 163.217877 51.574776 1
87.777648 152.140478 30.348522 1
81.997772 152.100875 48.360651 1
74.840269 152.051826 70.665953 1
79.246504 129.013874 69.184061 1
82.913952 109.838666 67.950636 1
76.215564 102.809439 81.108489 1
73.548932 101.896791 88.565499 1
102.408813 151.917088 28.791649 1
108.358921 152.264761 46.745046 1
115.727161 152.695295 68.977403 1
112.540080 129.241181 67.440618 1
109.940859 110.113216 66.187298 1
117.316283 102.813524 78.825538 1
120.420316 101.901144 86.111426 1
95.058000 153.488800 30.642030 1
95.140735 161.753855 29.738070 1
95.012592 172.184266 29.011086 1
94.620612 182.010802 30.926788 1
93.031285 204.176416 43.940708 1
93.789530 211.152671 47.280922 1
94.399079 230.938646 48.004695 1
89.664982 191.430678 35.609034 1
78.189967 199.283561 38.446656 1
77.713393 192.517001 36.142184 1
76.325295 172.808341 29.430052 1
79.016673 171.428622 36.878659 1
84.417707 168.659816 51.826443 1
84.417707 168.659816 51.826443 1
98.054696 192.248944 35.239939 1
110.361132 198.916255 37.583959 1
112.429091 192.190379 36.238531 1
118.452339 172.600214 32.319763 1
117.178764 169.507233 39.630055 1
114.622968 163.300270 54.300270 1
114.622968 163.300270 54.300270 1
87.615688 152.132261 30.545247 1
82.041838 152.093702 48.622195 1
75.139468 152.045946 71.007765 1
79.466214 129.010025 69.280423 1
83.067500 109.836507 67.842702 1
76.599964 102.807530 81.115682 1
74.064405 101.894873 88.618272 1
102.242630 151.813069 28.965547 1
108.179959 152.229853 46.921703 1
115.532376 152.745970 69.157476 1
112.436630 129.285434 67.534431 1
109.911897 110.152231 66.210760 1
117.252357 102.813488 78.846741 1
120.340726 101.901111 86.139282 1
94.775000 153.439900 31.066040 1
94.991168 161.751133 30.957392 1
95.042439 172.205684 31.152637 1
94.831545 181.871061 33.783300 1
93.723328 203.266151 48.074014 1
94.124479 210.128229 51.700454 1
94.511254 229.900333 52.838231 1
90.078606 191.097119 39.027838 1
78.329001 198.336583 42.334313 1
77.656646 191.721334 39.667769 1
75.698306 172.453389 31.901043 1
78.462254 170.827702 39.273060 1
84.008919 167.565288 54.067141 1
84.008919 167.565288 54.067141 1
98.481734 191.770501 38.671342 1
110.578047 198.699648 41.328782 1
112.773887 192.038434 39.869139 1
119.169611 172.636609 35.617700 1
117.593419 169.514717 42.856367 1
114.430337 163.249736 57.382847 1
114.430337 163.249736 57.382847 1
87.314769 152.217490 30.768971 1
81.970046 152.126409 48.914796 1
75.351415 152.013612 71.385660 1
79.634351 129.001738 69.271853 1
83.199173 109.848234 67.512466 1
76.974460 102.819279 80.901053 1
74.576124 101.906578 88.448623 1
101.951830 151.817663 29.305633 1
107.960786 152.229486 47.238061 1
115.401901 152.739460 69.444451 1
112.354939 129.289193 67.596294 1
109.869993 110.164366 66.089033 1
117.214371 102.826668 78.723345 1
120.304930 101.914294 86.014958 1
94.493100 153.639200 31.534080 1
94.831201 161.913358 32.281829 1
95.052207 172.302576 33.445312 1
95.002193 181.754037 36.769731 1
94.262899 202.387236 52.162167 1
94.336494 209.200102 55.901088 1
94.608082 228.944623 57.469648 1
90.417980 190.801269 42.457291 1
78.493135 197.615027 46.030330 1
77.649621 191.138477 43.086383 1
75.192753 172.274515 34.511678 1
78.095983 170.423111 41.776143 1
83.922157 166.707730 56.354392 1
83.922157 166.707730 56.354392 1
98.837384 191.293014 42.202500 1
110.716056 198.458667 45.193554 1
113.056919 191.885053 43.571207 1
119.875043 172.738378 38.845867 1
118.019122 169.568570 45.996865 1
114.294680 163.207430 60.347409 1
114.294680 163.207430 60.347409 1
87.023197 152.575611 30.980098 1
81.875875 152.306857 49.181147 1
75.501695 151.974040 71.720397 1
79.710264 129.001250 69.094192 1
83.213189 109.880277 66.908320 1
77.227042 102.851548 80.405376 1
74.963002 101.938981 87.994328 1
101.678644 152.088365 29.745101 1
107.886005 152.349695 47.612655 1
115.572813 152.673307 69.738710 1
112.322260 129.274943 67.602083 1
109.671275 110.192446 65.859563 1
117.083972 102.860963 78.457531 1
120.213204 101.948587 85.732631 1
94.246600 154.011700 32.500080 1
94.663189 162.164467 34.079313 1
95.006281 172.404466 36.168113 1
95.076327 181.611611 40.118802 1
94.628581 201.543756 56.419467 1
94.435657 208.385926 60.100171 1
94.527587 228.111630 61.908033 1
90.631415 190.491864 46.168565 1
78.599928 197.015307 49.921409 1
77.616828 190.667566 46.749069 1
74.753397 172.178781 37.509134 1
77.785424 170.075351 44.651353 1
83.870067 165.854209 58.984279 1
83.870067 165.854209 58.984279 1
99.061474 190.811180 46.009669 1
110.689144 198.225270 49.359950 1
113.169333 191.754165 47.544047 1
120.393269 172.906063 42.254944 1
118.332159 169.630924 49.301517 1
114.195947 163.058409 63.442503 1
114.195947 163.058409 63.442503 1
86.781015 153.115069 31.664220 1
81.692793 152.515540 49.873994 1
75.391801 151.773108 72.424050 1
79.738021 128.878570 69.373049 1
83.355518 109.822730 66.833606 1
77.543663 102.794054 80.406652 1
75.377406 101.881562 88.024102 1
101.456167 152.544774 30.737173 1
107.919891 152.493088 48.515439 1
115.924162 152.429082 70.530924 1
112.427438 129.104300 68.012560 1
109.575689 110.081812 65.958714 1
117.059763 102.804459 78.545862 1
120.223958 101.891863 85.805796 1
94.079300 155.003800 33.585478 1
94.530542 162.982361 35.882015 1
94.930519 173.025735 38.764555 1
95.050570 181.991103 43.235811 1
94.735727 201.317075 60.253749 1
94.346190 208.177597 63.884396 1
94.329931 227.900812 65.721449 1
90.667349 190.680860 49.599085 1
78.568762 196.977375 53.520045 1
77.455575 190.709430 50.234056 1
74.213245 172.453062 40.663103 1
77.396233 170.142503 47.674437 1
83.783824 165.505698 61.744704 1
83.783824 165.505698 61.744704 1
99.100041 190.935780 49.465602 1
110.622578 198.355372 53.150251 1
113.218736 191.978723 51.169756 1
120.780448 173.405740 45.401254 1
118.513221 169.810381 52.224888 1
113.963376 162.595253 65.918482 1
113.963376 162.595253 65.918482 1
86.625187 154.258263 32.528147 1
81.635910 153.075199 50.736739 1
75.457445 151.610147 73.285329 1
79.861183 128.817381 69.617217 1
83.526553 109.846249 66.564133 1
77.908814 102.816484 80.218105 1
75.851281 101.903705 87.865604 1
101.311006 153.625146 31.842115 1
107.863378 153.032677 49.578082 1
115.977425 152.298998 71.541187 1
112.358518 129.053003 68.517625 1
109.407122 110.094770 66.051764 1
116.817732 102.829573 78.689299 1
119.937948 101.917090 85.968258 1
93.974300 156.286900 34.882960 1
94.473417 164.123794 37.615926 1
94.929398 174.003525 41.010243 1
95.073419 182.763741 45.870515 1
94.746603 201.456420 63.581514 1
94.302479 208.273920 67.286179 1
94.199912 228.003810 69.047183 1
90.690539 191.230249 52.528170 1
78.671790 197.534894 56.675091 1
77.559536 191.230181 53.459888 1
74.319920 172.866722 44.095110 1
77.517586 170.327602 51.020187 1
83.934631 165.232121 64.917356 1
83.934631 165.232121 64.917356 1
99.124520 191.461139 52.440112 1
110.534560 198.834791 56.543291 1
113.135913 192.491271 54.465609 1
120.712755 174.014780 48.414033 1
118.344321 170.140543 55.048014 1
113.591373 162.365762 68.361013 1
113.591373 162.365762 68.361013 1
86.526558 155.674946 33.702188 1
81.844441 153.745393 51.928541 1
76.046347 151.355926 74.499125 1
80.276116 128.673640 70.029108 1
83.796686 109.794463 66.308573 1
78.477270 102.766582 80.082469 1
76.586778 101.853866 87.772973 1
101.212864 154.932488 33.149081 1
107.612011 153.705219 50.908412 1
115.536314 152.185444 72.900451 1
112.098111 129.019664 69.140121 1
109.294088 110.126850 66.073391 1
116.531740 102.778590 78.763032 1
119.561802 101.866167 86.079986 1
93.833200 158.068500 36.226260 1
94.358863 165.830417 39.160788 1
94.847335 175.614454 42.817618 1
95.001920 184.232513 47.925409 1
94.641463 202.379944 66.194053 1
94.219186 209.061415 70.141169 1
93.971542 228.803354 71.745772 1
90.612189 192.510974 54.811126 1
78.650347 198.834930 59.091050 1
77.530844 192.459057 56.022011 1
74.270118 173.888334 47.082956 1
77.541376 171.136824 53.891551 1
84.106104 165.615122 67.554963 1
84.106104 165.615122 67.554963 1
99.047394 192.709603 54.780249 1
110.405496 199.933444 59.275300 1
112.935627 193.578493 57.145257 1
120.305023 175.068708 50.941172 1
117.955675 170.869971 57.381675 1
113.241029 162.443991 70.306405 1
113.241029 162.443991 70.306405 1
86.392930 157.537825 34.962004 1
82.148500 154.708022 53.177995 1
76.892414 151.203732 75.735749 1
80.759467 128.636078 70.434333 1
83.978138 109.852314 66.021799 1
78.982497 102.758091 79.882647 1
77.268392 101.845330 87.614371 1
101.078504 156.708363 34.525325 1
107.224329 154.683986 52.301147 1
114.834934 152.177122 74.313606 1
111.719400 129.105907 69.771895 1
109.178529 110.290214 66.067912 1
116.205938 102.771743 78.776006 1
119.133092 101.860493 86.134878 1
93.792200 160.356700 37.585010 1
94.320963 168.075514 40.630573 1
94.822684 177.800599 44.439691 1
95.011386 186.323904 49.702963 1
94.786935 204.091185 68.343668 1
94.291142 210.667276 72.455762 1
93.971817 230.414207 73.984475 1
90.679171 194.476792 56.772482 1
78.681486 200.682443 61.124639 1
77.518513 194.277643 58.132970 1
74.131174 175.622667 49.419268 1
77.437263 172.544017 56.069124 1
84.071890 166.365814 69.413981 1
84.071890 166.365814 69.413981 1
99.115013 194.640261 56.718247 1
110.513922 201.675420 61.405172 1
112.918106 195.263345 59.300595 1
119.920663 176.587178 53.170686 1
117.642189 171.975981 59.349222 1
113.069773 162.722279 71.748242 1
113.069773 162.722279 71.748242 1
86.349004 159.839886 36.332288 1
82.363491 155.948225 54.410341 1
77.428035 151.128983 76.797277 1
81.036341 128.685583 70.828022 1
84.039647 110.005238 65.859624 1
79.282322 102.785654 79.739574 1
77.694206 101.872813 87.498147 1
101.033878 159.025833 35.845909 1
106.997710 155.939557 53.530838 1
114.382947 152.117704 75.430741 1
111.481605 129.165943 70.194946 1
109.115418 110.447671 65.924902 1
115.956910 102.799119 78.656798 1
118.790028 101.889222 86.052550 1
93.766600 162.784200 39.073230 1
94.287579 170.476440 42.186613 1
94.789282 180.168931 46.077924 1
94.998860 188.650566 51.407307 1
94.869892 206.285822 70.173863 1
94.386883 212.818431 74.356186 1
94.048511 232.569096 75.831636 1
90.708961 196.771504 58.539129 1
78.640334 202.852322 62.871302 1
77.501772 196.410523 59.950523 1
74.185533 177.647779 51.443301 1
77.435702 174.183609 57.929041 1
83.958111 167.231747 70.944551 1
83.958111 167.231747 70.944551 1
99.145365 196.899262 58.477049 1
110.686453 203.716592 63.137858 1
112.930825 197.238341 61.059617 1
119.467905 178.369421 55.006412 1
117.333518 173.329311 60.894584 1
113.050255 163.214871 72.710905 1
113.050255 163.214871 72.710905 1
86.322242 162.266188 37.827930 1
82.453137 157.217981 55.643400 1
77.661835 150.966533 77.705167 1
81.151335 128.648174 71.218848 1
84.055756 110.071905 65.820082 1
79.461477 102.781409 79.717880 1
77.960676 101.868726 87.493834 1
101.007629 161.480930 37.310686 1
106.917862 157.235526 54.771923 1
114.236724 151.978283 76.394821 1
111.419176 129.149232 70.605993 1
109.121326 110.531036 65.884926 1
115.823522 102.793673 78.637232 1
118.585620 101.884838 86.059930 1
93.718200 165.388400 40.619420 1
94.224780 173.068802 43.764245 1
94.715098 182.751240 47.681945 1
94.928013 191.232744 53.011404 1
94.839688 208.918600 71.730518 1
94.449668 215.456045 75.914990 1
94.118816 235.223615 77.145397 1
90.655770 199.379499 60.124355 1
78.567186 205.437757 64.432429 1
77.527012 198.920580 61.645230 1
74.497340 179.938285 53.527078 1
77.545015 176.006137 59.842043 1
83.661061 168.115144 72.514845 1
83.661061 168.115144 72.514845 1
99.092316 199.493972 60.056009 1
110.748655 206.178451 64.621460 1
112.851470 199.661664 62.515825 1
118.976244 180.680505 56.382835 1
117.020270 175.179430 61.909248 1
113.095043 164.139931 72.999592 1
113.095043 164.139931 72.999592 1
86.274009 164.859200 39.377834 1
82.477194 158.580756 56.813736 1
77.775414 150.805846 78.405465 1
81.185570 128.606690 71.482574 1
84.023951 110.129638 65.720435 1
79.578250 102.773149 79.631773 1
78.156909 101.860789 87.422681 1
100.960667 164.108351 38.845801 1
106.814538 158.628098 55.979047 1
114.063606 151.841696 77.195781 1
111.327400 129.137922 70.897646 1
109.095890 110.621895 65.761213 1
115.646978 102.783439 78.530292 1
118.332089 101.875894 85.981342 1
93.699400 168.261400 42.124220 1
94.180595 175.950019 45.252913 1
94.647580 185.647550 49.135979 1
94.857123 194.164992 54.407947 1
94.809848 212.035682 72.950836 1
94.503113 218.608410 77.086686 1
94.208429 238.397077 77.924580 1
90.601156 202.383978 61.447178 1
78.437963 208.380504 65.629789 1
77.506051 201.760444 63.054836 1
74.791711 182.478486 55.554883 1
77.622885 178.076061 61.656686 1
83.304458 169.241321 73.901717 1
83.304458 169.241321 73.901717 1
99.037623 202.493652 61.362989 1
110.776214 209.140765 65.769485 1
112.724753 202.577935 63.658443 1
118.400174 183.462668 57.509702 1
116.630608 177.498731 62.601753 1
113.079464 165.530366 72.820427 1
113.079464 165.530366 72.820427 1
86.256595 167.703821 40.886747 1
82.500919 160.132828 57.810702 1
77.850081 150.757290 78.768463 1
81.166348 128.635632 71.557864 1
83.926581 110.223084 65.556257 1
79.610888 102.780839 79.462921 1
78.258028 101.868841 87.266054 1
100.945556 167.002791 40.350327 1
106.701242 160.215545 57.043274 1
113.828722 151.810646 77.714770 1
111.221633 129.199705 71.039208 1
109.095424 110.759388 65.594966 1
115.451509 102.788135 78.380381 1
118.037069 101.883684 85.866933 1
93.690600 171.344000 43.618530 1
94.148629 179.054912 46.695407 1
94.590258 188.786107 50.496355 1
94.786919 197.364592 55.668906 1
94.740327 215.507447 73.945591 1
94.538641 222.177856 77.928687 1
94.251589 241.978276 78.419794 1
90.529456 205.681613 62.591112 1
78.329127 211.681027 66.659876 1
77.533355 204.937912 64.374885 1
75.215543 185.297538 57.719490 1
77.830187 180.387812 63.523552 1
83.077231 170.535027 75.171077 1
83.077231 170.535027 75.171077 1
98.965673 205.800234 62.494865 1
110.785936 212.429835 66.705046 1
112.607810 205.811485 64.655105 1
117.914300 186.534508 58.684328 1
116.298899 180.151939 63.297591 1
113.057133 167.343467 72.555435 1
113.057133 167.343467 72.555435 1
86.249424 170.755440 42.385621 1
82.541806 161.841150 58.653206 1
77.950483 150.802144 78.798152 1
81.162719 128.697332 71.489461 1
83.836364 110.298806 65.406208 1
79.676984 102.779406 79.318997 1
78.408121 101.867949 87.136291 1
100.940407 170.095575 41.852373 1
106.531831 161.940291 57.979258 1
113.455901 151.841298 77.949777 1
111.032879 129.283406 71.029868 1
109.056785 110.886353 65.386348 1
115.178635 102.799324 78.213290 1
117.632362 101.880795 85.742376 1
93.703800 174.600700 45.086900 1
94.127175 182.343502 48.087716 1
94.531264 192.121981 51.769626 1
94.706003 200.787162 56.796401 1
94.646125 219.320085 74.677388 1
94.475034 226.069623 78.526358 1
94.254581 245.876572 78.654454 1
90.440959 209.244173 63.542075 1
78.248297 215.326849 67.508924 1
77.610899 208.450628 65.602264 1
75.754376 188.422563 60.048819 1
78.090903 182.961775 65.466322 1
82.779824 172.003126 76.338107 1
82.779824 172.003126 76.338107 1
98.876849 209.375429 63.434283 1
110.779373 215.980528 67.446566 1
112.522364 209.303482 65.522228 1
117.599093 189.855543 59.917292 1
116.129133 183.118274 64.049764 1
113.179234 169.597994 72.342762 1
113.179234 169.597994 72.342762 1
86.266478 173.969842 43.851656 1
82.620329 163.700529 59.314260 1
78.105125 150.983530 78.462357 1
81.191022 128.826671 71.257569 1
83.759511 110.384824 65.260799 1
79.770124 102.790521 79.182684 1
78.593336 101.879620 87.014433 1
100.960606 173.364196 43.341220 1
106.329676 163.814526 58.762828 1
112.978397 151.988814 77.859976 1
110.765674 129.418410 70.910485 1
108.961089 111.011154 65.242841 1
114.781758 102.824284 78.146425 1
117.061643 101.890711 85.728125 1
93.746000 177.925300 46.502000 1
94.123528 185.705576 49.410591 1
94.480668 195.540980 52.942683 1
94.632967 204.315219 57.777340 1
94.579856 223.354415 75.118295 1
94.408811 230.170052 78.848969 1
94.333252 249.977815 78.684502 1
90.368612 212.957406 64.284539 1
78.136014 219.064987 68.086752 1
77.640252 212.061775 66.660822 1
76.196268 191.663827 62.507578 1
78.293951 185.609268 67.362571 1
82.503563 173.459047 77.105515 1
82.503563 173.459047 77.105515 1
98.804132 213.095870 64.158351 1
110.791674 219.666231 67.969523 1
112.406789 212.873181 66.366429 1
117.111059 193.087361 61.697168 1
115.846067 186.018675 65.311358 1
113.307497 171.833310 72.564274 1
113.307497 171.833310 72.564274 1
86.313628 177.238827 45.266613 1
82.749530 165.632962 59.773385 1
78.335933 151.260847 77.737828 1
81.255457 128.986890 70.830924 1
83.685469 110.447579 65.082092 1
79.875892 102.774782 79.011300 1
78.797230 101.864684 86.857258 1
101.011418 176.708004 44.778785 1
106.138508 165.761262 59.329760 1
112.487576 152.205502 77.348772 1
110.490965 129.572873 70.537582 1
108.862630 111.114868 64.982728 1
114.333771 102.801257 77.958013 1
116.421282 101.873460 85.595624 1
93.769200 181.242500 47.953800 1
94.103663 189.070968 50.735589 1
94.413341 198.976182 54.071638 1
94.530675 207.878537 58.667145 1
94.416995 227.499826 75.346312 1
94.340992 234.389107 78.942440 1
94.404756 254.191611 78.455644 1
90.241157 216.731099 64.867785 1
77.997285 222.955496 68.437145 1
77.670479 215.851153 67.573692 1
76.718605 195.158646 65.058749 1
78.456091 188.513291 69.235984 1
81.942865 175.177464 77.618813 1
81.942865 175.177464 77.618813 1
98.676642 216.879427 64.750787 1
110.728662 223.444978 68.361627 1
112.213444 216.553843 67.084238 1
116.538100 196.482337 63.363644 1
115.458140 189.250682 66.705161 1
113.290891 174.738272 73.410881 1
113.290891 174.738272 73.410881 1
86.344161 180.504026 46.704388 1
82.932110 167.607912 60.116825 1
78.706800 151.638017 76.726099 1
81.360998 129.187710 70.299824 1
83.570171 110.501616 64.951033 1
79.978219 102.774590 78.908056 1
79.020035 101.865079 86.769705 1
101.045679 180.028252 46.275697 1
105.918703 167.732129 59.800049 1
111.953151 152.505381 76.547755 1
110.201344 129.765444 70.033072 1
108.772659 111.219924 64.720033 1
113.886318 102.798052 77.771090 1
115.773205 101.873571 85.461123 1
93.836200 184.327000 49.453200 1
94.103647 192.209461 52.085766 1
94.333943 202.192852 55.186938 1
94.383936 211.241825 59.487864 1
94.135405 231.544652 75.328823 1
94.199592 238.502840 78.789978 1
94.402677 258.293293 77.967224 1
90.033751 220.317376 65.312469 1
77.782921 226.652700 68.655621 1
77.564021 219.501151 68.293028 1
76.926439 198.671150 67.236919 1
78.299312 191.580824 70.768405 1
81.054383 177.352035 77.855353 1
81.054383 177.352035 77.855353 1
98.468034 220.518196 65.187411 1
110.624056 227.033246 68.531224 1
112.083349 220.085936 67.567175 1
116.333763 199.850811 64.759233 1
115.386877 192.465869 67.791546 1
113.486679 177.645844 73.876758 1
113.486679 177.645844 73.876758 1
86.421550 183.510905 48.190455 1
83.157338 169.454450 60.421820 1
79.115105 152.047648 75.568514 1
81.469933 129.411990 69.699967 1
83.429931 110.571622 64.815391 1
80.003592 102.770655 78.772920 1
79.136170 101.862157 86.645217 1
101.127655 183.133711 47.825835 1
105.687754 169.594554 60.225264 1
111.334695 152.828511 75.579935 1
109.846491 129.964827 69.443823 1
108.632788 111.318386 64.439529 1
113.353896 102.790889 77.569664 1
115.017355 101.867808 85.311268 1
93.879900 187.204400 50.984500 1
94.130435 195.147461 53.429934 1
94.347219 205.214672 56.248204 1
94.402050 214.417860 60.208344 1
94.218434 235.434732 75.089873 1
94.239119 242.478733 78.373425 1
94.511076 262.252069 77.223871 1
90.076559 223.757017 65.620000 1
77.722356 230.068115 68.609907 1
77.476761 222.908494 68.669436 1
76.761428 202.054980 68.842825 1
77.919558 194.664086 71.786008 1
80.243686 179.832121 77.692355 1
80.243686 179.832121 77.692355 1
98.510457 223.946275 65.456778 1
110.654037 230.625990 68.508122 1
112.091080 223.637099 67.864414 1
116.276689 203.280866 65.989512 1
115.505641 195.742793 68.675000 1
113.958310 180.615470 74.064206 1
113.958310 180.615470 74.064206 1
86.467196 186.343183 49.740433 1
83.427279 171.212531 60.679702 1
79.662801 152.475500 74.226330 1
81.697956 129.652369 68.999387 1
83.391880 110.655963 64.648839 1
80.202494 102.790693 78.626423 1
79.466693 101.883098 86.512215 1
101.174122 185.988188 49.386774 1
105.378132 171.332243 60.584035 1
110.584115 153.183239 74.450017 1
109.442036 130.181082 68.774538 1
108.510614 111.421709 64.145911 1
112.911491 102.855836 77.362023 1
114.368055 101.885054 85.139401 1
93.858400 189.706400 52.617900 1
94.082603 197.714589 54.843608 1
94.266496 207.870125 57.327486 1
94.281008 217.239046 60.878187 1
93.965244 239.042060 74.579699 1
94.133073 246.129633 77.763759 1
94.454203 265.886011 76.362827 1
89.903286 226.849605 65.745267 1
77.479571 233.189107 68.364018 1
77.228374 226.047646 68.874391 1
76.496725 205.247028 70.360932 1
77.474424 197.653661 72.813232 1
79.436464 182.415373 77.734481 1
79.436464 182.415373 77.734481 1
98.337435 227.053171 65.615709 1
110.563735 233.714664 68.361240 1
112.027527 226.711020 68.000228 1
116.291044 206.311815 66.948725 1
115.710812 198.673576 69.387891 1
114.546408 183.345239 74.282781 1
114.546408 183.345239 74.282781 1
86.453414 188.796615 51.362491 1
83.686235 172.744135 60.980491 1
80.259502 152.865560 72.890926 1
81.943043 129.866457 68.356053 1
83.344308 110.723584 64.581535 1
80.369644 102.798171 78.572487 1
79.753423 101.891559 86.468636 1
101.162507 188.460654 51.089598 1
105.002607 172.833399 61.034026 1
109.757946 153.481588 73.348579 1
108.975237 130.359012 68.119000 1
108.336897 111.501431 63.854025 1
112.423376 102.920509 77.161016 1
113.669341 101.886716 84.966812 1
93.749000 191.821200 54.283200 1
93.978946 199.906464 56.209533 1
94.171818 210.153987 58.280637 1
94.189855 219.679148 61.387943 1
93.874658 242.181933 73.907042 1
94.051119 249.346474 76.913422 1
94.374671 269.093359 75.385015 1
89.812404 229.535779 65.735414 1
77.250907 235.742396 67.989858 1
76.911626 228.636693 68.837153 1
75.923418 207.940224 71.305033 1
76.792128 200.256056 73.502258 1
78.535451 184.835550 77.911626 1
78.535451 184.835550 77.911626 1
98.246563 229.731841 65.595345 1
110.507416 236.440425 68.057499 1
111.986023 229.431153 67.968769 1
116.292690 209.015555 67.710326 1
115.882312 201.308404 69.959838 1
115.058772 185.841775 74.474134 1
115.058772 185.841775 74.474134 1
86.348520 190.879450 53.024795 1
83.901787 174.048128 61.305219 1
80.871876 153.205076 71.559270 1
82.119601 130.046185 67.755714 1
83.158122 110.770314 64.589895 1
80.421711 102.754979 78.578247 1
79.942947 101.861695 86.485438 1
101.058057 190.505178 52.839820 1
104.532520 174.064020 61.526909 1
108.835079 153.704322 72.284452 1
108.441020 130.477027 67.493611 1
108.119645 111.534043 63.586449 1
111.959614 102.976843 76.981839 1
113.021775 101.851636 84.802155 1
93.587900 193.576300 56.007700 1
93.848333 201.730760 57.611473 1
94.082965 212.056335 59.244213 1
94.127367 221.720517 61.887316 1
93.820283 244.867789 73.170577 1
94.179908 252.079390 76.045223 1
94.447840 271.819292 74.418977 1
89.764935 231.820561 65.652158 1
77.273345 238.272420 67.583357 1
76.897578 231.218829 68.779051 1
75.803096 210.674143 72.261698 1
76.650941 202.944674 74.302622 1
78.352392 187.433260 78.398325 1
78.352392 187.433260 78.398325 1
98.201065 231.964088 65.587315 1
110.543207 238.642609 67.700300 1
112.046651 231.639792 67.856034 1
116.425659 211.242994 68.309631 1
116.158875 203.503237 70.466915 1
115.623497 187.971174 74.796127 1
115.623497 187.971174 74.796127 1
86.194356 192.627021 54.714661 1
84.034212 175.214258 61.783945 1
81.359201 153.651178 70.538180 1
82.210814 130.389415 67.294223 1
82.919640 111.027922 64.594176 1
80.534394 102.976052 78.625766 1
80.172610 101.867959 86.511962 1
100.902447 192.162015 54.690593 1
104.065514 175.080514 62.178347 1
107.982458 153.927857 71.450710 1
107.941782 130.623593 67.032079 1
107.908606 111.617838 63.428473 1
111.529265 103.080783 76.897587 1
112.423612 101.862544 84.724953 1
93.441400 194.882300 57.574000 1
93.718966 203.086582 58.896057 1
93.976767 213.466544 60.132314 1
94.026147 223.242055 62.328063 1
93.658556 246.961328 72.351211 1
94.172061 254.168949 75.212435 1
94.472227 273.907593 73.576570 1
89.652315 233.541727 65.490674 1
77.233977 240.226515 67.070016 1
76.797336 233.234374 68.567795 1
75.525552 212.868671 72.930311 1
76.375764 205.133448 74.948320 1
78.081964 189.610486 78.998040 1
78.081964 189.610486 78.998040 1
98.089046 233.657428 65.526284 1
110.512335 240.273889 67.337408 1
112.040919 233.285676 67.727732 1
116.493153 212.931415 68.864611 1
116.352757 205.186381 71.014874 1
116.071011 189.643729 75.329998 1
116.071011 189.643729 75.329998 1
86.057570 193.916339 56.238504 1
84.225099 176.053249 62.188074 1
81.955861 153.932507 69.555711 1
82.521000 130.606271 66.740494 1
82.991383 111.191115 64.397301 1
80.677421 103.461159 78.620553 1
80.415664 102.173219 86.483348 1
100.763111 193.395639 56.382379 1
103.637428 175.830538 62.789768 1
107.196803 154.079021 70.724275 1
107.429549 130.725469 66.580349 1
107.619363 111.679517 63.200778 1
110.998687 103.195237 76.765611 1
111.722167 101.863171 84.592091 1
93.298100 195.796000 58.983600 1
93.608696 204.031388 60.086794 1
93.910474 214.443934 60.995755 1
93.993493 224.301400 62.786800 1
93.663207 248.501370 71.587648 1
94.241121 255.744571 74.344846 1
94.639145 275.487533 72.783673 1
89.647901 234.771377 65.377394 1
77.236084 241.554563 66.531093 1
76.698839 234.623687 68.262672 1
75.134029 214.436429 73.306166 1
75.948983 206.746667 75.504417 1
77.584429 191.314936 79.915842 1
77.584429 191.314936 79.915842 1
98.084394 234.844525 65.492868 1
110.559486 241.450728 66.950944 1
112.123311 234.482980 67.524507 1
116.678190 214.188325 69.195098 1
116.637791 206.461915 71.415427 1
116.556718 190.956639 75.871158 1
116.556718 190.956639 75.871158 1
85.917899 194.830372 57.627953 1
84.371199 176.641009 62.587804 1
82.455843 154.116228 68.729823 1
82.808779 130.745957 66.267316 1
83.102540 111.294148 64.217695 1
80.905145 103.800394 78.585111 1
80.735511 102.632877 86.469207 1
100.619471 194.242343 57.878499 1
103.316994 176.352164 63.402444 1
106.657438 154.198091 70.242949 1
107.077149 130.816527 66.275457 1
107.419441 111.747730 63.039777 1
110.649460 103.444554 76.752244 1
111.265920 101.956559 84.559770 1
93.199300 196.416500 60.248900 1
93.523984 204.674245 61.165064 1
93.850738 215.106862 61.791257 1
93.967341 225.022127 63.225936 1
93.735650 249.594422 70.929905 1
94.307807 256.858799 73.632046 1
94.735909 276.605799 72.131070 1
89.668698 235.620244 65.327685 1
77.145390 242.244139 66.156294 1
76.485737 235.370002 68.062898 1
74.564395 215.348006 73.616181 1
75.308962 207.722528 76.050642 1
76.803156 192.419802 80.936093 1
76.803156 192.419802 80.936093 1
98.105011 235.654883 65.470918 1
110.637182 242.204776 66.670680 1
112.227176 235.262022 67.441475 1
116.858277 215.040166 69.686534 1
116.917472 207.327333 71.953160 1
117.036264 191.849301 76.501798 1
117.036264 191.849301 76.501798 1
85.819903 195.434521 58.900644 1
84.468997 177.027877 63.049838 1
82.796104 154.234026 68.187983 1
83.010383 130.838255 65.963104 1
83.188735 111.365222 64.111268 1
81.075302 104.025483 78.570492 1
80.970587 102.935534 86.466814 1
100.519760 194.823968 59.194250 1
103.128984 176.712903 63.993249 1
106.360085 154.285299 69.936026 1
106.879290 130.893105 66.043680 1
107.302724 111.815639 62.869283 1
110.471139 103.601916 76.649829 1
111.048645 102.105315 84.458688 1
93.240200 196.815900 61.323800 1
93.541536 205.089180 62.096558 1
93.845832 215.533634 62.495542 1
93.955413 225.488215 63.626326 1
93.746810 250.345084 70.356489 1
94.345161 257.619719 73.025152 1
94.730967 277.366139 71.505205 1
89.664034 236.162349 65.318276 1
77.061533 242.659553 65.917571 1
76.323678 235.829621 67.950214 1
74.174558 215.936378 73.870602 1
74.835059 208.358507 76.472237 1
76.160548 193.151317 81.693171 1
76.160548 193.151317 81.693171 1
98.100652 236.199804 65.441435 1
110.711013 242.636401 66.413454 1
112.326563 235.722309 67.367065 1
117.032097 215.583937 70.144608 1
117.214226 207.885999 72.454906 1
117.579722 192.437860 77.091185 1
117.579722 192.437860 77.091185 1
85.862334 195.789161 60.000747 1
84.570829 177.256060 63.564667 1
82.971496 154.305613 67.978037 1
83.146035 130.898408 65.873181 1
83.291311 111.415859 64.121244 1
81.160544 104.144817 78.612597 1
81.053904 103.089633 86.513613 1
100.564219 195.226759 60.288928 1
103.099198 176.957039 64.488964 1
106.238359 154.332965 69.690022 1
106.810887 130.927800 65.884089 1
107.277809 111.839754 62.780167 1
110.386168 103.699069 76.617612 1
110.930105 102.196232 84.427684 1
93.323500 197.098500 62.213200 1
93.595447 205.383269 62.864186 1
93.870999 215.834043 63.073404 1
93.971647 225.813927 63.954400 1
93.795170 250.873269 69.887424 1
94.380565 258.181510 72.465606 1
94.687228 277.928936 70.940695 1
89.689967 236.538697 65.319057 1
76.986600 242.851556 65.729087 1
76.200254 236.064996 67.885082 1
73.909900 216.298084 74.164753 1
74.485961 208.769450 76.924595 1
75.641997 193.661070 82.463016 1
75.641997 193.661070 82.463016 1
98.126971 236.576097 65.412046 1
110.791125 242.936817 66.157890 1
112.413037 236.050532 67.285952 1
117.137102 215.993152 70.571611 1
117.431637 208.308582 72.914585 1
118.022708 192.887268 77.616436 1
118.022708 192.887268 77.616436 1
85.948282 196.025756 60.912062 1
84.688777 177.403806 63.991336 1
83.129069 154.343331 67.804546 1
83.245044 130.928370 65.783596 1
83.341573 111.439365 64.101497 1
81.165457 104.195574 78.599757 1
81.043168 103.151939 86.502081 1
100.652354 195.520856 61.195107 1
103.086224 177.130724 64.900296 1
106.100176 154.357540 69.488567 1
106.704654 130.954807 65.672630 1
107.197632 111.868745 62.560550 1
110.214672 103.759010 76.436327 1
110.710579 102.240406 84.246546 1
93.418900 197.341900 62.985800 1
93.657587 205.634009 63.550672 1
93.897973 216.087548 63.615034 1
93.979822 226.083764 64.288327 1
93.798531 251.297927 69.524326 1
94.400482 258.629605 72.031165 1
94.628898 278.378581 70.512609 1
89.693646 236.839574 65.363965 1
76.923391 243.024772 65.608438 1
76.117179 236.283063 67.893922 1
73.768959 216.646787 74.550747 1
74.271514 209.171857 77.466525 1
75.280041 194.171248 83.317875 1
75.280041 194.171248 83.317875 1
98.130798 236.884831 65.438157 1
110.832487 243.190549 65.986669 1
112.450544 236.330024 67.266955 1
117.163385 216.347675 70.995990 1
117.554350 208.667884 73.340525 1
118.338936 193.256160 78.045510 1
118.338936 193.256160 78.045510 1
86.046235 196.225403 61.707197 1
84.808282 177.540868 64.390652 1
83.275263 154.402892 67.713700 1
83.343032 130.981974 65.760720 1
83.399439 111.488011 64.135194 1
81.188183 104.283835 78.647868 1
81.054323 103.259000 86.552465 1
100.752676 195.783989 61.972774 1
103.096437 177.299166 65.238841 1
105.998805 154.408722 69.283331 1
106.625524 130.997851 65.521277 1
107.136641 111.905154 62.453141 1
110.065682 103.840819 76.374159 1
110.518915 102.309709 84.184530 1
93.513500 197.540000 63.629400 1
93.723540 205.838497 64.104745 1
93.931875 216.292617 64.024878 1
93.992603 226.300363 64.499961 1
93.783018 251.641156 69.082842 1
94.380346 258.989887 71.540373 1
94.650789 278.741477 70.063300 1
89.693104 237.074713 65.302103 1
76.858981 243.130219 65.411468 1
76.034188 236.427187 67.801682 1
73.631852 216.903562 74.763553 1
74.105240 209.477656 77.806696 1
75.055235 194.575428 83.913644 1
75.055235 194.575428 83.913644 1
98.130264 237.133004 65.365634 1
110.852858 243.406842 65.778407 1
112.462039 236.569844 67.189094 1
117.149027 216.656021 71.297938 1
117.625081 208.981690 73.644619 1
118.580423 193.580924 78.353910 1
118.580423 193.580924 78.353910 1
86.143932 196.384047 62.368127 1
85.011047 177.637961 64.636643 1
83.608141 154.423764 67.445850 1
83.517840 130.996162 65.575707 1
83.442681 111.496636 64.019128 1
81.262511 104.343748 78.561844 1
81.165429 103.339412 86.469608 1
100.852002 195.996890 62.628014 1
103.144967 177.439029 65.491094 1
105.984433 154.458141 69.036552 1
106.648661 131.042834 65.308704 1
107.190369 111.946517 62.268464 1
110.059550 103.943092 76.237019 1
110.476592 102.437431 84.054350 1
93.578600 197.707600 64.236800 1
93.752001 206.009692 64.661450 1
93.915247 216.463392 64.482852 1
93.942890 226.477558 64.799209 1
93.678536 251.913637 68.816490 1
94.253894 259.287768 71.202125 1
94.590759 279.042631 69.783624 1
89.617301 237.256110 65.371798 1
76.701880 243.137231 65.383714 1
75.861462 236.459716 67.839022 1
73.413613 217.010414 74.990490 1
73.909113 209.621876 78.119850 1
74.903480 194.794639 84.399816 1
74.903480 194.794639 84.399816 1
98.054411 237.337337 65.412694 1
110.790429 243.590546 65.707739 1
112.397553 236.773971 67.216214 1
117.078550 216.919633 71.609885 1
117.606618 209.261803 73.998962 1
118.666338 193.894153 78.793334 1
118.666338 193.894153 78.793334 1
86.209098 196.509918 63.014679 1
85.109416 177.722695 64.932047 1
83.747625 154.457557 67.306412 1
83.563910 131.027076 65.479687 1
83.410999 111.525154 63.959246 1
81.255854 104.416350 78.527286 1
81.184140 103.431498 86.437771 1
100.919804 196.192538 63.212646 1
103.143488 177.572167 65.699836 1
105.897161 154.513870 68.779815 1
106.569980 131.084852 65.140706 1
107.118694 111.977354 62.172837 1
109.936505 104.033628 76.185856 1
110.324795 102.561326 84.011018 1
93.625900 197.902500 64.760000 1
93.776883 206.208311 65.114743 1
93.912827 216.659960 64.826762 1
93.920620 226.677748 64.994775 1
93.628600 252.185794 68.524202 1
94.171722 259.573850 70.874042 1
94.557646 279.327933 69.457178 1
89.579460 237.458527 65.375441 1
76.577518 243.145688 65.336443 1
75.722707 236.488362 67.841108 1
73.232939 217.097860 75.136334 1
73.757770 209.739796 78.332010 1
74.811001 194.973714 84.745060 1
74.811001 194.973714 84.745060 1
98.016517 237.553716 65.385555 1
110.762541 243.790816 65.568025 1
112.363355 236.989984 67.152361 1
117.025970 217.181498 71.766985 1
117.575086 209.548928 74.230973 1
118.677048 194.231966 79.175674 1
118.677048 194.231966 79.175674 1
86.257031 196.674010 63.564943 1
85.182636 177.847589 65.067238 1
83.852160 154.533910 66.927598 1
83.633357 131.093207 65.241287 1
83.451240 111.582775 63.837718 1
81.291463 104.527342 78.430995 1
81.222455 103.569452 86.344814 1
100.968986 196.399456 63.731638 1
103.063648 177.709481 65.767896 1
105.657549 154.564991 68.289468 1
106.467277 131.116708 64.805644 1
107.127647 111.993498 61.964418 1
109.807931 104.184303 76.079661 1
110.107014 102.781859 83.921556 1
93.657800 198.046900 65.228400 1
93.787754 206.354976 65.535189 1
93.899391 216.804335 65.165307 1
93.892717 226.823416 65.213773 1
93.594753 252.384676 68.333988 1
94.070834 259.775990 70.688116 1
94.458105 279.524700 69.198592 1
89.544282 237.605611 65.439934 1
76.442090 243.057778 65.392490 1
75.576360 236.419206 67.942768 1
73.054788 217.083331 75.370850 1
73.594686 209.754593 78.630759 1
74.678152 195.047361 85.172709 1
74.678152 195.047361 85.172709 1
97.981222 237.707377 65.411928 1
110.727569 243.945908 65.496811 1
112.317931 237.160006 67.154012 1
116.950103 217.395005 71.980870 1
117.507860 209.792578 74.534478 1
118.627159 194.536109 79.659027 1
118.627159 194.536109 79.659027 1
86.288675 196.792118 64.062597 1
85.240681 177.939318 65.211055 1
83.942898 154.592972 66.633241 1
83.679932 131.145941 65.043997 1
83.461057 111.630243 63.721219 1
81.321859 104.633542 78.345772 1
81.269510 103.705352 86.263257 1
101.001741 196.557403 64.186527 1
103.023922 177.822113 65.844484 1
105.528066 154.621508 67.897592 1
106.374934 131.159742 64.514838 1
107.065594 112.025537 61.756039 1
109.685248 104.288959 75.922559 1
109.947604 102.925552 83.772648 1
93.665000 198.146900 65.587800 1
93.783825 206.455883 65.873827 1
93.882309 216.903629 65.457532 1
93.872019 226.922762 65.422462 1
93.596335 252.520541 68.229643 1
94.001853 259.916493 70.582418 1
94.341727 279.659009 69.001997 1
89.528121 237.708563 65.535655 1
76.331383 242.927754 65.491098 1
75.453544 236.310539 68.092233 1
72.896700 217.036869 75.668445 1
73.413678 209.733068 78.987501 1
74.451149 195.075881 85.648147 1
74.451149 195.075881 85.648147 1
97.964881 237.806792 65.468474 1
110.697465 244.073941 65.466497 1
112.286277 237.303951 67.188981 1
116.913938 217.585299 72.205985 1
117.449139 210.004545 74.827937 1
118.523174 194.791570 80.089640 1
118.523174 194.791570 80.089640 1
86.293225 196.878408 64.454027 1
85.285948 178.006364 65.276644 1
84.038586 154.636189 66.295325 1
83.735801 131.182938 64.808220 1
83.483785 111.662064 63.570455 1
81.412325 104.730768 78.235847 1
81.400946 103.836265 86.157373 1
101.006997 196.665694 64.520708 1
102.977238 177.900299 65.872452 1
105.417062 154.662414 67.546365 1
106.317324 131.190760 64.247020 1
107.051529 112.048490 61.556245 1
109.647718 104.369646 75.758452 1
109.891083 103.035754 83.614221 1
93.638600 198.204500 65.890500 1
93.742101 206.514308 66.157899 1
93.825382 216.960493 65.701074 1
93.812190 226.979128 65.595558 1
93.564558 252.604473 68.141713 1
93.926611 259.991302 70.529972 1
94.200859 279.730407 68.895120 1
89.476789 237.768928 65.612013 1
76.209061 242.805024 65.580669 1
75.327613 236.220127 68.261381 1
72.760258 217.040585 76.069370 1
73.207165 209.771117 79.472897 1
74.104020 195.182826 86.303059 1
74.104020 195.182826 86.303059 1
97.913370 237.859845 65.517518 1
110.650911 244.116619 65.457088 1
112.242680 237.361104 67.232853 1
116.878951 217.684615 72.405045 1
117.395493 210.127211 75.097206 1
118.432086 194.961094 80.499804 1
118.432086 194.961094 80.499804 1
86.265334 196.919079 64.785863 1
85.286567 178.038478 65.426372 1
84.074511 154.657705 66.219539 1
83.761619 131.206283 64.705927 1
83.501190 111.686931 63.446101 1
81.477173 104.797444 78.137794 1
81.492452 103.925098 86.061785 1
100.979640 196.735340 64.800421 1
102.917065 177.952360 65.938470 1
105.316253 154.692699 67.347757 1
106.287775 131.218730 64.085297 1
107.080095 112.074573 61.424604 1
109.662981 104.449221 75.658023 1
109.890450 103.141381 83.518648 1
93.586100 198.242600 66.214800 1
93.676289 206.553686 66.444661 1
93.744102 216.997504 65.934300 1
93.723446 227.015235 65.763975 1
93.481359 252.659753 68.109743 1
93.826023 260.048229 70.495475 1
94.053547 279.790363 68.890294 1
89.387245 237.804585 65.708733 1
76.084018 242.746200 65.688873 1
75.214312 236.194343 68.453075 1
72.681158 217.111036 76.504247 1
73.034847 209.875320 79.989675 1
73.744631 195.354762 86.984194 1
73.744631 195.354762 86.984194 1
97.823499 237.895238 65.588323 1
110.573805 244.125373 65.483683 1
112.169597 237.382007 67.301517 1
116.817584 217.740904 72.596241 1
117.322742 210.201927 75.341699 1
118.336488 195.072789 80.851252 1
118.336488 195.072789 80.851252 1
86.212407 196.939938 65.133457 1
85.268065 178.052987 65.619901 1
84.098640 154.664351 66.222283 1
83.765260 131.215992 64.666192 1
83.487779 111.699188 63.371009 1
81.496364 104.835209 78.079088 1
81.531528 103.975715 86.004420 1
100.926994 196.780801 65.113892 1
102.853324 177.986022 66.059735 1
105.238771 154.711748 67.231005 1
106.267331 131.236754 63.993505 1
107.106169 112.091760 61.353168 1
109.697764 104.499780 75.602835 1
109.922911 103.207410 83.466084 1
93.532300 198.269600 66.468900 1
93.609012 206.581301 66.680719 1
93.659801 217.023551 66.137374 1
93.631611 227.040260 65.915747 1
93.401787 252.700888 68.079512 1
93.727760 260.081648 70.491613 1
93.936915 279.827714 68.932973 1
89.295646 237.829269 65.804169 1
75.957592 242.676074 65.829627 1
75.090765 236.148999 68.652738 1
72.565997 217.137877 76.875487 1
72.835335 209.924988 80.415343 1
73.375844 195.450240 87.519090 1
73.375844 195.450240 87.519090 1
97.731233 237.918422 65.642872 1
110.497230 244.115914 65.515362 1
112.093997 237.387243 67.386024 1
116.744827 217.788942 72.834618 1
117.253037 210.259258 75.604902 1
118.272907 195.148768 81.164277 1
118.272907 195.148768 81.164277 1
86.155669 196.951761 65.426695 1
85.227543 178.060516 65.750423 1
84.078198 154.666563 66.151307 1
83.757648 131.218598 64.586609 1
83.490844 111.702123 63.284262 1
81.558368 104.885112 78.022017 1
81.623225 104.051700 85.949946 1
100.870238 196.818294 65.334900 1
102.790482 178.017122 66.158132 1
105.168393 154.734933 67.177569 1
106.246345 131.259918 63.956326 1
107.125465 112.114908 61.329247 1
109.760470 104.535221 75.577496 1
110.002535 103.246696 83.440874 1
93.468000 198.274900 66.710900 1
93.538605 206.587229 66.898847 1
93.580168 217.027664 66.320931 1
93.551089 227.043329 66.056377 1
93.351275 252.715260 68.084810 1
93.651050 260.090762 70.516312 1
93.864804 279.841340 69.016576 1
89.221609 237.834576 65.913700 1
75.857842 242.609313 65.999904 1
74.984308 236.095684 68.851853 1
72.440006 217.123723 77.158601 1
72.655293 209.921448 80.723679 1
73.087332 195.468000 87.878039 1
73.087332 195.468000 87.878039 1
97.656116 237.917057 65.700660 1
110.428786 244.099795 65.531850 1
112.020427 237.381528 67.443816 1
116.656326 217.813529 73.012718 1
117.185379 210.294241 75.807234 1
118.247077 195.204616 81.415235 1
118.247077 195.204616 81.415235 1
86.086956 196.947792 65.712630 1
85.172943 178.053697 65.864564 1
84.041075 154.656214 66.052704 1
83.753516 131.207645 64.490644 1
83.514172 111.690667 63.190493 1
81.650494 104.921294 77.959034 1
81.747710 104.115281 85.889465 1
100.800917 196.826691 65.541029 1
102.750944 178.024388 66.262065 1
105.165737 154.740797 67.154949 1
106.247325 131.261131 63.969026 1
107.129411 112.112326 61.370753 1
109.875753 104.504093 75.582717 1
110.176336 103.198547 83.441267 1
93.361500 198.295100 66.926300 1
93.425941 206.607920 67.093635 1
93.458681 217.046739 66.486697 1
93.425998 227.061450 66.188602 1
93.237577 252.741238 68.116176 1
93.532075 260.109287 70.570809 1
93.765608 279.863296 69.120022 1
89.097235 237.852627 66.021069 1
75.726130 242.605871 66.147842 1
74.853166 236.104029 69.026735 1
72.310520 217.166399 77.411957 1
72.483559 209.974153 80.999512 1
72.830816 195.540832 88.198981 1
72.830816 195.540832 88.198981 1
97.530800 237.933136 65.772891 1
110.303756 244.114050 65.563776 1
111.910689 237.405344 67.496407 1
116.591128 217.865189 73.125497 1
117.108328 210.348439 75.929043 1
118.146240 195.263905 81.555167 1
118.146240 195.263905 81.555167 1
85.977744 196.959501 65.959915 1
85.091954 178.063466 65.983480 1
83.995036 154.663580 66.012655 1
83.726878 131.215742 64.436235 1
83.503683 111.699372 63.124132 1
81.701786 104.946818 77.908033 1
81.829033 104.151045 85.839073 1
100.691025 196.850041 65.731543 1
102.661718 178.048933 66.427119 1
105.102103 154.766823 67.288474 1
106.205401 131.292880 64.068008 1
107.105191 112.148743 61.441563 1
109.930315 104.509508 75.621417 1
110.270011 103.184917 83.475185 1
93.299600 198.292600 67.142500 1
93.357653 206.606262 67.264087 1
93.380727 217.041981 66.605580 1
93.341354 227.055494 66.270350 1
93.152855 252.739986 68.134176 1
93.431061 260.097393 70.622403 1
93.703425 279.854068 69.215351 1
89.008171 237.844778 66.095306 1
75.623312 242.557197 66.280978 1
74.744031 236.066537 69.183087 1
72.182988 217.161476 77.635930 1
72.331547 209.979084 81.244265 1
72.629679 195.565539 88.485432 1
72.629679 195.565539 88.485432 1
97.440497 237.927460 65.808699 1
110.210017 244.114727 65.578625 1
111.822384 237.406180 67.507279 1
116.518653 217.866489 73.124785 1
117.042455 210.354061 75.938670 1
118.093617 195.278199 81.585540 1
118.093617 195.278199 81.585540 1
85.914929 196.945819 66.198892 1
85.043950 178.049147 66.148699 1
83.965372 154.648473 66.086536 1
83.724805 131.204030 64.456103 1
83.524575 111.690486 63.099043 1
81.735652 104.911586 77.872459 1
81.866713 104.102892 85.802130 1
100.627786 196.846861 65.940373 1
102.610114 178.045107 66.583440 1
105.064906 154.762197 67.379772 1
106.189681 131.295101 64.117114 1
107.106987 112.156548 61.456259 1
109.986604 104.484283 75.607290 1
110.352407 103.139657 83.456480 1
93.220000 198.292900 67.307000 1
93.283966 206.606707 67.414911 1
93.312684 217.041394 66.740465 1
93.278156 227.054466 66.391791 1
93.105756 252.741220 68.225772 1
93.340838 260.082963 70.764205 1
93.594053 279.838851 69.342586 1
88.948703 237.845263 66.217782 1
75.531176 242.462035 66.444143 1
74.636333 235.976364 69.352643 1
72.029964 217.085836 77.824102 1
72.167334 209.907848 81.441630 1
72.443012 195.503138 88.701246 1
72.443012 195.503138 88.701246 1
97.380103 237.924242 65.904187 1
110.127357 244.156401 65.652115 1
111.737496 237.450089 67.590380 1
116.427271 217.916908 73.235881 1
116.965927 210.391622 76.012357 1
118.046895 195.289958 81.584156 1
118.046895 195.289958 81.584156 1
85.832340 196.949624 66.381979 1
84.978273 178.052371 66.283342 1
83.920639 154.650977 66.161189 1
83.708930 131.208361 64.500762 1
83.532718 111.696338 63.118736 1
81.785893 104.897920 77.888220 1
81.935598 104.080269 85.816642 1
100.544515 196.840206 66.090970 1
102.538946 178.039225 66.719047 1
105.008725 154.757272 67.496815 1
106.154580 131.297591 64.188487 1
107.089078 112.165085 61.490386 1
110.024339 104.470252 75.617711 1
110.417154 103.111460 83.463155 1
93.136000 198.284800 67.404400 1
93.200212 206.598603 67.512486 1
93.226617 217.033358 66.838999 1
93.192334 227.046451 66.490917 1
93.032934 252.733262 68.325282 1
93.218933 260.073233 70.872893 1
93.482225 279.825603 69.404984 1
88.865477 237.838495 66.330075 1
75.428584 242.397113 66.584533 1
74.525599 235.905321 69.476815 1
71.895514 216.996966 77.901040 1
72.012619 209.809974 81.501364 1
72.247629 195.387197 88.726457 1
72.247629 195.387197 88.726457 1
97.295903 237.915043 65.990731 1
110.028822 244.176914 65.750770 1
111.632328 237.470231 67.693246 1
116.302784 217.935970 73.351011 1
116.849202 210.394641 76.082069 1
117.945747 195.260781 81.562724 1
117.945747 195.260781 81.562724 1
85.745386 196.941472 66.503358 1
84.913405 178.043382 66.379589 1
83.883121 154.640951 66.226313 1
83.679499 131.200564 64.533722 1
83.510019 111.690395 63.124925 1
81.826947 104.881709 77.897081 1
82.008982 104.059271 85.824332 1
100.456539 196.832255 66.164479 1
102.463357 178.032263 66.782599 1
104.948477 154.751534 67.548037 1
106.104315 131.295569 64.216909 1
107.046955 112.166094 61.500213 1
110.039753 104.451929 75.604906 1
110.461780 103.081223 83.446759 1
