65 35
97.756400 133.612200 28.310140 1
98.155877 139.828726 28.877337 1
98.783554 148.866907 29.291452 1
99.505340 157.441802 30.503370 1
101.774052 178.592889 37.315535 1
99.404464 184.335554 39.931902 1
99.864777 201.060885 43.835031 1
96.776073 166.895740 32.715933 1
84.694745 169.193496 33.236373 1
84.501165 163.515898 35.753931 1
83.937332 146.979023 43.086704 1
87.626394 144.778430 48.579246 1
95.029553 140.362314 59.601605 1
95.029553 140.362314 59.601605 1
104.049345 166.288670 32.178544 1
113.701824 173.920175 32.492864 1
113.576608 168.242542 35.014668 1
113.211894 151.705565 42.359807 1
110.503712 149.237849 48.292423 1
105.068970 144.285673 60.197917 1
105.068970 144.285673 60.197917 1
92.157971 132.976523 27.506032 1
93.643556 132.209816 43.828142 1
95.483219 131.260371 64.040499 1
94.705614 110.990317 66.053500 1
94.058387 94.118858 67.728989 1
93.574191 89.064948 80.972568 1
94.171782 88.829612 87.857057 1
103.205244 132.281335 27.344747 1
103.411210 132.114779 43.750209 1
103.666266 131.908526 64.065661 1
105.463553 111.428786 64.841846 1
106.929322 94.726625 65.474861 1
110.039118 89.834726 78.419640 1
110.650912 89.608861 85.303239 1
97.763700 133.630300 28.305280 1
98.153631 139.847944 28.866832 1
98.766041 148.886986 29.285021 1
99.466315 157.459743 30.524365 1
101.655013 178.577911 37.463653 1
99.347507 184.345751 40.080133 1
99.803443 201.025050 44.175997 1
96.705109 166.894987 32.776739 1
84.649034 169.327649 33.268914 1
84.470242 163.645317 35.776868 1
83.949481 147.094656 43.081669 1
87.649883 144.895119 48.567001 1
95.075798 140.481121 59.574892 1
95.075798 140.481121 59.574892 1
103.982133 166.307600 32.269098 1
113.648681 173.922455 32.553467 1
113.526030 168.234565 35.052178 1
113.168789 151.667714 42.330056 1
110.469379 149.197188 48.265500 1
105.052240 144.239374 60.176668 1
105.052240 144.239374 60.176668 1
92.167498 132.986052 27.492535 1
93.650039 132.215430 43.814737 1
95.485932 131.261136 64.027209 1
94.703164 110.991518 66.042599 1
94.051639 94.120422 67.720078 1
93.551290 89.063819 80.962028 1
94.140671 88.827018 87.847175 1
103.215975 132.306011 27.350274 1
103.422699 132.128975 43.755617 1
103.678694 131.909744 64.070921 1
105.472456 111.429015 64.828921 1
106.935351 94.726047 65.447105 1
110.038492 89.828127 78.391205 1
110.646729 89.599053 85.275013 1
97.764600 133.648700 28.314890 1
98.135660 139.867884 28.872155 1
98.715007 148.908702 29.298961 1
99.367126 157.479857 30.575123 1
101.377355 178.561292 37.678165 1
99.212240 184.379996 40.303709 1
99.653746 200.996408 44.649159 1
96.533428 166.883445 32.869453 1
84.530182 169.570960 33.325916 1
84.376087 163.884665 35.826514 1
83.927262 147.322457 43.109888 1
87.639052 145.119411 48.586109 1
95.087822 140.698370 59.575717 1
95.087822 140.698370 59.575717 1
103.817661 166.340757 32.418616 1
113.620529 173.781196 32.648086 1
113.514423 168.081580 35.120699 1
113.205368 151.480576 42.322562 1
110.534645 149.012013 48.271784 1
105.175075 144.058137 60.210601 1
105.175075 144.058137 60.210601 1
92.172688 132.988283 27.485762 1
93.645674 132.219457 43.808913 1
95.469736 131.267388 64.022561 1
94.689277 110.999174 66.052908 1
94.039675 94.129246 67.742835 1
93.512220 89.070923 80.983077 1
94.087523 88.833221 87.869383 1
103.223381 132.338651 27.377571 1
103.420951 132.146805 43.782860 1
103.665611 131.909234 64.098098 1
105.455869 111.427411 64.834549 1
106.915905 94.723552 65.435159 1
109.993091 89.815666 78.381681 1
110.588502 89.581721 85.266446 1
97.775400 133.665600 28.306370 1
98.129220 139.886201 28.859023 1
98.679221 148.928346 29.296399 1
99.288598 157.496104 30.615760 1
101.133922 178.527614 37.909012 1
99.096965 184.395084 40.528579 1
99.488600 200.936360 45.156302 1
96.390536 166.868556 32.956630 1
84.452207 169.837570 33.369265 1
84.327133 164.148953 35.866199 1
83.962835 147.579982 43.138901 1
87.683379 145.374258 48.608099 1
95.149717 140.947843 59.583613 1
95.149717 140.947843 59.583613 1
103.681306 166.360714 32.576396 1
113.616586 173.624108 32.782157 1
113.520527 167.910069 35.221671 1
113.240735 151.267055 42.327126 1
110.597707 148.798573 48.288736 1
105.293714 143.844859 60.252416 1
105.293714 143.844859 60.252416 1
92.188135 132.990682 27.457820 1
93.659114 132.221933 43.781156 1
95.480690 131.269959 63.995032 1
94.703606 111.003466 66.043765 1
94.056812 94.134970 67.748996 1
93.508712 89.082397 80.990594 1
94.073132 88.847737 87.877905 1
103.240703 132.368061 27.389889 1
103.433232 132.165074 43.795104 1
103.671648 131.913706 64.110250 1
105.465437 111.431567 64.829107 1
106.928352 94.727450 65.415367 1
109.992757 89.826063 78.367381 1
110.579071 89.594564 85.253010 1
97.788600 133.671700 28.321620 1
98.116670 139.895152 28.857811 1
98.624584 148.939870 29.292893 1
99.177098 157.505359 30.651446 1
100.816248 178.483635 38.144528 1
98.940633 184.398046 40.778977 1
99.225823 200.862045 45.681876 1
96.197456 166.840040 33.040323 1
84.344851 170.136950 33.434197 1
84.255614 164.442634 35.919653 1
83.995701 147.857064 43.158924 1
87.726814 145.655649 48.622655 1
95.214360 141.237880 59.587199 1
95.214360 141.237880 59.587199 1
103.494876 166.378414 32.736384 1
113.574142 173.441353 32.916121 1
113.497043 167.713161 35.322896 1
113.272478 151.028923 42.332993 1
110.649910 148.559062 48.303062 1
105.386977 143.602580 60.283717 1
105.386977 143.602580 60.283717 1
92.207621 132.973300 27.450991 1
93.668684 132.210843 43.775513 1
95.477979 131.266660 63.990857 1
94.708466 111.001697 66.057506 1
94.067973 94.134475 67.777648 1
93.480738 89.081006 81.017226 1
94.025045 88.845793 87.906137 1
103.262640 132.392133 27.432418 1
103.431704 132.184016 43.837826 1
103.641064 131.926296 64.153213 1
105.452804 111.444537 64.836987 1
106.930361 94.740728 65.394636 1
109.955953 89.817451 78.347473 1
110.522265 89.574591 85.234384 1
97.801900 133.677900 28.324150 1
98.103784 139.903818 28.846924 1
98.571678 148.950469 29.286687 1
99.072125 157.510999 30.695732 1
100.518049 178.416948 38.426952 1
98.795528 184.378208 41.060355 1
98.935865 200.766117 46.217850 1
96.019662 166.807634 33.140385 1
84.271300 170.462044 33.501340 1
84.217875 164.761952 35.974553 1
84.062264 148.159559 43.178167 1
87.806907 145.962191 48.634266 1
95.321605 141.552544 59.583494 1
95.321605 141.552544 59.583494 1
103.322473 166.380080 32.930730 1
113.510052 173.286237 33.095864 1
113.442684 167.540178 35.459963 1
113.246461 150.803900 42.345760 1
110.640715 148.334331 48.323311 1
105.411541 143.378436 60.318981 1
105.411541 143.378436 60.318981 1
92.228364 132.956452 27.425101 1
93.679211 132.202081 43.750909 1
95.475857 131.267910 63.967847 1
94.715728 111.004895 66.056954 1
94.083047 94.139295 67.795789 1
93.458080 89.094107 81.036798 1
93.982986 88.863119 87.927357 1
103.285418 132.416743 27.467645 1
103.431345 132.188314 43.873006 1
103.612054 131.905442 64.188333 1
105.439941 111.424357 64.848953 1
106.930666 94.721099 65.387718 1
109.935609 89.812227 78.350825 1
110.485500 89.574627 85.239250 1
97.883200 133.748600 28.334570 1
98.146196 139.977691 28.840277 1
98.552339 149.027204 29.282499 1
98.975076 157.582851 30.745625 1
100.158212 178.407603 38.736311 1
98.600833 184.409445 41.380356 1
98.586410 200.703661 46.828414 1
95.817137 166.824299 33.264420 1
84.192666 170.856835 33.609886 1
84.177192 165.148932 36.065550 1
84.132122 148.523788 43.218051 1
87.898969 146.340263 48.664415 1
95.458225 141.958398 59.594106 1
95.458225 141.958398 59.594106 1
103.125180 166.460084 33.131549 1
113.476183 173.117781 33.333626 1
113.440058 167.354144 35.655236 1
113.334837 150.566666 42.417278 1
110.725416 148.100799 48.394754 1
105.488865 143.152331 60.390273 1
105.488865 143.152331 60.390273 1
92.318479 132.991944 27.410210 1
93.747667 132.252357 43.738605 1
95.517489 131.336494 63.958747 1
94.760897 111.071287 66.027771 1
94.131159 94.203862 67.749891 1
93.449067 89.168215 80.991713 1
93.943790 88.942354 87.884675 1
103.378146 132.516988 27.508867 1
103.529501 132.199085 43.912689 1
103.716931 131.805414 64.226110 1
105.534055 111.319072 64.736337 1
107.016001 94.611528 65.152451 1
109.897214 89.484457 78.059061 1
110.414517 89.145109 84.945750 1
97.900700 133.799800 28.349080 1
98.126028 140.031764 28.837283 1
98.473280 149.083692 29.280230 1
98.820650 157.634001 30.793534 1
99.740542 178.377130 39.027461 1
98.353268 184.407486 41.701183 1
98.167015 200.596524 47.451259 1
95.560117 166.823588 33.370682 1
84.077317 171.243483 33.715446 1
84.102606 165.528258 36.153940 1
84.176264 148.881789 43.256428 1
87.973116 146.711373 48.687174 1
95.592586 142.355814 59.585525 1
95.592586 142.355814 59.585525 1
102.871806 166.514475 33.332546 1
113.362383 172.948017 33.590112 1
113.364528 167.164787 35.862759 1
113.370770 150.320239 42.482192 1
110.742132 147.854163 48.451156 1
105.467017 142.905277 60.429592 1
105.467017 142.905277 60.429592 1
92.346104 133.009411 27.392612 1
93.757910 132.237782 43.721036 1
95.506210 131.282241 63.941214 1
94.757030 111.019358 66.035547 1
94.133462 94.153868 67.778733 1
93.394084 89.110780 81.014647 1
93.858973 88.881045 87.909557 1
103.407407 132.596262 27.561199 1
103.476756 132.283065 43.965662 1
103.562635 131.895221 64.279879 1
105.406719 111.412378 64.832063 1
106.910653 94.707685 65.282395 1
109.796591 89.752503 78.254919 1
110.283595 89.490449 85.147189 1
97.903900 133.811800 28.452320 1
98.103365 140.045961 28.923423 1
98.401180 149.099372 29.372027 1
98.665793 157.641281 30.948194 1
99.264568 178.277900 39.474188 1
98.099329 184.357491 42.142391 1
97.695335 200.417440 48.233191 1
95.277847 166.761738 33.605328 1
84.002336 171.687448 33.935856 1
84.086518 165.964911 36.355809 1
84.331710 149.297143 43.404292 1
88.145834 147.123436 48.821603 1
95.799967 142.761274 59.692989 1
95.799967 142.761274 59.692989 1
102.592156 166.526148 33.661881 1
113.250255 172.675740 33.972434 1
113.314542 166.880761 36.214036 1
113.501782 150.001997 42.743046 1
110.832644 147.489460 48.674543 1
105.476256 142.447336 60.577792 1
105.476256 142.447336 60.577792 1
92.359014 132.998462 27.459445 1
93.789817 132.230342 43.786381 1
95.561641 131.279147 64.004716 1
94.793377 111.010643 66.036823 1
94.153924 94.140475 67.728216 1
93.389302 89.078274 80.955396 1
93.841169 88.838531 87.850831 1
103.420283 132.625880 27.706531 1
103.510440 132.218728 44.108831 1
103.622087 131.714537 64.420368 1
105.493127 111.230327 64.806146 1
107.019044 94.524522 65.120767 1
109.807542 89.321814 78.017470 1
110.274951 88.941917 84.905608 1
97.906800 133.862200 28.506950 1
98.081684 140.097712 28.969865 1
98.342792 149.151991 29.423801 1
98.560444 157.688272 31.037200 1
98.987318 178.259277 39.730455 1
97.909602 184.321465 42.473981 1
97.257405 200.216934 48.961793 1
95.110337 166.776731 33.723827 1
84.013956 172.096255 34.010189 1
84.126479 166.375663 36.433585 1
84.454220 149.713560 43.492099 1
88.307619 147.530490 48.877758 1
96.040566 143.149538 59.685627 1
96.040566 143.149538 59.685627 1
102.424153 166.564142 33.867741 1
113.128658 172.627409 34.266993 1
113.231202 166.824144 36.485617 1
113.529875 149.921244 42.947697 1
110.792487 147.413048 48.849854 1
105.299134 142.379638 60.694224 1
105.299134 142.379638 60.694224 1
92.371697 133.028340 27.477194 1
93.826191 132.253381 43.801714 1
95.627352 131.293717 64.017056 1
94.811362 111.020344 65.980841 1
94.132185 94.146123 67.615366 1
93.343365 89.068565 80.835237 1
93.782807 88.820747 87.731190 1
103.432213 132.694096 27.800951 1
103.506985 132.238051 44.202042 1
103.599579 131.673312 64.512081 1
105.476821 111.188255 64.813478 1
107.007797 94.481758 65.059281 1
109.762526 89.208695 77.934650 1
110.214775 88.792423 84.821698 1
97.921000 133.914000 28.545240 1
98.070770 140.149840 29.012522 1
98.297216 149.204299 29.481231 1
98.473750 157.735658 31.125399 1
98.754361 178.260630 39.932664 1
97.753465 184.290748 42.774215 1
96.828441 199.987140 49.698852 1
94.971981 166.801282 33.822314 1
83.972251 172.319175 34.082751 1
84.110865 166.599713 36.507463 1
84.514599 149.940903 43.569810 1
88.392738 147.789554 48.950474 1
96.175333 143.472259 59.748317 1
96.175333 143.472259 59.748317 1
102.284264 166.605404 34.045821 1
112.994789 172.646479 34.592693 1
113.126358 166.831271 36.778268 1
113.509568 149.893587 43.144089 1
110.724353 147.343347 49.005715 1
105.135020 142.225562 60.768746 1
105.135020 142.225562 60.768746 1
92.394876 133.060787 27.483605 1
93.841063 132.278899 43.808532 1
95.631937 131.310656 64.024379 1
94.779015 111.028953 65.883676 1
94.069098 94.147798 67.431232 1
93.234681 89.061328 80.644876 1
93.650403 88.808832 87.542130 1
103.454508 132.766205 27.870008 1
103.486969 132.280758 44.270393 1
103.527167 131.679611 64.579559 1
105.434521 111.196747 64.837926 1
106.990054 94.492039 65.048637 1
109.714174 89.207250 77.925710 1
110.143766 88.782026 84.813661 1
97.951100 133.973100 28.540900 1
98.077987 140.207530 29.033104 1
98.271251 149.260506 29.543473 1
98.408683 157.783130 31.235963 1
98.556986 178.250008 40.180574 1
97.600098 184.221694 43.157461 1
96.485762 199.753485 50.417262 1
94.857928 166.819983 33.965194 1
83.942779 172.504754 34.193026 1
84.104684 166.776938 36.596482 1
84.576259 150.093796 43.596917 1
88.469198 147.939430 48.965672 1
96.281494 143.616082 59.739619 1
96.281494 143.616082 59.739619 1
102.168812 166.644860 34.244694 1
112.869986 172.687173 34.940642 1
113.043506 166.856621 37.081963 1
113.548905 149.874247 43.318887 1
110.705491 147.271009 49.129046 1
104.999368 142.046871 60.788797 1
104.999368 142.046871 60.788797 1
92.431862 133.105393 27.455458 1
93.856519 132.321021 43.782159 1
95.620732 131.349701 64.000202 1
94.763640 111.059827 65.766088 1
94.050253 94.171872 67.235895 1
93.172675 89.098151 80.451645 1
93.565850 88.852316 87.350461 1
103.490927 132.846661 27.881707 1
103.503859 132.293466 44.279974 1
103.519875 131.608425 64.586516 1
105.458071 111.127674 64.772802 1
107.038758 94.424690 64.924728 1
109.685353 89.023920 77.769807 1
110.087447 88.542540 84.655723 1
97.980500 134.031700 28.528040 1
98.081586 140.262277 29.072256 1
98.235136 149.311319 29.660014 1
98.324690 157.819189 31.428253 1
98.312155 178.203467 40.560733 1
97.403297 184.106516 43.685874 1
96.164258 199.483704 51.248274 1
94.713014 166.815512 34.210923 1
83.890689 172.675299 34.432685 1
84.075921 166.922139 36.773096 1
84.615439 150.165176 43.589901 1
88.507016 148.001669 48.955967 1
96.316577 143.659974 59.724518 1
96.316577 143.659974 59.724518 1
102.022063 166.668699 34.548649 1
112.705009 172.722949 35.402907 1
112.943411 166.871495 37.480004 1
113.637792 149.828235 43.529867 1
110.719770 147.160906 49.273586 1
104.863924 141.808149 60.800004 1
104.863924 141.808149 60.800004 1
92.468816 133.152019 27.414223 1
93.864522 132.340719 43.742109 1
95.592883 131.336053 63.961620 1
94.773588 111.035560 65.620128 1
94.091660 94.138765 67.000561 1
93.165744 89.031758 80.200182 1
93.533994 88.768422 87.099728 1
103.527084 132.931846 27.880886 1
103.483345 132.359495 44.278442 1
103.429182 131.650731 64.584104 1
105.399387 111.173124 64.779919 1
107.006177 94.472703 64.939615 1
109.638469 89.143885 77.817642 1
110.015206 88.693508 84.707088 1
97.990200 134.109700 28.574320 1
98.069755 140.333945 29.189891 1
98.189746 149.375738 29.886877 1
98.232719 157.859796 31.767685 1
98.048105 178.110028 41.191864 1
97.208047 183.946054 44.458916 1
95.878474 199.153885 52.341627 1
94.557442 166.800744 34.643980 1
83.879582 172.917091 34.931416 1
84.100109 167.123271 37.166075 1
84.742428 150.247879 43.674860 1
88.641610 148.095015 49.039685 1
96.466435 143.774680 59.805746 1
96.466435 143.774680 59.805746 1
101.863397 166.677885 35.051093 1
112.519099 172.754783 36.069103 1
112.838975 166.877287 38.059934 1
113.770662 149.758177 43.858531 1
110.753706 147.024683 49.519432 1
104.699322 141.539148 60.879651 1
104.699322 141.539148 60.879651 1
92.486937 133.226496 27.422306 1
93.876496 132.368687 43.748339 1
95.597244 131.306426 63.965554 1
94.816062 110.987484 65.401616 1
94.165857 94.075334 66.596900 1
93.196196 88.825564 79.737239 1
93.542823 88.486990 86.634622 1
103.543296 133.033668 27.943161 1
103.471845 132.417528 44.339032 1
103.383367 131.654540 64.642609 1
105.392108 111.179974 64.740391 1
107.030327 94.482033 64.820137 1
109.660488 89.150455 77.697457 1
110.023205 88.693027 84.587191 1
97.989300 134.251800 28.590800 1
98.034295 140.464970 29.312587 1
98.096647 149.493140 30.174251 1
98.058579 157.937038 32.227947 1
97.576506 177.965403 42.104856 1
96.937680 183.759234 45.490406 1
95.529385 198.790837 53.691054 1
94.271299 166.782217 35.251289 1
83.823972 173.275686 35.695394 1
84.090557 167.428192 37.780204 1
84.867028 150.396468 43.852533 1
88.793962 148.190287 49.175292 1
96.674478 143.762956 59.856933 1
96.674478 143.762956 59.856933 1
101.571240 166.705153 35.763854 1
112.271984 172.661400 36.999261 1
112.706682 166.746990 38.854383 1
113.972803 149.520362 44.257710 1
110.850334 146.699301 49.817531 1
104.584205 141.038037 60.974904 1
104.584205 141.038037 60.974904 1
92.497597 133.361692 27.389974 1
93.864700 132.444227 43.714659 1
95.557642 131.308091 63.930205 1
94.888843 110.969106 65.117782 1
94.332178 94.040274 66.106243 1
93.311525 88.703744 79.207715 1
93.632358 88.319209 86.103937 1
103.551396 133.213592 27.975742 1
103.440707 132.545969 44.369380 1
103.303638 131.719226 64.670190 1
105.322256 111.245420 64.640953 1
106.968531 94.548098 64.617110 1
109.621008 89.258926 77.507334 1
109.969354 88.812532 84.398533 1
98.004100 134.458300 28.622690 1
98.037224 140.648243 29.522684 1
98.072334 149.648106 30.643149 1
97.987417 158.029428 32.937656 1
97.328930 177.763583 43.380388 1
96.730365 183.465987 46.924797 1
95.357727 198.340741 55.412469 1
94.128280 166.759755 36.194914 1
83.828746 173.464385 36.885239 1
84.104641 167.539360 38.736901 1
84.908227 150.281816 44.130149 1
88.900903 148.023243 49.381547 1
96.913350 143.490770 59.919983 1
96.913350 143.490770 59.919983 1
101.426225 166.715451 36.738824 1
112.113101 172.635439 38.239974 1
112.691718 166.682790 39.925758 1
114.377028 149.344788 44.835862 1
111.104973 146.390844 50.238423 1
104.538657 140.462911 61.080211 1
104.538657 140.462911 61.080211 1
92.515061 133.593256 27.391742 1
93.883966 132.570103 43.709992 1
95.579140 131.303089 63.917572 1
94.999490 110.950059 64.892295 1
94.517027 94.009535 65.703590 1
93.501188 88.600853 78.775815 1
93.825322 88.178034 85.669641 1
103.568598 133.448114 27.983180 1
103.380762 132.684128 44.371908 1
103.148160 131.738056 64.666637 1
105.251544 111.275628 64.324187 1
106.966948 94.587587 64.044904 1
109.696758 89.232788 76.891814 1
110.048838 88.733978 83.779228 1
98.019100 134.668900 28.734420 1
98.049311 140.815740 29.892839 1
98.072631 149.762226 31.380803 1
97.964599 158.047256 34.000945 1
97.222024 177.376663 45.169819 1
96.620648 182.965288 48.890590 1
95.299966 197.739315 57.560477 1
94.067558 166.632847 37.581723 1
83.838964 173.412547 38.541174 1
84.093632 167.400367 40.090215 1
84.835392 149.888971 44.602034 1
88.993820 147.576353 49.699001 1
97.338896 142.935424 59.927527 1
97.338896 142.935424 59.927527 1
101.365924 166.601694 38.120878 1
111.989267 172.553427 39.918236 1
112.723046 166.560115 41.385366 1
114.860288 149.103674 45.658604 1
111.411895 145.973884 50.848287 1
104.491708 139.693066 61.262872 1
104.491708 139.693066 61.262872 1
92.528926 133.852151 27.475850 1
93.944813 132.692529 43.780960 1
95.698165 131.256520 63.972265 1
95.089555 110.899849 64.848298 1
94.582987 93.956295 65.577450 1
93.623274 88.458410 78.616662 1
93.977632 87.988292 85.505937 1
103.583376 133.690460 28.045529 1
103.357429 132.824168 44.428686 1
103.077632 131.751408 64.716517 1
105.134703 111.303942 63.756275 1
106.812337 94.628103 62.973155 1
109.650063 89.017463 75.686804 1
110.035435 88.369133 82.559969 1
98.011900 134.840400 28.744980 1
98.034184 140.916623 30.230072 1
98.040931 149.772098 32.188315 1
97.912840 157.910637 35.232378 1
97.117552 176.650527 47.361070 1
96.493600 182.196045 51.142132 1
95.350022 196.869086 60.006506 1
93.988516 166.287699 39.250561 1
83.844132 173.140375 40.531701 1
84.039292 167.046451 41.730322 1
84.607726 149.296963 45.221490 1
88.867127 146.789107 50.139617 1
97.414833 141.756379 60.009248 1
97.414833 141.756379 60.009248 1
101.288450 166.262357 39.768378 1
111.781729 172.334450 41.896713 1
112.697541 166.305676 43.090809 1
115.364981 148.745947 46.568796 1
111.690408 145.409528 51.466308 1
104.316327 138.714050 61.294570 1
104.316327 138.714050 61.294570 1
92.519562 134.081084 27.460165 1
93.916960 132.757447 43.754376 1
95.647416 131.118330 63.932186 1
95.036819 110.756079 64.665545 1
94.528598 93.807881 65.275945 1
93.584199 87.933484 78.151053 1
93.950510 87.262077 85.023004 1
103.575920 133.911283 27.988998 1
103.384346 132.919903 44.365500 1
103.147114 131.692242 64.645090 1
105.047351 111.256157 63.228067 1
106.597079 94.589598 62.072421 1
109.405344 88.680524 74.656750 1
109.793581 87.879218 81.513602 1
98.013200 135.102100 28.964140 1
98.031989 141.082050 30.798896 1
98.022719 149.809977 33.264135 1
97.868921 157.761374 36.767015 1
96.997887 175.784384 49.932635 1
96.424046 181.227984 53.866647 1
95.454713 195.850483 62.834697 1
93.903470 165.869087 41.268288 1
83.922508 172.849404 43.047217 1
84.046515 166.683940 43.810340 1
84.407704 148.726078 46.033052 1
88.893606 146.187849 50.729208 1
97.895850 141.094167 60.153393 1
97.895850 141.094167 60.153393 1
101.206024 165.871293 41.748403 1
111.650070 171.858083 44.315359 1
112.831789 165.823389 45.207939 1
116.273725 148.246417 47.807712 1
112.327443 144.662257 52.302205 1
104.408099 137.469616 61.321692 1
104.408099 137.469616 61.321692 1
92.514998 134.405725 27.668795 1
93.933834 132.894783 43.944852 1
95.690839 131.023721 64.100180 1
95.061671 110.661495 64.818385 1
94.537993 93.713317 65.416172 1
93.657315 87.753944 78.256698 1
94.058420 87.036876 85.122090 1
103.574567 134.231358 28.123847 1
103.414290 133.027097 44.486408 1
103.215816 131.535818 64.748734 1
105.058008 111.094587 63.329283 1
106.560398 94.423832 62.171656 1
109.292418 88.509847 74.770453 1
109.646932 87.708312 81.629104 1
97.963300 135.408700 29.147820 1
97.944024 141.272426 31.325625 1
97.883409 149.838633 34.303983 1
97.691359 157.556157 38.294154 1
96.779403 174.681401 52.605531 1
96.325504 180.020881 56.694840 1
95.464963 194.578210 65.779259 1
93.697252 165.323063 43.338316 1
84.019170 172.549831 45.708459 1
84.095083 166.341529 45.957282 1
84.316191 148.258897 46.682018 1
88.974374 145.634162 51.157719 1
98.322351 140.366881 60.139497 1
98.322351 140.366881 60.139497 1
101.002907 165.353357 43.767600 1
111.397768 171.219042 46.775861 1
112.825191 165.198285 47.344755 1
116.982780 147.661907 49.001743 1
112.739826 143.856628 53.018831 1
104.225125 136.220247 61.080270 1
104.225125 136.220247 61.080270 1
92.471181 134.756412 27.804603 1
93.867616 133.085383 44.066943 1
95.596881 131.016077 64.205285 1
95.040012 110.648848 64.836007 1
94.576511 93.696507 65.360979 1
93.703645 87.695902 78.182822 1
94.109553 86.956556 85.045569 1
103.530926 134.620515 28.268395 1
103.335398 133.218676 44.614831 1
103.093270 131.482728 64.857189 1
105.011754 111.055276 63.343553 1
106.576364 94.395759 62.109115 1
109.236532 88.451084 74.708844 1
109.540267 87.643385 81.569208 1
97.901200 135.867400 29.445130 1
97.864609 141.548889 32.061584 1
97.778690 149.871493 35.664510 1
97.560505 157.290957 40.183633 1
96.577833 173.434649 55.589371 1
96.384207 178.682971 59.815023 1
95.625917 193.094137 69.138451 1
93.537208 164.699555 45.719610 1
84.267805 172.189640 48.799514 1
84.313637 165.984455 48.476611 1
84.447131 147.910902 47.536107 1
89.250555 145.167201 51.780989 1
98.889999 139.661181 60.299564 1
98.889999 139.661181 60.299564 1
100.841902 164.718610 46.165580 1
111.193864 170.388852 49.657607 1
112.871521 164.408916 49.848738 1
117.757950 146.991437 50.405434 1
113.279113 142.920861 53.868125 1
104.291042 134.752086 60.817006 1
104.291042 134.752086 60.817006 1
92.413123 135.307418 28.044946 1
93.820955 133.408799 44.281304 1
95.564332 131.057660 64.387471 1
94.846305 110.692204 64.901816 1
94.248666 93.741338 65.329923 1
93.417767 87.818278 78.190553 1
93.845184 87.120710 85.056367 1
103.472245 135.159902 28.519931 1
103.246302 133.533110 44.845122 1
102.966512 131.518597 65.061171 1
104.947495 111.107335 63.415406 1
106.563076 94.461021 62.073211 1
109.155706 88.474186 74.667055 1
109.413273 87.650709 81.527433 1
97.837400 136.463800 29.915450 1
97.785241 141.919582 32.974568 1
97.675012 149.937074 37.212713 1
97.437029 157.000202 42.269799 1
96.421367 172.011112 58.779256 1
96.470476 177.207165 63.073105 1
95.993641 191.457557 72.658613 1
93.394542 163.980194 48.324490 1
84.654546 171.768555 52.127506 1
84.674817 165.625545 51.192779 1
84.733860 147.733088 48.470246 1
89.618649 144.797277 52.487664 1
99.421378 138.905735 60.549766 1
99.421378 138.905735 60.549766 1
100.700237 164.002580 48.753583 1
110.979574 169.471742 52.745140 1
112.872961 163.557158 52.536634 1
118.387741 146.330026 51.929326 1
113.743204 141.997715 54.806678 1
104.422609 133.303694 60.580910 1
104.422609 133.303694 60.580910 1
92.347134 135.991841 28.491609 1
93.754670 133.752290 44.684488 1
95.497682 130.978959 64.736813 1
94.696305 110.612973 65.077901 1
94.029291 93.661667 65.361801 1
93.257260 87.747728 78.230295 1
93.715816 87.055126 85.094602 1
103.408306 135.857144 28.920431 1
103.146254 133.898732 45.208625 1
102.821748 131.473560 65.378861 1
104.898154 111.088775 63.534539 1
106.591557 94.464055 62.030410 1
109.112155 88.423382 74.613164 1
109.317061 87.579292 81.472811 1
97.772900 137.339400 30.536420 1
97.711333 142.519739 34.041671 1
97.588210 150.173427 38.905835 1
97.340839 156.854819 44.457082 1
96.309599 170.779751 61.891357 1
96.620596 175.893754 66.271857 1
96.499156 190.012362 76.061299 1
93.291481 163.430702 50.944126 1
84.992514 171.345837 55.414786 1
84.988278 165.327160 53.870051 1
84.975941 147.796843 49.370772 1
89.904478 144.679690 53.193426 1
99.794998 138.424232 60.864678 1
99.794998 138.424232 60.864678 1
100.597058 163.431257 51.375808 1
110.825612 168.584811 55.884311 1
112.915123 162.767735 55.246926 1
119.001141 145.824609 53.390441 1
114.219459 141.287253 55.663701 1
104.623642 132.181751 60.225650 1
104.623642 132.181751 60.225650 1
92.284140 136.980998 29.074181 1
93.662807 134.297501 45.201927 1
95.370068 130.974414 65.173595 1
94.664261 110.602129 65.234725 1
94.076794 93.645579 65.285606 1
93.368768 87.681903 78.134812 1
93.863429 86.962070 84.993809 1
103.345232 136.825666 29.498021 1
103.036628 134.404815 45.723112 1
102.654475 131.406991 65.815205 1
104.830116 111.089603 63.422968 1
106.604450 94.519848 61.471991 1
109.050919 88.461882 74.061060 1
109.205373 87.609586 80.921014 1
97.629800 138.447100 31.364390 1
97.568012 143.326860 35.277267 1
97.454937 150.582599 40.717457 1
97.217152 156.862114 46.719930 1
96.195698 169.682154 64.982579 1
96.723434 174.800967 69.336631 1
97.035487 188.733871 79.384508 1
93.182960 163.055227 53.582286 1
85.290752 171.072063 58.577524 1
85.263633 165.217563 56.495508 1
85.184643 148.165436 50.431319 1
90.106669 144.872635 54.112477 1
99.984123 138.264691 61.499778 1
99.984123 138.264691 61.499778 1
100.485609 162.966899 54.052737 1
110.603646 167.879877 59.052437 1
112.830683 162.177978 57.985036 1
119.317267 145.570323 54.876063 1
114.425535 140.905661 56.588279 1
104.608873 131.544682 60.024334 1
104.608873 131.544682 60.024334 1
92.154468 138.252140 29.823021 1
93.581708 134.962901 45.833953 1
95.349120 130.889697 65.660966 1
94.732862 110.515587 65.442374 1
94.219930 93.557518 65.260432 1
93.637823 87.473696 78.059537 1
94.200740 86.689317 84.906183 1
103.209039 137.974673 30.343613 1
102.831603 135.031487 46.480667 1
102.364212 131.386836 66.463741 1
104.695544 111.147957 63.599285 1
106.596851 94.642229 61.263190 1
108.974418 88.502018 73.825587 1
109.069857 87.617593 80.682548 1
97.449200 139.578600 32.406170 1
97.442551 144.120225 36.707343 1
97.408100 150.944228 42.681118 1
97.221518 156.839049 49.063501 1
96.233626 168.756417 67.929384 1
96.951325 173.773552 72.373682 1
97.737177 187.549073 82.610891 1
93.221996 162.749637 56.190214 1
85.590905 170.696824 61.678172 1
85.546894 165.020400 59.150929 1
85.418706 148.486942 51.789948 1
90.309873 145.061922 55.390716 1
100.125400 138.188642 62.616690 1
100.125400 138.188642 62.616690 1
100.517783 162.521133 56.716593 1
110.481635 167.352387 62.091504 1
112.753998 161.738835 60.700430 1
119.372602 145.388502 56.648712 1
114.401678 140.663534 57.907439 1
104.426095 131.181535 60.433437 1
104.426095 131.181535 60.433437 1
91.978789 139.595262 30.835371 1
93.554646 135.686088 46.692266 1
95.506097 130.845194 66.328527 1
94.935998 110.477118 65.738301 1
94.461485 93.524071 65.247035 1
94.122984 87.427733 78.048946 1
94.816127 86.636649 84.882863 1
103.025399 139.106117 31.368937 1
102.598548 135.623905 47.397079 1
102.069966 131.311760 67.245282 1
104.528596 111.146471 63.994326 1
106.533719 94.700760 61.343023 1
108.863948 88.544348 73.906361 1
108.920157 87.651557 80.762672 1
97.265700 140.714500 33.595337 1
97.339238 144.943428 38.203725 1
97.400152 151.364288 44.608649 1
97.252406 156.900511 51.305434 1
96.202734 167.964105 70.681095 1
97.135457 172.914334 75.160357 1
98.471927 186.428137 85.685278 1
93.243025 162.522446 58.656624 1
86.011083 170.481308 64.645325 1
85.973568 164.968343 61.778881 1
85.864301 148.910987 53.429925 1
90.709244 145.368500 56.979165 1
100.432010 138.259487 64.101736 1
100.432010 138.259487 64.101736 1
100.531216 162.199297 59.235980 1
110.435709 166.712807 64.983872 1
112.708672 161.165307 63.349987 1
119.329022 145.007365 58.591041 1
114.310214 140.250700 59.488537 1
104.238536 130.705090 61.289623 1
104.238536 130.705090 61.289623 1
91.790864 140.918836 32.053421 1
93.538598 136.395242 47.727877 1
95.702891 130.793486 67.138218 1
95.094583 110.445961 66.070442 1
94.588268 93.510021 65.181696 1
94.516669 87.413452 77.987770 1
95.352059 86.622260 84.805748 1
102.830962 140.236628 32.503284 1
102.290815 136.214890 48.401183 1
101.621934 131.234631 68.088102 1
104.268041 111.181524 64.329978 1
106.426061 94.827303 61.265057 1
108.762355 88.629108 73.806706 1
108.799048 87.716753 80.660573 1
97.215200 141.936300 34.872250 1
97.292910 146.020255 39.609523 1
97.359914 152.238945 46.210856 1
97.197636 157.564226 53.076247 1
96.045035 168.018125 72.781796 1
97.214037 172.887955 77.293636 1
98.982965 186.125471 88.102063 1
93.157619 162.975920 60.567115 1
86.094882 170.882725 66.820849 1
86.110036 165.473129 63.763608 1
86.154176 149.716849 54.858923 1
90.903520 146.034403 58.394898 1
100.434438 138.644522 65.490849 1
100.434438 138.644522 65.490849 1
100.438564 162.590665 61.197366 1
110.357895 166.783492 67.158582 1
112.572038 161.236474 65.444273 1
119.021067 145.079934 60.451083 1
113.986547 140.299812 61.102119 1
103.883340 130.707130 62.408609 1
103.883340 130.707130 62.408609 1
91.756178 142.245970 33.292292 1
93.501656 137.077009 48.766180 1
95.663154 130.676068 67.928149 1
94.980289 110.364343 66.347182 1
94.411916 93.458200 65.031289 1
94.388473 87.361612 77.837533 1
95.249296 86.570481 84.652354 1
102.784384 141.433416 33.811881 1
102.050268 136.788681 49.531195 1
101.141189 131.036943 68.996967 1
104.052062 111.147773 64.615168 1
106.426011 94.927248 61.041612 1
108.719752 88.667364 73.560456 1
108.702649 87.727529 80.410686 1
97.217900 143.124900 36.308590 1
97.290813 147.145069 41.100188 1
97.356277 153.276052 47.783074 1
97.184940 158.513826 54.715238 1
95.971233 168.727719 74.542604 1
97.243178 173.477070 79.153931 1
99.428138 186.555210 90.079645 1
93.133756 163.864120 62.244085 1
86.104516 171.703050 68.619818 1
86.168320 166.339989 65.482272 1
86.354159 150.719252 56.343689 1
90.934403 146.862611 59.916851 1
100.125972 139.123158 67.087427 1
100.125972 139.123158 67.087427 1
100.406369 163.410320 62.923040 1
110.398127 167.432094 68.881154 1
112.467312 161.806944 67.241993 1
118.494128 145.422831 62.467684 1
113.475846 140.611508 63.004172 1
103.405225 130.956213 64.080792 1
103.405225 130.956213 64.080792 1
91.773674 143.498040 34.691725 1
93.399969 137.734877 49.967431 1
95.413879 130.598110 68.883982 1
94.906241 110.331501 66.753542 1
94.483716 93.462908 64.980304 1
94.416077 87.366380 77.786419 1
95.253500 86.575236 84.604153 1
102.790996 142.592653 35.283699 1
101.858718 137.331836 50.797048 1
100.704249 130.817183 70.007766 1
103.857595 111.098693 65.059029 1
106.429292 95.017366 61.023109 1
108.630666 88.741967 73.550764 1
108.541707 87.791841 80.399018 1
97.214000 144.243700 37.669800 1
97.274891 148.268556 42.457630 1
97.331831 154.410316 49.130691 1
97.152490 159.669696 56.046274 1
95.899917 169.976664 75.822993 1
97.280702 174.691462 80.438470 1
99.503949 187.741850 91.389614 1
93.099438 165.086106 63.526685 1
86.046634 172.943091 69.853987 1
86.156974 167.567368 66.739486 1
86.478357 151.909750 57.668024 1
90.828332 147.846860 61.299890 1
99.557801 139.693510 68.588271 1
99.557801 139.693510 68.588271 1
100.363374 164.572701 64.254321 1
110.496387 168.429356 70.081610 1
112.370835 162.691004 68.609042 1
117.830452 145.977175 64.319961 1
112.840774 141.134882 64.844471 1
102.827555 131.417436 65.897053 1
102.827555 131.417436 65.897053 1
91.784613 144.648158 36.011111 1
93.314684 138.327004 51.074575 1
95.209436 130.499251 69.728298 1
94.821055 110.282038 67.150438 1
94.497793 93.454559 65.004797 1
94.362034 87.358006 77.810361 1
95.163102 86.566876 84.632464 1
102.791395 143.676484 36.687959 1
101.705724 137.853938 51.989221 1
100.361301 130.643676 70.937303 1
103.656171 111.059483 65.565557 1
106.343287 95.087682 61.184653 1
108.417320 88.765925 73.710730 1
108.248318 87.798315 80.555028 1
97.210700 145.238700 39.178840 1
97.261752 149.322731 43.916410 1
97.315806 155.550818 50.508997 1
97.145849 160.910192 57.347619 1
95.932097 171.536009 76.957310 1
97.335929 176.296405 81.518715 1
99.531339 189.483478 92.310577 1
93.121087 166.478530 64.731127 1
85.932550 174.391523 70.831824 1
86.093372 168.961665 67.814960 1
86.561790 153.146372 59.027880 1
90.667844 148.879851 62.709853 1
98.907817 140.317858 70.098789 1
98.907817 140.317858 70.098789 1
100.378227 165.912525 65.487010 1
110.668939 169.600325 71.144784 1
112.303456 163.740017 69.881521 1
117.064238 146.670972 66.202071 1
112.122004 141.787061 66.786482 1
102.203993 131.986098 67.959272 1
102.203993 131.986098 67.959272 1
91.792860 145.646145 37.483528 1
93.246530 138.809314 52.327740 1
95.046670 130.342979 70.709956 1
94.780256 110.210965 67.522019 1
94.558511 93.454400 64.868591 1
94.328516 87.357953 77.672858 1
95.079466 86.566841 84.500662 1
102.791112 144.634889 38.236766 1
101.590168 138.297016 53.323132 1
100.102999 130.448608 72.005102 1
103.496976 111.054009 66.039961 1
106.264919 95.236831 61.175116 1
108.263259 88.785596 73.647368 1
108.041921 87.774034 80.483813 1
97.172900 146.130800 40.794300 1
97.224274 150.318782 45.440228 1
97.287434 156.693594 51.890964 1
97.141030 162.209184 58.604783 1
96.025034 173.296266 77.963303 1
97.413380 178.190779 82.385380 1
99.516572 191.623681 92.888556 1
93.157433 167.960888 65.869088 1
85.784856 175.922058 71.680618 1
86.000905 170.426338 68.789066 1
86.630183 154.419210 60.366979 1
90.533058 150.017685 64.110499 1
98.365293 141.184766 71.622948 1
98.365293 141.184766 71.622948 1
100.415579 167.392202 66.613212 1
110.842897 171.005201 72.065395 1
112.196120 165.025564 71.053751 1
116.137588 147.608956 68.107183 1
111.265971 142.669328 68.805206 1
101.489676 132.756553 70.205991 1
101.489676 132.756553 70.205991 1
91.756306 146.504444 39.087262 1
93.160726 139.186698 53.705205 1
94.899879 130.124824 71.807221 1
94.766037 110.107020 67.959947 1
94.654635 93.445517 64.757729 1
94.334139 87.348950 77.559994 1
95.036599 86.557847 84.392958 1
102.753396 145.502273 39.869045 1
101.479260 138.651721 54.723535 1
99.901454 130.168445 73.118364 1
103.408526 111.012388 66.485238 1
106.268703 95.389750 61.075622 1
108.260907 88.778986 73.465044 1
108.021031 87.712864 80.292567 1
97.109500 147.042700 42.353550 1
97.160945 151.355348 46.883992 1
97.234641 157.910217 53.151564 1
97.117434 163.629232 59.693556 1
96.123648 175.352175 78.680556 1
97.494683 180.359554 82.979967 1
99.541706 194.177871 92.982308 1
93.185460 169.631950 66.780744 1
85.556420 177.562872 72.295021 1
85.832295 171.990776 69.558905 1
86.635823 155.761192 61.589548 1
90.331108 151.234875 65.394429 1
97.746754 142.151524 73.030016 1
97.746754 142.151524 73.030016 1
100.444621 169.061051 67.513175 1
111.002899 172.656948 72.719068 1
112.067971 166.581589 71.966520 1
115.170155 148.886175 69.774607 1
110.406465 143.862955 70.607864 1
100.846755 133.782427 72.280034 1
100.846755 133.782427 72.280034 1
91.692825 147.369685 40.637217 1
93.095354 139.550775 54.993526 1
94.832165 129.868287 72.771549 1
94.810445 109.996423 68.228372 1
94.792366 93.456390 64.446930 1
94.399155 87.359889 77.247200 1
95.062930 86.568772 84.084028 1
102.689977 146.389422 41.445479 1
101.396883 139.027311 56.051524 1
99.795603 129.910552 74.138697 1
103.383084 111.002685 66.867178 1
106.308837 95.582458 60.936923 1
108.312300 88.783193 73.222076 1
108.064791 87.653425 80.039084 1
97.015700 148.096000 43.841600 1
97.071672 152.552670 48.230386 1
97.157308 159.313402 54.275166 1
97.066308 165.262376 60.609199 1
96.185986 177.698648 79.142556 1
97.537241 182.877999 83.239744 1
99.586828 197.037845 92.751891 1
93.175584 171.528473 67.488120 1
85.236053 179.371616 72.680227 1
85.576529 173.718439 70.123597 1
86.568216 157.252694 62.677022 1
90.073001 152.586843 66.493581 1
97.106354 143.223479 74.152602 1
97.106354 143.223479 74.152602 1
100.439710 170.989323 68.194943 1
111.146834 174.597684 73.078203 1
111.932418 168.453312 72.588058 1
114.220549 150.556887 71.160430 1
109.611827 145.414840 72.129367 1
100.363106 135.095852 74.073818 1
100.363106 135.095852 74.073818 1
91.595047 148.361499 42.127214 1
93.036953 140.019026 56.181755 1
94.822526 129.688190 73.586086 1
94.854896 109.940140 68.531838 1
94.881839 93.503163 64.325015 1
94.452787 87.406737 77.124169 1
95.097615 86.615590 83.962807 1
102.595008 147.419858 42.943133 1
101.323224 139.503376 57.258203 1
99.748333 129.700120 74.985049 1
103.365246 111.006020 67.193963 1
106.315003 95.760130 60.839978 1
108.316797 88.805891 73.038347 1
108.063083 87.625036 79.846463 1
96.911800 149.167500 45.248900 1
96.983278 153.774779 49.479072 1
97.097232 160.747593 55.277441 1
97.056052 166.929860 61.384519 1
96.372016 180.084040 79.423943 1
97.646481 185.483406 83.252924 1
99.710916 200.027412 92.163201 1
93.238500 173.462880 68.052894 1
84.898420 181.193723 72.763113 1
85.300349 175.448977 70.429224 1
86.471028 158.716524 63.631413 1
89.830394 153.919764 67.416324 1
96.571922 144.293691 75.011834 1
96.571922 144.293691 75.011834 1
100.509633 172.948346 68.703801 1
111.354396 176.623608 73.219616 1
111.870100 170.436122 72.975159 1
113.372165 152.414121 72.263138 1
108.944661 147.160232 73.452112 1
100.059606 136.616800 75.838131 1
100.059606 136.616800 75.838131 1
91.479478 149.358699 43.561770 1
92.978613 140.466616 57.269049 1
94.835054 129.455175 74.243353 1
94.897919 109.822245 68.759193 1
94.950243 93.481085 64.194538 1
94.520988 87.384026 76.993384 1
95.165619 86.592560 83.832003 1
102.487118 148.475125 44.338114 1
101.320969 139.994724 58.335693 1
99.876887 129.493148 75.669381 1
103.440617 110.952161 67.497230 1
106.347001 95.831141 60.832469 1
108.359364 88.737235 72.948398 1
108.114305 87.511642 79.748920 1
96.759400 150.376200 46.574800 1
96.846162 155.130455 50.638790 1
96.990970 162.313872 56.173385 1
97.007383 168.738849 62.024705 1
96.556187 182.675493 79.474276 1
97.706047 188.270655 83.053453 1
99.728094 203.178154 91.351693 1
93.276996 175.563195 68.446059 1
84.643591 183.152113 72.848519 1
85.084494 177.330272 70.721911 1
86.368691 160.373268 64.527837 1
89.588698 155.515909 68.356338 1
96.050562 145.768229 76.039325 1
96.050562 145.768229 76.039325 1
100.555474 175.070269 69.027950 1
111.572080 178.695766 73.150957 1
111.870076 172.489300 73.110056 1
112.738035 154.412017 72.990922 1
108.486517 149.080016 74.444937 1
99.954628 138.379830 77.362836 1
99.954628 138.379830 77.362836 1
91.315268 150.493194 44.919258 1
92.882048 141.040721 58.238492 1
94.822258 129.335325 74.732263 1
94.922378 109.800352 68.909313 1
95.005712 93.540726 64.062673 1
94.596166 87.443026 76.861859 1
95.251369 86.651334 83.699447 1
102.330410 149.666795 45.650857 1
101.335838 140.588797 59.282075 1
100.104226 129.347196 76.162085 1
103.498451 110.920182 67.666390 1
106.266596 95.892112 60.737764 1
108.264720 88.715693 72.807367 1
108.034512 87.467701 79.604334 1
96.588000 151.620400 47.850300 1
96.691627 156.522219 51.734617 1
96.867836 163.913637 56.987243 1
96.940907 170.575133 62.567357 1
96.721607 185.269963 79.388029 1
97.723633 191.079144 82.657262 1
99.682601 206.285521 90.410425 1
93.294349 177.675139 68.732890 1
84.405315 185.148643 72.812210 1
84.890893 179.253711 70.908351 1
86.305211 162.083817 65.363068 1
89.402136 157.198089 69.256462 1
95.617001 147.393478 77.069675 1
95.617001 147.393478 77.069675 1
100.580878 177.211888 69.232592 1
111.810699 180.563541 72.996440 1
111.890611 174.353072 73.181861 1
112.123362 156.264129 73.721928 1
108.191674 150.733908 75.327630 1
100.301613 139.635937 78.549932 1
100.301613 139.635937 78.549932 1
91.130911 151.660902 46.234247 1
92.758361 141.616624 59.105531 1
94.773701 129.178371 75.044585 1
94.959392 109.721690 68.967169 1
95.113949 93.527228 63.908727 1
94.732212 87.428430 76.708249 1
95.402121 86.636828 83.544423 1
102.153849 150.892654 46.909664 1
101.247123 141.230796 60.139769 1
100.124294 129.266181 76.523066 1
103.533459 110.921120 67.857687 1
106.313787 95.959888 60.790676 1
108.303031 88.686331 72.803465 1
108.063847 87.405716 79.594051 1
96.390300 152.840500 49.077300 1
96.506269 157.878552 52.782846 1
96.704715 165.463568 57.750980 1
96.816904 172.352485 63.047088 1
96.753091 187.802002 79.178718 1
97.689584 193.780274 82.148864 1
99.533355 209.297641 89.289930 1
93.228730 179.731341 68.912134 1
84.161856 187.146610 72.695597 1
84.675690 181.182374 71.029897 1
86.172311 163.810623 66.178289 1
89.153924 158.908970 70.141064 1
95.137383 149.072402 78.093509 1
95.137383 149.072402 78.093509 1
100.518946 179.283232 69.370134 1
111.919292 182.448997 72.764108 1
111.827626 176.250054 73.182910 1
111.560633 158.194682 74.402731 1
107.978714 152.463879 76.119576 1
100.790567 140.963384 79.564920 1
100.790567 140.963384 79.564920 1
90.923840 152.812822 47.492959 1
92.551520 142.227890 59.923403 1
94.567143 129.120121 75.316546 1
94.978952 109.715162 69.086789 1
95.321714 93.563750 63.901549 1
94.932595 87.463912 76.700353 1
95.598517 86.672252 83.536910 1
101.952095 152.089961 48.130617 1
101.145335 141.845313 60.921459 1
100.146297 129.159009 76.760803 1
103.532804 110.892922 67.921456 1
106.294655 95.996095 60.712566 1
108.256107 88.691564 72.711123 1
108.007981 87.402013 79.499696 1
96.144400 154.027900 50.297800 1
96.280735 159.218939 53.785064 1
96.510927 167.009691 58.422455 1
96.667504 174.121980 63.413383 1
96.765415 190.266734 78.849007 1
97.617415 196.375309 81.568918 1
99.404793 212.243994 87.907147 1
93.138959 181.754756 68.982169 1
83.966985 189.180367 72.481342 1
84.499770 183.156119 71.054717 1
86.051587 165.609570 66.899455 1
88.937444 160.706404 70.930658 1
94.728739 150.866799 79.020424 1
94.728739 150.866799 79.020424 1
100.433091 181.321399 69.389167 1
111.925095 184.455836 72.490486 1
111.700983 178.275264 73.091306 1
111.048220 160.273398 74.841287 1
107.862370 154.364366 76.726363 1
101.469051 142.506203 80.509309 1
101.469051 142.506203 80.509309 1
90.667826 153.930506 48.751599 1
92.326483 142.788362 60.680871 1
94.380469 128.990574 75.453393 1
94.913228 109.635906 69.078056 1
95.356661 93.526354 63.771645 1
94.980034 87.425722 76.570445 1
95.652836 86.633826 83.406300 1
101.700490 153.240251 49.347769 1
100.960121 142.439105 61.676452 1
100.043297 129.063669 76.943487 1
103.494047 110.861767 67.997230 1
106.308291 96.017286 60.701150 1
108.267127 88.659478 72.667539 1
108.009203 87.350422 79.452013 1
95.905300 155.242100 51.492800 1
96.061148 160.569691 54.766783 1
96.321000 168.547435 59.072859 1
96.515176 175.875576 63.739675 1
96.741503 192.736482 78.388217 1
97.551559 198.955017 80.860493 1
99.371564 215.094124 86.464046 1
93.034995 183.769713 68.963871 1
83.765859 191.224213 72.129713 1
84.308429 185.149321 70.941437 1
85.888747 167.455267 67.480403 1
88.703265 162.613841 71.634784 1
94.351400 152.898135 79.971742 1
94.351400 152.898135 79.971742 1
100.331398 183.345898 69.338961 1
111.888077 186.522531 72.142742 1
111.642349 180.348034 72.795348 1
110.926623 162.363865 74.696161 1
108.060826 156.342653 76.733808 1
102.309782 144.259366 80.822933 1
102.309782 144.259366 80.822933 1
90.420977 155.085508 49.979275 1
92.103331 143.406030 61.379517 1
94.186662 128.942838 75.496918 1
94.837137 109.630068 69.006487 1
95.378549 93.555388 63.604280 1
95.010833 87.453636 76.402805 1
95.688299 86.661405 83.238161 1
101.456240 154.413489 50.547518 1
100.798782 143.064196 62.378437 1
99.984631 129.009972 77.029073 1
103.475510 110.859706 67.993918 1
106.322480 96.057336 60.625338 1
108.272837 88.688747 72.586477 1
108.007557 87.376340 79.370019 1
95.630200 156.436300 52.697400 1
95.822660 161.882846 55.767349 1
96.122307 170.029556 59.741706 1
96.340988 177.570634 64.054809 1
96.624375 195.195534 77.773545 1
97.421249 201.480021 80.077614 1
99.400154 217.818474 85.009338 1
92.866822 185.709074 68.893945 1
83.492710 193.180833 71.688201 1
84.030222 187.065816 70.724699 1
85.595809 169.254890 67.918354 1
88.268346 164.409380 72.160804 1
93.631554 154.685476 80.674496 1
93.631554 154.685476 80.674496 1
100.170559 185.358082 69.194004 1
111.832855 188.423800 71.664074 1
111.667349 182.244179 72.293030 1
111.185284 164.245086 74.124959 1
108.606884 158.146508 76.311054 1
103.432588 145.907967 80.698082 1
103.432588 145.907967 80.698082 1
90.132658 156.233053 51.238357 1
91.824522 144.030516 62.075410 1
93.919628 128.919598 75.495390 1
94.751278 109.628327 68.961850 1
95.443488 93.571542 63.523761 1
95.104703 87.469084 76.322748 1
95.797687 86.676631 83.156523 1
101.171425 155.562534 51.735920 1
100.625740 143.696829 63.054781 1
99.950000 129.003114 77.071317 1
103.462861 110.875286 67.999708 1
106.327758 96.091216 60.601398 1
108.309873 88.712130 72.550839 1
108.056986 87.395046 79.333949 1
95.332700 157.617900 53.871300 1
95.549419 163.182764 56.719424 1
95.883282 171.488462 60.346834 1
96.143674 179.218040 64.309706 1
96.569147 197.497439 77.139503 1
97.352814 203.848041 79.259467 1
99.409904 220.373452 83.485832 1
92.721518 187.589860 68.773198 1
83.199904 195.011737 71.173954 1
83.728362 188.865408 70.429602 1
85.267577 170.963281 68.261565 1
87.712289 166.060934 72.575517 1
92.618301 156.222973 81.232699 1
92.618301 156.222973 81.232699 1
100.027385 187.244176 69.023432 1
111.726374 190.443609 71.122549 1
111.637130 184.255611 71.680578 1
111.377190 166.232115 73.305924 1
109.095301 160.068457 75.634465 1
104.516038 147.699314 80.307354 1
104.516038 147.699314 80.307354 1
89.824903 157.360617 52.460249 1
91.518223 144.658179 62.706554 1
93.615131 128.928212 75.394986 1
94.649631 109.639388 68.883230 1
95.510680 93.584639 63.463272 1
95.177382 87.482021 76.262326 1
95.873332 86.689578 83.095801 1
100.866585 156.702156 52.906615 1
100.464776 144.325712 63.670978 1
99.967204 128.999530 77.000860 1
103.467554 110.870198 67.927421 1
106.322248 96.084902 60.527617 1
108.337331 88.719131 72.479759 1
108.103351 87.406287 79.264369 1
95.002700 158.794900 55.025900 1
95.243022 164.468645 57.648369 1
95.612454 172.916504 60.927301 1
95.922370 180.812579 64.543168 1
96.528273 199.671732 76.496677 1
97.269091 206.098926 78.388998 1
99.326460 222.775082 81.974535 1
92.567692 189.393650 68.645927 1
82.899338 196.745751 70.640557 1
83.397127 190.575787 70.097935 1
84.847014 172.604821 68.517464 1
86.969128 167.588757 72.871260 1
91.227756 157.522590 81.608400 1
91.227756 157.522590 81.608400 1
99.875062 189.040073 68.833371 1
111.597949 192.379135 70.546149 1
111.576369 186.184008 71.026384 1
111.513509 168.139750 72.425141 1
109.551072 161.910372 74.867165 1
105.612880 149.409341 79.767788 1
105.612880 149.409341 79.767788 1
89.483387 158.483457 53.671917 1
91.200415 145.290473 63.274158 1
93.326685 128.953043 75.165018 1
94.520858 109.638438 68.757841 1
95.514809 93.562232 63.424927 1
95.220017 87.459752 76.224992 1
95.936439 86.667411 83.056363 1
100.528394 157.839677 54.052585 1
100.325333 144.978906 64.239276 1
100.073877 129.052967 76.853808 1
103.514860 110.872477 67.860373 1
106.321139 96.045460 60.525817 1
108.405125 88.702613 72.480248 1
108.210988 87.397564 79.267619 1
94.648300 159.999200 56.118200 1
94.916165 165.765535 58.527374 1
95.323790 174.333477 61.473287 1
95.678075 182.375156 64.748102 1
96.427207 201.763711 75.813537 1
97.111635 208.251937 77.508532 1
99.060480 225.062149 80.475310 1
92.377513 191.145197 68.478242 1
82.611425 198.456488 70.114571 1
83.059656 192.269309 69.755963 1
84.365196 174.248203 68.711462 1
86.105977 169.093824 73.072869 1
89.599349 158.750089 81.825282 1
89.599349 158.750089 81.825282 1
99.685369 190.781125 68.621416 1
111.409219 194.275875 69.980489 1
111.437361 188.074984 70.379043 1
111.519324 170.013937 71.539893 1
109.906861 163.723023 74.078429 1
106.670993 151.098504 79.172733 1
106.670993 151.098504 79.172733 1
89.115953 159.642029 54.830312 1
90.851982 145.992847 63.768549 1
93.001779 129.090488 74.837145 1
94.431089 109.717309 68.659046 1
95.620752 93.592349 63.516802 1
95.372994 87.491477 76.318631 1
96.114495 86.699533 83.147371 1
100.163914 159.004821 55.127091 1
100.215237 145.697587 64.725228 1
100.278795 129.218778 76.610932 1
103.576741 110.931738 67.781425 1
106.266367 96.017825 60.580561 1
108.454630 88.719797 72.543802 1
108.327203 87.430915 79.335840 1
94.315500 161.141200 57.130100 1
94.621256 166.985011 59.339822 1
95.079028 175.651577 61.973313 1
95.493542 183.814870 64.924136 1
96.449559 203.659261 75.132336 1
97.043402 210.187496 76.703329 1
98.719921 227.129425 79.014893 1
92.267850 192.746293 68.322059 1
82.317003 199.872671 69.627591 1
82.679614 193.672992 69.419783 1
83.735774 175.615476 68.814511 1
85.077492 170.296553 73.119003 1
87.770032 159.622612 81.757201 1
87.770032 159.622612 81.757201 1
99.576245 192.368568 68.371897 1
111.270467 196.088787 69.328016 1
111.318003 189.885770 69.689956 1
111.456455 171.818529 70.744165 1
110.196280 165.481574 73.366140 1
107.667379 152.764658 78.627886 1
107.667379 152.764658 78.627886 1
88.766067 160.748797 55.928894 1
90.530068 146.670519 64.168824 1
92.714506 129.236794 74.372679 1
94.348701 109.786685 68.494364 1
95.708897 93.597694 63.601642 1
95.551880 87.498726 76.405813 1
96.341735 86.706917 83.229144 1
99.816377 160.106092 56.099569 1
100.134053 146.404540 65.120428 1
100.527444 129.437432 76.291269 1
103.649055 110.999609 67.714868 1
106.194871 95.962724 60.720422 1
108.536266 88.720258 72.688437 1
108.503103 87.451131 79.485308 1
94.047100 162.257900 58.035900 1
94.379512 168.168208 60.056851 1
94.868879 176.916460 62.398390 1
95.322099 185.179472 65.050890 1
96.425197 205.400293 74.475472 1
96.895993 211.967466 75.920844 1
98.321339 229.004515 77.620950 1
92.143744 194.233508 68.156333 1
82.027812 201.165704 69.215386 1
82.283284 194.957900 69.122708 1
83.027386 176.876718 68.852767 1
84.006160 171.379017 73.028542 1
85.970348 160.346308 81.408431 1
85.970348 160.346308 81.408431 1
99.452326 193.859992 68.102295 1
111.085848 197.838076 68.689708 1
111.157194 191.636379 69.069904 1
111.364998 173.572984 70.177283 1
110.564597 167.166609 72.811200 1
108.958365 154.310383 78.096911 1
108.958365 154.310383 78.096911 1
88.481359 161.825814 56.927335 1
90.288653 147.349019 64.434809 1
92.526701 129.421793 73.731631 1
94.254899 109.875480 68.210137 1
95.693338 93.606415 63.614407 1
95.653362 87.508537 76.419997 1
96.505506 86.717061 83.235868 1
99.533524 161.193222 56.959470 1
100.092262 147.143184 65.414857 1
100.784169 129.744533 75.885455 1
103.675956 111.127684 67.620894 1
106.034340 95.944796 60.880769 1
108.530412 88.704301 72.818679 1
108.595933 87.437866 79.615817 1
93.918300 163.317200 58.829000 1
94.252726 169.279272 60.691350 1
94.734275 178.091038 62.783020 1
95.187581 186.434574 65.170162 1
96.340888 206.974196 73.871596 1
96.715133 213.575191 75.185116 1
97.976763 230.668531 76.372132 1
92.013366 195.575080 68.015647 1
81.795182 202.374312 68.947413 1
81.926653 196.162037 68.915142 1
82.309581 178.067833 68.821149 1
83.035009 172.372097 72.777429 1
84.490786 160.941974 80.716841 1
84.490786 160.941974 80.716841 1
99.321895 195.235249 67.849124 1
110.930467 199.323707 68.035076 1
111.069323 193.127547 68.481171 1
111.473757 175.080278 69.780491 1
111.126325 168.595121 72.318566 1
110.429103 155.580796 77.411943 1
110.429103 155.580796 77.411943 1
88.338301 162.831352 57.818730 1
90.171605 147.997848 64.587202 1
92.441862 129.628893 72.968887 1
94.195240 109.972212 67.862766 1
95.654636 93.611284 63.612766 1
95.734190 87.514365 76.418628 1
96.649987 86.723374 83.226295 1
99.392629 162.249900 57.695124 1
100.116074 147.894004 65.606775 1
101.011942 130.116600 75.404046 1
103.554947 111.298416 67.488142 1
105.628883 95.951331 61.032361 1
108.224068 88.625151 72.896633 1
108.372625 87.335152 79.688030 1
93.908300 164.300800 59.568700 1
94.217889 170.308181 61.283929 1
94.652537 179.174183 63.143846 1
95.068678 187.586546 65.283359 1
96.190325 208.403497 73.303184 1
96.488722 215.029476 74.505633 1
97.613066 232.158031 75.234640 1
91.858435 196.779683 67.910492 1
81.570427 203.474723 68.828299 1
81.579366 197.260982 68.833531 1
81.605402 179.162507 68.848770 1
82.147503 173.255760 72.514321 1
83.235382 161.402181 79.870302 1
83.235382 161.402181 79.870302 1
99.164678 196.510273 67.587951 1
110.754301 200.655157 67.489994 1
111.008114 194.465871 67.978880 1
111.747380 176.438627 69.402835 1
111.654253 169.910718 71.851822 1
111.467368 156.810601 76.766417 1
111.467368 156.810601 76.766417 1
88.316684 163.740367 58.667131 1
90.156059 148.606195 64.731750 1
92.433836 129.864911 72.241822 1
94.156394 110.107003 67.531218 1
95.590139 93.661821 63.610420 1
95.787226 87.565313 76.415208 1
96.765507 86.774526 83.214201 1
99.372300 163.256746 58.365482 1
100.245870 148.616250 65.720895 1
101.327644 130.486416 74.829357 1
103.201384 111.476401 67.189930 1
104.729504 95.972867 60.959629 1
107.407122 88.471362 72.695327 1
107.669799 87.132834 79.473865 1
94.012800 165.188200 60.264600 1
94.282589 171.231980 61.854073 1
94.650666 180.140059 63.516855 1
95.015701 188.605492 65.446032 1
96.071159 209.640387 72.885143 1
96.330519 216.293174 73.939498 1
97.308792 233.442960 74.272440 1
91.761632 197.836306 67.880036 1
81.399715 204.422340 68.754023 1
81.299744 198.209494 68.789220 1
81.008566 180.113627 68.891738 1
81.407009 174.020924 72.259232 1
82.206598 161.794171 79.017074 1
82.206598 161.794171 79.017074 1
99.063715 197.625207 67.440924 1
110.572394 201.973398 67.050313 1
110.952450 195.791559 67.551434 1
112.059418 177.786007 69.011025 1
112.160736 171.257616 71.458402 1
112.364063 158.156532 76.369766 1
112.364063 158.156532 76.369766 1
88.414950 164.550936 59.457724 1
90.250300 149.143800 64.792302 1
92.523092 130.064494 71.398335 1
94.180559 110.192563 67.168551 1
95.560124 93.652474 63.647957 1
95.850667 87.556004 76.450982 1
96.878486 86.765259 83.242668 1
99.469536 164.177462 59.001459 1
100.472865 149.291513 65.828696 1
101.715323 130.857724 74.283100 1
102.765944 111.636536 67.023997 1
103.622773 95.960782 61.103869 1
106.347699 88.205858 72.662622 1
106.728655 86.800702 79.422034 1
94.164700 165.963400 60.955500 1
94.402924 172.040684 62.417125 1
94.717155 180.985471 63.882133 1
95.028426 189.497484 65.604710 1
95.960755 210.728362 72.482335 1
96.196124 217.400213 73.414822 1
97.038592 234.560395 73.377209 1
91.712621 198.759075 67.829492 1
81.288472 205.252290 68.656707 1
81.093775 199.041754 68.701614 1
80.526691 180.952613 68.832412 1
80.815783 174.747507 71.999886 1
81.395928 162.295187 78.356331 1
81.395928 162.295187 78.356331 1
99.011758 198.602404 67.323657 1
110.446496 203.108256 66.650555 1
110.948726 196.932795 67.121864 1
112.411545 178.945816 68.494624 1
112.660520 172.434694 70.977182 1
113.160161 159.368262 75.959147 1
113.160161 159.368262 75.959147 1
88.564928 165.268404 60.212118 1
90.344172 149.628539 64.841909 1
92.547486 130.261033 70.575174 1
94.173441 110.292475 66.814207 1
95.526778 93.671961 63.683826 1
95.838660 87.575530 76.486368 1
96.877893 86.784771 83.276315 1
99.617573 164.966797 59.664746 1
100.712751 149.798346 65.823320 1
102.068950 131.014727 73.449693 1
102.454487 111.617929 66.603672 1
102.768910 95.798956 61.020430 1
105.529241 88.016628 72.552333 1
106.021240 86.797111 79.340554 1
94.318000 166.569300 61.649600 1
94.540568 172.672679 63.000787 1
94.828892 181.645379 64.289870 1
95.121820 190.194981 65.818606 1
96.038372 211.597290 72.144918 1
96.174248 218.275737 73.049572 1
96.728064 235.440072 72.537783 1
91.792939 199.499731 67.833910 1
81.218758 205.757427 68.566686 1
80.922156 199.550816 68.593135 1
80.058259 181.473110 68.670172 1
80.282468 175.188316 71.681964 1
80.732405 162.576078 77.725991 1
80.732405 162.576078 77.725991 1
99.088185 199.353418 67.271966 1
110.403141 204.103771 66.315441 1
110.982610 197.930939 66.729030 1
112.670400 179.951621 67.933673 1
113.051500 173.460536 70.451684 1
113.816287 160.434316 75.504797 1
113.816287 160.434316 75.504797 1
88.716210 165.838075 60.957975 1
90.412731 150.007805 64.924133 1
92.513604 130.404512 69.835595 1
94.112861 110.354142 66.525470 1
95.443978 93.665532 63.770340 1
95.774186 87.568997 76.572374 1
96.823072 86.778207 83.360833 1
99.765978 165.572230 60.338693 1
100.851525 150.138818 65.801361 1
102.195797 131.027089 72.565969 1
102.492251 111.491950 66.120591 1
102.734022 95.560155 60.864091 1
105.534332 87.988516 72.525883 1
106.054364 86.782591 79.314443 1
94.520800 166.947300 62.327700 1
94.719549 173.075447 63.565762 1
94.978548 182.072493 64.679444 1
95.255154 190.653639 66.023299 1
96.159032 212.200135 71.841604 1
96.204457 218.886822 72.692884 1
96.522733 236.045379 71.877033 1
91.921079 200.001903 67.816393 1
81.216160 206.045472 68.440105 1
80.829107 199.843789 68.443174 1
79.701755 181.780437 68.452112 1
79.837341 175.416739 71.298999 1
80.109432 162.646157 77.012095 1
80.109432 162.646157 77.012095 1
99.216633 199.845797 67.261120 1
110.421347 204.795482 66.051152 1
111.041571 198.621441 66.378609 1
112.848065 180.638599 67.332376 1
113.334575 174.172817 69.896896 1
114.310897 161.197373 75.043343 1
114.310897 161.197373 75.043343 1
88.921611 166.180930 61.653281 1
90.499234 150.227817 65.148326 1
92.452871 130.472403 69.476387 1
94.041303 110.381252 66.417881 1
95.363408 93.658700 63.872181 1
95.608370 87.562262 76.676176 1
96.611914 86.771566 83.471496 1
99.972008 165.948067 61.031956 1
100.990376 150.268870 65.757952 1
102.251459 130.852776 71.610316 1
102.760349 111.223891 65.470257 1
103.175371 95.215641 60.462759 1
105.962447 88.046464 72.379300 1
106.443991 86.841532 79.170875 1
94.806900 167.355800 62.964000 1
94.977082 173.507511 64.083809 1
95.197354 182.525169 65.025899 1
95.437126 191.130920 66.209994 1
96.231048 212.783353 71.637974 1
96.255802 219.477543 72.429009 1
96.436438 236.621815 71.322519 1
92.062686 200.501823 67.797635 1
81.295870 206.444724 68.313995 1
80.866549 200.245866 68.290752 1
79.616086 182.190743 68.223052 1
79.697789 175.768203 70.936739 1
79.861746 162.879537 76.382532 1
79.861746 162.879537 76.382532 1
99.363683 200.354768 67.316366 1
110.503776 205.406004 65.940734 1
111.133956 199.228727 66.174865 1
112.969447 181.236461 66.856808 1
113.532066 174.774500 69.415385 1
114.661125 161.806726 74.549906 1
114.661125 161.806726 74.549906 1
89.213240 166.554125 62.284759 1
90.656572 150.476839 65.224780 1
92.443912 130.567657 68.865532 1
94.018924 110.417519 66.215400 1
95.329860 93.645870 64.009605 1
95.444651 87.549337 76.815383 1
96.379068 86.758590 83.620548 1
100.266640 166.353486 61.707140 1
101.181837 150.491361 65.801614 1
102.315159 130.848740 70.871942 1
102.914863 111.136788 65.012612 1
103.403948 95.060793 60.234063 1
106.111684 88.054619 72.265294 1
106.543957 86.914149 79.071299 1
95.096100 167.719300 63.538800 1
95.235297 173.887729 64.567193 1
95.411840 182.920010 65.367770 1
95.612008 191.546024 66.402349 1
96.304392 213.301176 71.417836 1
96.297093 219.994733 72.214556 1
96.431794 237.123091 70.878805 1
92.196640 200.932735 67.797412 1
81.326941 206.692552 68.225382 1
80.887973 200.494728 68.154848 1
79.609412 182.442615 67.949406 1
79.673505 175.976385 70.557769 1
79.802123 163.000043 75.792200 1
79.802123 163.000043 75.792200 1
99.499951 200.804152 67.346935 1
110.614636 205.889275 65.892865 1
111.230689 199.708377 66.059220 1
113.025036 181.705565 66.543756 1
113.674811 175.220499 69.021962 1
114.978773 162.206357 73.995194 1
114.978773 162.206357 73.995194 1
89.506876 166.880043 62.868497 1
90.805939 150.708014 65.314713 1
92.414623 130.681508 68.343964 1
93.967280 110.487544 66.036363 1
95.259609 93.679418 64.115667 1
95.249219 87.582520 76.921781 1
96.116554 86.791762 83.735819 1
100.561484 166.725373 62.299942 1
101.409147 150.688114 65.661059 1
102.458839 130.828619 69.823246 1
102.900084 111.010224 64.319705 1
103.259940 94.847420 59.831317 1
105.925297 88.019411 71.973928 1
106.358530 86.945199 78.790644 1
95.374500 168.030700 64.099100 1
95.481171 174.213659 65.040441 1
95.612727 183.257623 65.706487 1
95.775678 191.900286 66.598869 1
96.386270 213.744847 71.220932 1
96.341396 220.436463 72.032586 1
96.475667 237.552798 70.550677 1
92.326020 201.298711 67.819829 1
81.359034 206.878375 68.138543 1
80.940175 200.680020 68.013483 1
79.720186 182.626359 67.649228 1
79.801903 176.125471 70.169460 1
79.965890 163.079577 75.227030 1
79.965890 163.079577 75.227030 1
99.630298 201.187489 67.380559 1
110.689165 206.367858 65.839692 1
111.265944 200.182585 65.982564 1
112.945898 182.167028 66.398702 1
113.691259 175.650412 68.764700 1
115.187042 162.572955 73.512755 1
115.187042 162.572955 73.512755 1
89.789539 167.152239 63.443661 1
90.944500 150.909990 65.458967 1
92.374738 130.796527 67.954606 1
93.875784 110.568910 65.924257 1
95.125155 93.732773 64.234327 1
95.033516 87.624768 77.034824 1
95.840764 86.834010 83.856241 1
100.844555 167.048630 62.871452 1
101.675205 150.893964 65.618469 1
102.703829 130.889080 69.020195 1
103.036502 110.949705 63.964197 1
103.307812 94.688237 59.840801 1
105.987151 87.983148 72.048657 1
106.443532 86.954134 78.870833 1
95.721200 168.226400 64.647500 1
95.783087 174.421854 65.507152 1
95.855584 183.474961 66.045855 1
95.964231 192.131472 66.801863 1
96.429428 214.056824 71.042580 1
96.389968 220.746820 71.867754 1
96.553632 237.860716 70.360836 1
92.458152 201.532053 67.830333 1
81.432728 207.001610 68.011985 1
81.069008 200.800376 67.860027 1
80.009617 182.738330 67.417426 1
80.136984 176.217986 69.884953 1
80.392579 163.133049 74.836757 1
80.392579 163.133049 74.836757 1
99.766093 201.450696 67.449301 1
110.790830 206.688440 65.858627 1
111.321297 200.498778 65.990482 1
112.866359 182.470440 66.374531 1
113.645100 175.909061 68.602012 1
115.207869 162.741775 73.072090 1
115.207869 162.741775 73.072090 1
90.146205 167.303918 63.968132 1
91.174346 151.027439 65.764021 1
92.447536 130.871588 67.987945 1
93.846582 110.630389 66.021102 1
95.011056 93.782948 64.384031 1
94.782781 87.660652 77.175991 1
95.494741 86.869926 84.008014 1
101.205126 167.262844 63.468007 1
101.965214 151.020352 65.661872 1
102.906459 130.906710 68.378609 1
103.143407 110.878891 63.679380 1
103.336649 94.545292 59.846946 1
105.924346 87.919024 72.117448 1
106.347656 86.920651 78.946306 1
96.080500 168.374900 65.156900 1
96.105478 174.581914 65.930747 1
96.133970 183.642137 66.337871 1
96.197965 192.309965 66.956889 1
96.520484 214.307004 70.823076 1
96.418062 220.994158 71.665698 1
96.622969 238.112674 70.217452 1
92.641679 201.712307 67.775468 1
81.509012 206.963282 67.776878 1
81.194676 200.758607 67.658974 1
80.279127 182.686542 67.315561 1
80.419494 176.135041 69.698401 1
80.701181 162.987578 74.480255 1
80.701181 162.987578 74.480255 1
99.954340 201.654638 67.493557 1
110.917213 207.001254 65.838825 1
111.383758 200.806328 65.964997 1
112.742639 182.762657 66.332494 1
113.537076 176.164499 68.442703 1
115.131343 162.923406 72.677443 1
115.131343 162.923406 72.677443 1
90.519151 167.419431 64.414229 1
91.404456 151.114271 66.015493 1
92.500767 130.922903 67.998406 1
93.816512 110.670032 66.095263 1
94.911651 93.812875 64.511212 1
94.415069 87.686899 77.293804 1
94.977683 86.896161 84.139743 1
101.583977 167.418301 64.066148 1
102.245342 151.109794 65.740826 1
103.064335 130.914405 67.814635 1
103.202502 110.827758 63.369417 1
103.315183 94.446182 59.744139 1
105.732795 87.870580 72.076432 1
106.082351 86.893755 78.912576 1
96.497300 168.460100 65.666200 1
96.483876 174.678927 66.338880 1
96.466366 183.744678 66.595887 1
96.479582 192.422026 67.067043 1
96.626401 214.485192 70.547886 1
96.471076 221.161229 71.467090 1
96.701812 238.284787 70.083794 1
92.863123 201.818476 67.657997 1
81.635182 206.859246 67.476339 1
81.368602 200.651312 67.442056 1
80.592145 182.569751 67.342202 1
80.721877 176.011104 69.705912 1
80.982220 162.849303 74.449376 1
80.982220 162.849303 74.449376 1
100.179745 201.794362 67.502235 1
111.112385 207.216227 65.892955 1
111.509643 201.016129 66.000915 1
112.666714 182.957391 66.315368 1
113.454378 176.336372 68.355341 1
115.035055 163.049402 72.449134 1
115.035055 163.049402 72.449134 1
90.952185 167.467580 64.853989 1
91.674944 151.140363 66.305087 1
92.569968 130.921682 68.102042 1
93.819753 110.663516 66.210838 1
94.859992 93.801951 64.636723 1
94.012459 87.678925 77.402266 1
94.391570 86.888184 84.260814 1
102.020966 167.510748 64.675783 1
102.523433 151.155953 65.891317 1
103.145657 130.903242 67.396553 1
103.277910 110.780868 63.115781 1
103.385769 94.370155 59.624616 1
105.553459 87.833050 72.023657 1
105.776285 86.872502 78.867408 1
96.876800 168.528200 66.146900 1
96.824910 174.757110 66.716526 1
96.760612 183.825683 66.821612 1
96.726449 192.509770 67.144095 1
96.723236 214.630900 70.238728 1
96.486855 221.290049 71.257735 1
96.715735 238.417704 69.925797 1
93.058384 201.897200 67.521896 1
81.727518 206.694488 67.195500 1
81.503757 200.484959 67.244104 1
80.852017 182.398751 67.385668 1
81.029792 175.826350 69.707679 1
81.386546 162.636945 74.367461 1
81.386546 162.636945 74.367461 1
100.376467 201.906388 67.463819 1
111.252241 207.443748 65.862505 1
111.590117 201.240434 65.986726 1
112.574227 183.172332 66.348539 1
113.322429 176.538411 68.361270 1
114.823910 163.225549 72.400393 1
114.823910 163.225549 72.400393 1
91.347234 167.494583 65.281670 1
91.908038 151.150708 66.611824 1
92.602505 130.911398 68.259011 1
93.812098 110.652494 66.349658 1
94.818884 93.790316 64.760438 1
93.615679 87.672986 77.500117 1
93.812752 86.882171 84.366299 1
102.417047 167.590455 65.241703 1
102.955411 151.215193 66.119364 1
103.622086 130.937138 67.206200 1
103.455915 110.788252 63.053222 1
103.320395 94.355918 59.666280 1
105.454498 87.724003 72.020718 1
105.698867 86.785125 78.866741 1
97.177400 168.578900 66.620700 1
97.109717 174.817403 67.071233 1
97.020668 183.886166 67.009518 1
96.948011 192.574238 67.184621 1
96.796511 214.740258 69.935210 1
96.491601 221.380315 71.055568 1
96.670590 238.510922 69.754308 1
93.224092 201.945023 67.389779 1
81.828800 206.579622 66.969274 1
81.639300 200.369695 67.076903 1
81.087353 182.282330 67.390388 1
81.294195 175.707977 69.704454 1
81.709279 162.514657 74.348295 1
81.709279 162.514657 74.348295 1
100.542235 201.995632 67.385017 1
111.388115 207.614544 65.867210 1
111.681631 201.409847 66.029297 1
112.536537 183.337715 66.501402 1
113.233995 176.708680 68.548168 1
114.633645 163.405624 72.655591 1
114.633645 163.405624 72.655591 1
91.656866 167.518230 65.730885 1
92.107956 151.161608 66.940628 1
92.666560 130.906512 68.438703 1
93.819187 110.649542 66.474390 1
94.778556 93.788972 64.839424 1
93.347255 87.673532 77.556405 1
93.423785 86.882885 84.425008 1
102.726451 167.634919 65.778072 1
103.229842 151.247874 66.426685 1
103.853210 130.955229 67.229882 1
103.579415 110.809321 63.068167 1
103.356122 94.379416 59.674098 1
105.444534 87.681191 72.000540 1
105.682973 86.797870 78.854161 1
97.474500 168.621500 66.977700 1
97.389867 174.865692 67.337409 1
97.281200 183.932605 67.154468 1
97.184223 192.621842 67.233855 1
96.943020 214.810068 69.792286 1
96.576580 221.450133 70.894001 1
96.663682 238.583431 69.619034 1
93.430213 201.982382 67.328530 1
82.014379 206.549211 66.752486 1
81.835286 200.340325 66.920857 1
81.313652 182.255992 67.411264 1
81.520587 175.681809 69.725804 1
81.935858 162.488829 74.370594 1
81.935858 162.488829 74.370594 1
100.747970 202.055773 67.381947 1
111.509509 207.823489 65.822543 1
111.764001 201.619898 66.070297 1
112.505246 183.550988 66.791920 1
113.156767 176.946611 68.931438 1
114.464234 163.693040 73.224995 1
114.464234 163.693040 73.224995 1
91.963876 167.535770 66.057212 1
92.192144 151.168882 67.188116 1
92.474819 130.901074 68.588561 1
93.792573 110.656213 66.603359 1
94.889384 93.805722 64.951006 1
93.077474 87.686572 77.617569 1
92.942840 86.895668 84.485249 1
103.032404 167.677842 66.195208 1
103.453333 151.282577 66.672138 1
103.974586 130.979753 67.262736 1
103.663343 110.840083 63.073553 1
103.409510 94.415264 59.657083 1
105.378326 87.652531 71.967974 1
105.561491 86.797803 78.826919 1
97.784300 168.643400 67.232800 1
97.667547 174.889952 67.538487 1
97.527117 183.954490 67.276530 1
97.416460 192.643925 67.278822 1
97.170972 214.854327 69.636565 1
96.695673 221.487275 70.739566 1
96.676759 238.623902 69.507229 1
93.667793 202.007072 67.262705 1
82.163721 206.341611 66.648599 1
81.952570 200.135794 66.880840 1
81.337561 182.060399 67.557280 1
81.556355 175.489052 69.878772 1
81.995427 162.301763 74.537514 1
81.995427 162.301763 74.537514 1
100.985024 202.076776 67.367941 1
111.671510 207.965298 65.745183 1
111.919696 201.767073 66.107266 1
112.642573 183.713793 67.161889 1
113.253349 177.158033 69.457267 1
114.479048 164.002024 74.063603 1
114.479048 164.002024 74.063603 1
92.285860 167.523550 66.280869 1
92.386419 151.150442 67.337886 1
92.510945 130.874931 68.646835 1
93.831700 110.630633 66.657890 1
94.931009 93.780611 65.002422 1
92.842724 87.668067 77.629564 1
92.568332 86.877279 84.493095 1
103.352261 167.719688 66.499556 1
103.652538 151.319001 66.869191 1
104.024383 131.009461 67.326920 1
103.677163 110.874435 63.118284 1
103.393988 94.453405 59.685949 1
105.174233 87.610543 71.981266 1
105.267871 86.793842 78.846648 1
97.991700 168.612300 67.399000 1
97.859644 174.860284 67.666852 1
97.703381 183.922832 67.350617 1
97.576833 192.611913 67.301754 1
97.270524 214.834858 69.530663 1
96.769640 221.469332 70.612966 1
96.629928 238.606932 69.402111 1
93.813480 201.968544 67.192661 1
82.306601 206.282829 66.494309 1
82.076862 200.081496 66.812702 1
81.407713 182.019161 67.740071 1
81.653017 175.459554 70.091919 1
82.145287 162.295826 74.811577 1
82.145287 162.295826 74.811577 1
101.129056 202.051064 67.375253 1
111.799697 207.968547 65.753570 1
112.074898 201.779850 66.238331 1
112.876461 183.754323 67.650272 1
113.507346 177.272889 70.142819 1
114.773398 164.266035 75.144829 1
114.773398 164.266035 75.144829 1
92.503855 167.475418 66.406959 1
92.554665 151.105805 67.520166 1
92.617584 130.834621 68.898697 1
94.044124 110.599113 66.893432 1
95.231482 93.756407 65.224381 1
92.908451 87.653583 77.815167 1
92.521455 86.862890 84.673281 1
103.567571 167.695899 66.718595 1
103.789962 151.293171 67.050868 1
104.065358 130.981105 67.462332 1
103.696194 110.870316 63.141183 1
103.395123 94.469052 59.617089 1
105.017659 87.593561 71.916026 1
105.034250 86.803269 78.785116 1
98.142100 168.612000 67.519100 1
98.005300 174.860937 67.761093 1
97.847210 183.922192 67.410572 1
97.722125 192.611101 67.334825 1
97.417445 214.839388 69.510047 1
96.864521 221.476306 70.551251 1
96.641400 238.610815 69.309545 1
93.965778 201.969926 67.181443 1
82.464132 206.282480 66.392118 1
82.205994 200.085944 66.775529 1
81.454126 182.037585 67.892271 1
81.753248 175.505973 70.314745 1
82.353520 162.398425 75.176134 1
82.353520 162.398425 75.176134 1
101.280188 202.048059 67.407531 1
111.921789 208.018544 65.789303 1
112.216369 201.841081 66.391684 1
113.074374 183.848272 68.146211 1
113.632749 177.436362 70.828640 1
114.753289 164.569029 76.211704 1
114.753289 164.569029 76.211704 1
92.659195 167.467856 66.508272 1
92.700229 151.095437 67.579834 1
92.751043 130.820778 68.906794 1
94.095238 110.580393 66.893868 1
95.214058 93.733628 65.218441 1
92.821697 87.637784 77.799623 1
92.407765 86.847111 84.656166 1
103.721352 167.696165 66.866198 1
103.888970 151.292264 67.171627 1
104.096539 130.978745 67.549850 1
103.708903 110.874340 63.200702 1
103.392767 94.478282 59.653775 1
104.937986 87.592323 71.956811 1
104.913470 86.807127 78.826462 1
98.409600 168.571200 67.409300 1
98.229759 174.818111 67.674337 1
98.021138 183.879311 67.349803 1
97.875022 192.567981 67.285009 1
97.578222 214.797108 69.452721 1
97.002107 221.438108 70.454586 1
96.716200 238.568484 69.169484 1
94.126771 201.929717 67.112387 1
82.643355 206.276668 66.249724 1
82.365174 200.084257 66.682556 1
81.554928 182.047908 67.943249 1
81.934060 175.554257 70.454930 1
82.694894 162.522885 75.495341 1
82.694894 162.522885 75.495341 1
101.440165 202.002156 67.370887 1
112.096811 207.960518 65.807924 1
112.404613 201.795131 66.517826 1
113.301130 183.837499 68.585526 1
113.821539 177.491058 71.426594 1
114.865891 164.755109 77.128012 1
114.865891 164.755109 77.128012 1
92.931021 167.392043 66.415396 1
92.872647 151.035019 67.700081 1
92.800360 130.779426 69.290961 1
94.144330 110.556301 67.111314 1
95.262963 93.723901 65.297119 1
92.812854 87.627267 77.866799 1
92.366617 86.836452 84.721299 1
103.992596 167.697073 66.731702 1
104.058869 151.292421 67.035569 1
104.140939 130.977971 67.411857 1
103.694099 110.860803 63.127897 1
103.329679 94.454336 59.634132 1
104.794491 87.567343 71.946422 1
104.724850 86.781540 78.815694 1
98.560900 168.555800 67.361600 1
98.369316 174.802290 67.628336 1
98.148142 183.863191 67.303769 1
98.003698 192.551853 67.234380 1
97.746836 214.783718 69.378990 1
97.133889 221.423684 70.365736 1
96.796185 238.551030 69.053107 1
94.271731 201.919943 67.053830 1
82.785429 206.253055 66.160514 1
82.490595 200.064107 66.630292 1
81.631846 182.037848 67.998592 1
82.072550 175.574658 70.577884 1
82.956946 162.604416 75.753975 1
82.956946 162.604416 75.753975 1
101.585369 201.979865 67.308621 1
112.250782 207.934066 65.790242 1
112.565449 201.781152 66.598524 1
113.481960 183.859845 68.952769 1
113.983724 177.495554 71.757021 1
114.990658 164.723782 77.384557 1
114.990658 164.723782 77.384557 1
93.081543 167.365767 66.385097 1
92.977081 151.017016 67.768380 1
92.847722 130.771667 69.481359 1
94.209916 110.558809 67.219344 1
95.343716 93.734956 65.336591 1
92.883328 87.638503 77.904351 1
92.431475 86.847791 84.758495 1
104.143441 167.693053 66.665906 1
104.194687 151.288786 66.992621 1
104.258148 130.974814 67.397203 1
103.726263 110.861840 63.103275 1
103.292486 94.458793 59.601381 1
104.796170 87.574321 71.910395 1
104.748185 86.788510 78.779851 1
