53 35
108.972400 149.917600 6.363400 1
108.011900 157.339543 6.115204 1
106.936438 167.090047 4.619482 1
106.433551 176.389579 2.704115 1
106.566608 200.448879 -1.584089 1
107.738276 206.474632 2.503882 1
107.751563 225.268603 2.117715 1
102.468233 186.310655 -0.055873 1
89.229950 188.763088 0.262902 1
87.390604 182.633486 2.557566 1
82.033256 164.780178 9.241089 1
80.898780 158.222747 12.971432 1
78.622141 145.063446 20.457399 1
78.622141 145.063446 20.457399 1
110.474033 186.243408 -0.184757 1
123.918302 186.546077 0.542007 1
126.129906 180.422799 2.500279 1
132.571520 162.587884 8.204023 1
134.970757 155.705110 10.456463 1
139.785492 141.892919 14.976608 1
139.785492 141.892919 14.976608 1
102.508281 147.787668 6.048934 1
102.938080 147.057891 23.980644 1
103.470321 146.154162 46.186290 1
106.466419 124.208258 43.572211 1
108.960159 105.942046 41.396435 1
107.215732 97.956998 54.587857 1
107.025787 96.867762 62.071765 1
115.604135 149.443192 4.874993 1
117.157824 147.698458 22.674125 1
119.081811 145.537902 44.715371 1
114.660284 123.474273 44.154125 1
111.054299 105.480242 43.696400 1
113.502589 97.963960 57.050389 1
114.109905 96.961832 64.524285 1
108.949400 149.972300 6.361700 1
108.054904 157.402677 6.119275 1
107.029178 167.162373 4.648785 1
106.508537 176.472837 2.792166 1
106.434815 200.573094 -1.261042 1
107.892929 206.457206 2.939571 1
107.919866 225.255127 2.931497 1
102.451660 186.390346 0.155163 1
89.205796 188.755441 0.722265 1
87.350218 182.563563 2.828960 1
81.945590 164.528865 8.964999 1
80.764641 157.837999 12.434879 1
78.394740 144.410925 19.398157 1
78.394740 144.410925 19.398157 1
110.456724 186.384336 -0.026174 1
123.908469 186.858306 0.414357 1
126.073321 180.650803 2.146660 1
132.378764 162.570568 7.192232 1
134.651308 155.590335 9.269319 1
139.211797 141.582565 13.437567 1
139.211797 141.582565 13.437567 1
102.465218 147.900804 6.070808 1
102.912806 147.095332 23.998842 1
103.467077 146.097867 46.199935 1
106.472616 124.159689 43.532391 1
108.974212 105.899907 41.312115 1
107.233680 97.939136 54.518716 1
107.060716 96.852917 62.003474 1
115.570977 149.438640 4.848342 1
117.177171 147.717080 22.645069 1
119.166176 145.585220 44.683338 1
114.735082 123.521701 44.198424 1
111.121294 105.527759 43.802952 1
113.558498 97.965204 57.132821 1
114.187882 96.956397 64.603993 1
108.888700 150.150700 6.382900 1
108.149016 157.595186 6.063685 1
107.269391 167.362188 4.547752 1
106.776408 176.685602 2.749493 1
106.492905 200.848415 -0.902143 1
108.081611 206.651327 3.363563 1
108.294532 225.436947 4.009927 1
102.623193 186.616332 0.320409 1
89.351318 188.765556 1.099094 1
87.490796 182.547504 3.122697 1
82.071768 164.436570 9.016719 1
80.892748 157.736451 12.469359 1
78.526720 144.290808 19.398037 1
78.526720 144.290808 19.398037 1
110.625718 186.670048 0.054553 1
124.067130 187.498544 0.155459 1
126.097008 181.223041 1.804159 1
132.009319 162.944747 6.606225 1
134.074480 155.894276 8.662526 1
138.218798 141.745555 12.789061 1
138.218798 141.745555 12.789061 1
102.362580 148.211855 6.116506 1
102.837641 147.282526 24.037840 1
103.425934 146.131684 46.230635 1
106.428263 124.194752 43.549269 1
108.927189 105.936007 41.317488 1
107.284870 97.946790 54.519489 1
107.156626 96.856983 62.004626 1
115.496704 149.463505 4.872150 1
117.226087 147.757965 22.658872 1
119.367641 145.645943 44.684751 1
114.914780 123.585061 44.287124 1
111.283240 105.593270 43.962838 1
113.795046 97.970675 57.244574 1
114.498048 96.953852 64.708090 1
108.829000 150.365800 6.426100 1
108.278701 157.821167 5.997066 1
107.582597 167.591975 4.411859 1
107.137196 176.931618 2.686894 1
106.656410 201.166690 -0.425417 1
108.220835 206.995232 3.814239 1
108.698707 225.748673 5.015386 1
102.891996 186.885891 0.528246 1
89.623976 189.015136 1.419387 1
87.781388 182.796611 3.457891 1
82.414597 164.684300 9.395317 1
81.376656 158.043509 13.004331 1
79.293742 144.716926 20.246819 1
79.293742 144.716926 20.246819 1
110.890198 186.998241 0.167547 1
124.317160 188.036389 0.083259 1
126.200748 181.705612 1.693823 1
131.686970 163.266327 6.384816 1
133.563509 156.173531 8.476047 1
137.329306 141.939872 12.672679 1
137.329306 141.939872 12.672679 1
102.255691 148.589700 6.186505 1
102.752854 147.516826 24.099218 1
103.368517 146.188226 46.281339 1
106.353237 124.249334 43.596347 1
108.837506 105.988958 41.361549 1
107.321524 97.959826 54.554443 1
107.245765 96.865245 62.039598 1
115.417256 149.488732 4.927446 1
117.259232 147.813231 22.705717 1
119.540214 145.738406 44.721131 1
115.079389 123.678026 44.390553 1
111.441354 105.686644 44.120949 1
114.060721 98.015505 57.353869 1
114.846668 96.992606 64.808276 1
108.805900 150.590900 6.422800 1
108.434844 158.048825 5.865069 1
107.913449 167.816390 4.195051 1
107.514226 177.172044 2.547269 1
106.851290 201.472596 0.037286 1
108.395926 207.320887 4.256955 1
108.808524 226.058056 5.709849 1
103.184380 187.149225 0.682511 1
89.959365 189.521530 1.598661 1
88.189261 183.314858 3.735165 1
83.033587 165.237074 9.958028 1
82.124255 158.621356 13.646903 1
80.299431 145.345089 21.049653 1
80.299431 145.345089 21.049653 1
111.177056 187.320891 0.233481 1
124.598758 188.416076 0.070209 1
126.360846 182.049619 1.677637 1
131.493183 163.506410 6.359495 1
133.258261 156.414174 8.547436 1
136.800378 142.181639 12.938145 1
136.800378 142.181639 12.938145 1
102.192341 148.968579 6.200913 1
102.752670 147.642936 24.094829 1
103.446552 146.001321 46.253672 1
106.503281 124.088391 43.440731 1
109.047485 105.849624 41.099436 1
107.565878 97.905609 54.347647 1
107.540656 96.822352 61.834790 1
115.373562 149.531002 4.952168 1
117.297260 147.866306 22.722798 1
119.679441 145.804862 44.728749 1
115.224655 123.742421 44.460105 1
111.591545 105.749359 44.241012 1
114.306857 98.049463 57.437842 1
115.162595 97.023232 64.884101 1
108.949500 150.603700 6.289200 1
108.715845 158.057554 5.614760 1
108.330542 167.819554 3.876651 1
107.972984 177.193370 2.325349 1
107.197481 201.550208 0.481610 1
108.696760 207.462692 4.627537 1
109.028353 226.191529 6.203409 1
103.590169 187.200053 0.767699 1
90.437420 189.961755 1.631625 1
88.787699 183.746178 3.837463 1
83.982658 165.642456 10.262267 1
83.183364 159.066262 14.046075 1
81.579362 145.869309 21.639335 1
81.579362 145.869309 21.639335 1
111.578141 187.415805 0.258055 1
124.996941 188.535038 0.031588 1
126.680030 182.161320 1.693963 1
131.582270 163.596964 6.535861 1
133.218706 156.489001 8.772230 1
136.502669 142.224906 13.260121 1
136.502669 142.224906 13.260121 1
102.307741 149.099185 6.079908 1
102.915530 147.668431 23.964177 1
103.668185 145.896652 46.111073 1
106.661506 123.967105 43.360128 1
109.152934 105.714507 41.070434 1
107.800169 97.754347 54.322737 1
107.829332 96.672022 61.810000 1
115.499066 149.401212 4.847835 1
117.470490 147.789215 22.618093 1
119.911771 145.793030 44.623584 1
115.537898 123.713199 44.486137 1
111.970777 105.705954 44.374041 1
114.695140 97.945977 57.533762 1
115.591376 96.912639 64.974272 1
108.728100 150.864600 6.001700 1
108.553853 158.311527 5.238606 1
108.216763 168.069615 3.468798 1
107.844222 177.463708 2.049272 1
106.875139 201.859332 0.967264 1
108.476025 207.868192 4.932712 1
108.764305 226.580679 6.699736 1
103.378633 187.479671 0.821255 1
90.378258 190.909857 1.590829 1
88.900060 184.673757 3.859458 1
84.594605 166.510257 10.467152 1
83.901054 159.997776 14.379820 1
82.509253 146.928679 22.231673 1
82.509253 146.928679 22.231673 1
111.362489 187.773104 0.286551 1
124.782299 188.866533 0.001450 1
126.495455 182.555406 1.860299 1
131.485270 164.173352 7.274458 1
133.065251 157.077798 9.589447 1
136.235923 142.838605 14.235113 1
136.235923 142.838605 14.235113 1
102.075242 149.409352 5.796631 1
102.753451 148.084875 23.686553 1
103.593311 146.444704 45.840450 1
106.361199 124.446719 43.419671 1
108.664993 106.137158 41.404785 1
107.577554 98.042843 54.600132 1
107.673097 96.945751 62.084693 1
115.270903 149.594270 4.588083 1
117.293323 148.169969 22.368643 1
119.797753 146.406213 44.386891 1
115.696651 124.274794 44.610090 1
112.351988 106.225475 44.792119 1
114.857147 98.264959 57.875391 1
115.753763 97.236726 65.316563 1
108.560700 150.921700 5.546400 1
108.417330 158.362633 4.720955 1
108.115324 168.123383 2.959515 1
107.757475 177.543808 1.722435 1
106.770813 201.962212 1.566294 1
108.348366 208.100303 5.338452 1
108.721469 226.791104 7.307562 1
103.285929 187.595927 0.868490 1
90.406744 191.474679 1.539336 1
89.046190 185.245008 3.897469 1
85.083389 167.100236 10.765854 1
84.465109 160.594064 14.701570 1
83.224361 147.537630 22.599676 1
83.224361 147.537630 22.599676 1
111.270395 187.915289 0.358317 1
124.659744 189.319270 0.008529 1
126.387935 183.100407 2.143865 1
131.421540 164.987087 8.363330 1
133.113632 157.990016 10.889240 1
136.509285 143.948456 15.958176 1
136.509285 143.948456 15.958176 1
101.903490 149.489125 5.323675 1
102.726474 148.330177 23.219011 1
103.745614 146.894987 45.379613 1
106.368947 124.842275 43.323218 1
108.552423 106.487164 41.611618 1
107.629467 98.510808 54.891058 1
107.837711 97.096941 62.319988 1
115.104974 149.615793 4.172567 1
117.209920 148.428567 21.960957 1
119.816547 146.958390 43.988901 1
115.935744 124.796070 44.651868 1
112.770747 106.721550 45.192551 1
115.213029 98.779471 58.298897 1
116.051626 97.387157 65.687430 1
108.258300 151.107500 5.191600 1
108.280431 158.566909 4.538815 1
108.169018 168.376094 3.044289 1
107.967146 177.838763 2.138774 1
107.287354 202.251913 3.028911 1
108.585505 208.503659 6.720047 1
108.938167 227.182700 8.801320 1
103.628520 187.974892 1.686848 1
90.703156 191.706764 2.300273 1
89.342622 185.513409 4.752210 1
85.379878 167.474411 11.893813 1
84.769635 160.953047 15.805566 1
83.545017 147.866125 23.655583 1
83.545017 147.866125 23.655583 1
111.620089 188.213393 1.248778 1
124.917847 190.322025 0.946342 1
126.618566 184.158741 3.257626 1
131.572156 166.207300 9.989567 1
133.323378 159.279055 12.660718 1
136.837690 145.375615 18.021121 1
136.837690 145.375615 18.021121 1
101.566061 149.837863 5.042314 1
102.644954 148.737626 22.927755 1
103.980997 147.375142 45.076103 1
106.506811 125.293192 43.221260 1
108.609120 106.913744 41.677419 1
107.953407 99.189822 55.120956 1
108.330955 97.819147 62.551306 1
114.747516 149.679901 3.684163 1
117.063171 148.724036 21.460304 1
119.930726 147.540362 43.473079 1
116.170898 125.376440 44.610111 1
113.104562 107.300613 45.537420 1
115.787595 99.608081 58.745142 1
116.732556 98.290753 66.134588 1
108.079300 151.400900 4.940000 1
108.214017 158.862689 4.329300 1
108.269351 168.693749 2.982706 1
108.260378 178.183832 2.398683 1
108.121464 202.524945 4.577503 1
108.966588 208.913238 8.164910 1
109.214328 227.585160 10.323756 1
104.157655 188.427615 2.438570 1
91.117022 191.746159 2.983839 1
89.676367 185.576693 5.450191 1
85.480262 167.607274 12.633781 1
84.883135 161.067310 16.516399 1
83.684837 147.943065 24.307948 1
83.684837 147.943065 24.307948 1
112.157313 188.503451 2.101388 1
125.303101 191.423005 1.920702 1
126.945157 185.265349 4.288713 1
131.727885 167.330302 11.185879 1
133.476896 160.412491 13.885370 1
136.986773 146.529989 19.302647 1
136.986773 146.529989 19.302647 1
101.368655 150.233289 4.784260 1
102.573012 149.047063 22.656192 1
104.064423 147.578095 44.787809 1
106.574883 125.485927 43.036691 1
108.664412 107.097975 41.579182 1
108.152840 99.468644 55.082857 1
108.608050 98.151527 62.518540 1
114.546196 149.884037 3.423850 1
116.851510 149.015232 21.205802 1
119.706258 147.939366 43.225774 1
116.275823 125.733891 44.573955 1
113.478123 107.624177 45.673466 1
116.347060 100.104665 58.941615 1
117.348683 98.874818 66.338672 1
107.960800 151.715200 4.904100 1
108.188609 159.180025 4.361993 1
108.397547 169.033893 3.211440 1
108.583403 178.538225 3.021826 1
109.013722 202.689468 6.735125 1
109.395233 209.208813 10.162460 1
109.499288 227.880035 12.338982 1
104.734493 188.860565 3.657603 1
91.605282 191.819713 4.142796 1
90.091712 185.628571 6.509136 1
85.683234 167.596019 13.401427 1
85.104576 161.031009 17.244370 1
83.943341 147.856501 24.956298 1
83.943341 147.856501 24.956298 1
112.737608 188.753237 3.428220 1
125.700823 192.403334 3.430136 1
127.276606 186.215463 5.764170 1
131.866301 168.192409 12.562370 1
133.584396 161.243844 15.202066 1
137.032230 147.299626 20.499348 1
137.032230 147.299626 20.499348 1
101.236959 150.631245 4.716143 1
102.536535 149.357124 22.575349 1
104.145860 147.779310 44.691209 1
106.468746 125.659045 43.038694 1
108.402151 107.247708 41.663255 1
107.933372 99.727394 55.229492 1
108.434449 98.464381 62.671609 1
114.413705 150.133174 3.394951 1
116.649465 149.160567 21.180410 1
119.418081 147.956161 43.204724 1
116.378274 125.693500 44.547142 1
113.899152 107.537147 45.641953 1
116.930505 100.094541 58.917350 1
117.966879 98.895759 66.314719 1
107.949500 152.005000 5.064000 1
108.238120 159.476355 4.657853 1
108.557232 169.356967 3.798899 1
108.893450 178.854054 4.107292 1
109.762213 202.645044 9.629101 1
109.856725 209.313192 12.778847 1
109.766734 227.981170 14.983641 1
105.246458 189.179509 5.468715 1
92.109617 192.107145 5.938309 1
90.595027 185.848351 8.118725 1
86.183577 167.618755 14.469488 1
85.663281 160.961352 18.158755 1
84.619167 147.601433 25.562291 1
84.619167 147.601433 25.562291 1
113.248166 188.919204 5.331318 1
126.016853 193.197334 5.493827 1
127.520956 186.950218 7.714588 1
131.901874 168.754608 14.182866 1
133.461548 161.730422 16.718734 1
136.591465 147.634448 21.807655 1
136.591465 147.634448 21.807655 1
101.217714 150.978537 4.840938 1
102.580187 149.459266 22.676269 1
104.267400 147.577873 44.762562 1
106.319456 125.427169 43.160031 1
108.027442 106.990496 41.826196 1
107.536898 99.519742 55.419020 1
108.059821 98.274737 62.862668 1
114.393267 150.398913 3.541279 1
116.512136 149.262465 21.331332 1
119.136004 147.855167 43.361336 1
116.482714 125.536114 44.581372 1
114.318817 107.333770 45.576375 1
117.456420 99.910979 58.838172 1
118.496998 98.710518 66.234678 1
108.040400 152.195900 5.321300 1
108.341435 159.675270 5.126867 1
108.694980 169.580970 4.659722 1
109.087760 179.038289 5.558425 1
110.108877 202.268315 13.080362 1
110.174153 209.091557 15.879136 1
109.927122 227.751259 18.141238 1
105.516885 189.245326 7.757124 1
92.497634 192.636461 8.363332 1
91.057533 186.287925 10.323661 1
86.863039 167.796940 16.033388 1
86.347302 160.932765 19.322693 1
85.312336 147.157901 25.923596 1
85.312336 147.157901 25.923596 1
113.517001 188.922886 7.666889 1
126.127642 193.639643 7.970373 1
127.531345 187.323710 10.058233 1
131.619836 168.927658 16.139417 1
132.938506 161.812361 18.555210 1
135.584782 147.533548 23.403167 1
135.584782 147.533548 23.403167 1
101.307197 151.187165 5.062932 1
102.648799 149.429338 22.877917 1
104.310168 147.252529 44.939015 1
106.071694 125.077076 43.333077 1
107.537863 106.619804 41.996407 1
106.925118 99.119212 55.567822 1
107.419163 97.847001 63.008843 1
114.483083 150.622978 3.759866 1
116.465941 149.363263 21.557296 1
118.921381 147.803321 43.596435 1
116.548445 125.444320 44.651358 1
114.613192 107.209398 45.511702 1
117.776365 99.796290 58.772841 1
118.789501 98.590854 66.172348 1
108.306000 152.176200 5.549700 1
108.572138 159.653872 5.837783 1
108.881457 169.570046 6.037628 1
109.247491 178.938155 7.621097 1
110.241660 201.510679 16.935018 1
110.461217 208.425436 19.490786 1
110.060584 227.057173 21.952599 1
105.659441 188.930442 10.629274 1
92.771835 192.704899 11.644781 1
91.410390 186.268795 13.360510 1
87.444993 167.522757 18.357807 1
86.829541 160.433081 21.107373 1
85.594467 146.205685 26.625141 1
85.594467 146.205685 26.625141 1
113.659875 188.640964 10.476866 1
126.273275 193.342692 10.881898 1
127.599310 186.959777 12.810780 1
131.461581 168.368632 18.428919 1
132.553282 161.164613 20.690047 1
134.744085 146.707755 25.227625 1
134.744085 146.707755 25.227625 1
101.575436 151.152812 5.280408 1
102.755058 149.265976 23.093658 1
104.215839 146.929410 45.152608 1
105.757255 124.747920 43.409545 1
107.040221 106.285623 41.958742 1
106.205463 98.665446 55.451470 1
106.610523 97.306421 62.882511 1
114.742424 150.739749 3.838157 1
116.533109 149.320699 21.643967 1
118.750574 147.563448 43.693483 1
116.569280 125.180077 44.639663 1
114.790321 106.925279 45.411321 1
117.878861 99.541755 58.706513 1
118.820623 98.345038 66.116855 1
108.594400 152.246900 5.809200 1
108.834249 159.660002 6.837689 1
109.114208 169.515516 7.958667 1
109.498066 178.725668 10.288596 1
110.698164 200.607051 21.106229 1
110.910598 207.579497 23.500783 1
110.328777 226.186150 26.111641 1
105.981576 188.489874 14.038747 1
93.123529 192.191502 15.567387 1
91.769055 185.687399 17.010554 1
87.823962 166.743303 21.213975 1
87.063532 159.494616 23.468015 1
85.537522 144.948121 27.991370 1
85.537522 144.948121 27.991370 1
113.977435 188.208477 13.720890 1
126.620186 192.826481 14.171493 1
127.881351 186.381354 15.929434 1
131.554679 167.609008 21.049686 1
132.574587 160.336229 23.115809 1
134.621317 145.741384 27.262058 1
134.621317 145.741384 27.262058 1
101.864413 151.215022 5.558544 1
102.811347 149.050638 23.354114 1
103.983979 146.370372 45.391169 1
105.630098 124.218616 43.385494 1
107.000210 105.781068 41.716111 1
106.039054 98.048736 55.136426 1
106.349634 96.843434 62.598475 1
115.004500 151.027079 3.848848 1
116.610913 149.406988 21.655079 1
118.600190 147.400779 43.705116 1
116.557215 125.001444 44.579532 1
114.891061 106.733625 45.292664 1
117.872450 99.381416 58.629604 1
118.732535 98.196189 66.051713 1
108.731800 152.601000 6.398800 1
108.966555 159.855492 8.239080 1
109.240098 169.549202 10.342241 1
109.654594 178.543384 13.397682 1
111.072592 199.736001 25.485633 1
111.279239 206.794320 27.614353 1
110.603535 225.413791 30.108618 1
106.218324 188.068535 17.783178 1
93.425942 191.762486 19.802548 1
92.082114 185.212362 21.031648 1
88.168029 166.134224 24.611571 1
87.312254 158.724796 26.214829 1
85.594906 143.855729 29.432212 1
85.594906 143.855729 29.432212 1
114.207387 187.799297 17.318035 1
126.856189 192.398685 17.788781 1
128.053867 185.889458 19.343155 1
131.542279 166.930409 23.870488 1
132.594040 159.596261 25.688859 1
134.704690 144.878263 29.337924 1
134.704690 144.878263 29.337924 1
102.001699 151.569418 6.149995 1
102.915942 148.788603 23.861425 1
104.048093 145.344981 45.794286 1
106.164726 123.295491 43.191874 1
107.926461 104.943061 41.025808 1
106.697916 97.620801 54.652723 1
106.983108 96.736694 62.160613 1
115.110371 151.638307 4.206227 1
116.551012 149.643447 21.988584 1
118.335007 147.173151 44.009057 1
116.441797 124.752888 44.654165 1
114.897784 106.468003 45.180284 1
117.773728 99.097351 58.530193 1
118.551886 97.895386 65.958649 1
108.776700 153.494900 7.577200 1
109.039100 160.550975 10.069658 1
109.355884 170.032421 12.979635 1
109.838785 178.787371 16.656655 1
111.495840 199.251828 29.912464 1
111.678257 206.408514 31.685199 1
110.969755 225.081552 33.729294 1
106.510513 188.090526 21.570201 1
93.817927 191.927388 23.924971 1
92.517232 185.352988 25.067837 1
88.728777 166.204143 28.396595 1
87.684231 158.772029 29.765904 1
85.588062 143.857435 32.513804 1
85.588062 143.857435 32.513804 1
114.496099 187.756418 21.087755 1
127.097154 192.462604 21.746086 1
128.206953 185.870571 22.984633 1
131.439407 166.670339 26.592073 1
132.551456 159.258805 28.018576 1
134.783092 144.385511 30.881248 1
134.783092 144.385511 30.881248 1
102.042997 152.497298 7.290207 1
103.056718 148.994455 24.867636 1
104.312057 144.656714 46.634556 1
106.538212 122.759397 43.031160 1
108.391105 104.533626 40.031947 1
107.207800 97.597373 53.863282 1
107.532585 96.731455 61.371684 1
115.135750 152.729666 5.254006 1
116.463893 150.138687 22.968124 1
118.108579 146.930197 44.904096 1
116.317493 124.492324 44.953313 1
114.856767 106.193076 44.993451 1
117.658389 98.497096 58.174515 1
118.385902 97.121768 65.577988 1
108.761900 155.106300 9.335700 1
109.070852 162.041656 12.141905 1
109.453972 171.380785 15.473572 1
110.003040 179.958368 19.538843 1
111.808614 199.794739 33.699161 1
111.978152 207.022441 35.157103 1
111.200924 225.747957 36.610929 1
106.749859 189.073208 24.840309 1
94.179271 193.171280 27.400443 1
92.933407 186.574935 28.475965 1
89.304658 167.362173 31.608571 1
88.024792 159.943706 32.845783 1
85.456388 145.056499 35.328593 1
85.456388 145.056499 35.328593 1
114.734051 188.667034 24.391234 1
127.316439 193.386806 25.271830 1
128.322890 186.726779 26.194674 1
131.254328 167.328504 28.882588 1
132.505304 159.869174 29.880519 1
135.015736 144.899965 31.883143 1
135.015736 144.899965 31.883143 1
102.021689 154.171409 8.995314 1
103.255982 149.796782 26.362026 1
104.784465 144.379473 47.868006 1
107.047709 122.601806 43.620224 1
108.931472 104.475622 40.084669 1
107.963771 97.592739 53.959362 1
108.404777 96.726640 61.461813 1
115.119141 154.399713 6.989096 1
116.267394 150.924841 24.563904 1
117.689316 146.621796 46.327364 1
116.056187 124.190013 45.423733 1
114.724285 105.895731 44.686775 1
117.535909 97.799738 57.623826 1
118.256542 96.669482 65.069323 1
108.656200 157.382100 11.374000 1
109.009848 164.275725 14.276115 1
109.471364 173.555882 17.759189 1
110.115889 182.038529 22.005613 1
112.227623 201.468018 36.678440 1
112.233202 208.756371 37.807114 1
111.529806 227.521654 38.662687 1
106.992525 191.033969 27.581964 1
94.373312 194.986030 30.132424 1
93.133878 188.371391 31.097330 1
89.523855 169.105344 33.907753 1
88.196231 161.673630 35.007497 1
85.531987 146.759838 37.214439 1
85.531987 146.759838 37.214439 1
114.968313 190.571816 27.046052 1
127.510274 195.382728 28.006519 1
128.400793 188.677238 28.687649 1
130.994560 169.146548 30.671535 1
132.238858 161.650594 31.353303 1
134.735887 146.607889 32.721457 1
134.735887 146.607889 32.721457 1
101.910127 156.512944 10.979795 1
103.356220 151.278759 28.090483 1
105.146983 144.797019 49.279417 1
106.922000 123.034087 44.734437 1
108.399397 104.920168 40.951517 1
107.679170 97.583852 54.607189 1
108.264058 96.721726 62.100255 1
115.021336 156.649862 9.056848 1
115.969825 152.042776 26.381462 1
117.144371 146.337674 47.835098 1
115.618286 123.974799 45.775612 1
114.373682 105.736717 44.095994 1
117.312329 97.539900 56.941000 1
118.001656 96.710318 64.428913 1
108.570000 160.025600 13.612190 1
108.924874 166.931325 16.485241 1
109.410870 176.216490 19.951601 1
110.087503 184.681697 24.227727 1
112.297123 203.971227 39.069827 1
112.398995 211.301761 39.874142 1
111.805000 230.089237 40.075487 1
107.013751 193.653858 29.868775 1
94.418115 197.717253 32.360152 1
93.206892 191.072409 33.134538 1
89.679038 171.718386 35.390044 1
88.406188 164.249447 36.282907 1
85.851866 149.260953 38.074688 1
85.851866 149.260953 38.074688 1
114.987567 193.135235 29.355700 1
127.557690 197.877619 30.288428 1
128.451581 191.149285 30.677057 1
131.055170 171.552057 31.808993 1
132.218250 164.021154 32.176626 1
134.552295 148.908315 32.914382 1
134.552295 148.908315 32.914382 1
101.825857 159.210694 13.089902 1
103.343917 152.869309 29.815507 1
105.223800 145.016475 50.527574 1
106.635707 123.343923 45.454141 1
107.810878 105.305229 41.231374 1
107.183712 97.613332 54.694621 1
107.829378 96.755718 62.183212 1
114.972953 159.227992 11.424419 1
115.881903 153.401677 28.380096 1
117.007488 146.186766 49.376866 1
115.467638 123.963127 46.150829 1
114.211808 105.838598 43.519829 1
117.123254 97.598787 56.343503 1
117.801221 96.755551 63.830928 1
108.449500 162.886800 15.879790 1
108.820720 169.834673 18.647216 1
109.346490 179.165607 21.982388 1
110.055764 187.676244 26.161959 1
112.338421 207.087205 40.833714 1
112.544146 214.440395 41.365027 1
111.982616 233.224014 40.892817 1
107.020241 196.719071 31.710104 1
94.419933 200.833667 34.091387 1
93.181522 194.176275 34.696499 1
89.574480 174.785704 36.458970 1
88.301153 167.297525 37.171867 1
85.745872 152.270422 38.602493 1
85.745872 152.270422 38.602493 1
114.992266 196.145605 31.228507 1
127.578876 200.863310 32.058362 1
128.524768 194.132277 32.196336 1
131.279817 174.527189 32.598201 1
132.424022 166.992472 32.946399 1
134.720189 151.871978 33.645154 1
134.720189 151.871978 33.645154 1
101.709799 162.140754 15.216338 1
103.087033 154.351338 31.331293 1
104.792524 144.705342 51.287163 1
106.538001 123.212675 45.590561 1
107.990811 105.323705 40.849112 1
107.313937 97.659237 54.325588 1
107.930594 96.800800 61.816530 1
114.890652 161.979653 13.852730 1
115.818499 154.786897 30.274377 1
116.967484 145.879877 50.609840 1
115.319003 123.816855 46.465668 1
113.974579 105.823318 43.085880 1
116.889997 97.579852 55.906303 1
117.570666 96.736419 63.393461 1
108.329900 165.954100 18.205730 1
108.711825 172.965371 20.806808 1
109.273666 182.367032 23.930785 1
110.025056 190.954875 27.941669 1
112.447295 210.597310 42.279166 1
112.646908 217.967721 42.455818 1
112.205962 236.731289 41.408568 1
107.053039 200.109408 33.338953 1
94.445538 204.259003 35.619295 1
93.179613 197.597355 36.109773 1
89.492430 178.194388 37.538355 1
88.239944 170.692815 38.138435 1
85.726487 155.638834 39.342662 1
85.726487 155.638834 39.342662 1
115.020716 199.477864 32.858077 1
127.589632 204.269727 33.512741 1
128.566468 197.541701 33.509069 1
131.411645 177.945371 33.498369 1
132.513866 170.405615 33.871982 1
134.725778 155.275007 34.621738 1
134.725778 155.275007 34.621738 1
101.598285 165.253765 17.421369 1
103.036247 156.007997 32.741668 1
104.816939 144.558535 51.713480 1
106.506830 123.155298 45.673740 1
107.913375 105.340764 40.646687 1
107.339385 97.628971 54.100921 1
108.014684 96.771513 61.586917 1
114.802139 164.937217 16.335865 1
115.713037 156.294146 32.043656 1
116.841034 145.591154 51.495130 1
115.142317 123.672043 46.664446 1
113.756923 105.795872 42.724772 1
116.631729 97.584844 55.575147 1
117.288197 96.740375 63.064349 1
108.248000 169.037500 20.588210 1
108.643751 176.105012 23.030145 1
109.243086 185.575911 25.929975 1
110.044439 194.260521 29.716557 1
112.648928 214.279500 43.490206 1
112.828248 221.651785 43.383978 1
112.281312 240.382362 41.891003 1
107.151482 203.579406 34.870023 1
94.508523 207.702044 36.997841 1
93.200015 201.048382 37.484958 1
89.388805 181.668677 38.903755 1
88.159960 174.164567 39.520745 1
85.693943 159.105494 40.758909 1
85.693943 159.105494 40.758909 1
115.112980 202.886899 34.371074 1
127.679113 207.710629 34.809359 1
128.661370 200.983509 34.769574 1
131.522338 181.389819 34.653691 1
132.616592 173.853506 35.110852 1
134.812518 158.729808 36.028272 1
134.812518 158.729808 36.028272 1
101.523332 168.365620 19.723491 1
103.048921 157.715584 34.094045 1
104.938127 144.527153 51.889744 1
106.423539 123.149721 45.706567 1
107.659891 105.356665 40.560128 1
107.238326 97.557355 53.969479 1
108.001364 96.701339 61.447206 1
114.738660 167.932243 18.836050 1
115.607936 157.834168 33.652944 1
116.684391 145.329395 52.001191 1
114.946771 123.503929 46.776413 1
113.529650 105.704132 42.515335 1
116.334917 97.577658 55.434643 1
116.948319 96.730525 62.927194 1
108.281300 172.061100 22.624738 1
108.687120 179.160140 24.971722 1
109.311775 188.679336 27.703175 1
110.151483 197.457248 31.259295 1
112.900372 217.929629 44.319983 1
113.086340 225.293618 43.957916 1
112.450019 244.001206 42.230519 1
107.321877 206.964625 36.093769 1
94.666350 211.126254 38.065229 1
93.339020 204.483466 38.641645 1
89.472988 185.135432 40.320535 1
88.373018 177.623697 41.073068 1
86.165624 162.549322 42.583234 1
86.165624 162.549322 42.583234 1
115.278167 206.214051 35.595716 1
127.861310 211.009817 35.778255 1
128.844702 204.282750 35.769987 1
131.708977 184.689215 35.745903 1
132.737029 177.145694 36.236625 1
134.800099 162.007532 37.221394 1
134.800099 162.007532 37.221394 1
101.559438 171.399747 21.730585 1
103.130057 159.456008 35.040123 1
105.075025 144.665529 51.521916 1
106.377061 123.245506 45.445729 1
107.460782 105.417000 40.388340 1
107.197947 97.541097 53.756912 1
108.052483 96.686914 61.224946 1
114.778073 170.910319 20.925334 1
115.588826 159.422522 34.696329 1
116.592811 145.196810 51.749405 1
114.775319 123.360263 46.598629 1
113.293059 105.551427 42.397903 1
116.013769 97.572755 55.426954 1
116.574630 96.721528 62.923157 1
108.381900 175.311000 25.040650 1
108.769617 182.466686 27.212106 1
109.375005 192.061474 29.669683 1
110.201530 200.965251 32.901158 1
112.938439 222.004301 45.030628 1
113.226619 229.355811 44.514604 1
112.592603 248.056228 42.710428 1
107.365400 210.676418 37.307818 1
94.772320 215.070304 39.172292 1
93.515310 208.436504 39.968100 1
89.854095 189.114648 42.286002 1
89.016199 181.601870 43.314841 1
87.334730 166.525403 45.379492 1
87.334730 166.525403 45.379492 1
115.322107 209.912656 36.837232 1
127.988419 214.486951 36.744882 1
128.960663 207.758505 36.802417 1
131.792466 188.160952 36.969992 1
132.716118 180.613954 37.596166 1
134.569682 165.468814 38.852755 1
134.569682 165.468814 38.852755 1
101.664177 174.617842 24.139505 1
103.385732 161.326034 36.082187 1
105.517611 144.866182 50.871339 1
106.528948 123.364709 45.032110 1
107.370712 105.468411 40.171948 1
107.337499 97.554222 53.520437 1
108.321617 96.701073 60.972620 1
114.886254 174.127889 23.393243 1
115.495220 161.204220 35.838123 1
116.249325 145.200421 51.249028 1
114.559874 123.298977 46.335671 1
113.182039 105.437215 42.328574 1
115.699228 97.596486 55.481686 1
116.140492 96.742082 62.985518 1
108.594100 178.396700 27.682040 1
108.943823 185.630552 29.584268 1
109.497552 195.322428 31.640247 1
110.279155 204.381054 34.421116 1
112.940126 226.106441 45.292321 1
113.325790 233.445923 44.678081 1
112.815739 252.158585 42.963799 1
107.400039 214.310714 38.278780 1
94.890720 218.990479 40.006463 1
93.709254 212.378018 41.055360 1
90.268073 193.118314 44.110417 1
89.793301 185.621465 45.442422 1
88.840543 170.576961 48.115462 1
88.840543 170.576961 48.115462 1
115.358879 213.577760 37.795436 1
128.072299 217.995152 37.322412 1
129.034792 211.268579 37.540100 1
131.838193 191.676484 38.174143 1
132.653659 184.132307 38.963334 1
134.290119 168.992830 40.547063 1
134.290119 168.992830 40.547063 1
101.879514 177.633052 26.815144 1
103.679586 163.117313 37.222671 1
105.908694 145.141813 50.110772 1
106.621375 123.542647 44.597074 1
107.214560 105.565036 40.007861 1
107.364715 97.545334 53.292418 1
108.459712 96.699639 60.729970 1
115.103416 177.189028 26.072488 1
115.427741 162.922295 36.963872 1
115.829364 145.255336 50.451033 1
114.363712 123.250614 45.944074 1
113.168396 105.304624 42.268415 1
115.417931 97.592072 55.545228 1
115.705291 96.735058 63.056231 1
108.829000 181.278500 30.341360 1
109.138225 188.584191 31.954017 1
109.634788 198.362771 33.566134 1
110.361709 207.569978 35.824839 1
112.903575 230.005541 45.175816 1
113.375845 237.339891 44.560767 1
113.008883 256.057689 42.866059 1
107.422767 217.717260 39.012993 1
94.960179 222.621243 40.428270 1
93.838799 216.036389 41.694325 1
90.572625 196.857096 45.381886 1
90.314778 189.399686 46.970266 1
89.797338 174.434329 50.157792 1
89.797338 174.434329 50.157792 1
115.384682 217.013776 38.536565 1
128.063323 221.480970 37.721443 1
128.986243 214.755101 38.084006 1
131.674384 195.165052 39.140018 1
132.427895 187.644601 40.178020 1
133.940025 172.552736 42.261059 1
133.940025 172.552736 42.261059 1
102.117203 180.439811 29.523616 1
103.727179 164.864635 38.303446 1
105.720885 145.577186 49.175894 1
106.312561 123.861372 44.125541 1
106.805030 105.786671 39.921984 1
107.047782 97.616246 53.112998 1
108.146127 96.715948 60.543644 1
115.341754 180.047868 28.763415 1
115.505094 164.558293 37.836095 1
115.707366 145.377049 49.071093 1
114.254336 123.211108 45.434014 1
113.069313 105.133635 42.467786 1
115.181585 97.593764 55.865782 1
115.383760 96.742558 63.380221 1
109.064500 183.615600 32.899740 1
109.318869 190.976888 34.247381 1
109.742845 200.820179 35.428903 1
110.404024 210.150172 37.136794 1
112.799993 233.239184 44.779646 1
113.431325 240.565963 44.219518 1
113.120268 259.288062 42.561530 1
107.397665 220.486610 39.563498 1
94.935319 225.485313 40.598424 1
93.816602 218.930329 42.013112 1
90.558187 199.838035 46.133588 1
90.443662 192.418876 47.907108 1
90.213837 177.530282 51.466169 1
90.213837 177.530282 51.466169 1
115.363672 219.805112 39.125021 1
128.027648 224.235697 37.958058 1
128.935762 217.514915 38.434473 1
131.580778 197.939684 39.822096 1
132.320683 190.456205 41.107588 1
133.805509 175.438535 43.687284 1
133.805509 175.438535 43.687284 1
102.359480 182.698155 32.111496 1
103.651071 166.341689 39.395819 1
105.250504 146.086735 48.416314 1
105.822859 124.294980 43.702025 1
106.299245 106.157070 39.778183 1
106.522571 97.985906 52.969083 1
107.532815 96.697938 60.355011 1
115.586925 182.377083 31.368605 1
115.697134 165.974886 38.664008 1
115.833611 145.663512 47.698148 1
114.421485 123.371104 44.919111 1
113.269822 105.190491 42.652661 1
115.166088 97.698447 56.109670 1
115.323480 96.737441 63.611930 1
109.202900 185.436800 35.242100 1
109.427386 192.848641 36.283071 1
109.810755 202.738531 36.996667 1
110.425350 212.156391 38.149494 1
112.680782 235.743348 44.134880 1
113.345141 243.074224 43.675644 1
113.235700 261.799347 42.026267 1
107.360158 222.624306 39.821738 1
94.807256 227.458892 40.469507 1
93.642790 220.951133 42.054996 1
90.251120 201.996387 46.672948 1
90.213677 194.630146 48.657764 1
90.138539 179.847745 52.640847 1
90.138539 179.847745 52.640847 1
115.331014 221.953337 39.462261 1
127.924057 226.484208 37.960713 1
128.795873 219.766806 38.541223 1
131.335166 200.201417 40.232038 1
132.111843 192.757046 41.708693 1
133.670462 177.817854 44.672009 1
133.670462 177.817854 44.672009 1
102.504447 184.464334 34.464050 1
103.540169 167.502120 40.249730 1
104.822748 146.497040 47.414387 1
105.477273 124.610670 43.172795 1
106.022052 106.394009 39.642392 1
106.086834 98.509498 53.008316 1
107.018036 97.006580 60.363959 1
115.736020 184.157997 33.791813 1
115.844672 167.140112 39.505561 1
115.979221 146.066311 46.581085 1
114.696784 123.710958 44.287151 1
113.650888 105.479010 42.416328 1
115.327483 98.035004 55.929042 1
115.425687 96.884729 63.405635 1
109.212600 186.618600 37.434800 1
109.440210 194.071521 38.121500 1
109.815031 203.985360 38.325064 1
110.381917 213.457818 38.920052 1
112.401184 237.411940 43.322199 1
113.122979 244.746642 43.048018 1
113.226780 263.467365 41.349075 1
107.221588 223.989035 39.855372 1
94.571195 228.595994 40.189500 1
93.388794 222.155114 42.016433 1
89.944888 203.395165 47.337627 1
89.950271 196.112741 49.611099 1
89.961075 181.498542 54.173451 1
89.961075 181.498542 54.173451 1
115.200369 223.360874 39.613613 1
127.783635 227.847292 37.910194 1
128.610267 221.135670 38.611174 1
131.017956 201.587121 40.652874 1
131.835080 194.178484 42.279773 1
133.474865 179.311002 45.544597 1
133.474865 179.311002 45.544597 1
102.519694 185.618285 36.644415 1
103.459273 168.230092 41.006920 1
104.622794 146.697504 46.409196 1
105.458308 124.710276 42.762765 1
106.153731 106.409670 39.727732 1
106.106990 98.894323 53.304735 1
106.955868 97.600317 60.709892 1
115.756177 185.263669 36.105857 1
115.831501 167.862995 40.519246 1
115.924780 146.315174 45.984494 1
114.716225 123.936562 43.885514 1
113.730584 105.685645 42.173687 1
115.364278 98.430641 55.794025 1
115.414737 97.280790 63.271157 1
109.140300 187.379500 39.411000 1
109.368555 194.857097 39.731679 1
109.732065 204.768903 39.431526 1
110.256842 214.262116 39.511210 1
112.085969 238.445966 42.519869 1
112.842588 245.781825 42.437967 1
113.049770 264.493125 40.647164 1
107.015856 224.805643 39.825978 1
94.296834 229.230964 39.931750 1
93.118611 222.872217 42.029087 1
89.686875 204.351492 48.137868 1
89.674283 197.176506 50.730516 1
89.649016 182.777912 55.933384 1
89.649016 182.777912 55.933384 1
114.999725 224.224922 39.640036 1
127.578029 228.651236 37.752663 1
128.383274 221.957975 38.631520 1
130.728670 202.462902 41.191312 1
131.576547 195.103862 43.015601 1
133.278048 180.335911 46.676542 1
133.278048 180.335911 46.676542 1
102.450775 186.343521 38.638130 1
103.487601 168.674563 41.637534 1
104.771548 146.794292 45.351821 1
105.621413 124.729451 42.212837 1
106.328780 106.364243 39.600166 1
106.298772 99.197432 53.364379 1
107.153452 98.093633 60.799602 1
115.689524 185.958960 38.182156 1
115.794756 168.327677 41.557641 1
115.925071 146.494284 45.737619 1
114.751641 124.107219 43.710060 1
113.794646 105.849409 42.056479 1
115.465315 98.725074 55.741155 1
115.528970 97.644713 63.228543 1
109.060400 187.798000 41.078700 1
109.271236 195.282932 41.105901 1
109.604208 205.175159 40.399430 1
110.086149 214.664686 40.053833 1
111.790332 238.975338 41.882575 1
112.508223 246.315364 41.934225 1
112.753418 265.020445 40.084240 1
106.781957 225.192053 39.892918 1
94.015514 229.479742 39.850119 1
92.860017 223.185096 42.144232 1
89.494473 204.851074 48.826151 1
89.467789 197.764068 51.650337 1
89.414240 183.542029 57.317851 1
89.414240 183.542029 57.317851 1
114.767318 224.649736 39.660819 1
127.363322 228.938242 37.582946 1
128.181002 222.281226 38.694742 1
130.562614 202.891722 41.933001 1
131.340265 195.550766 43.858625 1
132.900837 180.819106 47.722922 1
132.900837 180.819106 47.722922 1
102.372281 186.716938 40.357104 1
103.410314 168.892146 42.217966 1
104.695755 146.818900 44.522343 1
105.650339 124.703610 41.795543 1
106.444867 106.296413 39.525945 1
106.393734 99.407503 53.431266 1
107.224739 98.457155 60.890331 1
115.611252 186.345696 39.896550 1
115.784593 168.586190 42.511317 1
115.999249 146.594014 45.749272 1
114.841697 124.211456 43.663660 1
113.897652 105.957321 41.962735 1
115.692596 98.855017 55.643125 1
115.819548 97.785284 63.131234 1
108.964700 188.033200 42.439400 1
109.150032 195.516852 42.266173 1
109.451992 205.385383 41.272675 1
109.903399 214.859461 40.608667 1
111.522785 239.227935 41.509429 1
112.237777 246.567655 41.615794 1
112.493225 265.274865 39.788862 1
106.565207 225.361711 40.035740 1
93.791461 229.617993 39.746543 1
92.678499 223.396247 42.250917 1
89.436845 205.274557 49.545251 1
89.380318 198.291322 52.616673 1
89.266884 184.277528 58.780332 1
89.266884 184.277528 58.780332 1
114.552924 224.837906 39.846053 1
127.171300 228.998851 37.648033 1
127.984113 222.383163 38.986902 1
130.351551 203.114035 42.886543 1
131.140002 195.815062 44.961573 1
132.722248 181.167654 49.125694 1
132.722248 181.167654 49.125694 1
102.284056 186.909553 41.713629 1
103.204175 169.020288 42.893076 1
104.343599 146.867202 44.353627 1
105.422240 124.743434 41.744386 1
106.320024 106.329181 39.572637 1
106.034356 99.481108 53.495278 1
106.729929 98.555647 60.971312 1
115.526389 186.572719 41.329642 1
115.725157 168.740076 43.384992 1
115.971300 146.657333 45.930202 1
114.836929 124.285123 43.724299 1
113.911790 106.039427 41.925270 1
115.699433 98.935241 55.605640 1
115.819420 97.863576 63.093587 1
108.919400 188.143400 43.561200 1
109.074263 195.621714 43.214455 1
109.348341 205.464115 41.982322 1
109.766758 214.919063 41.070345 1
111.258608 239.311379 41.284035 1
111.994332 246.649011 41.393029 1
112.299763 265.354922 39.560478 1
106.387978 225.383036 40.143976 1
93.621312 229.627607 39.540649 1
92.568564 223.493976 42.277615 1
89.502292 205.628931 50.249404 1
89.428089 198.770036 53.588933 1
89.279184 185.005765 60.290624 1
89.279184 185.005765 60.290624 1
114.379973 224.894765 40.084108 1
127.015563 229.000977 37.882052 1
127.804665 222.418262 39.387291 1
130.103041 203.245172 43.771510 1
130.918382 195.982440 45.960193 1
132.554590 181.407757 50.352392 1
132.554590 181.407757 50.352392 1
102.256134 186.970903 42.757171 1
103.098963 169.060721 43.639527 1
104.142675 146.881734 44.732176 1
105.383780 124.772224 42.074743 1
106.416787 106.369838 39.862882 1
105.768688 99.348817 53.686878 1
106.258453 98.333314 61.167538 1
115.504250 186.688785 42.589514 1
115.774571 168.810954 44.194889 1
116.109321 146.672253 46.182881 1
114.851594 124.331027 43.742330 1
113.825850 106.110599 41.751933 1
115.510180 98.937534 55.409451 1
115.590730 97.833314 62.893195 1
108.894800 188.202500 44.517700 1
108.995357 195.675795 44.060371 1
109.209435 205.497198 42.660252 1
109.562045 214.932926 41.544220 1
110.831976 239.335055 41.120301 1
111.687412 246.657476 41.331027 1
112.095376 265.354854 39.432545 1
106.105976 225.335877 40.278026 1
93.387638 229.673352 39.384515 1
92.444301 223.646544 42.385913 1
89.696703 206.092636 51.127898 1
89.620858 199.381112 54.754481 1
89.468657 185.912584 62.032225 1
89.468657 185.912584 62.032225 1
114.101888 224.921254 40.364320 1
126.810092 228.897505 38.349587 1
127.601780 222.340319 39.961140 1
129.907687 203.241586 44.655014 1
130.755168 196.010676 46.934953 1
132.455874 181.499854 51.510280 1
132.455874 181.499854 51.510280 1
102.256379 186.962548 43.615359 1
103.119250 169.047701 44.375107 1
104.187782 146.862936 45.315926 1
105.518421 124.765981 42.598072 1
106.625950 106.374046 40.335921 1
105.666477 99.141580 54.032215 1
105.985081 98.011770 61.505729 1
115.507241 186.788407 43.683262 1
115.759791 168.878164 44.877653 1
116.072533 146.699327 46.356711 1
114.845588 124.379792 43.710666 1
113.844948 106.177056 41.552679 1
115.265916 99.057673 55.268104 1
115.204379 97.983400 62.756386 1
108.827400 188.268100 45.265300 1
108.895445 195.735725 44.718183 1
109.076351 205.539484 43.195119 1
109.395583 214.960317 41.950608 1
110.555290 239.359030 41.166877 1
111.439215 246.677992 41.380162 1
111.971469 265.364678 39.408591 1
105.904492 225.325808 40.488447 1
93.184890 229.611145 39.385819 1
92.307454 223.665533 42.563945 1
89.751801 206.348118 51.820676 1
89.735064 199.745967 55.643466 1
89.701477 186.496925 63.314954 1
89.701477 186.496925 63.314954 1
113.900871 224.951451 40.666609 1
126.620722 228.951493 38.776309 1
127.422134 222.417508 40.474936 1
129.756367 203.386350 45.422425 1
130.612005 196.188398 47.801453 1
132.329082 181.743715 52.575631 1
132.329082 181.743715 52.575631 1
102.206496 186.982688 44.300066 1
103.091235 169.062540 44.890859 1
104.186846 146.871210 45.622453 1
105.597481 124.779398 42.903138 1
106.771593 106.391743 40.639771 1
105.609749 99.022913 54.247420 1
105.813143 97.819825 61.713517 1
115.456340 186.878511 44.526029 1
115.678616 168.950524 45.423260 1
115.953870 146.749714 46.534334 1
114.825135 124.446810 43.710327 1
113.904593 106.257637 41.407202 1
115.122112 99.197121 55.172535 1
114.942614 98.152820 62.663158 1
108.755400 188.294200 45.880100 1
108.815051 195.760587 45.315384 1
108.989211 205.558048 43.751556 1
109.297634 214.969251 42.433620 1
110.404042 239.359875 41.370779 1
111.259904 246.682427 41.575122 1
111.921352 265.353156 39.494498 1
105.792529 225.307989 40.823103 1
93.032265 229.430703 39.579297 1
92.149909 223.516921 42.814930 1
89.579927 206.292218 52.239158 1
89.657652 199.737467 56.141927 1
89.813629 186.583546 63.973914 1
89.813629 186.583546 63.973914 1
113.788224 224.955858 41.065661 1
126.507145 228.998530 39.261773 1
127.328639 222.488751 41.041796 1
129.721362 203.528096 46.226361 1
130.578611 196.360909 48.695969 1
132.298920 181.977966 53.651921 1
132.298920 181.977966 53.651921 1
102.141675 186.996374 44.882797 1
103.023554 169.070233 45.256009 1
104.115624 146.871483 45.718162 1
105.578831 124.783577 42.994905 1
106.796700 106.399172 40.728256 1
105.528300 98.999760 54.309770 1
105.669143 97.781067 61.774777 1
115.390272 186.912961 45.179406 1
115.638348 168.978174 45.920366 1
115.945551 146.768943 46.837925 1
114.823782 124.485037 43.865086 1
113.908920 106.311358 41.440582 1
115.080754 99.189403 55.178201 1
114.876816 98.111778 62.663477 1
108.703600 188.299500 46.324700 1
108.748659 195.769464 45.807979 1
108.905914 205.572143 44.275372 1
109.205133 214.979282 42.926660 1
110.300408 239.358936 41.626963 1
111.088615 246.689577 41.812549 1
111.802862 265.343833 39.605466 1
105.699002 225.299454 41.203247 1
92.864474 229.160871 39.887006 1
91.932431 223.247563 43.109546 1
89.217729 206.024237 52.495638 1
89.349143 199.473657 56.403967 1
89.612865 186.328106 64.247112 1
89.612865 186.328106 64.247112 1
113.694097 224.954730 41.474533 1
126.401005 229.031440 39.662601 1
127.250227 222.549418 41.528818 1
129.723711 203.669608 46.964436 1
130.590859 196.532884 49.517399 1
132.331032 182.211072 54.640627 1
132.331032 182.211072 54.640627 1
102.091993 186.995369 45.321595 1
102.936671 169.063960 45.442565 1
103.982675 146.858688 45.592355 1
105.509470 124.768906 42.919684 1
106.780266 106.382941 40.695141 1
105.454924 99.045249 54.304673 1
105.557608 97.862476 61.776079 1
115.340842 186.935582 45.612610 1
115.591475 168.996094 46.228286 1
115.901844 146.781040 46.990701 1
114.789101 124.502280 43.976195 1
113.881600 106.332797 41.517709 1
115.040040 99.161456 55.230751 1
114.827820 98.056611 62.711826 1
108.704500 188.293700 46.681100 1
108.742526 195.767135 46.216641 1
108.889897 205.576831 44.728599 1
109.184108 214.983656 43.376594 1
110.286076 239.355854 41.949029 1
110.946870 246.699811 42.102848 1
111.623653 265.341236 39.778655 1
105.675926 225.296803 41.615716 1
92.747126 228.848748 40.351605 1
91.763082 222.914665 43.520044 1
88.896920 205.630831 52.748559 1
89.032360 199.052971 56.610658 1
89.304158 185.852674 64.361031 1
89.304158 185.852674 64.361031 1
113.671916 224.949300 41.855230 1
126.331363 229.158110 40.013365 1
127.174389 222.696413 41.951488 1
129.629827 203.875800 47.596545 1
130.498956 196.768938 50.230844 1
132.243106 182.507053 55.517293 1
132.243106 182.507053 55.517293 1
102.091308 186.991474 45.686001 1
102.894130 169.058215 45.554690 1
103.888301 146.850652 45.392069 1
105.423910 124.756909 42.757460 1
106.702041 106.367647 40.564596 1
105.354270 99.094979 54.206790 1
105.443879 97.948100 61.683957 1
115.340909 186.939984 45.942283 1
115.552120 168.996726 46.454124 1
115.813671 146.777003 47.087959 1
114.754624 124.497903 44.056671 1
113.890914 106.328143 41.584498 1
115.026810 99.131869 55.286359 1
114.795967 98.011510 62.764576 1
108.690500 188.246100 46.874100 1
108.737210 195.724859 46.506164 1
108.892570 205.548243 45.112202 1
109.193107 214.958788 43.787767 1
110.317181 239.324485 42.269337 1
110.781701 246.683566 42.418193 1
111.441864 265.317156 40.027344 1
105.688804 225.269911 42.007421 1
92.649800 228.448824 40.890706 1
91.595027 222.499509 44.007404 1
88.522858 205.171313 53.085216 1
88.667343 198.565554 56.899069 1
88.957294 185.309271 64.552622 1
88.957294 185.309271 64.552622 1
113.685428 224.913624 42.210005 1
126.287993 229.251736 40.280159 1
127.121948 222.810691 42.289640 1
129.550966 204.050234 48.142537 1
130.399489 196.971001 50.856737 1
132.102286 182.764562 56.303529 1
132.102286 182.764562 56.303529 1
102.072568 186.965521 45.882427 1
102.843382 169.032140 45.630987 1
103.797916 146.824425 45.319606 1
105.343726 124.732155 42.678617 1
106.630349 106.344119 40.480443 1
105.319256 99.098933 54.140822 1
105.426719 97.967760 61.620146 1
115.322804 186.893350 46.097610 1
115.488846 168.949037 46.588715 1
115.694463 146.728008 47.196871 1
114.686672 124.446565 44.165331 1
113.864765 106.274895 41.692952 1
114.988896 99.075520 55.394155 1
114.745483 97.951598 62.871438 1
108.688200 188.215800 47.043300 1
108.732041 195.697590 46.742810 1
108.883155 205.530555 45.417632 1
109.178534 214.945123 44.120917 1
110.291508 239.309597 42.574943 1
110.608036 246.676023 42.746985 1
111.198837 265.301696 40.277590 1
105.666072 225.253561 42.341095 1
92.545733 228.128638 41.361907 1
91.427202 222.172026 44.442225 1
88.169327 204.822576 53.414075 1
88.327857 198.196341 57.191679 1
88.645993 184.898970 64.772489 1
88.645993 184.898970 64.772489 1
113.663372 224.899567 42.519570 1
126.227881 229.327650 40.546408 1
127.062184 222.900097 42.598492 1
129.492213 204.178934 48.575474 1
130.319995 197.123100 51.356191 1
131.981169 182.963616 56.936468 1
131.981169 182.963616 56.936468 1
102.071480 186.941490 46.035594 1
102.828696 169.008162 45.742510 1
103.766391 146.800513 45.379559 1
105.321885 124.713051 42.704268 1
106.616567 106.329016 40.477544 1
105.291788 99.080457 54.134813 1
105.390785 97.947720 61.614017 1
115.321595 186.872829 46.259193 1
115.475272 168.926572 46.677979 1
115.665576 146.703137 47.196579 1
114.676532 124.418535 44.182128 1
113.869914 106.244289 41.723687 1
114.956625 99.046440 55.428710 1
114.691389 97.922920 62.905311 1
108.685700 188.211500 47.186300 1
108.728206 195.695038 46.932828 1
108.874235 205.535337 45.662663 1
109.160517 214.955438 44.404663 1
110.246286 239.325102 42.922469 1
110.447360 246.694824 43.124441 1
110.969011 265.302520 40.508309 1
105.631934 225.265777 42.668273 1
92.461409 227.943020 41.809315 1
91.293979 221.957530 44.814593 1
87.893681 204.523964 53.567881 1
88.080041 197.851051 57.261106 1
88.454027 184.460006 64.672585 1
88.454027 184.460006 64.672585 1
113.630202 224.918209 42.812760 1
126.160457 229.432885 40.818123 1
127.001059 223.010667 42.884291 1
129.449439 204.305044 48.902297 1
130.254716 197.262077 51.721969 1
131.870729 183.128415 57.380421 1
131.870729 183.128415 57.380421 1
102.067600 186.942717 46.180684 1
102.821016 169.010440 45.821023 1
103.754004 146.804094 45.375627 1
105.312433 124.717574 42.694269 1
106.609558 106.334323 40.462495 1
105.308495 99.080211 54.119095 1
105.419480 97.944723 61.597714 1
115.318049 186.874331 46.383647 1
115.465718 168.926984 46.755247 1
115.648582 146.702200 47.215416 1
114.661850 124.417137 44.203618 1
113.857117 106.242515 41.747341 1
114.950901 99.050809 55.455026 1
114.689001 97.930481 62.932224 1
108.745300 188.224800 47.303300 1
108.785021 195.709346 47.081049 1
108.920840 205.555245 45.853877 1
109.190029 214.981672 44.640278 1
110.219138 239.360974 43.281255 1
110.340792 246.731207 43.523899 1
110.830663 265.293195 40.595546 1
105.632353 225.293676 42.974580 1
92.438955 227.883693 42.203705 1
91.244517 221.841276 45.081760 1
87.765552 204.241904 53.464491 1
88.000332 197.489626 57.007658 1
88.471484 183.939313 64.118003 1
88.471484 183.939313 64.118003 1
113.631900 224.961874 43.080025 1
126.112355 229.603032 41.063577 1
126.961302 223.180126 43.124189 1
129.433985 204.472500 49.126010 1
130.224662 197.425995 51.940970 1
131.811375 183.285233 57.589966 1
131.811375 183.285233 57.589966 1
102.123964 186.958483 46.316042 1
102.866557 169.027370 45.883293 1
103.786143 146.822464 45.347389 1
105.330244 124.735111 42.664603 1
106.615444 106.351168 40.431640 1
105.356025 99.094433 54.090750 1
105.490452 97.957323 61.568738 1
115.375071 186.892770 46.471341 1
115.515278 168.944745 46.811769 1
115.688903 146.719121 47.233337 1
114.690732 124.434287 44.223621 1
113.876670 106.259850 41.769040 1
115.004761 99.079945 55.480131 1
114.762011 97.966188 62.958957 1
108.803300 188.237000 47.416700 1
108.833923 195.722691 47.235351 1
108.954347 205.575232 46.061014 1
109.203945 215.008505 44.897450 1
110.175650 239.396954 43.666327 1
110.245249 246.767598 43.916900 1
110.866462 265.263524 40.618801 1
105.619501 225.321262 43.295000 1
92.413210 227.860318 42.577200 1
91.211329 221.757855 45.322399 1
87.710685 203.983592 53.318169 1
87.987515 197.176024 56.750775 1
88.543054 183.514755 63.639250 1
88.543054 183.514755 63.639250 1
113.619989 225.006810 43.380380 1
126.069659 229.740765 41.389518 1
126.932301 223.309870 43.419293 1
129.444873 204.578974 49.331298 1
130.229822 197.522191 52.122011 1
131.805042 183.360805 57.722349 1
131.805042 183.360805 57.722349 1
102.182141 186.968269 46.431357 1
102.912545 169.037628 45.960020 1
103.817037 146.833306 45.376330 1
105.344177 124.744686 42.694274 1
106.615260 106.359687 40.461918 1
105.361331 99.090045 54.114669 1
105.500580 97.945340 61.591409 1
115.433512 186.917385 46.568627 1
115.582831 168.968749 46.870768 1
115.767739 146.742367 47.244924 1
114.754411 124.457492 44.240576 1
113.927987 106.283023 41.790375 1
115.067137 99.125945 55.512482 1
114.831954 98.025106 62.993461 1
108.844300 188.243700 47.494200 1
108.872563 195.729544 47.318863 1
108.985244 205.583675 46.157172 1
109.226462 215.019777 45.014977 1
110.175620 239.413012 43.863651 1
110.315131 246.781990 44.133313 1
111.007231 265.211518 40.495166 1
105.632279 225.334447 43.447028 1
92.410977 227.805668 42.769962 1
91.215421 221.648935 45.394075 1
87.733198 203.716602 53.037166 1
88.058639 196.876354 56.399830 1
88.711727 183.149507 63.147948 1
88.711727 183.149507 63.147948 1
113.633067 225.027041 43.529869 1
126.076035 229.800983 41.593328 1
126.948479 223.358945 43.583189 1
129.489602 204.595597 49.378941 1
130.283494 197.511590 52.097210 1
131.876660 183.295570 57.552169 1
131.876660 183.295570 57.552169 1
102.219053 186.974386 46.537503 1
102.946469 169.046744 45.959527 1
103.847260 146.846136 45.243782 1
105.351917 124.753630 42.581091 1
106.604287 106.365398 40.364854 1
105.413125 99.077238 54.013352 1
105.587964 97.922037 61.487730 1
115.470917 186.926175 46.615334 1
115.619376 168.977214 46.897941 1
115.803220 146.750429 47.247907 1
114.781172 124.469520 44.217216 1
113.947638 106.298284 41.745530 1
115.143094 99.162589 55.473981 1
114.938337 98.073323 62.957549 1
108.884100 188.241500 47.535700 1
108.901433 195.728088 47.393954 1
108.998166 205.587079 46.272764 1
109.225185 215.027317 45.162266 1
110.143034 239.424675 44.074707 1
110.307307 246.793020 44.347698 1
111.206720 265.179069 40.538903 1
105.616461 225.341693 43.626106 1
92.380770 227.743763 42.982118 1
91.224802 221.534824 45.498764 1
87.857888 203.450436 52.828844 1
88.278306 196.580247 56.119157 1
89.121993 182.793313 62.722082 1
89.121993 182.793313 62.722082 1
113.617714 225.043905 43.698476 1
126.058698 229.835807 41.793810 1
126.951476 223.388497 43.757402 1
129.551823 204.609790 49.476637 1
130.385419 197.494296 52.099092 1
132.058261 183.215089 57.361774 1
132.058261 183.215089 57.361774 1
102.258671 186.967085 46.587081 1
102.981621 169.039787 45.993057 1
103.876883 146.839606 45.257439 1
105.366722 124.748059 42.578510 1
106.606759 106.360624 40.348758 1
105.433422 99.073090 53.999134 1
105.619529 97.917792 61.473225 1
115.510723 186.937351 46.637148 1
115.653431 168.987616 46.869002 1
115.830153 146.759873 47.156117 1
114.789487 124.475950 44.154054 1
113.940769 106.302257 41.705715 1
115.141961 99.177065 55.439120 1
114.942284 98.094121 62.923743 1
108.914900 188.240600 47.579400 1
108.937575 195.727683 47.467697 1
109.040514 205.590450 46.380795 1
109.274768 215.033168 45.293131 1
110.218151 239.431011 44.238795 1
110.427150 246.797128 44.539894 1
111.545774 265.169163 40.721566 1
105.674861 225.353793 43.778402 1
92.433248 227.730612 43.163116 1
91.324756 221.485389 45.610386 1
88.096123 203.295319 52.738400 1
88.607367 196.394923 55.951740 1
89.633322 182.547368 62.400199 1
89.633322 182.547368 62.400199 1
113.675893 225.046891 43.835566 1
126.125284 229.819482 41.937353 1
127.028841 223.366144 43.876055 1
129.660582 204.569880 49.522797 1
130.530392 197.424829 52.051448 1
132.275906 183.086306 57.125886 1
132.275906 183.086306 57.125886 1
102.286563 186.974940 46.639411 1
103.013199 169.049746 45.989064 1
103.913025 146.852170 45.183698 1
105.393088 124.754724 42.548355 1
106.624987 106.362380 40.354881 1
105.499376 99.094875 54.019946 1
105.711724 97.950502 61.495019 1
115.538664 186.935141 46.661875 1
115.685767 168.985629 46.907814 1
115.867932 146.758161 47.212372 1
114.820253 124.474492 44.210865 1
113.965815 106.301006 41.762980 1
115.200477 99.181159 55.496189 1
115.019006 98.101118 62.981695 1
108.915300 188.226900 47.554800 1
108.946755 195.714298 47.469467 1
109.058339 205.580294 46.413156 1
109.299132 215.025144 45.345612 1
110.256823 239.423641 44.319689 1
110.528387 246.785522 44.670374 1
111.798465 265.166558 40.943843 1
105.703992 225.349889 43.847733 1
92.473055 227.786166 43.235318 1
91.424381 221.513604 45.638637 1
88.369974 203.243904 52.638633 1
88.969594 196.313115 55.770250 1
90.172900 182.404569 62.054706 1
90.172900 182.404569 62.054706 1
113.704889 225.037819 43.894862 1
126.173735 229.765080 42.010966 1
127.089761 223.301453 43.909116 1
129.757822 204.475221 49.437744 1
130.651889 197.307484 51.892657 1
132.446085 182.923437 56.819117 1
132.446085 182.923437 56.819117 1
102.283527 186.972496 46.624003 1
103.010459 169.048434 45.943482 1
103.910652 146.852260 45.100749 1
105.381766 124.750450 42.497180 1
106.606217 106.354474 40.330151 1
105.526891 99.087938 53.999465 1
105.764730 97.944043 61.473843 1
115.535589 186.916767 46.619036 1
115.685465 168.967589 46.886719 1
115.871063 146.740535 47.218204 1
114.818592 124.459218 44.200956 1
113.960246 106.287649 41.740233 1
115.230807 99.169575 55.471087 1
115.068581 98.090401 62.957159 1
108.948000 188.205100 47.504800 1
108.988171 195.692426 47.416835 1
109.108857 205.558378 46.361115 1
109.358144 215.004083 45.303126 1
110.338587 239.403646 44.325176 1
110.665551 246.760112 44.736905 1
112.055118 265.153996 41.117958 1
105.772178 225.335188 43.827272 1
92.560857 227.872602 43.202220 1
91.561783 221.583887 45.584364 1
88.651842 203.267140 52.522685 1
89.344692 196.323075 55.605268 1
90.735089 182.387886 61.791325 1
90.735089 182.387886 61.791325 1
113.772795 225.015427 43.870338 1
126.262620 229.697630 42.013077 1
127.185334 223.216659 43.847788 1
129.872874 204.339910 49.191641 1
130.764625 197.155435 51.597987 1
132.554173 182.737797 56.426985 1
132.554173 182.737797 56.426985 1
102.313951 186.958162 46.580210 1
103.040760 169.033663 45.911169 1
103.940801 146.836948 45.082653 1
105.410665 124.735094 42.478754 1
106.634075 106.339080 40.311452 1
105.576388 99.062961 53.977360 1
105.825850 97.913888 61.450564 1
115.565929 186.886869 46.563732 1
115.707225 168.938178 46.866503 1
115.882198 146.711729 47.241438 1
114.831362 124.433990 44.197320 1
113.974348 106.265339 41.714684 1
115.257332 99.140046 55.440638 1
115.101408 98.056792 62.926255 1
108.966000 188.193700 47.430700 1
109.021934 195.680654 47.322113 1
109.160181 205.544681 46.250671 1
109.419508 214.990880 45.199529 1
110.407240 239.393017 44.295973 1
110.788929 246.743263 44.767367 1
112.230408 265.155136 41.261981 1
105.837423 225.327364 43.752193 1
92.642980 227.948399 43.115792 1
91.674739 221.654787 45.497734 1
88.854606 203.323776 52.435468 1
89.621449 196.370440 55.479393 1
91.160333 182.416649 61.587872 1
91.160333 182.416649 61.587872 1
113.837919 225.005306 43.800266 1
126.349680 229.629391 41.945041 1
127.286685 223.133679 43.719386 1
130.015849 204.213995 48.887413 1
130.896255 197.010339 51.239992 1
132.663033 182.554209 55.961092 1
132.663033 182.554209 55.961092 1
102.328910 186.958237 46.512550 1
103.074623 169.033991 45.857689 1
103.998072 146.837588 45.046733 1
105.441686 124.732741 42.453586 1
106.643248 106.334235 40.295233 1
105.626154 99.069020 53.970020 1
105.900115 97.925232 61.443178 1
115.580699 186.858911 46.490266 1
115.724026 168.911446 46.857833 1
115.901513 146.686516 47.313006 1
114.839437 124.413046 44.241664 1
113.973258 106.247878 41.736825 1
115.284573 99.113309 55.455280 1
115.144716 98.025182 62.940508 1
109.005100 188.199500 47.378900 1
109.075537 195.686330 47.270217 1
109.230155 205.550580 46.203078 1
109.503644 214.997822 45.164975 1
110.527004 239.400529 44.318251 1
110.930744 246.745363 44.851564 1
112.384569 265.181647 41.482221 1
105.935109 225.343136 43.747558 1
92.756377 228.042761 43.114140 1
91.792980 221.747894 45.494730 1
88.986955 203.413227 52.428524 1
89.800303 196.459360 55.459134 1
91.432513 182.504502 61.540894 1
91.432513 182.504502 61.540894 1
113.935170 225.008878 43.783180 1
126.458688 229.625274 41.989147 1
127.376683 223.107702 43.691820 1
130.050480 204.124348 48.651092 1
130.912567 196.912252 50.984518 1
132.642585 182.439185 55.667182 1
132.642585 182.439185 55.667182 1
102.363658 186.977107 46.474833 1
103.106862 169.051886 45.844250 1
104.027205 146.854277 45.063358 1
105.447963 124.748307 42.467151 1
106.630501 106.348868 40.306250 1
105.658965 99.077114 53.980874 1
105.959762 97.929182 61.452364 1
115.615149 186.851703 46.424427 1
115.747343 168.905288 46.843754 1
115.911045 146.681657 47.363024 1
114.842218 124.407639 44.298009 1
113.970533 106.242023 41.798330 1
115.315185 99.118546 55.519322 1
115.193465 98.036455 63.005741 1
109.071500 188.168100 47.223900 1
109.147871 195.655295 47.149914 1
109.306542 205.523584 46.121408 1
109.583383 214.973250 45.106524 1
110.614445 239.376483 44.284658 1
111.034508 246.715232 44.884937 1
112.418065 265.186268 41.680376 1
106.018291 225.321098 43.698976 1
92.856771 228.101427 43.056839 1
91.895073 221.812291 45.453210 1
89.093996 203.494317 52.432972 1
89.923499 196.544759 55.469085 1
91.588129 182.598550 61.561886 1
91.588129 182.598550 61.561886 1
114.018242 224.984326 43.735598 1
126.559491 229.561549 41.965213 1
127.474510 223.033078 43.627248 1
130.139636 204.017979 48.468157 1
130.990787 196.793374 50.766642 1
132.698860 182.295206 55.379188 1
132.698860 182.295206 55.379188 1
102.425679 186.955454 46.339092 1
103.144217 169.026978 45.776086 1
104.034015 146.825337 45.078879 1
105.561126 124.713630 42.594311 1
106.832186 106.309416 40.526330 1
105.909297 99.111384 54.243263 1
106.221398 98.008132 61.721018 1
115.676777 186.819295 46.238318 1
115.791158 168.876009 46.779170 1
115.932802 146.656252 47.448929 1
114.848512 124.386818 44.356162 1
113.964216 106.224941 41.833851 1
115.341009 99.115652 55.559013 1
115.237900 98.041629 63.046874 1
109.157800 188.155100 47.095000 1
109.244107 195.641840 46.991719 1
109.417992 205.506753 45.933711 1
109.707405 214.954860 44.907869 1
110.764469 239.357518 44.102143 1
111.174480 246.691759 44.761558 1
112.464033 265.199002 41.731437 1
106.153799 225.307352 43.505438 1
93.005489 228.146829 42.851607 1
92.033030 221.863590 45.259079 1
89.200609 203.562791 52.271172 1
90.023279 196.625622 55.337325 1
91.674197 182.704272 61.490411 1
91.674197 182.704272 61.490411 1
114.153375 224.962146 43.545296 1
126.713647 229.494105 41.793415 1
127.622571 222.959652 43.435162 1
130.269948 203.927130 48.216980 1
131.110282 196.689954 50.479617 1
132.796645 182.166558 55.020225 1
132.796645 182.166558 55.020225 1
102.512365 186.947598 46.200316 1
103.227990 169.017930 45.672673 1
104.114181 146.814813 45.019257 1
105.632955 124.700713 42.550930 1
106.897075 106.294507 40.496469 1
105.947689 99.098641 54.212730 1
106.246773 97.996157 61.691130 1
115.763463 186.793860 46.129304 1
115.876570 168.850562 46.670036 1
116.016636 146.630791 47.339645 1
114.907422 124.363577 44.239738 1
114.002799 106.203511 41.711603 1
115.366927 99.104208 55.443197 1
115.260217 98.036638 62.931930 1
