40 35
103.366800 155.171500 12.047600 1
103.527416 162.033060 9.053842 1
103.815749 171.177338 5.211294 1
103.955728 180.517238 3.436608 1
103.445633 204.836990 5.791552 1
105.699130 211.755173 6.997584 1
105.532415 230.387034 4.509893 1
100.039410 190.798017 2.578086 1
88.094627 196.921115 1.483547 1
87.087316 191.007210 4.682256 1
84.153382 173.782148 13.998938 1
82.950181 167.141563 17.556655 1
80.535628 153.815392 24.696197 1
80.535628 153.815392 24.696197 1
107.874294 190.802399 4.229915 1
120.889111 194.194781 4.918725 1
122.048985 187.661572 6.399453 1
125.427280 168.632701 10.712279 1
126.520886 161.285989 12.453618 1
128.715506 146.542780 15.948097 1
128.715506 146.542780 15.948097 1
96.907031 153.394612 10.808898 1
98.689059 150.731469 28.472295 1
100.895825 147.433574 50.345675 1
103.898788 125.505701 47.591890 1
106.398243 107.254497 45.299833 1
105.989469 98.536304 58.131187 1
106.400902 96.985305 65.524191 1
110.031447 153.861957 12.584163 1
112.019923 150.468222 30.099746 1
114.482320 146.265647 51.789864 1
112.264704 124.081735 48.687476 1
110.456124 105.989606 46.157319 1
114.031085 97.493223 58.641259 1
115.112746 96.657564 66.081952 1
103.365800 155.121200 12.020400 1
103.555377 161.963998 8.985672 1
103.864266 171.087213 5.094956 1
103.979611 180.420095 3.281997 1
103.276272 204.742301 5.560581 1
105.571340 211.617629 6.923135 1
105.457010 230.271697 4.604667 1
99.993589 190.669232 2.367744 1
88.155864 196.987727 1.221856 1
87.223837 191.078496 4.451872 1
84.509182 173.867047 13.859739 1
83.405697 167.232528 17.460834 1
81.191255 153.918529 24.687427 1
81.191255 153.918529 24.687427 1
107.817547 190.736078 4.069265 1
120.848388 194.011999 4.982337 1
122.069799 187.489298 6.459906 1
125.627328 168.491032 10.763529 1
126.750554 161.168843 12.587347 1
129.004618 146.474844 16.247342 1
129.004618 146.474844 16.247342 1
96.908735 153.349698 10.760075 1
98.635227 150.764670 28.440584 1
100.773221 147.563508 50.335154 1
103.805390 125.629973 47.659575 1
106.329155 107.374056 45.432611 1
105.891355 98.679097 58.278764 1
106.301816 97.000004 65.643787 1
110.024997 153.801633 12.598474 1
112.023236 150.489053 30.128476 1
114.497723 146.386976 51.836450 1
112.309561 124.181832 48.867929 1
110.525003 106.072387 46.446947 1
114.091655 97.452325 58.848203 1
115.176263 96.621538 66.289012 1
103.349000 155.129800 11.918500 1
103.545984 161.944394 8.821421 1
103.855868 171.038885 4.864106 1
103.952401 180.365101 3.016080 1
103.161506 204.685006 5.290509 1
105.434920 211.535213 6.807173 1
105.261297 230.189507 4.494200 1
99.925600 190.598816 2.107796 1
88.111869 196.958693 0.943358 1
87.223665 191.058421 4.201974 1
84.636648 173.873069 13.693143 1
83.664467 167.254167 17.360215 1
81.713523 153.971509 24.719208 1
81.713523 153.971509 24.719208 1
107.752788 190.695763 3.792937 1
120.778028 193.964690 4.805557 1
122.060573 187.460488 6.312583 1
125.796162 168.516105 10.702003 1
126.921214 161.227046 12.652972 1
129.178940 146.599531 16.568130 1
129.178940 146.599531 16.568130 1
96.895689 153.345689 10.656732 1
98.548266 150.880431 28.361394 1
100.594727 147.827584 50.285873 1
103.659374 125.888611 47.693169 1
106.210170 107.628167 45.535185 1
105.723789 98.984790 58.414358 1
106.132852 97.153510 65.743101 1
110.006762 153.816724 12.527071 1
112.017899 150.572725 30.068420 1
114.508356 146.555573 51.790444 1
112.323983 124.332587 48.955663 1
110.542515 106.208590 46.643752 1
114.099411 97.490366 58.979013 1
115.185552 96.659904 66.419635 1
103.319500 155.186900 11.738400 1
103.526603 161.970627 8.574928 1
103.844557 171.038726 4.558138 1
103.935511 180.364609 2.708148 1
103.120992 204.668957 5.135407 1
105.363350 211.501911 6.771431 1
105.134329 230.157050 4.470132 1
99.886930 190.597159 1.887813 1
88.093854 197.008993 0.801575 1
87.256095 191.085002 4.030380 1
84.816005 173.830564 13.434720 1
84.046860 167.195741 17.121175 1
82.503363 153.881132 24.519065 1
82.503363 153.881132 24.519065 1
107.724564 190.696465 3.523543 1
120.739616 194.002281 4.547342 1
122.044811 187.503299 6.057440 1
125.846371 168.574122 10.455811 1
126.956817 161.321388 12.545589 1
129.185234 146.766772 16.739308 1
129.185234 146.766772 16.739308 1
96.868643 153.392696 10.478397 1
98.469542 151.035025 28.202450 1
100.452009 148.115408 50.150943 1
103.535191 126.160138 47.723427 1
106.101415 107.886131 45.702933 1
105.580210 99.365924 58.662565 1
105.975706 97.563071 65.999096 1
109.975263 153.877570 12.376209 1
112.003162 150.687857 29.925581 1
114.514377 146.737928 51.657542 1
112.406639 124.487537 48.984324 1
110.687671 106.341190 46.804177 1
114.165615 97.544511 59.106208 1
115.250849 96.656921 66.540364 1
103.256100 155.280800 11.456300 1
103.489737 162.041525 8.245785 1
103.831343 171.098614 4.206159 1
103.926102 180.435992 2.415288 1
103.098520 204.699745 5.215597 1
105.328252 211.522177 6.911688 1
105.061160 230.183739 4.667273 1
99.858909 190.674245 1.778771 1
88.091166 197.158733 0.862360 1
87.310380 191.184793 4.012455 1
85.036231 173.784871 13.187545 1
84.467257 167.108920 16.835880 1
83.325458 153.711777 24.157275 1
83.325458 153.711777 24.157275 1
107.707940 190.759498 3.359726 1
120.713997 194.101222 4.381253 1
121.993340 187.587664 5.850107 1
125.719602 168.616030 10.128348 1
126.751344 161.397288 12.370598 1
128.821817 146.910886 16.870294 1
128.821817 146.910886 16.870294 1
96.803651 153.495181 10.192261 1
98.345375 151.254020 27.936664 1
100.254563 148.478684 49.910357 1
103.395037 126.507060 47.715387 1
106.008946 108.219441 45.888448 1
105.474482 99.907077 58.981827 1
105.854964 98.224781 66.347729 1
109.906625 153.958045 12.120500 1
111.988013 150.815613 29.672140 1
114.565466 146.924234 51.406908 1
112.608457 124.637438 48.929530 1
111.012416 106.461401 46.909099 1
114.465683 97.587501 59.162527 1
115.574044 96.656117 66.587907 1
103.170700 155.354100 11.136200 1
103.470151 162.109208 7.919333 1
103.884675 171.184216 3.927024 1
104.020650 180.550886 2.299194 1
103.238118 204.722017 5.820613 1
105.433710 211.572216 7.447933 1
105.192703 230.242443 5.273728 1
99.964196 190.808344 1.984908 1
88.179291 197.281701 1.223434 1
87.436986 191.242798 4.256802 1
85.274918 173.653663 13.091907 1
84.856000 166.977782 16.760629 1
84.015332 153.580778 24.122934 1
84.015332 153.580778 24.122934 1
107.820479 190.837370 3.531499 1
120.797212 194.296669 4.534415 1
121.986348 187.747212 5.916898 1
125.449871 168.671017 9.943570 1
126.349423 161.468735 12.293110 1
128.154621 147.015362 17.008113 1
128.154621 147.015362 17.008113 1
96.710706 153.615976 9.844797 1
98.170896 151.522574 27.614125 1
99.979117 148.930214 49.618686 1
103.232385 126.955348 47.630166 1
105.940177 108.665030 45.975061 1
105.413549 100.539164 59.185307 1
105.782966 98.964926 66.575618 1
109.807923 153.981759 11.832097 1
112.009488 150.950735 29.388667 1
114.735758 147.197318 51.129539 1
112.962905 124.866669 48.923252 1
111.517052 106.654868 47.123910 1
114.986190 97.690663 59.306920 1
116.150684 96.636838 66.707300 1
103.158500 155.387200 10.860700 1
103.537079 162.170591 7.712417 1
104.041732 171.302571 3.862951 1
104.238929 180.708390 2.486544 1
103.557152 204.731296 6.924055 1
105.666229 211.635343 8.434006 1
105.467280 230.319032 6.374191 1
100.215754 190.983306 2.582474 1
88.397431 197.406291 1.918637 1
87.716988 191.288969 4.805861 1
85.735106 173.471427 13.215297 1
85.405711 166.760677 16.829122 1
84.744695 153.293699 24.081262 1
84.744695 153.293699 24.081262 1
108.080149 190.928665 4.086562 1
121.020537 194.523443 5.082599 1
122.069470 187.922157 6.324956 1
125.124632 168.695002 9.943491 1
125.861583 161.489724 12.340003 1
127.340477 147.030339 17.149268 1
127.340477 147.030339 17.149268 1
96.683331 153.731039 9.537961 1
97.923220 151.748475 27.336715 1
99.458632 149.293371 49.377715 1
102.980784 127.343069 47.585667 1
105.912376 109.073197 46.094093 1
105.372903 101.086444 59.388391 1
105.700344 99.597432 66.798318 1
109.779156 153.937300 11.557143 1
112.056337 151.022705 29.123779 1
114.876246 147.413466 50.877118 1
113.155899 125.057713 48.894868 1
111.752869 106.825439 47.278241 1
115.352895 97.973963 59.505621 1
116.564369 96.613847 66.848280 1
103.280200 155.327000 10.714600 1
103.683940 162.178821 7.721452 1
104.208302 171.405298 4.107134 1
104.420572 180.849750 3.030052 1
103.813950 204.687476 8.382729 1
105.843256 211.632731 9.810794 1
105.672418 230.332378 7.898557 1
100.397805 191.110229 3.585872 1
88.587708 197.566243 3.127993 1
87.943363 191.339240 5.779398 1
86.066620 173.202238 13.501979 1
85.732967 166.423144 16.985506 1
85.063405 152.819014 23.976167 1
85.063405 152.819014 23.976167 1
108.287935 191.005692 4.945615 1
121.213085 194.669143 5.887834 1
122.119786 188.026520 7.016611 1
124.760676 168.678965 10.304328 1
125.368693 161.445146 12.650515 1
126.588844 146.928488 17.358789 1
126.588844 146.928488 17.358789 1
96.781782 153.750045 9.409188 1
97.766868 151.823501 27.230007 1
98.986746 149.437770 49.298329 1
102.737051 127.511994 47.677126 1
105.858541 109.262536 46.327750 1
105.262032 101.399353 59.693085 1
105.528765 99.985089 67.120069 1
109.895246 153.812315 11.320587 1
112.170633 151.062193 28.913954 1
114.988321 147.656624 50.700394 1
113.338934 125.287665 48.808882 1
111.993775 107.044621 47.266256 1
115.669167 98.209058 59.482718 1
116.901189 96.607213 66.773015 1
103.644300 155.050700 10.671700 1
103.960458 162.021902 7.956598 1
104.374103 171.387568 4.704008 1
104.545074 180.866260 3.977387 1
104.120569 204.500849 10.180801 1
105.962335 211.511264 11.543149 1
105.795523 230.226122 9.785617 1
100.531337 191.088367 5.057887 1
88.634840 197.398727 4.913330 1
87.901215 191.063597 7.268880 1
85.764430 172.611660 14.129745 1
85.411259 165.660925 17.254638 1
84.702529 151.712352 23.525601 1
84.702529 151.712352 23.525601 1
108.471303 190.961411 6.084921 1
121.378036 194.737896 6.807804 1
122.157464 188.072206 7.894893 1
124.427655 168.657467 11.061187 1
124.924805 161.381682 13.301321 1
125.922471 146.780806 17.796770 1
125.922471 146.780806 17.796770 1
97.117489 153.511556 9.466666 1
97.865654 151.660824 27.307030 1
98.792142 149.368972 49.399556 1
102.468307 127.426709 47.832506 1
105.528088 109.163528 46.528204 1
104.748223 101.338191 59.906303 1
104.926023 99.942276 67.339418 1
110.275124 153.530221 11.046721 1
112.393488 150.931928 28.682722 1
115.016729 147.714375 50.521957 1
113.379328 125.335799 48.736777 1
112.043944 107.084912 47.280871 1
115.629766 98.260410 59.531899 1
116.802325 96.579160 66.814118 1
104.144400 154.628400 10.726300 1
104.311191 161.747531 8.411228 1
104.541513 171.276843 5.653462 1
104.634548 180.779512 5.347753 1
104.394741 204.172436 12.416693 1
106.052867 211.241500 13.710126 1
105.839543 229.970221 12.112583 1
100.627446 190.929039 6.990700 1
88.651288 197.081781 7.279793 1
87.834536 190.611382 9.200093 1
85.455632 171.765456 14.793229 1
85.044282 164.679032 17.588903 1
84.218799 150.458161 23.199194 1
84.218799 150.458161 23.199194 1
108.608447 190.818458 7.627387 1
121.491124 194.713528 8.110316 1
122.195321 188.051334 9.267884 1
124.246393 168.646776 12.639460 1
124.828889 161.300185 14.611947 1
125.997827 146.557217 18.570288 1
125.997827 146.557217 18.570288 1
97.588558 153.101821 9.672346 1
98.187603 151.347860 27.528110 1
98.929429 149.175845 49.639707 1
102.328388 127.196418 47.971007 1
105.157442 108.902303 46.582098 1
104.161217 101.016511 59.910243 1
104.258944 99.578313 67.336779 1
110.795066 153.149548 10.770589 1
112.696117 150.659632 28.446942 1
115.050251 147.576286 50.336146 1
113.253423 125.206051 48.600457 1
111.788018 106.961967 47.184912 1
115.151846 98.101690 59.473029 1
116.234604 96.605428 66.809312 1
104.631300 154.185500 10.944000 1
104.662111 161.453054 9.140916 1
104.723430 171.145309 7.014286 1
104.737565 180.650837 7.232391 1
104.576146 203.705194 15.339601 1
106.174125 210.803294 16.546854 1
105.926560 229.533973 14.977454 1
100.717780 190.682901 9.461304 1
88.712848 196.722184 10.342676 1
87.794360 190.161227 11.869408 1
85.119138 171.051536 16.316225 1
84.642390 163.789106 18.603631 1
83.685666 149.215030 23.193944 1
83.685666 149.215030 23.193944 1
108.716574 190.612908 9.819601 1
121.591614 194.549132 10.147675 1
122.340434 187.917000 11.441811 1
124.521474 168.600004 15.211161 1
125.314160 161.174319 16.771054 1
126.904902 146.272629 19.901411 1
126.904902 146.272629 19.901411 1
98.050821 152.676012 10.027991 1
98.610471 150.896554 27.882510 1
99.303512 148.692966 49.992566 1
102.324248 126.677857 48.083935 1
104.838497 108.354044 46.495325 1
103.675914 100.299413 59.708536 1
103.732915 98.754847 67.114105 1
111.288776 152.770377 10.634550 1
112.913265 150.353176 28.348536 1
114.924923 147.359876 50.284342 1
113.018078 125.006557 48.450855 1
111.462949 106.776268 46.955550 1
114.567313 97.846727 59.261803 1
115.533848 96.620678 66.664156 1
104.894500 153.887700 11.300800 1
104.841786 161.278682 10.100800 1
104.806072 171.106863 8.732692 1
104.801758 180.574957 9.603325 1
104.804372 203.103161 19.076251 1
106.298216 210.260152 20.045753 1
105.916484 228.982654 18.407208 1
100.826798 190.449489 12.512334 1
88.748687 196.222742 13.980994 1
87.742603 189.609716 15.196052 1
84.812246 170.348366 18.735077 1
84.243210 162.946211 20.491979 1
83.101286 148.091738 24.017688 1
83.101286 148.091738 24.017688 1
108.831396 190.370811 12.697236 1
121.672486 194.423527 12.921022 1
122.527640 187.813469 14.261368 1
125.018393 168.560764 18.165312 1
126.161643 161.154124 19.592574 1
128.455888 146.290652 22.456770 1
128.455888 146.290652 22.456770 1
98.294556 152.416787 10.465646 1
98.923380 150.427675 28.295720 1
99.702082 147.964461 50.375505 1
102.370030 125.934980 48.135688 1
104.590642 107.599205 46.271423 1
103.365682 99.340604 59.352424 1
103.437217 97.649655 66.725820 1
111.544501 152.544886 10.672579 1
112.889522 150.088366 28.404571 1
114.555108 147.046376 50.362676 1
112.614027 124.717144 48.287543 1
111.030977 106.506498 46.595165 1
114.018599 97.612616 58.956014 1
114.880229 96.622856 66.406530 1
105.033100 153.622800 11.674600 1
104.925429 161.094357 11.191240 1
104.825868 171.005093 10.707990 1
104.818409 180.379549 12.296176 1
104.980240 202.269176 23.162379 1
106.275276 209.504281 23.770782 1
105.679227 228.214222 22.054533 1
100.891804 190.046169 15.888846 1
88.744095 195.523928 17.837043 1
87.665662 188.885852 18.833853 1
84.524579 169.551545 21.737199 1
83.819945 162.056095 22.971758 1
82.405906 147.014402 25.449240 1
82.405906 147.014402 25.449240 1
108.898454 189.968107 15.926856 1
121.647594 194.303595 16.103316 1
122.638747 187.685181 17.301191 1
125.525618 168.408140 20.790167 1
126.902993 161.006702 22.024656 1
129.667076 146.153669 24.502000 1
129.667076 146.153669 24.502000 1
98.419296 152.200752 10.864842 1
99.111307 149.909146 28.656221 1
99.968256 147.071341 50.688089 1
102.674905 125.083801 48.108379 1
104.927730 106.782935 45.961211 1
103.799014 98.296862 58.904556 1
103.869299 96.843072 66.328366 1
111.669760 152.384716 10.756873 1
112.855398 149.752676 28.475049 1
114.323613 146.493332 50.416044 1
112.113137 124.219873 48.033739 1
110.310380 106.054713 46.090846 1
113.390430 97.483184 58.655074 1
114.197019 96.627826 66.128360 1
105.176400 153.831600 12.060400 1
105.067351 161.312360 12.369810 1
104.974649 171.224271 12.829750 1
105.021444 180.456913 15.101085 1
105.438053 201.751612 27.085182 1
106.363315 209.064208 27.337849 1
105.604598 227.772044 25.663369 1
101.194602 189.946174 19.233669 1
88.893498 195.003603 21.348716 1
87.749442 188.369737 22.299315 1
84.417220 169.047687 25.068066 1
83.447881 161.568488 26.218874 1
81.502641 146.559403 28.528289 1
81.502641 146.559403 28.528289 1
109.200547 189.820667 19.178369 1
121.778977 194.627899 19.382821 1
122.877473 187.991632 20.369715 1
126.076995 168.662592 23.244181 1
127.604061 161.252907 24.227562 1
130.668539 146.383323 26.200989 1
130.668539 146.383323 26.200989 1
98.545532 152.495960 11.243096 1
99.415857 149.623423 28.942096 1
100.493621 146.066226 50.859565 1
103.334112 124.169280 47.715029 1
105.698337 105.943818 45.097739 1
104.395991 97.731187 58.200190 1
104.496611 96.685834 65.692086 1
111.791083 152.704091 10.879289 1
112.870595 149.743911 28.552407 1
114.207393 146.078221 50.437606 1
111.846994 123.869434 47.632811 1
109.921967 105.757018 45.345356 1
113.006418 97.559957 58.155976 1
113.783694 96.716373 65.633704 1
105.273200 154.527400 13.230300 1
105.237892 161.943298 14.265970 1
105.247051 171.778881 15.580258 1
105.404328 180.844343 18.443031 1
106.072395 201.599096 31.329080 1
106.590359 208.955659 31.410996 1
105.711076 227.667777 29.846977 1
101.702558 190.216241 22.941194 1
89.251207 194.939201 24.947603 1
88.069291 188.330635 26.020273 1
84.626799 169.082277 29.144572 1
83.380904 161.656720 30.373904 1
80.880676 146.755285 32.840898 1
80.880676 146.755285 32.840898 1
109.705232 189.949820 22.955409 1
122.051693 195.303024 23.481023 1
123.184420 188.645491 24.265166 1
126.483643 169.254511 26.549092 1
128.095019 161.834528 27.290519 1
131.328688 146.944277 28.778397 1
131.328688 146.944277 28.778397 1
98.623125 153.334712 12.350342 1
99.725335 149.487558 29.850287 1
101.090252 144.723449 51.521257 1
104.102747 123.021000 47.354566 1
106.610136 104.957423 43.886506 1
105.133251 97.479083 57.403564 1
105.313971 96.633928 64.919178 1
111.866413 153.463135 11.882263 1
112.580537 149.986800 29.479770 1
113.464862 145.681939 51.271337 1
111.438626 123.568009 47.592062 1
109.786126 105.532954 44.591423 1
112.668734 97.501086 57.552800 1
113.324652 96.651080 65.041423 1
105.379800 155.790400 15.092170 1
105.458116 163.137991 16.533062 1
105.598042 172.893572 18.342808 1
105.850615 181.828998 21.582746 1
106.645292 202.139238 35.151791 1
106.774603 209.511288 35.325503 1
105.740235 228.214108 33.745232 1
102.213868 191.083261 26.368320 1
89.644690 195.530801 28.266565 1
88.436597 188.943847 29.438416 1
84.917861 169.758436 32.851595 1
83.557210 162.367530 34.165195 1
80.826692 147.535632 36.801298 1
80.826692 147.535632 36.801298 1
110.213375 190.737628 26.417172 1
122.358316 196.481177 27.355373 1
123.393481 189.810847 28.165200 1
126.408542 170.382592 30.523931 1
128.004277 162.959605 31.269110 1
131.206559 148.063326 32.764518 1
131.206559 148.063326 32.764518 1
98.705231 154.736657 14.220347 1
99.820987 150.019325 31.505179 1
101.202680 144.177633 52.909764 1
104.295656 122.692482 47.785849 1
106.870031 104.809768 43.521065 1
105.480974 97.488377 57.133022 1
105.696437 96.624384 64.645577 1
111.943622 154.713991 13.616394 1
112.338222 150.499616 31.062037 1
112.826869 145.280817 52.665546 1
111.049092 123.345616 47.937432 1
109.599224 105.456323 44.081411 1
112.337893 97.502880 57.122119 1
112.908235 96.651378 64.617576 1
105.244700 157.737400 17.298280 1
105.491750 165.025211 19.000095 1
105.812532 174.713914 21.119590 1
106.157370 183.565579 24.573854 1
106.962174 203.653243 38.469693 1
106.891396 211.024279 38.708103 1
105.822382 229.742402 37.347325 1
102.532314 192.756436 29.488746 1
89.930899 197.161586 31.268394 1
88.716656 190.586860 32.500984 1
85.180008 171.437065 36.091076 1
83.876361 164.052155 37.493218 1
81.260238 149.232286 40.307002 1
81.260238 149.232286 40.307002 1
110.530089 192.378669 29.571634 1
122.507117 198.411508 30.806063 1
123.379118 191.733769 31.737789 1
125.918942 172.283937 34.451570 1
127.455013 164.859341 35.299070 1
130.537562 149.959833 36.999814 1
130.537562 149.959833 36.999814 1
98.543813 156.860149 16.432909 1
99.549382 151.185020 33.434241 1
100.794625 144.157247 54.487755 1
104.177989 122.897216 48.657087 1
106.994064 105.201877 43.804052 1
105.662089 97.569378 57.249811 1
105.912674 96.708802 64.761669 1
111.774866 156.572907 15.742253 1
112.080471 151.335307 32.910284 1
112.458913 144.849413 54.170016 1
110.756010 123.132945 48.498710 1
109.367205 105.422040 43.873467 1
112.120151 97.523745 56.944651 1
112.697463 96.670920 64.439424 1
105.168300 159.955400 19.548740 1
105.501999 167.199601 21.414107 1
105.913219 176.849228 23.690447 1
106.282318 185.687419 27.176557 1
106.994721 205.905422 40.887180 1
106.952998 213.274633 41.182147 1
106.007168 232.012893 40.022114 1
102.625063 194.924756 31.979174 1
89.987755 199.290533 33.593674 1
88.790179 192.721114 34.870092 1
85.302074 173.586779 38.587834 1
84.152125 166.193809 40.079147 1
81.844437 151.357768 43.071880 1
81.844437 151.357768 43.071880 1
110.622002 194.546822 32.120963 1
122.558887 200.643673 33.427625 1
123.316739 193.968936 34.473681 1
125.524087 174.527845 37.520465 1
126.928129 167.094300 38.507117 1
129.745727 152.176836 40.487108 1
129.745727 152.176836 40.487108 1
98.463688 159.192296 18.607372 1
99.462275 152.351760 35.174612 1
100.698872 143.880810 55.690569 1
104.094563 122.783458 49.302789 1
106.920898 105.223520 43.986052 1
105.684476 97.473261 57.373448 1
105.989433 96.614190 64.883467 1
111.695003 158.733388 18.022580 1
112.011072 152.343955 34.795843 1
112.402473 144.431709 55.566722 1
110.633273 122.951244 49.076103 1
109.190400 105.432812 43.782666 1
111.974669 97.562209 56.863915 1
112.569000 96.708834 64.357295 1
105.158300 162.721700 21.821960 1
105.511630 169.970572 23.665436 1
105.951214 179.632082 25.885373 1
106.339963 188.508720 29.270193 1
107.088758 208.956062 42.634393 1
107.054433 216.328985 42.815619 1
106.410291 235.070158 41.505605 1
102.701845 197.837491 33.907773 1
90.024243 202.154976 35.324077 1
88.858206 195.578956 36.595695 1
85.461963 176.425394 40.299459 1
84.445168 169.017765 41.814569 1
82.404690 154.152305 44.855054 1
82.404690 154.152305 44.855054 1
110.697379 197.438652 34.070012 1
122.636322 203.552990 35.271963 1
123.305282 196.880613 36.391143 1
125.253721 177.446396 39.650909 1
126.517398 170.001149 40.734338 1
129.053314 155.060200 42.908539 1
129.053314 155.060200 42.908539 1
98.457708 161.986872 20.830788 1
99.446888 153.822655 36.787937 1
100.671836 143.712532 56.548392 1
103.930983 122.726939 49.735493 1
106.643669 105.260023 44.064917 1
105.447815 97.478394 57.437793 1
105.775775 96.620193 64.946943 1
111.690869 161.463867 20.350998 1
111.988070 153.652797 36.511629 1
112.356105 143.980091 56.523863 1
110.513555 122.685504 49.465946 1
109.010861 105.318666 43.709849 1
111.757817 97.500247 56.830221 1
112.329557 96.645433 64.325195 1
105.121800 165.809600 24.153429 1
105.472497 173.060036 25.991251 1
105.919900 182.735582 28.147583 1
106.336027 191.670870 31.370980 1
107.215744 212.499702 44.124104 1
107.197575 219.874822 44.088098 1
106.705855 238.580354 42.292566 1
102.754445 201.150553 35.738693 1
90.019453 205.368791 36.919628 1
88.961667 198.801054 38.321985 1
85.880719 179.671616 42.406545 1
84.704932 172.301084 43.986164 1
82.345393 157.510072 47.156105 1
82.345393 157.510072 47.156105 1
110.748251 200.716622 35.895987 1
122.753975 206.740015 36.870404 1
123.312091 200.075163 38.090625 1
124.937680 180.662863 41.644688 1
126.031447 173.210074 42.853827 1
128.226391 158.253991 45.280300 1
128.226391 158.253991 45.280300 1
98.423938 165.076556 23.142675 1
99.455235 155.485550 38.282443 1
100.732337 143.608571 57.030697 1
103.784665 122.721880 49.829159 1
106.325209 105.337282 43.835108 1
105.220842 97.468404 57.164728 1
105.601405 96.611846 64.671583 1
111.658276 164.547769 22.703399 1
111.944801 155.245623 38.054461 1
112.299615 143.726470 57.064181 1
110.468336 122.543107 49.676342 1
108.974835 105.266978 43.651177 1
111.656533 97.503456 56.817569 1
112.189523 96.647493 64.315266 1
105.045900 169.112900 26.560840 1
105.401782 176.366841 28.383772 1
105.862147 186.061370 30.450241 1
106.309037 195.069113 33.460838 1
107.333094 216.362140 45.411345 1
107.315319 223.728486 45.049880 1
106.953243 242.374958 42.696030 1
102.784391 204.719240 37.488361 1
89.984803 208.796322 38.445510 1
88.935410 202.232767 39.873518 1
85.878907 183.115510 44.032790 1
84.839895 175.740868 45.687336 1
82.754836 160.941609 49.007641 1
82.754836 160.941609 49.007641 1
110.777604 204.264482 37.613684 1
122.838972 210.220933 38.255767 1
123.238138 203.578934 39.650474 1
124.400765 184.233198 43.712752 1
125.305003 176.788985 45.115764 1
127.119604 161.850110 47.931297 1
127.119604 161.850110 47.931297 1
98.345383 168.378303 25.568990 1
99.479936 157.326306 39.669688 1
100.884904 143.640116 57.131216 1
103.723260 122.819926 49.654842 1
106.085709 105.490680 43.432038 1
105.151010 97.460929 56.678437 1
105.630453 96.607749 64.180011 1
111.578501 167.847896 25.096182 1
111.926809 157.017759 39.408901 1
112.358133 143.606444 57.132807 1
110.451575 122.446157 49.698033 1
108.896679 105.188846 43.634590 1
111.553220 97.505252 56.852866 1
112.070279 96.647651 64.351491 1
104.971100 172.570900 28.940010 1
105.305744 179.836488 30.720076 1
105.742606 189.561399 32.643977 1
106.184807 198.661730 35.362662 1
107.267648 220.519868 46.239500 1
107.351311 227.864123 45.569474 1
107.011764 246.455855 42.813594 1
102.678740 208.498376 38.928744 1
89.846766 212.518530 39.668313 1
88.825726 205.968453 41.176512 1
85.851808 186.890453 45.569349 1
84.901599 179.529850 47.335990 1
82.994747 164.758761 50.881243 1
82.994747 164.758761 50.881243 1
110.672788 208.052245 39.029445 1
122.805467 213.894195 39.224066 1
123.079147 207.293304 40.828440 1
123.876277 188.067298 45.501402 1
124.610780 180.653206 47.142789 1
126.084762 165.774779 50.436687 1
126.084762 165.774779 50.436687 1
98.271784 171.808886 27.960814 1
99.478417 159.332504 40.811784 1
100.972646 143.882432 56.725717 1
103.633171 122.971390 49.439932 1
105.847606 105.566524 43.375761 1
105.079424 97.456260 56.583757 1
105.655803 96.606590 64.078905 1
111.505958 171.318450 27.474636 1
111.927595 158.993311 40.519952 1
112.449724 143.730686 56.674392 1
110.500477 122.483114 49.504338 1
108.910767 105.154617 43.656787 1
111.516344 97.502860 56.903644 1
112.004034 96.644656 64.404168 1
104.928900 176.261800 31.339170 1
105.214364 183.552756 33.021392 1
105.592080 193.321140 34.724957 1
105.997276 202.526790 37.069022 1
107.065582 224.990957 46.633344 1
107.307470 232.305794 45.723036 1
106.864585 250.846075 42.653101 1
102.475750 212.543417 40.074861 1
89.628334 216.548084 40.598997 1
88.650278 210.024482 42.244207 1
85.801554 191.023594 47.036109 1
84.952073 183.695417 48.979972 1
83.247359 168.989401 52.880872 1
83.247359 168.989401 52.880872 1
110.472039 212.133110 40.145408 1
122.646995 217.878800 39.790936 1
122.882884 211.318565 41.559652 1
123.569943 192.210976 46.711280 1
124.085223 184.837913 48.602005 1
125.119274 170.041823 52.396269 1
125.119274 170.041823 52.396269 1
98.234297 175.440216 30.376042 1
99.528702 161.539204 41.660984 1
101.131623 144.324949 55.635631 1
103.590524 123.196715 48.928599 1
105.637141 105.611075 43.346140 1
105.046985 97.481175 56.551217 1
105.718903 96.622998 64.037435 1
111.471186 175.035225 29.885094 1
111.869412 161.272851 41.404886 1
112.362551 144.230453 55.670219 1
110.625532 122.769342 49.107288 1
109.208905 105.266695 43.754877 1
111.621335 97.499566 56.971137 1
112.001677 96.643692 64.478136 1
104.926600 179.554900 33.846450 1
105.140696 186.888348 35.344484 1
105.435147 196.710139 36.727178 1
105.788734 206.019529 38.627980 1
106.823834 229.042454 46.760004 1
107.161305 236.321601 45.622391 1
106.762358 254.830564 42.363290 1
102.243666 216.190401 41.026918 1
89.379405 220.163974 41.326353 1
88.431125 213.683743 43.150652 1
85.669130 194.809180 48.464175 1
84.944926 187.532899 50.639875 1
83.491616 172.931028 55.006019 1
83.491616 172.931028 55.006019 1
110.242012 215.817528 41.064490 1
122.427423 221.478127 40.147148 1
122.696547 214.950576 42.028462 1
123.480408 195.938186 47.508048 1
123.837115 188.610496 49.600920 1
124.552944 173.905457 53.800848 1
124.552944 173.905457 53.800848 1
98.240316 178.643790 32.906340 1
99.491000 163.592044 42.609136 1
101.039780 144.952784 54.624541 1
103.265111 123.622081 48.502309 1
105.117321 105.867918 43.406596 1
104.827883 97.661570 56.574348 1
105.533430 96.600930 64.031469 1
111.480510 178.356243 32.421737 1
111.842206 163.341257 42.254666 1
112.290108 144.747709 54.431102 1
110.718258 123.071186 48.572242 1
109.436334 105.392859 43.794039 1
111.672608 97.505537 56.970034 1
111.954255 96.652117 64.481663 1
104.976500 182.371900 36.271600 1
105.078387 189.760391 37.483713 1
105.241089 199.636185 38.436784 1
105.501517 209.036464 39.840267 1
106.413134 232.528751 46.513924 1
106.907375 239.783958 45.284402 1
106.534368 258.250490 41.790024 1
101.891123 219.308136 41.636605 1
89.134321 223.621081 41.811777 1
88.268600 217.176337 43.795839 1
85.747068 198.405135 49.574691 1
85.189019 191.176378 51.948728 1
84.069144 176.669875 56.712889 1
84.069144 176.669875 56.712889 1
109.892396 219.002715 41.618766 1
122.096083 224.513609 40.180634 1
122.499584 218.013443 42.131458 1
123.674838 199.080814 47.813501 1
124.012367 191.794385 50.048770 1
124.689711 177.172148 54.534457 1
124.689711 177.172148 54.534457 1
98.307596 181.326767 35.347621 1
99.461322 165.382070 43.514573 1
100.890033 145.637030 53.628072 1
102.864024 124.113022 48.127786 1
104.507037 106.197966 43.549736 1
104.479140 97.911773 56.670553 1
105.170513 96.769404 64.116921 1
111.552219 181.215217 34.914274 1
111.832974 165.095499 42.810032 1
112.180644 145.133926 52.587606 1
110.753204 123.226965 47.616081 1
109.589054 105.360703 43.561545 1
111.612953 97.434717 56.748668 1
111.774264 96.582341 64.263962 1
104.987000 184.696700 38.600900 1
104.968589 192.141869 39.399972 1
104.996516 202.057517 39.781111 1
105.159552 211.528853 40.599673 1
105.922355 235.416492 45.704101 1
106.604034 242.674560 44.586168 1
106.237151 261.113239 40.947054 1
101.478396 221.869469 41.735360 1
88.861479 226.578934 41.785569 1
88.061109 220.189573 43.966434 1
85.729924 201.579682 50.318506 1
85.337550 194.422606 52.930919 1
84.550148 180.059951 58.173450 1
84.550148 180.059951 58.173450 1
109.481609 221.623216 41.691775 1
121.750128 226.871358 39.872811 1
122.331353 220.385764 41.827276 1
124.024254 201.495578 47.519924 1
124.355113 194.236473 49.843354 1
125.019071 179.669069 54.505961 1
125.019071 179.669069 54.505961 1
98.345024 183.501915 37.664431 1
99.505900 166.817314 44.186699 1
100.943463 146.156017 52.263513 1
102.815695 124.480689 47.353563 1
104.374011 106.439685 43.266868 1
104.159923 98.509605 56.604246 1
104.804341 97.020620 63.993362 1
111.594035 183.565037 37.381575 1
111.842152 166.631151 43.335489 1
112.149405 145.661368 50.708413 1
110.893097 123.533804 46.776341 1
109.868512 105.487629 43.569533 1
111.651279 97.473882 56.738406 1
111.688834 96.612003 64.254254 1
104.914100 186.486800 40.781600 1
104.800663 193.967024 41.102186 1
104.714619 203.886790 40.863518 1
104.771741 213.391202 41.119896 1
105.268989 237.534213 44.878094 1
106.227784 244.786163 43.937904 1
105.944620 263.230014 40.317572 1
100.980533 223.740340 41.659446 1
88.593659 229.022646 41.484074 1
87.870125 222.714997 43.915279 1
85.762733 204.343102 50.996498 1
85.508071 197.289629 53.892369 1
84.997026 183.134883 59.703734 1
84.997026 183.134883 59.703734 1
108.985954 223.575401 41.659830 1
121.359317 228.543313 39.765654 1
122.116262 222.053409 41.644180 1
124.320968 203.150668 47.115648 1
124.734807 195.883720 49.400950 1
125.565290 181.300578 53.987042 1
125.565290 181.300578 53.987042 1
98.299003 185.153907 39.841272 1
99.484338 167.955174 44.847479 1
100.952192 146.657206 51.046885 1
102.728572 124.852116 46.709227 1
104.207108 106.703109 43.098868 1
103.706541 99.090978 56.612658 1
104.208153 97.772640 64.045138 1
111.549017 185.360074 39.719201 1
111.914792 167.922336 43.968746 1
112.367745 146.328616 49.231093 1
111.282596 124.069368 46.066137 1
110.397602 105.915799 43.484951 1
111.900831 97.793942 56.622431 1
111.877365 96.645408 64.099900 1
104.840900 187.526600 42.631500 1
104.638091 195.010395 42.486336 1
104.445286 204.897003 41.659322 1
104.403034 214.401549 41.405069 1
104.635742 238.701168 43.999418 1
105.860222 245.936052 43.257041 1
105.718290 264.418105 39.828309 1
100.510057 224.726942 41.406886 1
88.319462 230.426087 40.880270 1
87.636504 224.230014 43.593743 1
85.647294 206.183099 51.497110 1
85.451533 199.265378 54.707907 1
85.058689 185.383057 61.151261 1
85.058689 185.383057 61.151261 1
108.516223 224.640813 41.495467 1
121.005651 229.321126 39.630786 1
121.922451 222.832018 41.439557 1
124.592757 203.931599 46.707852 1
125.146125 196.669980 48.980531 1
126.256608 182.097531 53.541293 1
126.256608 182.097531 53.541293 1
98.252925 186.057795 41.703320 1
99.520899 168.538763 45.409975 1
101.091090 146.844155 50.000087 1
102.803300 124.946950 46.125361 1
104.228424 106.721272 42.900312 1
103.475869 99.336338 56.528006 1
103.853584 98.138722 63.988196 1
111.500232 186.416994 41.713674 1
111.935692 168.717325 44.680018 1
112.474938 146.799246 48.353337 1
111.486002 124.494140 45.494516 1
110.679474 106.303171 43.162999 1
111.978410 98.350585 56.425230 1
111.838171 96.848934 63.838569 1
104.715800 187.872500 43.961400 1
104.480310 195.344846 43.539507 1
104.244985 205.191510 42.333706 1
104.157500 214.677248 41.688767 1
104.251541 239.068209 43.214703 1
105.597707 246.301527 42.703854 1
105.643362 264.832528 39.547500 1
100.212018 224.971831 41.215736 1
88.071803 230.735864 40.344376 1
87.366236 224.646137 43.283438 1
85.311177 206.908968 51.843862 1
85.112796 200.118224 55.315006 1
84.714694 186.490715 62.280816 1
84.714694 186.490715 62.280816 1
108.217881 224.932438 41.352009 1
120.778557 229.457001 39.583978 1
121.814906 222.980728 41.374109 1
124.833415 204.117694 46.588112 1
125.575097 196.874364 48.865496 1
127.063485 182.338617 53.435698 1
127.063485 182.338617 53.435698 1
98.136021 186.341013 43.077444 1
99.515021 168.667328 45.906357 1
101.222699 146.781205 49.409522 1
102.953132 124.846379 45.762367 1
104.393425 106.589388 42.726732 1
103.605022 99.363981 56.437660 1
103.962250 98.253766 63.912364 1
111.381579 186.759492 43.095991 1
111.813000 168.948729 45.300016 1
112.347244 146.893080 48.029330 1
111.405598 124.573027 45.273039 1
110.637637 106.369868 43.025140 1
111.906672 98.529746 56.357045 1
111.733534 97.049753 63.774043 1
104.588400 187.841700 44.987300 1
104.378833 195.302248 44.382569 1
104.170067 205.113954 42.915266 1
104.099168 214.575417 41.977979 1
104.227252 239.004770 42.646280 1
105.454532 246.270797 42.341885 1
105.646802 264.830605 39.365442 1
100.160540 224.851822 41.170670 1
87.825889 230.148457 40.088912 1
87.027672 224.126207 43.141132 1
84.702757 206.585574 52.031141 1
84.481668 199.877089 55.657400 1
84.037997 186.414658 62.934492 1
84.037997 186.414658 62.934492 1
108.167104 224.807563 41.254025 1
120.722409 229.294419 39.356492 1
121.794416 222.852191 41.245723 1
124.916783 204.088316 46.748369 1
125.840785 196.873409 49.049182 1
127.695050 182.394702 53.666402 1
127.695050 182.394702 53.666402 1
98.000619 186.313306 44.159364 1
99.333895 168.564777 46.499368 1
100.984951 146.585972 49.397094 1
102.868903 124.661242 45.765332 1
104.436974 106.412655 42.742509 1
103.615909 99.232731 56.475396 1
103.937437 98.152222 63.956072 1
111.247608 186.683127 44.131151 1
111.583188 168.841669 46.089946 1
111.998750 146.748009 48.515583 1
111.190976 124.441741 45.609295 1
110.532194 106.249825 43.239067 1
111.821275 98.343027 56.529607 1
111.642049 96.845011 63.942841 1
104.453500 187.725200 45.821300 1
104.297627 195.174014 45.072793 1
104.147880 204.954035 43.400999 1
104.112168 214.390411 42.236368 1
104.274769 238.828698 42.238736 1
105.360531 246.122385 42.107312 1
105.686033 264.721994 39.403385 1
100.188485 224.646551 41.147638 1
87.689535 229.504147 39.903379 1
86.821537 223.529224 43.028688 1
84.293372 206.126437 52.131581 1
84.030029 199.476456 55.861301 1
83.501562 186.131428 63.346015 1
83.501562 186.131428 63.346015 1
108.194945 224.593271 41.235568 1
120.723001 229.092578 39.192965 1
121.774897 222.695777 41.241171 1
124.838689 204.064216 47.206854 1
125.941325 196.886420 49.544767 1
128.154068 182.482185 54.236439 1
128.154068 182.482185 54.236439 1
97.854801 186.228625 45.022703 1
99.140110 168.446098 47.118715 1
100.731766 146.425193 49.714294 1
102.743397 124.537731 45.929441 1
104.417739 106.320163 42.779197 1
103.569582 99.056507 56.466328 1
103.861036 97.934432 63.942115 1
111.104107 186.502386 44.987948 1
111.345507 168.643133 46.792373 1
111.644443 146.527438 49.026851 1
110.905535 124.242654 45.942857 1
110.302918 106.068259 43.427700 1
111.604149 98.048632 56.649273 1
111.432462 96.602396 64.072961 1
104.205100 187.812100 46.634600 1
104.090520 195.250011 45.778007 1
103.991836 205.001565 43.944000 1
103.987494 214.411756 42.583448 1
104.172397 238.842320 41.975431 1
105.226150 246.141732 42.022376 1
105.578668 264.779630 39.600158 1
100.080728 224.640343 41.211503 1
87.526023 229.297322 39.776198 1
86.642011 223.338526 42.927699 1
84.067206 205.982712 52.106881 1
83.820344 199.359239 55.884588 1
83.324953 186.067406 63.465601 1
83.324953 186.067406 63.465601 1
108.086346 224.583342 41.355728 1
120.592876 229.101535 39.224813 1
121.596161 222.714856 41.328247 1
124.518368 204.112772 47.454786 1
125.644640 196.944076 49.809296 1
127.904814 182.558105 54.534274 1
127.904814 182.558105 54.534274 1
97.602563 186.337294 45.827269 1
98.926641 168.523950 47.614760 1
100.566305 146.464882 49.828285 1
102.685854 124.585904 46.053293 1
104.450018 106.375397 42.911255 1
103.597801 98.981394 56.528159 1
103.874357 97.791316 63.993989 1
110.853112 186.543994 45.849637 1
111.135235 168.665754 47.448402 1
111.484599 146.526545 49.428202 1
110.766284 124.232508 46.406856 1
110.180462 106.050566 43.942791 1
111.514393 98.195047 57.259288 1
111.346137 96.717989 64.676983 1
104.059700 188.018700 47.420200 1
103.924046 195.442860 46.454362 1
103.806131 205.160845 44.451116 1
103.795700 214.537647 42.876856 1
103.992546 238.941368 41.582250 1
105.054504 246.235089 41.842814 1
105.392081 264.909084 39.714296 1
99.897113 224.724905 41.206579 1
87.346975 229.331288 39.580715 1
86.477785 223.363764 42.719802 1
83.946148 205.982532 51.862824 1
83.769949 199.359912 55.645980 1
83.416360 186.069793 63.237928 1
83.416360 186.069793 63.237928 1
107.902267 224.669274 41.375093 1
120.395774 229.184457 39.162950 1
121.388784 222.783682 41.228066 1
124.281064 204.140545 47.243001 1
125.343931 196.994778 49.694679 1
127.476865 182.654818 54.614650 1
127.476865 182.654818 54.614650 1
97.465536 186.509954 46.607175 1
98.787603 168.661042 47.997150 1
100.424779 146.557930 49.718413 1
102.611515 124.673506 46.013965 1
104.431601 106.458467 42.930644 1
103.461242 98.998102 56.503374 1
103.668687 97.772687 63.965727 1
110.715116 186.761713 46.681452 1
111.052028 168.839820 47.660916 1
111.469239 146.646554 48.873816 1
110.721308 124.296030 46.311929 1
110.111332 106.068020 44.222577 1
111.408884 98.574378 57.749562 1
111.223150 97.277521 65.200460 1
103.974500 188.142100 48.036800 1
103.817572 195.563175 47.050689 1
103.680021 205.267546 44.983712 1
103.671899 214.621050 43.276456 1
103.930846 238.990152 41.449948 1
104.975773 246.282323 41.805466 1
105.309798 264.980204 39.897506 1
99.798709 224.779491 41.386087 1
87.251935 229.347385 39.630815 1
86.387464 223.351885 42.717459 1
83.869572 205.889170 51.707735 1
83.803532 199.245057 55.456575 1
83.671009 185.911805 62.979660 1
83.671009 185.911805 62.979660 1
107.803773 224.706895 41.552395 1
120.273032 229.219831 39.203106 1
121.290496 222.810757 41.230231 1
124.254001 204.143449 47.134511 1
125.302417 197.043067 49.720589 1
127.406351 182.794185 54.910271 1
127.406351 182.794185 54.910271 1
97.381570 186.614922 47.248558 1
98.688974 168.738170 48.236480 1
100.307991 146.600582 49.459863 1
102.554005 124.705045 45.857972 1
104.423431 106.480756 42.860013 1
103.427506 99.028697 56.435454 1
103.614159 97.809577 63.899387 1
110.630657 186.899375 47.280804 1
111.011700 168.957113 47.724814 1
111.483559 146.738623 48.274643 1
110.714731 124.344179 46.137733 1
110.087713 106.080351 44.394973 1
111.432816 98.906824 58.089821 1
111.275246 97.786211 65.569902 1
103.890900 188.124500 48.378700 1
103.734024 195.555385 47.469450 1
103.601192 205.271088 45.456096 1
103.617453 214.617527 43.710635 1
103.989914 238.957984 41.551983 1
104.976164 246.256852 41.936498 1
105.359980 264.952768 40.018673 1
99.792892 224.766760 41.677206 1
87.156117 229.093617 39.957206 1
86.254949 223.069018 42.975947 1
83.630174 205.521545 51.768446 1
83.652685 198.855549 55.478755 1
83.697866 185.478383 62.924516 1
83.697866 185.478383 62.924516 1
107.797348 224.659951 41.853959 1
120.272305 229.102151 39.402330 1
121.317822 222.689614 41.404067 1
124.363036 204.012216 47.234399 1
125.433015 196.942648 49.894992 1
127.580222 182.755603 55.234210 1
127.580222 182.755603 55.234210 1
97.292089 186.610394 47.614827 1
98.614482 168.721202 48.315980 1
100.252061 146.568208 49.184244 1
102.547132 124.659012 45.698197 1
104.457388 106.423354 42.796658 1
103.561342 98.988705 56.388595 1
103.793539 97.781518 63.853189 1
110.541355 186.884590 47.569754 1
110.954689 168.940713 47.906759 1
111.466535 146.720225 48.324081 1
110.714865 124.323638 46.203597 1
110.101839 106.058061 44.474233 1
111.548023 99.017278 58.227544 1
111.441675 97.967817 65.718841 1
103.869700 188.053700 48.523600 1
103.715027 195.492400 47.680268 1
103.580075 205.219516 45.722940 1
103.600293 214.565189 43.973422 1
104.014237 238.890180 41.653986 1
104.963967 246.193633 42.043355 1
105.383411 264.867915 39.931983 1
99.784456 224.710329 41.903502 1
87.035349 228.775721 40.386590 1
86.101238 222.728100 43.348751 1
83.380511 205.113570 51.976454 1
83.476808 198.412212 55.621304 1
83.670060 184.964082 62.935703 1
83.670060 184.964082 62.935703 1
107.789756 224.585171 42.019607 1
120.285965 228.930156 39.502860 1
121.325028 222.519527 41.514045 1
124.351442 203.847685 47.371898 1
125.426941 196.789494 50.060326 1
127.585225 182.625281 55.455403 1
127.585225 182.625281 55.455403 1
97.262523 186.554698 47.803506 1
98.604386 168.662487 48.379461 1
100.266074 146.505755 49.092686 1
102.586225 124.595341 45.630984 1
104.517356 106.358668 42.749707 1
103.770192 98.926161 56.351810 1
104.076361 97.722091 63.814240 1
110.511269 186.812396 47.646644 1
110.898396 168.870293 48.091837 1
111.377791 146.652001 48.643131 1
110.718109 124.275088 46.296394 1
110.180105 106.025557 44.382508 1
111.712316 98.914977 58.090522 1
111.639350 97.823073 65.576150 1
103.868400 188.002700 48.622600 1
103.730101 195.440020 47.764382 1
103.598010 205.164974 45.796145 1
103.599847 214.511654 44.051901 1
103.935585 238.842909 41.786142 1
104.872723 246.150843 42.117632 1
105.340191 264.793534 39.752427 1
99.737293 224.654088 42.056720 1
86.929178 228.612908 40.772939 1
85.988718 222.550895 43.703505 1
83.249501 204.894447 52.239183 1
83.408748 198.169525 55.838138 1
83.728325 184.674108 63.060435 1
83.728325 184.674108 63.060435 1
107.743657 224.544627 42.067633 1
120.235433 228.885290 39.521586 1
121.221144 222.479046 41.573195 1
124.092163 203.819979 47.548790 1
125.132764 196.751533 50.223978 1
127.221015 182.566741 55.592485 1
127.221015 182.566741 55.592485 1
97.250837 186.522998 47.960280 1
98.586061 168.627968 48.458866 1
100.239529 146.467744 49.076283 1
102.575265 124.563056 45.588917 1
104.519367 106.331150 42.686280 1
103.893641 98.887581 56.288463 1
104.260521 97.678907 63.747411 1
110.498580 186.738572 47.693609 1
110.831456 168.797943 48.232261 1
111.243668 146.581476 48.899289 1
110.702915 124.227360 46.316720 1
110.261903 105.996420 44.210502 1
111.883094 98.746473 57.835025 1
111.841683 97.572653 65.308488 1
103.876100 187.987300 48.729200 1
103.738973 195.419190 47.824988 1
103.597339 205.134841 45.811982 1
103.573427 214.478730 44.053006 1
103.811854 238.814332 41.821873 1
104.708349 246.127842 42.142622 1
105.215788 264.738005 39.541278 1
99.663214 224.611055 42.099737 1
86.816552 228.494193 40.980502 1
85.894112 222.419826 43.891148 1
83.207377 204.727397 52.368806 1
83.426079 197.987405 55.936310 1
83.864969 184.461746 63.095493 1
83.864969 184.461746 63.095493 1
107.669787 224.528562 42.055570 1
120.137858 228.940316 39.515527 1
121.075627 222.544409 41.621151 1
123.807008 203.915450 47.754072 1
124.775454 196.853505 50.473162 1
126.718909 182.681758 55.929768 1
126.718909 182.681758 55.929768 1
97.255066 186.507705 48.102276 1
98.550583 168.608936 48.570519 1
100.154881 146.444084 49.150359 1
102.557763 124.551450 45.633045 1
104.557754 106.329577 42.705481 1
103.937912 98.880825 56.305095 1
104.298707 97.671593 63.764249 1
110.501782 186.713153 47.781985 1
110.792241 168.771530 48.312021 1
111.151927 146.553833 48.968381 1
110.717266 124.213983 46.246111 1
110.362779 105.994678 44.025958 1
112.009770 98.623634 57.582240 1
111.968892 97.378710 65.044190 1
103.850500 187.967600 48.823600 1
103.713402 195.402143 47.941462 1
103.570511 205.123036 45.954013 1
103.548860 214.470206 44.212526 1
103.810331 238.808017 42.008234 1
104.520678 246.144519 42.263501 1
105.146289 264.721669 39.459799 1
99.643903 224.609977 42.287587 1
86.758514 228.393264 41.276814 1
85.846217 222.288479 44.126374 1
83.189027 204.507451 52.426114 1
83.468464 197.732603 55.922650 1
84.029236 184.136997 62.939416 1
84.029236 184.136997 62.939416 1
107.650097 224.516853 42.209090 1
120.057073 229.087273 39.650501 1
120.957773 222.692159 41.774635 1
123.581187 204.065509 47.961468 1
124.476590 197.019713 50.746680 1
126.273464 182.880372 56.335981 1
126.273464 182.880372 56.335981 1
97.227663 186.491640 48.207238 1
98.535454 168.592686 48.632299 1
100.154949 146.427604 49.158666 1
102.565737 124.532706 45.660916 1
104.572307 106.308947 42.749635 1
103.996642 98.879675 56.361841 1
104.379357 97.681683 63.821717 1
110.473682 186.694438 47.857761 1
110.770183 168.753359 48.402626 1
111.137351 146.536335 49.077347 1
110.727857 124.208616 46.253544 1
110.393895 105.999204 43.950586 1
112.076660 98.553309 57.461492 1
112.051681 97.265847 64.916291 1
103.862000 187.958600 48.857800 1
103.732137 195.394580 47.986749 1
103.597745 205.118131 46.011748 1
103.581027 214.467066 44.279707 1
103.848441 238.806412 42.093154 1
104.390100 246.158290 42.317927 1
104.992953 264.686664 39.203678 1
99.677726 224.609494 42.365439 1
86.748476 228.247505 41.381802 1
85.826617 222.114657 44.167307 1
83.141577 204.251892 52.280475 1
83.451241 197.444823 55.711264 1
84.072672 183.784553 62.596091 1
84.072672 183.784553 62.596091 1
107.683823 224.513886 42.280331 1
120.052973 229.189015 39.727792 1
120.957702 222.790429 41.839723 1
123.592848 204.153666 47.991013 1
124.454711 197.120384 50.818122 1
126.184277 183.006159 56.491500 1
126.184277 183.006159 56.491500 1
97.238537 186.489229 48.232493 1
98.554508 168.589365 48.588324 1
100.184135 146.423155 49.028959 1
102.617625 124.518728 45.607419 1
104.643091 106.287039 42.759570 1
104.068551 98.875152 56.381298 1
104.449383 97.687292 63.842889 1
110.485072 186.681240 47.896758 1
110.789589 168.740221 48.439170 1
111.166686 146.523271 49.110854 1
110.755193 124.201747 46.238774 1
110.419600 105.997388 43.896444 1
112.103203 98.554545 57.408927 1
112.078929 97.268849 64.864033 1
