56 35
110.058000 152.584400 74.103100 1
110.268462 160.665165 73.096601 1
110.386349 170.891791 71.508965 1
110.195508 180.802544 71.213590 1
108.875333 205.887842 75.540370 1
109.180113 213.558165 76.037398 1
109.242922 232.787344 72.210326 1
105.489325 191.286542 71.852423 1
93.824969 198.856008 69.864211 1
93.553844 192.632301 73.251555 1
92.764155 174.504884 83.117669 1
95.277919 171.275567 89.941833 1
100.322490 164.795040 103.636419 1
100.322490 164.795040 103.636419 1
113.828703 191.691744 72.047681 1
126.018351 198.601025 71.057078 1
126.698916 192.363948 74.361292 1
128.681156 174.197587 83.985280 1
126.655382 169.975276 90.418400 1
122.590106 161.502031 103.328252 1
122.590106 161.502031 103.328252 1
102.824279 151.262631 73.174061 1
98.741388 150.887335 91.443430 1
93.685343 150.422587 114.067285 1
94.821713 127.248070 115.737528 1
95.767552 107.959119 117.127730 1
91.000094 102.653563 131.656987 1
89.468096 102.625970 139.397309 1
117.235740 150.906418 73.327646 1
120.663246 150.403734 91.728296 1
124.907655 149.781227 114.514504 1
123.880061 126.348512 115.536728 1
123.042010 107.238037 116.370401 1
127.963141 100.279520 130.130430 1
129.669386 99.376616 137.781231 1
110.059200 152.580100 74.097700 1
110.275444 160.662461 73.105341 1
110.400538 170.891789 71.535770 1
110.214392 180.803147 71.258239 1
108.905156 205.881054 75.630944 1
109.217757 213.550055 76.143288 1
109.255379 232.798646 72.414739 1
105.512917 191.288102 71.915786 1
93.843221 198.852313 69.938952 1
93.567191 192.618224 73.306752 1
92.763212 174.460567 83.115941 1
95.273362 171.262654 89.956205 1
100.310677 164.845146 103.683100 1
100.310677 164.845146 103.683100 1
113.852457 191.689138 72.112755 1
126.034864 198.612825 71.133733 1
126.716728 192.364544 74.416443 1
128.702751 174.165553 83.977797 1
126.668696 169.948540 90.411780 1
122.586802 161.485931 103.323364 1
122.586802 161.485931 103.323364 1
102.824242 151.265381 73.168294 1
98.750907 150.888346 91.439761 1
93.706697 150.421446 114.066213 1
94.899352 127.253048 115.781492 1
95.892041 107.969190 117.209179 1
91.139858 102.663753 131.743483 1
89.615817 102.636287 139.485376 1
117.235472 150.898110 73.317361 1
120.628514 150.410515 91.724803 1
124.830244 149.806693 114.519422 1
123.865940 126.373086 115.582059 1
123.079504 107.261883 116.448691 1
127.990675 100.355893 130.238708 1
129.685373 99.480081 137.895223 1
110.042800 152.565400 74.049500 1
110.263265 160.649223 73.070063 1
110.391079 170.881469 71.519844 1
110.202833 180.793497 71.268947 1
108.874340 205.855020 75.728907 1
109.179426 213.520080 76.301233 1
109.216774 232.789193 72.680232 1
105.494340 191.273191 71.959317 1
93.852003 198.881202 69.989262 1
93.579388 192.626396 73.318710 1
92.785360 174.408398 83.016192 1
95.331792 171.198888 89.837588 1
100.441918 164.758109 103.526619 1
100.441918 164.758109 103.526619 1
113.833456 191.678627 72.165058 1
126.008687 198.617443 71.204044 1
126.695446 192.349280 74.447596 1
128.695726 174.092378 83.894895 1
126.644795 169.893260 90.335222 1
122.529033 161.466559 103.259534 1
122.529033 161.466559 103.259534 1
102.808405 151.254918 73.109785 1
98.757816 150.889750 91.386548 1
93.741774 150.437545 114.019560 1
94.859678 127.263789 115.712652 1
95.790147 107.975470 117.121872 1
91.046933 102.708431 131.673061 1
89.529078 102.700900 139.416214 1
117.219314 150.881880 73.274708 1
120.600123 150.406919 91.684731 1
124.786705 149.818744 114.482546 1
123.851221 126.384282 115.552065 1
123.088290 107.272381 116.424308 1
127.987393 100.382628 130.226734 1
129.678094 99.516768 137.885264 1
110.093300 152.494800 74.037000 1
110.319386 160.587400 73.134334 1
110.449856 170.832884 71.674403 1
110.259104 180.746453 71.497064 1
108.904407 205.779571 76.106175 1
109.213853 213.434662 76.797271 1
109.192123 232.732727 73.333759 1
105.540965 191.217842 72.245181 1
93.934863 198.890065 70.310663 1
93.665007 192.603692 73.580348 1
92.879014 174.293753 83.103760 1
95.461175 171.084479 89.911824 1
100.643000 164.644175 103.574099 1
100.643000 164.644175 103.574099 1
113.879500 191.629046 72.462680 1
126.047385 198.587330 71.550646 1
126.740692 192.285420 74.726711 1
128.760045 173.930225 83.977446 1
126.676291 169.760712 90.426465 1
122.494661 161.393421 103.368220 1
122.494661 161.393421 103.368220 1
102.854290 151.201175 73.109544 1
98.820501 150.862974 91.390541 1
93.825263 150.444162 114.028796 1
94.909173 127.267646 115.706147 1
95.811348 107.977031 117.102266 1
91.104740 102.709645 131.665211 1
89.606152 102.702006 139.412116 1
117.265256 150.811063 73.221541 1
120.607645 150.374794 91.639536 1
124.746650 149.834531 114.447222 1
123.884794 126.399018 115.554896 1
123.181910 107.286261 116.458258 1
128.052005 100.402527 130.273947 1
129.729644 99.541058 137.935844 1
110.074100 152.498200 74.050700 1
110.306908 160.594548 73.184066 1
110.443442 170.847618 71.778979 1
110.252520 180.762197 71.672374 1
108.875538 205.752127 76.503875 1
109.161910 213.401973 77.259941 1
109.176880 232.737868 74.014225 1
105.528045 191.224497 72.503096 1
93.960620 198.969267 70.626879 1
93.689771 192.644127 73.820839 1
92.900886 174.221271 83.123694 1
95.480500 171.033953 89.943027 1
100.657217 164.637709 103.627919 1
100.657217 164.637709 103.627919 1
113.865829 191.637088 72.745334 1
126.020042 198.629370 71.914624 1
126.725211 192.278990 74.989938 1
128.779116 173.782623 83.947221 1
126.648281 169.654866 90.407708 1
122.372171 161.371372 103.372476 1
122.372171 161.371372 103.372476 1
102.835318 151.213760 73.108813 1
98.839384 150.874995 91.398112 1
93.891022 150.455484 114.046647 1
94.949244 127.277113 115.714740 1
95.830039 107.984954 117.103153 1
91.156942 102.731608 131.681953 1
89.677110 102.731099 139.432467 1
117.245863 150.813052 73.236456 1
120.591059 150.384740 91.654128 1
124.733539 149.854331 114.461414 1
123.995406 126.416614 115.611018 1
123.393423 107.302059 116.548575 1
128.273784 100.440206 130.371525 1
129.958026 99.591183 138.033362 1
110.077500 152.502300 74.070100 1
110.312232 160.603358 73.249209 1
110.448156 170.866035 71.916041 1
110.247678 180.780993 71.905904 1
108.822782 205.706197 77.047885 1
109.115172 213.343896 77.916127 1
109.058894 232.732586 75.002832 1
105.504635 191.224219 72.861460 1
93.995676 199.076973 71.076780 1
93.725496 192.690815 74.146980 1
92.938560 174.090235 83.089363 1
95.557505 170.953532 89.917169 1
100.813150 164.658860 103.619064 1
100.813150 164.658860 103.619064 1
113.841407 191.647597 73.119384 1
125.981988 198.676246 72.404286 1
126.707289 192.267867 75.351956 1
128.819829 173.602566 83.937455 1
126.635422 169.512253 90.403862 1
122.251803 161.303900 103.380512 1
122.251803 161.303900 103.380512 1
102.839726 151.223998 73.112252 1
98.873683 150.883016 91.408014 1
93.962337 150.460762 114.064554 1
95.003692 127.280710 115.719855 1
95.870447 107.987151 117.097621 1
91.221168 102.732356 131.683512 1
89.754092 102.731043 139.436450 1
117.250062 150.820927 73.255096 1
120.626780 150.395429 91.667081 1
124.808296 149.868505 114.467323 1
124.181208 126.428194 115.629916 1
123.669789 107.311524 116.578066 1
128.574749 100.450312 130.392624 1
130.274880 99.602422 138.051077 1
110.080800 152.504400 74.097500 1
110.313715 160.611735 73.340556 1
110.442940 170.887006 72.107480 1
110.226982 180.800879 72.230628 1
108.736262 205.630608 77.798250 1
109.033056 213.248179 78.826989 1
108.930689 232.689270 76.288242 1
105.458150 191.215143 73.358396 1
94.020276 199.204816 71.731398 1
93.746785 192.737504 74.626431 1
92.950204 173.900552 83.058618 1
95.614060 170.832554 89.900253 1
100.959831 164.675757 103.629900 1
100.959831 164.675757 103.629900 1
113.793521 191.653278 73.636236 1
125.914126 198.729371 73.064565 1
126.661310 192.253688 75.855512 1
128.837590 173.392356 83.984535 1
126.605988 169.337123 90.456919 1
122.127660 161.199170 103.445564 1
122.127660 161.199170 103.445564 1
102.843398 151.232018 73.129022 1
98.911170 150.887939 91.432024 1
94.041701 150.461850 114.097529 1
95.065626 127.280812 115.749893 1
95.917873 107.986433 117.125215 1
91.301580 102.731614 131.721571 1
89.852014 102.730295 139.477802 1
117.253816 150.831168 73.269830 1
120.638822 150.399668 91.680152 1
124.830602 149.865310 114.478337 1
124.287132 126.423628 115.655275 1
123.843907 107.305839 116.615124 1
128.788563 100.468095 130.427166 1
130.498858 99.629105 138.084336 1
110.092700 152.511400 74.111300 1
110.322505 160.626241 73.438511 1
110.443965 170.916560 72.337172 1
110.213455 180.826381 72.635502 1
108.664736 205.520843 78.760947 1
108.947621 213.108894 79.991900 1
108.781843 232.602684 77.899911 1
105.420446 191.201557 73.996854 1
94.017086 199.276543 72.559856 1
93.721854 192.708509 75.216154 1
92.861949 173.578193 82.952990 1
95.590761 170.592531 89.805443 1
101.066885 164.600964 103.556800 1
101.066885 164.600964 103.556800 1
113.754749 191.652552 74.285881 1
125.827047 198.824588 73.927397 1
126.573473 192.261864 76.507248 1
128.747545 173.147011 84.021426 1
126.445542 169.123098 90.488699 1
121.825935 161.047996 103.467088 1
121.825935 161.047996 103.467088 1
102.855627 151.246451 73.130703 1
98.952666 150.896298 91.439853 1
94.119438 150.462686 114.112972 1
95.115171 127.279405 115.751036 1
95.943953 107.983159 117.114456 1
91.358572 102.727027 131.720079 1
89.925161 102.725107 139.479312 1
117.266213 150.849513 73.265282 1
120.665881 150.407372 91.672650 1
124.875818 149.859839 114.467176 1
124.346773 126.418103 115.649608 1
123.915312 107.300271 116.613938 1
128.863930 100.457705 130.422173 1
130.576364 99.616022 138.078569 1
110.071600 152.485900 74.122900 1
110.309224 160.609584 73.570275 1
110.435296 170.917531 72.649035 1
110.193017 180.817694 73.173217 1
108.555784 205.325151 79.987916 1
108.875626 212.863706 81.485137 1
108.662988 232.401156 79.855850 1
105.370583 191.141162 74.798223 1
94.053306 199.378739 73.628371 1
93.762083 192.697737 75.986664 1
92.913855 173.238385 82.855522 1
95.760365 170.332690 89.694456 1
101.472683 164.501599 103.418684 1
101.472683 164.501599 103.418684 1
113.701964 191.599051 75.153150 1
125.709920 198.886370 75.048456 1
126.521196 192.233727 77.364986 1
128.884152 172.856974 84.112204 1
126.483996 168.857670 90.559027 1
121.667418 160.831951 103.496378 1
121.667418 160.831951 103.496378 1
102.835634 151.241463 73.108465 1
98.987562 150.889835 91.429201 1
94.222305 150.454396 114.116668 1
95.173727 127.268022 115.737190 1
95.965628 107.969200 117.086008 1
91.428187 102.683736 131.696018 1
90.018989 102.666684 139.459666 1
117.245585 150.830790 73.267649 1
120.664323 150.383967 91.671372 1
124.897874 149.830634 114.461384 1
124.322591 126.388707 115.618151 1
123.853420 107.270719 116.561549 1
128.794151 100.394198 130.355733 1
130.504532 99.534490 138.010585 1
110.084300 152.508800 74.087600 1
110.327916 160.640161 73.666038 1
110.452362 170.964923 72.957404 1
110.189512 180.844745 73.773934 1
108.452219 205.064896 81.526493 1
108.758480 212.557683 83.240591 1
108.540190 232.131431 82.130409 1
105.325100 191.078416 75.793828 1
94.056329 199.421117 74.944645 1
93.747057 192.620492 76.929080 1
92.846261 172.812719 82.709025 1
95.785349 170.018747 89.555352 1
101.683449 164.411860 103.294415 1
101.683449 164.411860 103.294415 1
113.654518 191.556006 76.168329 1
125.570313 198.991575 76.350278 1
126.420842 192.238279 78.338173 1
128.898126 172.568359 84.128198 1
126.415109 168.579885 90.550301 1
121.432246 160.575902 103.438045 1
121.432246 160.575902 103.438045 1
102.847737 151.286102 73.051230 1
99.019393 150.909127 91.375595 1
94.278567 150.442302 114.067556 1
95.234147 127.256150 115.688822 1
96.029509 107.957515 117.038260 1
91.531591 102.677721 131.662534 1
90.143742 102.663553 139.430033 1
117.257342 150.862506 73.207780 1
120.658944 150.383853 91.613877 1
124.871275 149.791105 114.406830 1
124.273332 126.340447 115.356626 1
123.785681 107.215338 116.131230 1
128.702264 100.252051 129.890472 1
130.402956 99.345443 137.542071 1
110.108300 152.541100 74.213600 1
110.329840 160.680672 73.980408 1
110.420361 171.021308 73.554471 1
110.116594 180.864421 74.723894 1
108.269107 204.709581 83.540424 1
108.531078 212.148375 85.481944 1
108.349199 231.746954 84.958151 1
105.200633 190.969958 77.210244 1
93.994697 199.423613 76.690909 1
93.649322 192.511700 78.236328 1
92.643367 172.379789 82.737579 1
95.729957 169.649328 89.544506 1
101.924062 164.169896 103.204502 1
101.924062 164.169896 103.204502 1
113.528565 191.480784 77.573767 1
125.351407 199.047296 78.098440 1
126.258489 192.196036 79.685759 1
128.900494 172.240784 84.309047 1
126.320876 168.255843 90.695167 1
121.144158 160.258949 103.510700 1
121.144158 160.258949 103.510700 1
102.873893 151.323342 73.156565 1
99.027758 150.929619 91.476852 1
94.264900 150.442051 114.163762 1
95.270137 127.256551 115.764174 1
96.106830 107.958457 117.096253 1
91.609757 102.656449 131.712748 1
90.221783 102.630686 139.480195 1
117.284735 150.934893 73.288515 1
120.646521 150.429976 91.701225 1
124.809546 149.804704 114.502366 1
124.203387 126.352899 115.418006 1
123.709036 107.226854 116.164755 1
128.562075 100.269629 129.949599 1
130.227322 99.366349 137.609383 1
110.151900 152.578000 74.228100 1
110.344573 160.721423 74.288359 1
110.390672 171.071080 74.259283 1
110.037083 180.852973 75.851838 1
108.049977 204.238049 85.797978 1
108.320040 211.588702 88.049368 1
108.212484 231.194451 88.170893 1
105.059607 190.795553 78.825105 1
93.923326 199.355501 78.692736 1
93.530893 192.354818 79.750359 1
92.387875 171.964348 82.830833 1
95.626828 169.287093 89.587919 1
102.126689 163.914432 103.147894 1
102.126689 163.914432 103.147894 1
113.384692 191.343970 79.198925 1
125.153329 198.953575 80.147645 1
126.145693 192.018752 81.245635 1
129.036092 171.820110 84.443686 1
126.334517 167.873396 90.803060 1
120.913057 159.953214 103.564921 1
120.913057 159.953214 103.564921 1
102.916903 151.373359 73.160130 1
99.058615 150.959912 91.477427 1
94.280707 150.447920 114.160634 1
95.290038 127.260633 115.732328 1
96.130137 107.961052 117.040504 1
91.661109 102.627036 131.653955 1
90.287016 102.584629 139.423796 1
117.329442 151.031964 73.213424 1
120.622120 150.490081 91.637568 1
124.699566 149.819032 114.452868 1
124.101722 126.366940 115.366639 1
123.614152 107.240662 116.111863 1
128.368064 100.283552 129.931263 1
129.978150 99.380298 137.602835 1
110.270500 152.643000 74.324300 1
110.423137 160.776317 74.750860 1
110.415876 171.116363 75.200040 1
110.014628 180.807824 77.264323 1
107.908691 203.650061 88.378879 1
108.234558 210.859163 91.042794 1
108.189617 230.452549 91.756179 1
104.987555 190.563524 80.732083 1
93.961269 199.258937 81.075270 1
93.506853 192.201708 81.595996 1
92.183301 171.646540 83.112685 1
95.615516 168.971611 89.774620 1
102.503211 163.603617 103.143647 1
102.503211 163.603617 103.143647 1
113.309658 191.131808 81.141001 1
125.030532 198.753474 82.496834 1
126.131279 191.771107 83.059902 1
129.337356 171.433986 84.699916 1
126.507172 167.506138 91.014882 1
120.827623 159.623817 103.687622 1
120.827623 159.623817 103.687622 1
103.035122 151.449895 73.246011 1
99.184455 150.994416 91.563914 1
94.415986 150.430373 114.247873 1
95.359581 127.237225 115.773241 1
96.144967 107.932765 117.042859 1
91.726434 102.562675 131.658453 1
90.378044 102.501496 139.432670 1
117.449232 151.181888 73.198307 1
120.648491 150.567149 91.636617 1
124.610253 149.805880 114.469459 1
124.002317 126.352288 115.336874 1
123.506516 107.224785 116.044293 1
128.134310 100.267664 129.906431 1
129.674458 99.364415 137.592350 1
110.259100 152.833400 74.509100 1
110.351257 160.941940 75.283175 1
110.284534 171.250856 76.199767 1
109.855575 180.825101 78.748594 1
107.757812 203.016852 91.112317 1
108.078429 210.075304 94.153574 1
108.140527 229.641055 95.414245 1
104.831806 190.375023 82.752498 1
93.861416 199.110231 83.560986 1
93.281227 192.043329 83.494571 1
91.591346 171.459987 83.301126 1
95.273213 168.730269 89.805679 1
102.661908 163.252326 102.858875 1
102.661908 163.252326 102.858875 1
113.154131 190.917458 83.190931 1
124.809120 198.542007 85.016981 1
126.029147 191.556810 84.990584 1
129.582646 171.211447 84.913697 1
126.513278 167.283992 91.116180 1
120.353741 159.402461 103.563194 1
120.353741 159.402461 103.563194 1
103.035845 151.635799 73.357040 1
99.198767 151.088176 91.675273 1
94.447126 150.410027 114.359638 1
95.405977 127.213241 115.818738 1
96.204061 107.905753 117.033199 1
91.798756 102.485609 131.634302 1
90.455891 102.398333 139.409227 1
117.451602 151.473075 73.345343 1
120.617364 150.726269 91.784559 1
124.537645 149.801457 114.618522 1
123.905799 126.344791 115.379174 1
123.390500 107.214782 115.999522 1
127.916762 100.257685 129.895156 1
129.400656 99.354453 137.592135 1
110.136700 153.111200 74.762000 1
110.175798 161.173420 75.926123 1
110.039830 171.422315 77.361400 1
109.536382 180.838474 80.432097 1
107.254468 202.236609 94.094042 1
107.779701 209.163396 97.398212 1
108.027139 228.681398 99.241613 1
104.431589 190.087147 85.000866 1
93.815663 199.155422 86.542116 1
93.126770 192.137347 85.797674 1
91.120275 171.696223 83.629382 1
95.112155 168.872307 89.906889 1
103.122976 163.205327 102.504456 1
103.122976 163.205327 102.504456 1
112.749257 190.679136 85.462932 1
124.390336 198.209104 87.719445 1
125.748054 191.276018 87.110290 1
129.702597 171.082438 85.336041 1
126.453437 167.026234 91.361560 1
119.933093 158.886331 103.453446 1
119.933093 158.886331 103.453446 1
102.927116 151.928905 73.512608 1
99.146421 151.250824 91.838197 1
94.464601 150.411123 114.531674 1
95.452575 127.210071 115.900741 1
96.274899 107.899033 117.040265 1
91.908874 102.398119 131.622948 1
90.584438 102.268697 139.400447 1
117.343445 151.849990 73.574958 1
120.493815 150.948279 92.009885 1
124.395035 149.831643 114.838538 1
123.786352 126.371119 115.491463 1
123.289943 107.237963 116.023955 1
127.728044 100.280791 129.947960 1
129.163092 99.377507 137.654189 1
110.013600 153.427000 75.149700 1
110.003913 161.405569 76.792396 1
109.813837 171.548944 78.840360 1
109.273619 180.758382 82.479195 1
106.955634 201.264026 97.441868 1
107.583444 208.070914 100.969745 1
108.048648 227.511782 103.469341 1
104.149084 189.687742 87.624695 1
93.740301 198.828656 89.950179 1
92.848906 191.943886 88.505364 1
90.252593 171.891029 84.297138 1
94.584062 168.885171 90.256997 1
103.276362 162.853077 102.217112 1
103.276362 162.853077 102.217112 1
112.465920 190.282375 88.098205 1
124.032705 197.754982 90.868871 1
125.528096 190.940260 89.601782 1
129.883630 171.091431 85.911207 1
126.395385 166.950629 91.742383 1
119.395251 158.640956 103.444267 1
119.395251 158.640956 103.444267 1
102.813863 152.281245 73.812563 1
99.081982 151.422419 92.140579 1
94.460610 150.358894 114.837060 1
95.526724 127.150872 116.016199 1
96.414087 107.834032 116.997638 1
92.115223 102.199178 131.549100 1
90.822668 101.999652 139.330479 1
117.230220 152.278875 73.909092 1
120.370826 151.184452 92.335249 1
124.259957 149.829172 115.153042 1
123.652141 126.363679 115.593683 1
123.156438 107.226470 115.953046 1
127.509818 100.269276 129.903760 1
128.898040 99.365995 137.618563 1
109.883300 153.868000 75.610100 1
109.832451 161.712062 77.806507 1
109.593906 171.688002 80.552791 1
109.021247 180.625526 84.811832 1
106.681914 200.073752 101.122260 1
107.440793 206.831535 104.718127 1
108.078708 226.207953 107.643745 1
103.879326 189.161882 90.570457 1
93.707044 198.326039 93.708910 1
92.558394 191.679978 91.519707 1
89.212790 172.322395 85.143346 1
93.881590 169.060242 90.700088 1
103.250838 162.513819 101.851237 1
103.250838 162.513819 101.851237 1
112.195506 189.771949 91.035778 1
123.646950 197.220463 94.305492 1
125.252262 190.596700 92.348231 1
129.927955 171.304062 86.647435 1
126.230222 166.980191 92.210495 1
118.809691 158.303142 103.374327 1
118.809691 158.303142 103.374327 1
102.688678 152.779855 74.199337 1
98.989481 151.663591 92.520106 1
94.408584 150.281266 115.207613 1
95.592897 127.066695 116.113356 1
96.578640 107.744405 116.867238 1
92.356625 101.916347 131.365004 1
91.099386 101.615392 139.148906 1
117.104917 152.848182 74.289069 1
120.241267 151.497667 92.698953 1
124.125127 149.825261 115.496595 1
123.523624 126.356514 115.718242 1
123.033070 107.216653 115.899006 1
127.289273 100.259533 129.879711 1
128.623728 99.356275 137.603999 1
109.700400 154.638600 76.298800 1
109.637808 162.287578 79.099748 1
109.383347 172.028919 82.586851 1
108.798618 180.648822 87.455326 1
106.461997 199.017358 104.973123 1
107.377915 205.733862 108.609530 1
108.146486 225.031830 111.987320 1
103.649567 188.777793 93.770199 1
93.678460 197.835043 97.751429 1
92.250309 191.521270 94.856815 1
88.090621 173.131522 86.425847 1
93.044986 169.577413 91.538506 1
102.987302 162.445099 101.798480 1
102.987302 162.445099 101.798480 1
111.965299 189.401309 94.225601 1
123.339241 196.728952 97.999996 1
125.074567 190.396717 95.321641 1
130.128945 171.953197 87.520559 1
126.254118 167.436657 92.802917 1
118.478201 158.372962 103.403442 1
118.478201 158.372962 103.403442 1
102.506844 153.651618 74.810337 1
98.821976 152.121936 93.104120 1
94.258823 150.227654 115.758210 1
95.401464 126.999030 116.272635 1
96.352522 107.665043 116.700811 1
92.217402 101.696275 131.166339 1
91.003266 101.320961 138.953853 1
116.922996 153.736932 74.899513 1
120.068587 151.983181 93.273790 1
123.963891 149.811432 116.027337 1
123.422867 126.340296 115.949536 1
122.981636 107.198486 115.886086 1
127.145945 100.241309 129.894409 1
128.429664 99.338024 137.627287 1
109.489600 156.011100 77.348000 1
109.381618 163.418605 80.735227 1
109.085142 172.870778 84.940805 1
108.497581 181.134402 90.391859 1
106.280512 198.369016 109.040954 1
107.323177 205.036803 112.732464 1
108.189692 224.296856 116.297752 1
103.386636 188.833905 97.252354 1
93.620107 197.722316 102.039633 1
91.934898 191.802235 98.518999 1
87.026492 174.559174 88.264662 1
92.142867 170.690422 92.973397 1
102.410299 162.926691 102.422784 1
102.410299 162.926691 102.422784 1
111.704456 189.462244 97.660524 1
122.976361 196.665616 101.945679 1
124.815383 190.654700 98.664059 1
130.171792 173.147068 89.105882 1
126.178589 168.373588 94.064201 1
118.165116 158.794271 104.014455 1
118.165116 158.794271 104.014455 1
102.301726 155.099441 75.785871 1
98.601837 152.891257 94.007161 1
94.020082 150.156754 116.571479 1
95.344226 126.932775 116.752210 1
96.446357 107.602653 116.902640 1
92.416019 101.434865 131.314151 1
91.252535 100.954285 139.103612 1
116.717124 155.264584 75.884271 1
119.787436 152.836963 94.194494 1
123.589517 149.830737 116.868721 1
123.117462 126.362813 116.392568 1
122.732478 107.223623 116.004244 1
126.685519 100.267065 130.073951 1
127.852410 99.364010 137.825345 1
109.365700 157.667200 78.669300 1
109.185095 164.886483 82.438310 1
108.821681 174.098870 87.141310 1
108.224872 182.046084 93.043199 1
106.136335 198.181709 112.665016 1
107.279086 204.806183 116.404569 1
108.368959 224.026312 120.120824 1
103.162017 189.339741 100.367172 1
93.746240 198.115331 105.992039 1
91.915469 192.505610 102.059934 1
86.583091 176.166515 90.607128 1
91.761803 171.929267 94.913332 1
102.154333 163.426048 103.554928 1
102.154333 163.426048 103.554928 1
111.482611 189.942278 100.757327 1
122.682157 196.931642 105.555861 1
124.573118 191.175807 101.871194 1
130.080806 174.411131 91.139089 1
125.984548 169.367560 95.732538 1
117.764268 159.246230 104.950579 1
117.764268 159.246230 104.950579 1
102.188444 156.772353 77.049686 1
98.540872 153.739720 95.162638 1
94.023905 149.984263 117.592796 1
95.453060 126.767292 117.330003 1
96.642595 107.443005 117.111272 1
92.703828 100.981482 131.419022 1
91.581983 100.344465 139.203368 1
116.601568 157.064521 77.180712 1
119.580756 153.804925 95.376424 1
123.269997 149.768433 117.908845 1
122.758991 126.318099 116.902018 1
122.342242 107.193254 116.080905 1
126.068125 100.236058 130.212150 1
127.110349 99.332773 137.981263 1
109.081200 159.685500 80.170400 1
108.912990 166.733195 84.251796 1
108.566348 175.733220 89.350596 1
107.988379 183.420510 95.589042 1
105.951332 198.711439 115.881257 1
107.199121 205.303000 119.645316 1
108.472073 224.491931 123.463203 1
102.947097 190.405419 103.222325 1
93.765865 199.080364 109.367021 1
91.867861 193.577705 105.317272 1
86.339660 177.550441 93.521813 1
91.613700 173.064216 97.442909 1
102.197533 164.061352 105.311678 1
102.197533 164.061352 105.311678 1
111.269215 190.975891 103.627875 1
122.436581 197.751830 108.793487 1
124.369828 192.120851 104.941635 1
130.000679 175.719836 93.722575 1
125.798145 170.468113 97.974025 1
117.364592 159.929066 106.505748 1
117.364592 159.929066 106.505748 1
101.900780 158.868886 78.523704 1
98.394767 154.823695 96.465972 1
94.053098 149.814337 118.684763 1
95.648097 126.619848 117.903158 1
96.975669 107.314272 117.252602 1
93.251077 100.559592 131.482099 1
92.238400 99.765355 139.266959 1
116.314353 159.141908 78.646292 1
119.295407 154.938281 96.647050 1
122.986957 149.732761 118.938053 1
122.431500 126.309068 117.449735 1
121.978499 107.205950 116.235943 1
125.569584 100.248844 130.402088 1
126.537685 99.345588 138.180788 1
108.844000 161.875100 81.786800 1
108.707713 168.801212 86.072416 1
108.401505 177.649977 91.431888 1
107.862658 185.156666 97.889903 1
105.917748 199.872990 118.611467 1
107.153532 206.493784 122.327878 1
108.561388 225.693976 126.040333 1
102.860851 191.941287 105.727080 1
93.647967 200.448820 112.055714 1
91.805768 194.838726 108.129483 1
86.440106 178.498544 96.693786 1
91.769081 173.846224 100.337227 1
102.463155 164.510045 107.648803 1
102.463155 164.510045 107.648803 1
111.185763 192.468151 106.134275 1
122.335571 199.088764 111.533928 1
124.246415 193.437682 107.700380 1
129.812015 176.978116 96.534636 1
125.565452 171.538366 100.496017 1
117.043542 160.621992 108.445636 1
117.043542 160.621992 108.445636 1
101.656399 161.126188 80.139249 1
98.328876 156.004200 97.838783 1
94.208240 149.661391 119.756985 1
95.723510 126.491881 118.336776 1
96.984720 107.207096 117.154689 1
93.477338 100.246980 131.340313 1
92.578969 99.341830 139.127097 1
116.070980 161.356709 80.225094 1
119.113320 156.129862 97.945384 1
122.880764 149.657250 119.889072 1
122.416498 126.273002 117.850844 1
122.037866 107.202052 116.188574 1
125.555936 100.244907 130.373009 1
126.483839 99.341589 138.156599 1
108.596100 164.182400 83.455100 1
108.483811 171.035986 87.856447 1
108.207621 179.797456 93.359057 1
107.695612 187.206968 99.930485 1
105.799411 201.635976 120.857602 1
107.025067 208.339108 124.426857 1
108.561217 227.598116 127.764910 1
102.717796 193.902171 107.859300 1
93.441435 202.332221 114.198887 1
91.816155 196.443772 110.597948 1
87.082296 179.292839 100.109709 1
92.402562 174.484736 103.558423 1
103.079160 164.835935 110.479227 1
103.079160 164.835935 110.479227 1
111.044653 194.385363 108.280639 1
122.192183 200.891792 113.821932 1
124.037986 195.111112 110.153296 1
129.414144 178.274073 99.467881 1
125.199711 172.610583 103.139413 1
116.742278 161.245213 110.507370 1
116.742278 161.245213 110.507370 1
101.403856 163.478094 81.808141 1
98.203487 157.251549 99.173868 1
94.240313 149.540914 120.678699 1
96.070154 126.431848 118.739111 1
97.593193 107.197373 117.124726 1
94.257430 100.239428 131.352747 1
93.453168 99.335477 139.149951 1
115.819073 163.673299 81.871945 1
118.921235 157.364829 99.226029 1
122.762759 149.552803 120.716230 1
122.378705 126.220438 118.138202 1
122.065490 107.191802 116.035701 1
125.518758 100.234664 130.236056 1
126.411285 99.331410 138.023789 1
108.407400 166.611900 85.200400 1
108.325264 173.440670 89.640811 1
108.085069 182.177799 95.183667 1
107.601481 189.573768 101.772481 1
105.748557 204.007863 122.699966 1
106.907325 210.851287 126.016380 1
108.595244 230.197320 128.717060 1
102.645211 196.288610 109.698184 1
93.306518 204.678383 115.999573 1
91.914309 198.526470 112.759533 1
87.859303 180.608165 103.322461 1
93.089920 175.579742 106.589315 1
103.586611 165.488809 113.145164 1
103.586611 165.488809 113.145164 1
110.973666 196.737097 110.126257 1
122.137877 203.204854 115.679229 1
123.879306 197.206484 112.322279 1
128.951463 179.735392 102.544691 1
124.831317 173.803428 105.884290 1
116.563098 161.899290 112.586129 1
116.563098 161.899290 112.586129 1
101.209610 165.938875 83.564625 1
98.190370 158.575903 100.513121 1
94.451497 149.457972 121.501275 1
96.148286 126.396075 118.969666 1
97.560581 107.200860 116.862521 1
94.413689 100.243762 131.133917 1
93.712923 99.340246 138.941154 1
115.625459 166.089807 83.599167 1
118.743507 158.654497 100.498232 1
122.604704 149.447065 121.424964 1
122.220454 126.175432 118.346576 1
121.907080 107.196327 115.836008 1
125.282383 100.239191 130.055097 1
126.132094 99.335912 137.847615 1
108.193800 169.091800 87.038900 1
108.134600 175.948059 91.437117 1
107.922092 184.726301 96.915772 1
107.462409 192.187112 103.432802 1
105.656843 206.877416 124.185416 1
106.726920 213.877050 127.191053 1
108.476853 233.316303 129.052476 1
102.527708 199.011229 111.278225 1
93.025650 207.355723 117.392739 1
91.907624 200.923960 114.624240 1
88.651214 182.190552 106.560601 1
93.739116 176.895595 109.625465 1
103.949410 166.269784 115.775967 1
103.949410 166.269784 115.775967 1
110.857541 199.440682 111.698956 1
122.062686 205.945218 117.125069 1
123.677494 199.689195 114.203303 1
128.380846 181.467654 105.693250 1
124.346312 175.315508 108.724809 1
116.249899 162.969510 114.808479 1
116.249899 162.969510 114.808479 1
100.992468 168.427790 85.415073 1
98.179568 159.908203 101.849333 1
94.696216 149.357980 122.200684 1
96.292693 126.347514 119.182579 1
97.621495 107.195107 116.670506 1
94.657135 100.237973 130.980913 1
94.056087 99.334455 138.796459 1
115.408695 168.540673 85.433146 1
118.485157 159.966735 101.791856 1
122.294855 149.349296 122.049446 1
122.172946 126.128838 118.587007 1
122.073523 107.191468 115.763227 1
125.335317 100.234327 130.008780 1
126.122930 99.331072 137.807822 1
107.992000 171.554500 88.868300 1
107.953721 178.470402 93.172360 1
107.764815 187.332575 98.515072 1
107.317996 194.916454 104.889382 1
105.514312 210.072409 125.304568 1
106.546737 217.224905 127.940794 1
108.217997 236.740344 128.816158 1
102.386213 201.923526 112.573713 1
92.663947 210.236995 118.376363 1
91.849799 203.545000 116.177158 1
89.478479 184.053628 109.771667 1
94.395176 178.456835 112.567864 1
104.261898 167.225309 118.179210 1
104.261898 167.225309 118.179210 1
110.716293 202.348139 112.994450 1
121.965745 208.916264 118.249595 1
123.441857 202.431743 115.789063 1
127.741242 183.544669 108.622417 1
123.853505 177.207947 111.459347 1
116.051681 164.491547 117.152440 1
116.051681 164.491547 117.152440 1
100.788035 170.887925 87.257255 1
98.148563 161.248075 103.090359 1
94.879974 149.310576 122.697268 1
96.407480 126.348845 119.296545 1
97.678875 107.237003 116.466008 1
94.863631 100.279830 130.806476 1
94.343776 99.376358 138.627848 1
115.204522 170.961853 87.266679 1
118.200217 161.275210 103.007682 1
121.909899 149.279869 122.500343 1
122.021439 126.121638 118.643283 1
122.112404 107.235017 115.497672 1
125.249285 100.277757 129.771193 1
125.968551 99.374438 137.576827 1
107.832500 173.979000 90.742200 1
107.812760 180.980660 94.905428 1
107.649839 189.962043 100.046107 1
107.226000 197.719617 106.209474 1
105.464208 213.533542 126.123086 1
106.402878 220.811430 128.430687 1
108.071656 240.345070 128.178021 1
102.316020 204.993011 113.656643 1
92.298795 213.275642 118.982071 1
91.769491 206.372461 117.449732 1
90.227818 186.265980 112.986578 1
95.024553 180.431907 115.490903 1
104.650539 168.724212 120.516525 1
104.650539 168.724212 120.516525 1
110.647383 205.393054 114.076048 1
121.958890 212.057178 119.070671 1
123.229745 205.347864 117.159604 1
126.931290 185.806051 111.593353 1
123.237382 179.226604 114.119742 1
115.824527 166.023111 119.189649 1
115.824527 166.023111 119.189649 1
100.627714 173.302636 89.138925 1
98.151985 162.543266 104.261339 1
95.086168 149.219409 122.988166 1
96.528672 126.286428 119.363693 1
97.729317 107.198514 116.346921 1
95.038591 100.241404 130.711304 1
94.586694 99.337937 138.536897 1
115.044352 173.331374 89.158951 1
118.075061 162.552806 104.166339 1
121.828103 149.205295 122.750536 1
121.943042 126.067253 118.774254 1
122.036779 107.197097 115.531412 1
125.114082 100.240025 129.817987 1
125.800717 99.336788 137.626569 1
107.684900 176.330400 92.630400 1
107.665092 183.443450 96.600315 1
107.506055 192.571414 101.476106 1
107.090806 200.527999 107.380936 1
105.345434 217.061810 126.702500 1
106.172635 224.479723 128.563708 1
107.810289 243.980339 127.357147 1
102.193940 208.090763 114.543044 1
91.862049 216.348873 119.271957 1
91.620823 209.313770 118.416817 1
90.918216 188.823046 115.926103 1
95.598746 182.815311 118.231851 1
104.991533 170.759115 122.858974 1
104.991533 170.759115 122.858974 1
110.525839 208.464463 114.975907 1
121.872409 215.283818 119.672578 1
122.964336 208.412441 118.303629 1
126.144725 188.398596 114.316374 1
122.587819 181.678930 116.663971 1
115.449898 168.194045 121.375081 1
115.449898 168.194045 121.375081 1
100.482963 175.619897 91.029092 1
98.136251 163.806065 105.364608 1
95.230203 149.176417 123.116980 1
96.591231 126.265037 119.328111 1
97.724060 107.195103 116.174505 1
95.103635 100.237947 130.551857 1
94.690208 99.334391 138.379565 1
114.899540 175.630150 91.082652 1
117.847728 163.800019 105.293233 1
121.498582 149.150318 122.890714 1
121.824911 126.039837 118.768557 1
122.091048 107.192158 115.406747 1
125.016318 100.234447 129.724915 1
125.620834 99.331177 137.540279 1
107.559500 178.497100 94.470500 1
107.533734 185.717563 98.241487 1
107.370277 194.990910 102.834600 1
106.950530 203.158401 108.443753 1
105.186375 220.499367 127.042535 1
105.924020 228.022734 128.466831 1
107.540766 247.449741 126.371769 1
102.049838 211.027768 115.264806 1
91.550780 219.349666 119.486510 1
91.567785 212.262603 119.251163 1
91.617314 191.620541 118.565682 1
96.166274 185.470576 120.756941 1
105.295030 173.128957 125.154311 1
105.295030 173.128957 125.154311 1
110.381269 211.402417 115.705758 1
121.793001 218.367099 120.015347 1
122.703461 211.381093 119.209787 1
125.355304 191.033375 116.863480 1
122.024545 184.151196 119.067653 1
115.340452 170.340186 123.490945 1
115.340452 170.340186 123.490945 1
100.361236 177.746091 92.871160 1
98.151123 164.977328 106.386143 1
95.414231 149.165143 123.122410 1
96.637351 126.257323 119.265597 1
97.655394 107.190352 116.055439 1
95.104992 100.233242 130.445399 1
94.729547 99.329756 138.275030 1
114.777635 177.750524 92.961178 1
117.650011 164.972867 106.342709 1
121.206983 149.149811 122.913545 1
121.688513 126.059027 118.697283 1
122.081224 107.227413 115.258726 1
124.914911 100.280386 129.600480 1
125.453153 99.377303 137.420710 1
107.453900 180.569600 96.324900 1
107.437128 187.903128 99.871052 1
107.288850 197.327943 104.145304 1
106.889552 205.716763 109.419292 1
105.196721 223.915482 127.186594 1
105.742315 231.526354 128.161659 1
107.320693 250.876583 125.425038 1
102.017044 213.905208 115.875183 1
91.264216 222.155317 119.565625 1
91.476078 215.073901 119.866970 1
92.093154 194.448288 120.744679 1
96.514408 188.206605 122.937990 1
105.386888 175.680926 127.339477 1
105.386888 175.680926 127.339477 1
110.350082 214.288088 116.276960 1
121.788487 221.452183 120.168697 1
122.520063 214.402966 119.933167 1
124.650880 193.871135 119.247155 1
121.625153 186.848947 121.449556 1
115.553191 172.756970 125.869292 1
115.553191 172.756970 125.869292 1
100.255126 179.779734 94.746716 1
98.196803 166.120320 107.386511 1
95.647881 149.205198 123.038989 1
96.709928 126.290269 119.176689 1
97.593906 107.217382 115.961964 1
95.134753 100.260244 130.367785 1
94.808788 99.356795 138.199636 1
114.671484 179.766547 94.842170 1
117.442493 166.126336 107.366170 1
120.873939 149.235147 122.875094 1
121.553251 126.161782 118.591247 1
122.107262 107.344372 115.097570 1
124.902716 100.421077 129.458291 1
125.385139 99.518483 137.282220 1
107.322300 182.501400 98.172600 1
107.309396 189.957656 101.452871 1
107.167081 199.542061 105.356368 1
106.776326 208.160386 110.247020 1
105.121274 227.245752 127.062063 1
105.498932 234.905228 127.665042 1
106.997159 254.177401 124.386260 1
101.916630 216.667010 116.287815 1
90.958354 224.863378 119.456839 1
91.321887 217.827466 120.260533 1
92.380726 197.334388 122.601404 1
96.674623 191.030214 124.867801 1
105.291523 178.379130 129.415954 1
105.291523 178.379130 129.415954 1
110.250507 217.073746 116.646439 1
121.726231 224.435737 120.025171 1
122.321754 217.376841 120.340574 1
124.056299 196.816819 121.259229 1
121.367750 189.701986 123.597512 1
115.972430 175.424090 128.289932 1
115.972430 175.424090 128.289932 1
100.124113 181.661801 96.617585 1
98.159286 167.157423 108.294193 1
95.726144 149.195941 122.753908 1
96.728378 126.254063 119.038397 1
97.562572 107.158744 115.945849 1
95.123971 100.201652 130.355185 1
94.809549 99.298098 138.187496 1
114.540367 181.639078 96.725947 1
117.186260 167.172380 108.314663 1
120.462769 149.257723 122.665388 1
121.360275 126.185549 118.415413 1
122.092232 107.369111 114.949360 1
124.829294 100.468534 129.332246 1
125.247682 99.566414 137.159914 1
107.265400 184.316700 99.937700 1
107.245939 191.886037 102.947827 1
107.100528 201.618930 106.464645 1
106.716870 210.462964 110.934830 1
105.109062 230.466755 126.651043 1
105.335278 238.149402 126.966577 1
106.741492 257.347662 123.243529 1
101.874634 219.298728 116.498329 1
90.685182 227.378147 119.111015 1
91.126035 220.409478 120.346100 1
92.410078 200.112253 123.943456 1
96.579407 193.776378 126.349716 1
104.946329 181.061676 131.178545 1
104.946329 181.061676 131.178545 1
110.209493 219.721479 116.812923 1
121.743395 227.213589 119.666755 1
122.256683 220.179576 120.402508 1
123.751709 199.692029 122.545491 1
121.291136 192.579776 125.129702 1
116.353314 178.307056 130.315644 1
116.353314 178.307056 130.315644 1
100.068431 183.416595 98.411152 1
98.226465 168.173515 109.127326 1
95.945468 149.297263 122.397689 1
96.839674 126.327559 118.829446 1
97.583953 107.209080 115.859475 1
95.170573 100.251979 130.273053 1
94.869705 99.348473 138.105902 1
114.484654 183.408104 98.525705 1
117.006249 168.206905 109.162882 1
120.128836 149.382689 122.335282 1
121.218260 126.304640 118.162774 1
122.106736 107.483411 114.759900 1
124.785582 100.604445 129.164083 1
125.142697 99.702790 136.994840 1
107.198300 185.912500 101.731900 1
107.177044 193.582946 104.474146 1
107.031191 203.448318 107.600087 1
106.654997 212.502266 111.628883 1
105.098887 233.397322 126.144778 1
105.177928 241.089203 126.194834 1
106.485387 260.230771 122.157175 1
101.828825 221.646147 116.685364 1
90.403838 229.526561 118.847706 1
90.820891 222.610760 120.357640 1
92.035617 202.467521 124.755532 1
96.116154 196.193145 127.457036 1
104.304890 183.601857 132.878354 1
104.304890 183.601857 132.878354 1
110.164579 222.095174 116.932603 1
121.734933 229.716641 119.244987 1
122.244208 222.732448 120.360257 1
123.727540 202.390009 123.608637 1
121.562984 195.291052 126.478518 1
117.219202 181.045015 132.237737 1
117.219202 181.045015 132.237737 1
99.999224 184.952369 100.252590 1
98.342856 169.050166 109.997182 1
96.291693 149.357688 122.064388 1
96.886723 126.362362 118.600260 1
97.381988 107.222557 115.716947 1
95.074033 100.265432 130.147770 1
94.830377 99.361933 137.982608 1
114.415648 184.961777 100.338017 1
116.814662 169.111088 110.011943 1
119.785452 149.482585 121.991511 1
121.082195 126.398958 117.910137 1
122.139748 107.573179 114.581586 1
124.771396 100.717485 129.005551 1
125.072202 99.816405 136.838739 1
107.188900 187.298800 103.493100 1
107.168538 195.060587 105.965012 1
107.025758 205.043161 108.693781 1
106.664500 214.287581 112.265460 1
105.190511 236.019031 125.505834 1
105.115177 243.710772 125.433487 1
106.291554 262.786925 121.059902 1
101.865384 223.717417 116.795049 1
90.169297 231.336471 118.363019 1
90.539104 224.494417 120.188308 1
91.616217 204.565978 125.504716 1
95.513825 198.324400 128.532598 1
103.335463 185.798932 134.608885 1
103.335463 185.798932 134.608885 1
110.202250 224.184428 116.956647 1
121.741858 231.995433 118.726572 1
122.272764 225.074090 120.174083 1
123.819101 204.914710 124.390160 1
121.872930 197.856993 127.507493 1
117.967398 183.693717 133.763293 1
117.967398 183.693717 133.763293 1
99.985249 186.279022 102.077341 1
98.459741 169.795902 110.827213 1
96.570628 149.384045 121.662608 1
96.972757 126.363729 118.339571 1
97.307463 107.203123 115.573695 1
95.064055 100.248720 130.016004 1
94.858099 99.345544 137.851960 1
114.401875 186.308250 102.104321 1
116.704040 169.886743 110.800215 1
119.554899 149.551375 121.568650 1
121.017748 126.450160 117.646031 1
122.210770 107.610038 114.446952 1
124.827162 100.775190 128.883580 1
125.093281 99.874725 136.718093 1
107.180000 188.510300 105.176600 1
107.150401 196.349458 107.390834 1
106.999474 206.430880 109.727607 1
106.647828 215.846091 112.822251 1
105.256933 238.374821 124.665302 1
105.018869 246.062677 124.547097 1
106.118807 265.075237 119.886149 1
101.875608 225.543169 116.779916 1
89.965595 232.919778 117.801769 1
90.219707 226.146006 119.883492 1
90.959844 206.416445 125.946799 1
94.649214 200.232570 129.332792 1
102.052965 187.822899 136.127727 1
102.052965 187.822899 136.127727 1
110.213074 226.022371 116.847527 1
121.720014 233.988945 118.043776 1
122.303994 227.151527 119.830060 1
124.004918 207.236588 125.032862 1
122.278834 200.237823 128.402525 1
118.814969 186.192849 135.164696 1
118.814969 186.192849 135.164696 1
99.972761 187.426501 103.828275 1
98.551561 170.478351 111.659052 1
96.791620 149.490625 121.356288 1
97.042612 126.452639 118.142648 1
97.251521 107.277327 115.467825 1
95.008969 100.320557 129.909127 1
94.823460 99.412247 137.745001 1
114.389235 187.492223 103.788312 1
116.586843 170.586224 111.530543 1
119.308224 149.650892 121.118022 1
120.918048 126.530621 117.369086 1
122.230934 107.674957 114.311654 1
124.830842 100.859733 128.760533 1
125.063874 99.959874 136.596170 1
107.197100 189.505700 106.711200 1
107.165623 197.407269 108.691179 1
107.020886 207.565816 110.666360 1
106.693477 217.118571 113.309153 1
105.417910 240.318529 123.791089 1
105.050250 248.000880 123.649350 1
106.112366 266.963170 118.779524 1
101.965221 227.047989 116.703377 1
89.876603 234.182928 117.218094 1
89.977988 227.477537 119.522347 1
90.273287 207.947145 126.233806 1
93.710347 201.814493 129.961259 1
100.607767 189.507615 137.441429 1
100.607767 189.507615 137.441429 1
110.304080 227.507309 116.701522 1
121.759823 235.610071 117.348184 1
122.417324 228.863699 119.430559 1
124.332386 209.213945 125.495770 1
122.818039 202.287749 129.108424 1
119.779082 188.388405 136.358224 1
119.779082 188.388405 136.358224 1
99.988447 188.377583 105.407522 1
98.692052 171.059069 112.405316 1
97.086663 149.612703 121.071027 1
97.185614 126.559579 117.959284 1
97.267973 107.371667 115.369274 1
95.030373 100.376882 129.792970 1
94.867881 99.451010 137.627300 1
114.404789 188.451421 105.342036 1
116.531776 171.150830 112.179427 1
119.165705 149.726861 120.646408 1
120.894657 126.588432 117.066352 1
122.304698 107.717959 114.146650 1
124.908032 100.919739 128.602920 1
125.122933 100.020601 136.439158 1
107.305800 190.338400 108.186200 1
107.241135 198.299941 109.908345 1
107.063408 208.524172 111.505804 1
106.727131 218.188406 113.704937 1
105.491075 241.934051 122.889302 1
105.063808 249.612612 122.713420 1
106.078931 268.548991 117.733980 1
102.012440 228.292889 116.558288 1
89.787455 235.210212 116.644035 1
89.734983 228.578563 119.154137 1
89.582149 209.262956 126.465158 1
92.714707 203.157154 130.492933 1
99.001059 190.904158 138.575784 1
99.001059 190.904158 138.575784 1
110.351396 228.747392 116.505475 1
121.802408 236.881149 116.658147 1
122.564895 230.226157 118.984483 1
124.785746 210.842564 125.760262 1
123.477284 203.998119 129.601903 1
120.851493 190.262832 137.311230 1
120.851493 190.262832 137.311230 1
100.100120 189.135385 106.934070 1
98.869763 171.541657 113.221170 1
97.346152 149.754481 121.006796 1
97.299612 126.701348 117.893893 1
97.260874 107.513428 115.302917 1
94.970109 100.482677 129.700757 1
94.797965 99.541283 137.533031 1
114.515819 189.273285 106.837848 1
116.472796 171.652366 112.859301 1
118.896195 149.831724 120.315876 1
120.786484 126.693141 116.819339 1
122.328104 107.822544 113.967749 1
124.854216 101.045878 128.447820 1
125.002253 100.147531 136.285697 1
107.435200 190.987600 109.538900 1
107.347798 198.997218 111.020277 1
107.152627 209.269946 112.265802 1
106.824704 219.019533 114.050375 1
105.683620 243.207593 122.011013 1
105.129112 250.876282 121.771169 1
106.155026 269.785924 116.693307 1
102.144618 229.267074 116.407323 1
89.734986 235.837038 116.028419 1
89.512715 229.295586 118.756447 1
88.865318 210.242691 126.702209 1
91.628558 204.108192 130.950637 1
97.173769 191.797608 139.476290 1
97.173769 191.797608 139.476290 1
110.483974 229.700540 116.285625 1
121.947833 237.811020 115.958488 1
122.816431 231.249741 118.503541 1
125.346344 212.139099 125.916365 1
124.241155 205.351468 129.919281 1
122.023289 191.730193 137.952248 1
122.023289 191.730193 137.952248 1
100.231827 189.725229 108.332773 1
99.056847 171.881088 113.881350 1
97.601810 149.783812 120.752426 1
97.449797 126.717741 117.740364 1
97.323270 107.519052 115.233322 1
94.975333 100.451274 129.603798 1
94.786992 99.492842 137.433632 1
114.646905 189.904474 108.214116 1
116.542364 172.012049 113.396085 1
118.889584 149.855192 119.813095 1
120.753046 126.685768 116.511837 1
122.272786 107.790018 113.819508 1
124.847438 101.029261 128.298466 1
125.004154 100.131713 136.136266 1
107.548400 191.509000 110.793900 1
107.450342 199.558424 112.040195 1
107.245730 209.866555 112.945141 1
106.917304 219.680721 114.331139 1
105.792727 244.226369 121.112184 1
105.222638 251.893630 120.863411 1
106.292347 270.796231 115.768400 1
102.245059 230.034496 116.185851 1
89.737838 236.382209 115.422351 1
89.385904 229.956339 118.400014 1
88.360848 211.240094 127.072873 1
90.679762 205.008261 131.443641 1
95.333311 192.502350 140.214802 1
95.333311 192.502350 140.214802 1
110.584923 230.453945 116.050646 1
122.072360 238.504093 115.315192 1
123.038738 232.033905 118.051050 1
125.853451 213.188578 126.019620 1
124.965369 206.431325 130.126633 1
123.183190 192.871012 138.368499 1
123.183190 192.871012 138.368499 1
100.346352 190.201865 109.628224 1
99.152171 172.181088 114.568492 1
97.673358 149.865077 120.686268 1
97.519119 126.795607 117.700468 1
97.390740 107.594089 115.215285 1
94.941988 100.478078 129.545076 1
94.702838 99.502619 137.371419 1
114.761119 190.397564 109.498410 1
116.542530 172.317987 114.030507 1
118.748520 149.929372 119.642756 1
120.755925 126.765291 116.388733 1
122.393058 107.873898 113.734927 1
124.953180 101.142408 128.230088 1
125.072068 100.246718 136.068766 1
107.670600 192.000900 111.977100 1
107.571667 200.083943 112.982447 1
107.370473 210.416396 113.546623 1
107.047315 220.277628 114.545806 1
105.930288 245.107332 120.200375 1
105.377988 252.775921 119.952399 1
106.513917 271.681669 114.883467 1
102.382892 230.711271 115.906963 1
89.802247 236.854072 114.766642 1
89.319133 230.554752 117.986474 1
87.911997 212.207103 127.364682 1
89.731803 205.841731 131.779097 1
93.383753 193.067836 140.637848 1
93.383753 193.067836 140.637848 1
110.723934 231.112816 115.791470 1
122.236891 239.088822 114.722776 1
123.291422 232.706368 117.626976 1
126.362892 214.116576 126.085864 1
125.708200 207.345445 130.213802 1
124.394382 193.757284 138.497663 1
124.394382 193.757284 138.497663 1
100.471502 190.661386 110.830108 1
99.320793 172.470900 115.115291 1
97.895813 149.944730 120.421844 1
97.637388 126.864862 117.524918 1
97.422292 107.654690 115.113709 1
94.885518 100.528958 129.423342 1
94.614038 99.546445 137.247748 1
114.886649 190.849501 110.736206 1
116.674031 172.602636 114.536418 1
118.887414 150.006863 119.242347 1
120.821656 126.815508 116.141900 1
122.399121 107.901873 113.613341 1
125.006830 101.138652 128.085231 1
125.152378 100.232851 135.922297 1
107.768000 192.418900 113.185100 1
107.676678 200.531508 113.915405 1
107.488185 210.877745 114.110906 1
107.167718 220.770544 114.724507 1
106.015977 245.816064 119.321412 1
105.506512 253.488006 119.085745 1
106.773234 272.389342 114.031377 1
102.497654 231.253120 115.605767 1
89.875902 237.232224 114.106214 1
89.245629 231.070926 117.559227 1
87.409869 213.125283 127.616611 1
88.725906 206.591745 131.963752 1
91.366903 193.480378 140.687500 1
91.366903 193.480378 140.687500 1
110.839612 231.647725 115.545876 1
122.396801 239.522126 114.229767 1
123.507631 233.191244 117.224450 1
126.743080 214.751665 125.946884 1
126.272562 207.947325 130.045210 1
125.328342 194.292519 138.269645 1
125.328342 194.292519 138.269645 1
100.576324 191.053670 112.021980 1
99.471306 172.721284 115.666596 1
98.102907 150.019390 120.179904 1
97.719039 126.933897 117.342317 1
97.399531 107.719043 114.980497 1
94.715478 100.607593 129.270354 1
94.383399 99.625643 137.092493 1
114.992095 191.213762 112.046244 1
116.731768 172.826651 115.123927 1
118.886072 150.057208 118.935123 1
120.843874 126.860652 115.888849 1
122.440552 107.942774 113.404471 1
124.993724 101.162482 127.878097 1
125.106810 100.250336 135.714963 1
107.871700 192.714700 114.315200 1
107.812753 200.843641 114.837632 1
107.667561 211.191954 114.739117 1
107.385153 221.101068 115.015508 1
106.311229 246.312759 118.614590 1
105.720843 253.978503 118.366387 1
107.128465 272.871694 113.318846 1
102.752490 231.627756 115.460228 1
90.037039 237.314689 113.648299 1
89.218676 231.257839 117.243711 1
86.835080 213.616416 127.715851 1
87.693068 206.981387 132.023632 1
89.414861 193.666352 140.668391 1
89.414861 193.666352 140.668391 1
111.096124 231.988319 115.424113 1
122.622814 239.859541 113.847323 1
123.800495 233.580505 116.924484 1
127.230657 215.291937 125.887146 1
126.996367 208.398209 129.854303 1
126.526201 194.564022 137.815511 1
126.526201 194.564022 137.815511 1
100.678171 191.350432 113.162457 1
99.611830 172.908763 116.219981 1
98.291328 150.071540 120.006264 1
97.775075 126.988391 117.170604 1
97.345379 107.775488 114.810388 1
94.590818 100.675120 129.092337 1
94.239689 99.692592 136.913571 1
115.094334 191.450468 113.232529 1
116.806199 172.972038 115.722825 1
118.926067 150.089510 118.806637 1
120.902075 126.892533 115.775357 1
122.513601 107.974313 113.303207 1
125.095995 101.181345 127.765701 1
125.220878 100.264082 135.601790 1
108.016900 192.994600 115.351000 1
107.973927 201.133366 115.689745 1
107.854918 211.476236 115.330259 1
107.597950 221.389861 115.304044 1
106.571504 246.716338 117.997009 1
105.961981 254.378944 117.702499 1
107.489356 273.259567 112.642762 1
102.994514 231.938698 115.334218 1
90.238893 237.434790 113.238010 1
89.220893 231.446135 116.896127 1
86.255827 214.003338 127.550906 1
86.613496 207.409412 131.990379 1
87.331261 194.176859 140.899417 1
87.331261 194.176859 140.899417 1
111.339232 232.274267 115.358960 1
122.843959 240.118562 113.510915 1
124.103823 233.868940 116.615284 1
127.773353 215.666042 125.657193 1
127.757418 208.668323 129.445120 1
127.725445 194.625449 137.046652 1
127.725445 194.625449 137.046652 1
100.826784 191.620498 114.188684 1
99.516815 173.085897 116.498069 1
97.894616 150.133593 119.357894 1
97.557836 127.000346 116.933284 1
97.277522 107.745745 114.915199 1
94.190621 100.607604 129.110088 1
93.641182 99.615778 136.918722 1
115.242523 191.690402 114.337913 1
116.914768 173.131971 116.174397 1
118.985574 150.150376 118.448570 1
120.970142 126.938572 115.538822 1
122.588650 108.008259 113.165788 1
125.149442 101.178220 127.614657 1
125.258304 100.247720 135.449424 1
108.137500 193.113900 116.352500 1
108.088954 201.257963 116.519755 1
107.972553 211.589720 115.920078 1
107.724453 221.499071 115.620243 1
106.720384 246.899626 117.501666 1
106.147180 254.562863 117.155226 1
107.737195 273.425569 112.048180 1
103.139376 232.050419 115.278741 1
90.384877 237.459165 112.960292 1
89.177287 231.475265 116.568173 1
85.660012 214.046318 127.076629 1
85.626661 207.439556 131.511299 1
85.559736 194.181244 140.410698 1
85.559736 194.181244 140.410698 1
111.484190 232.374172 115.361271 1
123.001118 240.143002 113.284584 1
124.354959 233.891315 116.344921 1
128.298213 215.682404 125.258583 1
128.471188 208.593049 128.867992 1
128.818316 194.366281 136.111279 1
128.818316 194.366281 136.111279 1
100.955274 191.711653 115.175114 1
99.668429 173.124741 117.032919 1
98.074865 150.107657 119.333531 1
97.554701 126.993457 116.764009 1
97.121750 107.754709 114.625309 1
93.872897 100.689401 128.820494 1
93.262001 99.715823 136.626858 1
115.369788 191.792720 115.411544 1
117.028367 173.189285 116.732810 1
119.082249 150.151960 118.368970 1
121.063559 126.948620 115.390314 1
122.679410 108.025209 112.961081 1
125.207153 101.164813 127.401385 1
125.297219 100.224182 135.235181 1
108.246700 193.218400 117.277900 1
108.191584 201.364078 117.309495 1
108.079341 211.682738 116.515135 1
107.843452 221.582721 115.984671 1
106.876416 247.027097 117.161375 1
106.328631 254.688434 116.739913 1
107.939036 273.537627 111.589547 1
103.282620 232.129058 115.318277 1
90.539177 237.465728 112.782220 1
89.149302 231.437933 116.248640 1
85.101096 213.881135 126.345072 1
84.791613 207.207971 130.668243 1
84.170552 193.816404 139.343889 1
84.170552 193.816404 139.343889 1
111.627181 232.439776 115.457188 1
123.163261 240.116206 113.155394 1
124.619342 233.838768 116.114404 1
128.860382 215.554852 124.732933 1
129.211661 208.436793 128.272221 1
129.916603 194.152424 135.374788 1
129.916603 194.152424 135.374788 1
101.076361 191.791271 116.058704 1
99.697313 173.183243 117.614396 1
97.989571 150.140008 119.540885 1
97.335528 127.048040 116.807293 1
96.791146 107.827797 114.532031 1
93.270295 100.785059 128.673471 1
92.535495 99.813024 136.469340 1
115.488071 191.887366 116.424795 1
117.151904 173.256047 117.255490 1
119.212292 150.184193 118.284156 1
121.191376 126.990627 115.228881 1
122.805410 108.075188 112.737163 1
125.272917 101.176456 127.169619 1
125.329042 100.223050 135.002188 1
108.317200 193.224900 118.076200 1
108.253969 201.370459 118.031813 1
108.148187 211.678732 117.111667 1
107.930539 221.567984 116.403126 1
107.021815 247.035312 116.973612 1
106.516540 254.693420 116.452198 1
108.155210 273.534026 111.279379 1
103.405303 232.107198 115.445153 1
90.710361 237.447112 112.682779 1
89.173202 231.346241 115.953659 1
84.696014 213.576602 125.480556 1
84.204103 206.808588 129.636121 1
83.216949 193.226679 137.975418 1
83.216949 193.226679 137.975418 1
111.748941 232.400139 115.658341 1
123.317284 239.949362 113.110859 1
124.866479 233.616031 115.898521 1
129.378725 215.169320 124.017976 1
129.852256 207.991329 127.419289 1
130.802532 193.586691 134.244974 1
130.802532 193.586691 134.244974 1
101.162172 191.778994 116.790966 1
99.678492 173.157852 118.068645 1
97.841178 150.098379 119.650859 1
97.197407 127.017613 116.821898 1
96.661573 107.806692 114.467258 1
92.848349 100.802030 128.551679 1
91.959182 99.841195 136.332844 1
115.568844 191.893687 117.315656 1
117.243295 173.251219 117.804566 1
119.316833 150.165559 118.409988 1
121.311677 127.002536 115.140744 1
122.938566 108.112006 112.474523 1
125.302582 101.168518 126.902838 1
125.300163 100.199806 134.733729 1
108.435900 193.208500 118.618200 1
108.369748 201.354078 118.582383 1
108.274173 211.659926 117.634369 1
108.075655 221.541748 116.823896 1
107.221197 247.017091 116.937263 1
106.774160 254.667356 116.268384 1
108.457306 273.510255 111.118249 1
103.584212 232.072243 115.638105 1
90.954164 237.437488 112.637602 1
89.310031 231.246756 115.679607 1
84.521262 213.215381 124.539871 1
83.879798 206.336798 128.488330 1
82.592524 192.533002 136.412013 1
82.592524 192.533002 136.412013 1
111.926159 232.350764 115.924286 1
123.533317 239.767697 113.172932 1
125.174047 233.372962 115.760888 1
129.952901 214.747403 123.298669 1
130.599083 207.505212 126.531289 1
131.895832 192.971738 133.018443 1
131.895832 192.971738 133.018443 1
101.294034 191.761184 117.263234 1
99.755310 173.139392 118.464021 1
97.849831 150.079114 119.951014 1
97.210271 127.014652 116.991150 1
96.677942 107.817302 114.527555 1
92.683588 100.822760 128.566729 1
91.699852 99.864003 136.336762 1
115.695007 191.881049 117.925275 1
117.342759 173.233608 118.302512 1
119.383234 150.141791 118.769643 1
121.353147 127.015062 115.238800 1
122.959703 108.154132 112.359233 1
125.189055 101.150035 126.779687 1
125.116909 100.162390 134.607881 1
108.504400 193.224400 119.031400 1
108.448969 201.370100 119.006988 1
108.373050 211.674691 118.043660 1
108.189702 221.550867 117.163756 1
107.352862 247.026206 116.956678 1
106.968699 254.672621 116.209327 1
108.664454 273.479075 110.931692 1
103.712697 232.068759 115.821796 1
91.181031 237.555857 112.634938 1
89.482510 231.259176 115.418635 1
84.535330 212.919210 123.526542 1
83.766910 205.911979 127.217742 1
82.224863 191.850015 134.625161 1
82.224863 191.850015 134.625161 1
112.053058 232.345421 116.152527 1
123.663220 239.692184 113.230850 1
125.369329 233.236957 115.618605 1
130.338613 214.435205 122.573274 1
131.220868 207.136136 125.616616 1
132.991364 192.488520 131.723929 1
132.991364 192.488520 131.723929 1
101.371238 191.788292 117.619843 1
99.806917 173.162932 118.728693 1
97.869741 150.098235 120.101836 1
97.236703 127.038502 117.103963 1
96.709804 107.845089 114.608731 1
92.595903 100.822965 128.599531 1
91.549094 99.853990 136.360049 1
115.766877 191.888568 118.391966 1
117.346121 173.235697 118.793028 1
119.301760 150.137156 119.289664 1
121.294073 127.050381 115.518125 1
122.918897 108.222035 112.442260 1
125.001932 101.137087 126.845084 1
124.847845 100.122542 134.668652 1
108.625500 193.239500 119.419700 1
108.571516 201.385004 119.356805 1
108.499755 211.684686 118.342036 1
108.318226 221.555584 117.404431 1
107.478668 247.028882 117.027167 1
107.155742 254.666777 116.171564 1
108.868951 273.468998 110.884491 1
103.840902 232.063787 115.989601 1
91.471880 237.830467 112.663991 1
89.770212 231.419664 115.171594 1
84.813868 212.747304 122.475339 1
83.962530 205.602495 125.872933 1
82.254085 191.264443 132.691150 1
82.254085 191.264443 132.691150 1
112.181019 232.343613 116.323800 1
123.772636 239.664112 113.265748 1
125.514328 233.151758 115.465269 1
130.587251 214.183616 121.871681 1
131.694014 206.831333 124.706415 1
133.915047 192.076927 130.395100 1
133.915047 192.076927 130.395100 1
101.497948 191.797820 117.985665 1
99.872803 173.174902 119.047050 1
97.860306 150.113230 120.361416 1
97.241438 127.069435 117.240558 1
96.726332 107.889287 114.642961 1
92.481308 100.859894 128.590874 1
91.365598 99.888526 136.341487 1
115.890317 191.899618 118.816333 1
117.411684 173.241056 119.174005 1
119.295651 150.135466 119.616910 1
121.236086 127.074130 115.666912 1
122.818602 108.266530 112.445504 1
124.822977 101.136510 126.837244 1
124.632273 100.108602 134.658260 1
108.716500 193.211000 119.807900 1
108.669761 201.355461 119.660699 1
108.605777 211.646333 118.559686 1
108.426346 221.513008 117.578251 1
107.580332 246.985904 117.188483 1
107.322057 254.612623 116.218827 1
109.035389 273.421178 110.954372 1
103.945377 232.019396 116.161489 1
91.709850 237.980562 112.688255 1
90.012143 231.468541 114.922874 1
85.067334 212.501371 121.431512 1
84.170395 205.233640 124.544758 1
82.370439 190.648910 130.792351 1
82.370439 190.648910 130.792351 1
112.285685 232.301409 116.489032 1
123.855179 239.621112 113.346467 1
125.626931 233.064377 115.384176 1
130.787404 213.966969 121.319289 1
132.045038 206.568270 123.963969 1
134.568836 191.720719 129.271254 1
134.568836 191.720719 129.271254 1
101.589064 191.760778 118.381925 1
99.919535 173.137803 119.370948 1
97.852076 150.076060 120.595705 1
97.262240 127.049695 117.343338 1
96.771298 107.884056 114.636281 1
92.432467 100.847805 128.551834 1
91.266063 99.872941 136.294541 1
115.980710 191.858613 119.225489 1
117.521106 173.200703 119.532047 1
119.428638 150.095920 119.911654 1
121.256494 127.054974 115.792577 1
122.747195 108.264005 112.433277 1
124.831396 101.085520 126.789542 1
124.693145 100.043984 134.609859 1
108.846000 193.223600 120.082200 1
108.811105 201.367219 119.891525 1
108.759245 211.652615 118.739882 1
108.587909 221.515343 117.718147 1
107.755263 246.987281 117.245772 1
107.474580 254.619519 116.327107 1
109.145617 273.450736 111.130509 1
104.111584 232.019457 116.270177 1
91.902864 237.981693 112.705650 1
90.199873 231.397879 114.714470 1
85.239673 212.221600 120.565437 1
84.294382 204.863595 123.443439 1
82.397394 190.097706 129.218952 1
82.397394 190.097706 129.218952 1
112.452267 232.298053 116.591029 1
124.023831 239.614282 113.447994 1
125.823738 233.023389 115.346046 1
131.066219 213.826491 120.874388 1
132.412446 206.387443 123.357320 1
135.114030 191.458920 128.340015 1
135.114030 191.458920 128.340015 1
101.715793 191.776227 118.667224 1
100.004226 173.156030 119.636505 1
97.884709 150.097727 120.836814 1
97.250073 127.089169 117.468919 1
96.721843 107.938349 114.665705 1
92.344551 100.878798 128.557391 1
91.166074 99.894179 136.297034 1
116.107955 191.857482 119.503725 1
117.640297 173.199165 119.825513 1
119.537857 150.093878 120.223981 1
121.364364 127.078911 115.961566 1
122.853966 108.309129 112.485367 1
124.973514 101.093551 126.817842 1
124.850834 100.038788 134.636646 1
108.954800 193.217100 120.181600 1
108.943647 201.360670 119.986062 1
108.919352 211.645306 118.826733 1
108.766027 221.507316 117.795262 1
107.956020 246.979387 117.291696 1
107.622171 254.617835 116.445269 1
109.231700 273.490305 111.380584 1
104.300432 232.013577 116.329844 1
92.099750 237.922487 112.650835 1
90.394768 231.289565 114.489185 1
85.428770 211.970254 119.843635 1
84.398002 204.548680 122.522156 1
82.329483 189.655222 127.897352 1
82.329483 189.655222 127.897352 1
112.640993 232.285325 116.659624 1
124.168146 239.671905 113.517946 1
125.967770 233.050127 115.305554 1
131.209428 213.763272 120.512214 1
132.571826 206.287489 122.872987 1
135.305862 191.285246 127.610535 1
135.305862 191.285246 127.610535 1
101.821856 191.789506 118.760338 1
100.086633 173.172387 119.746538 1
97.937822 150.117896 120.967798 1
97.249595 127.121275 117.529627 1
96.676759 107.980392 114.667920 1
92.287440 100.901574 128.545999 1
91.110679 99.907751 136.284727 1
116.213349 191.829647 119.611212 1
117.725012 173.169520 119.925799 1
119.596963 150.061992 120.315350 1
121.390231 127.058591 115.977065 1
122.852725 108.298240 112.438991 1
124.978194 101.081033 126.769769 1
124.862375 100.027354 134.588823 1
109.084900 193.223800 120.256700 1
109.092087 201.366895 120.042108 1
109.086707 211.649482 118.864506 1
108.943904 221.511044 117.827256 1
108.138618 246.983560 117.338903 1
107.734221 254.630660 116.609441 1
109.276846 273.550818 111.704374 1
104.482296 232.018942 116.361433 1
92.265578 237.854725 112.619453 1
90.572528 231.183779 114.326557 1
85.641281 211.753718 119.298735 1
84.489937 204.299985 121.835069 1
82.179449 189.341991 126.924928 1
82.179449 189.341991 126.924928 1
112.822354 232.289188 116.704877 1
124.294862 239.788489 113.630954 1
126.066499 233.134577 115.324733 1
131.226638 213.754125 120.258101 1
132.517226 206.237437 122.527571 1
135.107156 191.153107 127.081895 1
135.107156 191.153107 127.081895 1
101.948554 191.808979 118.839752 1
100.199688 173.191941 119.803111 1
98.033982 150.137550 120.996086 1
97.313878 127.142534 117.553714 1
96.714511 108.002986 114.688509 1
92.320897 100.913967 128.560021 1
91.145934 99.915426 136.298415 1
116.340220 191.818645 119.688574 1
117.840328 173.157425 119.993498 1
119.697969 150.048544 120.371082 1
121.443698 127.047580 116.000605 1
122.867421 108.289217 112.436277 1
125.018765 101.068535 126.761442 1
124.921728 100.014695 134.580730 1
109.232300 193.231300 120.295000 1
109.251885 201.373383 120.045587 1
109.253207 211.652450 118.837645 1
109.107911 221.513628 117.797087 1
108.274218 246.986273 117.366561 1
107.824281 254.640724 116.749531 1
109.314210 273.599982 111.981051 1
104.634313 232.019850 116.356008 1
92.428696 237.844580 112.560957 1
90.781182 231.135564 114.160001 1
85.982568 211.594617 118.817442 1
84.788425 204.125729 121.288565 1
82.392048 189.137323 126.247563 1
82.392048 189.137323 126.247563 1
112.974140 232.298589 116.698273 1
124.403309 239.894716 113.701623 1
126.139895 233.215714 115.331758 1
131.197944 213.762187 120.079756 1
132.361100 206.210414 122.301130 1
134.695299 191.055675 126.758934 1
134.695299 191.055675 126.758934 1
102.089018 191.822037 118.907771 1
100.317477 173.205090 119.830602 1
98.123690 150.150811 120.973389 1
97.360108 127.156923 117.532850 1
96.724552 108.018315 114.669173 1
92.348566 100.925648 128.544392 1
91.188221 99.925379 136.284768 1
116.483422 191.811951 119.708841 1
117.938457 173.147026 120.005299 1
119.740284 150.033558 120.372400 1
121.468055 127.034173 115.986498 1
122.877133 108.277099 112.409590 1
125.046330 101.063314 126.735538 1
124.961166 100.011611 134.555252 1
109.383000 193.252900 120.280400 1
109.426322 201.393930 120.001369 1
109.450344 211.670151 118.769678 1
109.315612 221.531899 117.733115 1
108.479101 247.005668 117.381837 1
107.934490 254.665110 116.923425 1
109.385125 273.657614 112.276687 1
104.841871 232.042046 116.321400 1
92.593762 237.799396 112.560586 1
90.972077 231.064169 114.073529 1
86.248694 211.446878 118.480185 1
85.013195 203.974190 120.919281 1
82.533826 188.978156 125.814003 1
82.533826 188.978156 125.814003 1
113.181385 232.320725 116.671260 1
124.572591 239.991373 113.720237 1
126.279986 233.301894 115.338203 1
131.253010 213.817851 120.050755 1
132.301125 206.249825 122.274076 1
134.404464 191.062472 126.735788 1
134.404464 191.062472 126.735788 1
102.233428 191.859823 118.909322 1
100.450611 173.240450 119.758558 1
98.242861 150.183167 120.810209 1
97.435215 127.179599 117.445268 1
96.762983 108.032934 114.644512 1
92.402094 100.934172 128.521367 1
91.253698 99.930369 136.263068 1
116.628965 191.809913 119.688219 1
118.072305 173.144182 119.991020 1
119.859648 150.029715 120.365976 1
121.570016 127.028761 115.981484 1
122.964901 108.270407 112.405726 1
125.177076 101.061733 126.727674 1
125.116343 100.012140 134.547899 1
109.457900 193.255600 120.248400 1
109.537873 201.394987 119.932038 1
109.592181 211.668049 118.675219 1
109.461045 221.531472 117.654245 1
108.574389 247.005121 117.446553 1
107.964404 254.664545 117.079233 1
109.404643 273.690717 112.568995 1
104.962883 232.040553 116.314000 1
92.697039 237.773227 112.573346 1
91.112838 231.015021 114.022172 1
86.498631 211.330801 118.242080 1
85.268221 203.862860 120.698229 1
82.799062 188.876354 125.627175 1
82.799062 188.876354 125.627175 1
113.302845 232.333504 116.640747 1
124.667340 240.046358 113.696751 1
126.359324 233.359594 115.341903 1
131.287464 213.883461 120.133638 1
132.283549 206.318454 122.390895 1
134.282474 191.137161 126.920710 1
134.282474 191.137161 126.920710 1
102.299313 191.889032 118.897837 1
100.511534 173.267872 119.695915 1
98.297640 150.208376 120.684213 1
97.453686 127.196707 117.384204 1
96.751233 108.043298 114.637494 1
92.431320 100.941066 128.525385 1
91.307869 99.936037 136.270586 1
116.695998 191.776757 119.648514 1
118.170095 173.113573 119.960051 1
119.995527 150.002261 120.345825 1
121.593653 126.993763 115.958571 1
122.896999 108.229255 112.380560 1
125.240422 101.038439 126.690607 1
125.261474 99.996015 134.511998 1
