46 35
107.020200 151.630100 34.936960 1
107.011994 159.490885 33.569524 1
106.952961 169.626038 32.087542 1
106.806976 179.396843 33.003717 1
106.050126 202.539067 43.017580 1
107.318362 210.011470 43.735094 1
106.706724 228.698540 48.926250 1
102.388398 189.441590 36.058653 1
90.749662 196.938808 37.320239 1
90.084214 190.222009 39.241846 1
88.145998 170.658381 44.838802 1
91.611008 168.207358 51.472379 1
98.564512 163.288697 64.784496 1
98.564512 163.288697 64.784496 1
110.647353 189.584816 36.351869 1
122.544561 196.728150 37.182089 1
123.970977 190.053495 38.814603 1
128.125615 170.612616 43.569532 1
123.497214 168.416450 49.550563 1
114.209027 164.009227 61.553184 1
114.209027 164.009227 61.553184 1
99.943371 150.137752 34.306382 1
97.681684 150.410461 52.696622 1
94.880926 150.748164 75.470161 1
96.044050 127.919103 72.727677 1
97.012157 108.917692 70.445013 1
92.770454 100.823542 83.601556 1
91.392668 99.942824 91.237620 1
114.061826 150.106543 34.042243 1
116.820419 150.697910 52.357120 1
120.236489 151.430214 75.037110 1
120.305267 128.281837 73.028034 1
120.361358 109.403290 71.389541 1
125.386092 101.269067 84.242105 1
127.040910 99.910464 91.752104 1
106.989800 151.558800 34.869820 1
106.982685 159.427834 33.550679 1
106.921707 169.570452 32.120754 1
106.766359 179.338209 33.067383 1
105.973494 202.468307 43.106441 1
107.225634 209.944316 43.814593 1
106.596965 228.632227 49.000688 1
102.331294 189.371519 36.135978 1
90.692158 196.866783 37.405459 1
90.025305 190.137597 39.282729 1
88.082999 170.537889 44.750546 1
91.561694 168.110651 51.385705 1
98.542663 163.239722 64.700999 1
98.542663 163.239722 64.700999 1
110.590165 189.529678 36.423849 1
122.484896 196.677700 37.249195 1
123.883753 189.989993 38.851868 1
127.958122 170.511099 43.519880 1
123.351471 168.340082 49.526828 1
114.106931 163.983328 61.581459 1
114.106931 163.983328 61.581459 1
99.913141 150.070834 34.227101 1
97.658053 150.368876 52.617759 1
94.865467 150.737950 75.391814 1
96.056371 127.904064 72.701926 1
97.047601 108.898637 70.463040 1
92.824998 100.808369 83.628113 1
91.458394 99.927060 91.266117 1
114.031704 150.040288 33.968737 1
116.787133 150.663230 52.283043 1
120.199285 151.434635 74.962327 1
120.281244 128.283323 72.987873 1
120.348084 109.402381 71.377616 1
125.366816 101.255784 84.224687 1
127.017909 99.895505 91.735202 1
106.990900 151.586700 34.755810 1
106.994962 159.468202 33.513314 1
106.943434 169.623473 32.175816 1
106.786254 179.383475 33.199038 1
105.963119 202.446170 43.389588 1
107.213397 209.924829 44.072607 1
106.506626 228.629291 49.188503 1
102.338128 189.390723 36.333132 1
90.688296 196.865742 37.623700 1
89.993262 190.108829 39.387739 1
87.968874 170.428363 44.525756 1
91.482115 168.047071 51.159363 1
98.532409 163.268346 64.471540 1
98.532409 163.268346 64.471540 1
110.596774 189.557612 36.622525 1
122.478123 196.720870 37.506457 1
123.893813 190.011903 39.001906 1
128.017211 170.471087 43.357616 1
123.366592 168.359649 49.351910 1
114.033819 164.122458 61.381145 1
114.033819 164.122458 61.381145 1
99.912422 150.114751 34.096453 1
97.691093 150.414032 52.491199 1
94.940313 150.784639 75.270317 1
96.105201 127.941619 72.647419 1
97.074776 108.928590 70.464291 1
92.884440 100.851345 83.647657 1
91.536859 99.970468 91.289091 1
114.031013 150.067387 33.842168 1
116.783075 150.709558 52.156316 1
120.191058 151.504775 74.835404 1
120.288978 128.347438 72.933667 1
120.368834 109.461583 71.382714 1
125.378656 101.301142 84.224476 1
127.024536 99.935768 91.735211 1
107.003400 151.576900 34.690130 1
107.000874 159.472868 33.543151 1
106.935126 169.644048 32.333239 1
106.758555 179.389098 33.487415 1
105.879550 202.301699 44.006580 1
107.106880 209.786061 44.668425 1
106.349435 228.528288 49.636727 1
102.284135 189.336630 36.770643 1
90.603312 196.754903 38.107661 1
89.847717 189.958281 39.684298 1
87.646940 170.162155 44.276477 1
91.222478 167.852954 50.902280 1
98.397789 163.218898 64.198797 1
98.397789 163.218898 64.198797 1
110.542674 189.525460 37.049440 1
122.385873 196.732556 38.077269 1
123.838310 189.988132 39.363331 1
128.068738 170.344042 43.109170 1
123.347273 168.335593 49.083439 1
113.872329 164.305077 61.072488 1
113.872329 164.305077 61.072488 1
99.925139 150.108305 34.021038 1
97.702438 150.424925 52.415328 1
94.949958 150.817006 75.193881 1
95.971560 127.955553 72.673881 1
96.821874 108.927181 70.576398 1
92.624490 100.807517 83.731434 1
91.274857 99.918460 91.371558 1
114.043458 150.073473 33.750164 1
116.765865 150.697828 52.069360 1
120.137124 151.470983 74.754699 1
120.215964 128.308650 72.913895 1
120.280261 109.418720 71.412637 1
125.236357 101.234547 84.260141 1
126.857869 99.880902 91.778296 1
107.024100 151.601100 34.631910 1
107.034236 159.516053 33.624290 1
106.983341 169.707025 32.593467 1
106.809745 179.430458 33.917869 1
105.879032 202.155834 44.831338 1
107.135555 209.626750 45.584076 1
106.375353 228.397906 50.441503 1
102.323390 189.325814 37.339555 1
90.720054 196.855805 38.725878 1
89.933440 190.017199 40.091704 1
87.642310 170.098788 44.069866 1
91.255639 167.807681 50.681434 1
98.506788 163.209938 63.949386 1
98.506788 163.209938 63.949386 1
110.579670 189.496541 37.688152 1
122.409356 196.699414 38.886986 1
123.937970 189.915644 39.832809 1
128.390277 170.156951 42.587654 1
123.678069 168.185687 48.581584 1
114.221699 164.229794 60.610088 1
114.221699 164.229794 60.610088 1
99.944856 150.154487 33.926327 1
97.738774 150.478348 52.322491 1
95.006876 150.879395 75.103365 1
95.986386 128.010810 72.631829 1
96.801664 108.976502 70.574684 1
92.623840 100.850800 83.732218 1
91.288701 99.954337 91.374023 1
114.063513 150.104569 33.676241 1
116.778320 150.739194 51.996212 1
120.140168 151.525066 74.682511 1
120.221790 128.360048 72.875927 1
120.288356 109.467930 71.402575 1
125.228937 101.271770 84.248414 1
126.843210 99.918235 91.768146 1
107.118000 151.632300 34.662250 1
107.115063 159.568418 33.837685 1
107.043758 169.780480 33.044091 1
106.840293 179.469287 34.598102 1
105.809384 201.921689 46.054089 1
107.005340 209.382563 46.984193 1
106.349917 228.146866 51.883188 1
102.312514 189.263199 38.249389 1
90.697508 196.749347 39.769021 1
89.846057 189.865161 40.833821 1
87.366082 169.813995 43.935204 1
91.051972 167.582543 50.527091 1
98.448736 163.104514 63.755548 1
98.448736 163.104514 63.755548 1
110.567541 189.455076 38.616190 1
122.370177 196.668147 40.005232 1
124.007151 189.863803 40.526765 1
128.775070 170.045185 42.045804 1
124.066927 168.079090 48.044624 1
114.618717 164.133568 60.082943 1
114.618717 164.133568 60.082943 1
100.042085 150.189913 33.915798 1
97.800984 150.481482 52.308269 1
95.025718 150.842540 75.084570 1
96.031806 127.972253 72.639602 1
96.869207 108.936529 70.604571 1
92.684627 100.820177 83.765729 1
91.341433 99.933799 91.407298 1
114.161061 150.170627 33.679887 1
116.809526 150.766735 52.010859 1
120.089219 151.504909 74.710781 1
120.200185 128.338340 72.925770 1
120.290682 109.444957 71.470012 1
125.166934 101.253061 84.343122 1
126.741171 99.893155 91.870189 1
107.106600 151.685700 34.615300 1
107.086124 159.642476 34.022699 1
106.987141 169.873048 33.526013 1
106.745065 179.512222 35.358234 1
105.580314 201.623075 47.448161 1
106.828944 209.045431 48.592539 1
106.191521 227.732815 53.779463 1
102.164305 189.180122 39.269981 1
90.562787 196.639150 41.010016 1
89.671426 189.712682 41.703046 1
87.075208 169.538361 43.721598 1
90.784398 167.313605 50.302671 1
98.227920 162.849014 63.509425 1
98.227920 162.849014 63.509425 1
110.416993 189.392963 39.675792 1
122.229198 196.553391 41.244272 1
123.988438 189.759638 41.271991 1
129.112473 169.971867 41.352724 1
124.426571 167.886463 47.328625 1
115.022992 163.701514 59.320950 1
115.022992 163.701514 59.320950 1
100.035123 150.249366 33.816926 1
97.770659 150.515386 52.206923 1
94.966461 150.844805 74.980159 1
95.999643 127.974155 72.549930 1
96.859595 108.938128 70.527166 1
92.675510 100.828698 83.692747 1
91.329996 99.948401 91.334611 1
114.154415 150.269604 33.600795 1
116.734269 150.827140 51.942762 1
119.929001 151.517548 74.656299 1
120.080604 128.352049 72.860436 1
120.204242 109.459538 71.395828 1
125.020231 101.276415 84.297173 1
126.553723 99.905411 91.830635 1
107.195800 151.674500 34.892670 1
107.149415 159.647089 34.580318 1
107.018677 169.888492 34.447453 1
106.748191 179.454483 36.626438 1
105.522748 201.103776 49.519039 1
106.677577 208.490345 50.956056 1
106.298127 227.071821 56.534011 1
102.140519 188.959109 40.890806 1
90.544491 196.354603 42.915371 1
89.595478 189.407822 43.219333 1
86.831339 169.174339 44.104666 1
90.633232 166.958586 50.635683 1
98.262788 162.512061 63.741988 1
98.262788 162.512061 63.741988 1
110.392670 189.180944 41.302667 1
122.171625 196.350613 43.066782 1
124.087883 189.614634 42.613666 1
129.669254 169.995137 41.293900 1
124.924863 167.736203 47.159560 1
115.403910 163.203019 58.930653 1
115.403910 163.203019 58.930653 1
100.128920 150.244170 34.044374 1
97.833776 150.505037 52.430641 1
94.991588 150.828075 75.199259 1
96.038099 127.966045 72.694767 1
96.909146 108.937192 70.610193 1
92.717300 100.803469 83.758308 1
91.365695 99.923993 91.399192 1
114.248044 150.317872 33.828874 1
116.762677 150.845505 52.180780 1
119.876642 151.498885 74.906626 1
120.030484 128.341858 73.004808 1
120.155949 109.456257 71.453790 1
124.899980 101.247842 84.365724 1
126.392156 99.877759 91.907646 1
107.140100 151.753200 35.010400 1
107.086108 159.731854 35.003465 1
106.943054 169.970358 35.274898 1
106.659422 179.436725 37.851089 1
105.413524 200.496351 51.684116 1
106.632452 207.827859 53.334344 1
106.095487 226.222096 59.490035 1
102.038695 188.732182 42.541159 1
90.485981 196.076767 44.960231 1
89.397354 189.145054 44.829746 1
86.226572 168.955457 44.449693 1
90.227152 166.670004 50.836414 1
98.255428 162.083606 63.653149 1
98.255428 162.083606 63.653149 1
110.291394 188.959048 42.939070 1
122.002155 196.174369 44.953333 1
124.048907 189.526280 44.023548 1
130.010363 170.162779 41.315415 1
125.251014 167.739773 47.102956 1
115.700042 162.877334 58.717281 1
115.700042 162.877334 58.717281 1
100.075161 150.349653 34.103241 1
97.843252 150.569228 52.497830 1
95.079370 150.841132 75.276754 1
96.068582 127.984525 72.700501 1
96.891937 108.960186 70.556198 1
92.743333 100.828474 83.719264 1
91.423250 99.935460 91.364087 1
114.194339 150.445022 33.900165 1
116.641855 150.924418 52.262466 1
119.672707 151.518065 75.001183 1
119.901728 128.369645 73.004518 1
120.088504 109.491063 71.376148 1
124.803977 101.289697 84.303014 1
126.267241 99.905224 91.847972 1
107.123000 151.805500 35.154360 1
107.058724 159.775494 35.524421 1
106.894306 169.988796 36.287663 1
106.579187 179.314080 39.332180 1
105.244491 199.627049 54.232336 1
106.467900 206.867367 56.242590 1
105.927994 225.037566 63.030903 1
101.914917 188.326477 44.506606 1
90.463721 195.626924 47.478746 1
89.287178 188.736278 46.857846 1
85.860328 168.666292 45.049389 1
90.043465 166.307159 51.290703 1
98.438092 161.572902 63.815637 1
98.438092 161.572902 63.815637 1
110.167237 188.585714 44.892405 1
121.819877 195.779465 47.285305 1
124.017884 189.252833 45.935263 1
130.419894 170.243092 42.003072 1
125.552587 167.651320 47.625352 1
115.784969 162.450205 58.908037 1
115.784969 162.450205 58.908037 1
100.057922 150.436562 34.196797 1
97.919312 150.611412 52.602946 1
95.270966 150.827932 75.396185 1
96.205629 127.979689 72.727050 1
96.983580 108.962311 70.505437 1
92.896017 100.844387 83.696081 1
91.620602 99.930107 91.345972 1
114.176492 150.561014 33.968718 1
116.558558 150.987673 52.340925 1
119.508361 151.516012 75.091909 1
119.797651 128.374425 73.025099 1
120.033580 109.501415 71.339522 1
124.707333 101.307233 84.286080 1
126.138293 99.923645 91.837394 1
107.126300 151.915700 35.293060 1
107.038724 159.852506 36.106274 1
106.848215 170.004861 37.453307 1
106.525645 179.128554 41.056568 1
105.233107 198.451361 57.223548 1
106.389497 205.639542 59.449052 1
105.856866 223.570653 66.846374 1
101.871259 187.781104 46.820548 1
90.525216 194.992859 50.358620 1
89.192903 188.201766 49.193809 1
85.312353 168.421746 45.801137 1
89.775469 165.978229 51.811791 1
98.731955 161.074635 63.873841 1
98.731955 161.074635 63.873841 1
110.125146 188.038986 47.172219 1
121.670788 195.248292 49.997837 1
124.046550 188.890057 48.214756 1
130.966296 170.370796 43.021280 1
125.855116 167.596899 48.331584 1
115.598099 162.030298 58.988200 1
115.598099 162.030298 58.988200 1
100.061374 150.578344 34.290795 1
98.039159 150.679518 52.710647 1
95.534952 150.804801 75.520856 1
96.343728 127.963108 72.756249 1
97.016901 108.951183 70.455172 1
92.976210 100.873190 83.684715 1
91.750989 99.908534 91.336623 1
114.178338 150.762874 34.010096 1
116.465627 151.104699 52.396115 1
119.298064 151.527987 75.164204 1
119.670510 128.391114 73.058285 1
119.974255 109.521950 71.340813 1
124.578920 101.313963 84.303373 1
125.959551 99.924294 91.862935 1
106.965600 151.914700 35.468010 1
106.948098 159.780495 36.806236 1
106.828136 169.819806 38.835752 1
106.538974 178.671162 43.066498 1
105.234570 196.782802 60.578773 1
106.415822 203.880710 63.065617 1
105.851433 221.598384 70.958292 1
101.879787 186.886094 49.435191 1
90.694643 194.017779 53.593517 1
89.174437 187.397482 51.829594 1
84.746621 168.114927 46.691923 1
89.520845 165.656702 52.452310 1
99.101655 160.723590 64.012129 1
99.101655 160.723590 64.012129 1
110.133468 187.120520 49.807518 1
121.569133 194.271208 53.176979 1
124.164161 188.156041 50.913942 1
131.722550 170.344749 44.322526 1
126.292018 167.408662 49.211973 1
115.394129 161.516579 59.024022 1
115.394129 161.516579 59.024022 1
99.885599 150.704158 34.412354 1
98.117340 150.748499 52.858541 1
95.927618 150.803403 75.701362 1
96.597657 127.979437 72.758959 1
97.155352 108.982267 70.309896 1
93.305859 100.926546 83.609848 1
92.209319 99.920573 91.275945 1
114.002334 150.792385 34.078395 1
116.285701 151.130402 52.464973 1
119.113280 151.548973 75.233753 1
119.582636 128.420404 73.057188 1
119.965417 109.558010 71.282102 1
124.623348 101.374883 84.241348 1
126.019444 99.990873 91.799108 1
106.881100 152.085200 35.731500 1
106.876178 159.817974 37.697730 1
106.771346 169.664370 40.518829 1
106.486912 178.160433 45.424472 1
105.170225 194.890319 64.260342 1
106.368623 201.881886 67.024739 1
105.932601 219.394470 75.370283 1
101.825871 185.875549 52.389031 1
90.771102 192.837446 57.141305 1
89.008165 186.481526 54.744406 1
83.873361 167.969009 47.763100 1
88.996390 165.546605 53.231617 1
99.277174 160.685377 64.205717 1
99.277174 160.685377 64.205717 1
110.079018 186.066384 52.796453 1
121.432752 193.041650 56.758576 1
124.299427 187.245307 54.031791 1
132.649023 170.362634 46.089643 1
126.879176 167.240230 50.445954 1
115.300357 160.974251 59.188117 1
115.300357 160.974251 59.188117 1
99.803441 150.983422 34.548676 1
98.273755 150.889799 53.015994 1
96.379469 150.773855 75.884982 1
96.842267 127.964416 72.793798 1
97.227469 108.979337 70.220900 1
93.522120 100.993610 83.603744 1
92.539941 99.917786 91.275859 1
113.921819 151.058379 34.289225 1
116.141141 151.278888 52.685427 1
118.889411 151.551944 75.466125 1
119.435357 128.439253 73.143641 1
119.880600 109.589809 71.249550 1
124.481062 101.402567 84.226713 1
125.834328 100.015741 91.791744 1
107.091500 152.470700 36.094090 1
107.031218 160.023481 38.665810 1
106.871115 169.621902 42.238734 1
106.569742 177.734117 47.755116 1
105.263404 193.111818 67.710880 1
106.606349 199.956046 70.762617 1
106.336490 217.150548 79.751782 1
101.919413 184.965066 55.227813 1
91.026184 191.731674 60.595366 1
89.016924 185.717374 57.588399 1
83.164668 168.199871 48.830185 1
88.605768 165.719205 53.954526 1
99.524850 160.741060 64.237943 1
99.524850 160.741060 64.237943 1
110.171890 185.088258 55.673103 1
121.423923 191.909153 60.159435 1
124.555120 186.499501 56.968502 1
133.675174 170.743123 47.674457 1
127.614300 167.426637 51.453970 1
115.451455 160.771178 59.038625 1
115.451455 160.771178 59.038625 1
100.017062 151.402270 34.862417 1
98.514932 151.073693 53.329311 1
96.654771 150.666794 76.197774 1
97.030020 127.887959 72.877535 1
97.342352 108.928353 70.113986 1
93.636786 100.998055 83.529690 1
92.675190 99.876871 91.197917 1
114.132608 151.624466 34.540732 1
116.205039 151.555468 52.955251 1
118.771408 151.470018 75.758633 1
119.301445 128.382867 73.191342 1
119.733712 109.554252 71.097600 1
124.152149 101.351156 84.127895 1
125.402385 99.959596 91.709766 1
107.012300 153.151900 36.638103 1
106.993435 160.401748 39.969953 1
106.888270 169.622033 44.430490 1
106.635344 177.284014 50.559062 1
105.427936 191.427009 71.414052 1
106.936634 198.169600 74.611137 1
107.012342 215.112066 84.070308 1
102.034906 184.086021 58.453494 1
91.152460 190.614535 64.128960 1
88.890762 184.975558 60.616491 1
82.303244 168.551237 50.385929 1
87.968540 165.828418 55.130276 1
99.337532 160.364326 64.651130 1
99.337532 160.364326 64.651130 1
110.287377 184.110023 58.914997 1
121.413436 190.907953 63.737756 1
124.738467 185.910241 60.102123 1
134.423092 171.353698 49.512827 1
128.211308 167.931474 52.936290 1
115.745617 161.063820 59.806431 1
115.745617 161.063820 59.806431 1
99.934410 152.261926 35.289899 1
98.567793 151.482955 53.753813 1
96.875446 150.518312 76.618584 1
97.210994 127.779478 73.030697 1
97.490281 108.853166 70.044375 1
94.005968 100.975103 83.549842 1
93.168993 99.862092 91.233858 1
114.051868 152.422830 35.019714 1
116.134605 151.932616 53.426673 1
118.713738 151.325557 76.220693 1
119.185868 128.265373 73.411159 1
119.570911 109.458751 71.119858 1
123.898377 101.314856 84.217642 1
125.104114 99.945103 91.810683 1
106.965100 154.528400 37.681519 1
106.966710 161.506906 41.549636 1
106.892068 170.383303 46.660909 1
106.676783 177.632099 53.274374 1
105.589581 190.545474 74.918669 1
107.237066 197.311935 77.994519 1
107.678443 214.230679 87.486099 1
102.127997 183.982901 61.564685 1
91.401697 190.312617 67.740543 1
88.872675 185.057457 63.836939 1
81.506540 169.751058 52.467140 1
87.316977 166.564642 56.721987 1
98.977235 160.170212 65.260521 1
98.977235 160.170212 65.260521 1
110.381803 183.946796 62.000819 1
121.406888 190.613934 67.221624 1
124.708937 185.972995 63.121753 1
134.326621 172.455600 51.180300 1
128.180737 169.028910 54.716384 1
115.847295 162.152294 61.812530 1
115.847295 162.152294 61.812530 1
99.886171 153.768091 36.261330 1
98.601961 152.245989 54.684809 1
97.011662 150.361089 77.499507 1
97.364614 127.696832 73.468750 1
97.658388 108.832593 70.113813 1
94.373846 100.984776 83.686783 1
93.641654 99.893565 91.384612 1
114.004501 153.897709 36.021610 1
116.014578 152.693863 54.403792 1
118.503731 151.203087 77.167127 1
119.031269 128.200212 73.930174 1
119.461499 109.440327 71.290292 1
123.687430 101.373252 84.468523 1
124.825103 100.028728 92.076562 1
106.943400 156.294100 39.159710 1
106.903394 163.121563 43.288395 1
106.784891 171.802413 48.724377 1
106.546276 178.810013 55.592122 1
105.461780 190.969172 77.669066 1
107.356080 197.738600 80.592511 1
107.939841 214.625789 90.132473 1
101.994501 184.858929 64.103605 1
91.433740 191.014281 70.724934 1
88.832946 185.961424 66.607254 1
81.257764 171.244261 54.613929 1
87.052010 167.557809 58.468137 1
98.679777 160.159916 66.202679 1
98.679777 160.159916 66.202679 1
110.249168 184.832169 64.523841 1
121.344669 191.236818 69.921097 1
124.498641 186.676188 65.619481 1
133.685031 173.392707 53.090415 1
127.668646 170.057905 56.924498 1
115.595081 163.365689 64.618664 1
115.595081 163.365689 64.618664 1
99.871470 155.555693 37.693833 1
98.678972 153.128572 56.026252 1
97.202245 150.122943 78.728186 1
97.530923 127.582412 74.053088 1
97.804493 108.821154 70.161844 1
94.618597 100.997145 83.772020 1
93.948389 99.890389 91.473276 1
113.989573 155.758594 37.495104 1
115.843103 153.671088 55.814520 1
118.138399 151.086043 78.500130 1
118.786548 128.201027 74.532211 1
119.315142 109.537262 71.296194 1
123.430580 101.423563 84.480769 1
124.483354 100.058943 92.097446 1
106.874700 158.363900 40.933470 1
106.838372 165.147350 45.134110 1
106.729477 173.777006 50.651198 1
106.500129 180.737596 57.566898 1
105.445054 192.801443 79.697491 1
107.416351 199.566659 82.579488 1
108.088011 216.483938 92.060170 1
101.963358 186.760823 66.104570 1
91.515380 193.010229 72.816107 1
89.092032 187.780814 68.812186 1
82.033686 172.549400 57.150201 1
87.715089 168.759082 61.071081 1
99.116403 161.152753 68.939418 1
99.116403 161.152753 68.939418 1
110.217863 186.710081 66.525764 1
121.424457 193.019077 71.804860 1
124.472313 188.299776 67.598966 1
133.349625 174.554139 55.348703 1
127.485468 171.026181 59.245261 1
115.717391 163.946343 67.064800 1
115.717391 163.946343 67.064800 1
99.808377 157.669776 39.419695 1
98.696585 154.173445 57.583674 1
97.319799 149.843761 80.077021 1
97.635099 127.489628 74.578525 1
97.897533 108.883516 70.001939 1
94.791599 101.001834 83.597314 1
94.169125 99.888218 91.301586 1
113.928085 157.817459 39.303318 1
115.678605 154.724589 57.490239 1
117.846340 150.894565 80.011775 1
118.595489 128.177502 75.188678 1
119.206452 109.650710 71.255224 1
123.287967 101.479086 84.414546 1
124.299493 100.090582 92.032497 1
106.742000 160.767100 42.853070 1
106.722073 167.569711 47.022718 1
106.642116 176.238642 52.478389 1
106.444936 183.283580 59.309150 1
105.473938 195.730411 81.230516 1
107.416683 202.578775 83.929719 1
108.114744 219.693202 93.047719 1
101.950120 189.482740 67.742443 1
91.401116 195.796830 74.231729 1
89.111805 190.231579 70.620937 1
82.443861 174.021996 60.103996 1
87.991463 169.997210 63.982572 1
99.124272 161.920357 71.766014 1
99.124272 161.920357 71.766014 1
110.204100 189.382399 68.165022 1
121.474390 195.719140 73.272501 1
124.409043 190.728870 69.305663 1
132.956635 176.194001 57.751686 1
127.261299 172.079634 61.308808 1
115.832008 163.823001 68.447172 1
115.832008 163.823001 68.447172 1
99.678257 160.099713 41.315421 1
98.631478 155.375369 59.203277 1
97.335201 149.524976 81.354686 1
97.714176 127.361054 75.137209 1
98.029609 108.913260 69.962189 1
95.072338 100.980546 83.561033 1
94.516387 99.908424 91.276271 1
113.798850 160.179688 41.252427 1
115.491734 155.926200 59.208936 1
117.588097 150.658941 81.445145 1
118.415053 128.129553 75.820977 1
119.089472 109.755819 71.234214 1
123.132533 101.538018 84.376640 1
124.106736 100.130883 91.996037 1
106.575200 163.515200 44.878370 1
106.561937 170.389891 48.928102 1
106.499945 179.167971 54.206603 1
106.333759 186.387476 60.853440 1
105.493817 199.517431 82.378113 1
107.360890 206.491654 84.793541 1
108.120763 223.984055 93.158189 1
101.892040 192.857034 69.109913 1
91.244339 199.349740 75.252492 1
89.247642 193.416312 72.080992 1
83.431979 176.134359 62.843551 1
88.782299 171.780397 66.642924 1
99.519204 163.042961 74.267424 1
99.519204 163.042961 74.267424 1
110.147800 192.753385 69.495297 1
121.496270 199.146135 74.353796 1
124.254907 193.791259 70.752963 1
132.289830 178.194422 60.265026 1
126.790084 173.430602 63.277797 1
115.753298 163.870658 69.323769 1
115.753298 163.870658 69.323769 1
99.515694 162.845701 43.322291 1
98.577291 156.757128 60.799111 1
97.415220 149.217343 82.441513 1
97.832883 127.233035 75.618329 1
98.180517 108.934740 69.939159 1
95.398612 100.932123 83.534051 1
94.924118 99.904080 91.260719 1
113.636623 162.875108 43.318616 1
115.367145 157.306157 60.907997 1
117.510116 150.409911 82.689577 1
118.324189 128.063084 76.377282 1
118.988101 109.838237 71.229321 1
122.979612 101.527490 84.328988 1
123.923610 100.087736 91.946092 1
106.442700 166.635800 46.859230 1
106.427846 173.607673 50.739262 1
106.375527 182.529067 55.771865 1
106.237322 189.972669 62.167411 1
105.526370 203.972187 83.141700 1
107.347398 211.091922 85.129986 1
108.142454 228.971926 92.626796 1
101.849664 196.788266 70.170504 1
91.102536 203.478092 75.915545 1
89.414979 197.180876 73.317853 1
84.499732 178.839339 65.751712 1
89.638144 174.083498 69.356826 1
99.949796 164.539580 76.591491 1
99.949796 164.539580 76.591491 1
110.106554 196.672983 70.527328 1
121.542544 203.178693 75.016639 1
124.005726 197.404424 71.879550 1
131.180092 180.586045 62.742332 1
125.880598 175.623859 65.793571 1
115.245675 165.665838 71.916739 1
115.245675 165.665838 71.916739 1
99.388156 165.942970 45.290908 1
98.523323 158.400441 62.195135 1
97.452357 149.060152 83.128466 1
97.851933 127.208123 75.891803 1
98.184513 109.019929 69.868480 1
95.541270 100.895522 83.418729 1
95.136451 99.886569 91.151875 1
113.509013 165.943082 45.344767 1
115.225201 158.901676 62.399607 1
117.350422 150.182036 83.519244 1
118.219048 127.972879 76.745229 1
118.927450 109.860308 71.220713 1
122.792497 101.516539 84.337301 1
123.660468 100.064877 91.961185 1
106.404600 170.015800 48.878300 1
106.377470 177.098957 52.551178 1
106.322701 186.185221 57.279592 1
106.203424 193.893218 63.354284 1
105.615731 208.943853 83.591521 1
107.356092 216.194423 85.127890 1
108.234849 234.461718 91.613452 1
101.863821 201.111793 71.023274 1
91.026662 207.978822 76.376772 1
89.710419 201.356277 74.463610 1
85.876676 182.067176 68.891256 1
90.709689 176.772221 72.150639 1
100.408475 166.146419 78.691497 1
100.408475 166.146419 78.691497 1
110.122453 201.007175 71.340912 1
121.642885 207.696115 75.315550 1
123.747428 201.511764 72.751281 1
129.877209 183.498964 65.282481 1
124.814174 178.485403 68.636264 1
114.653772 168.424284 75.366574 1
114.653772 168.424284 75.366574 1
99.356726 169.281544 47.298875 1
98.534812 160.239332 63.452927 1
97.516994 149.041912 83.457281 1
97.876015 127.257075 76.018726 1
98.174839 109.124807 69.827362 1
95.652698 100.896924 83.338198 1
95.312800 99.898412 91.075825 1
113.477189 169.274286 47.417176 1
115.195656 160.692406 63.750959 1
117.323700 150.065140 83.977684 1
118.159441 127.934802 76.946457 1
118.841025 109.886512 71.212174 1
122.515223 101.481651 84.344596 1
123.286819 100.011245 91.975248 1
106.373000 173.507700 50.860700 1
106.328554 180.710870 54.292063 1
106.256724 189.973667 58.664309 1
106.132083 197.968820 64.355645 1
105.584097 214.182732 83.674587 1
107.219016 221.545525 84.712076 1
108.163908 240.193741 89.992228 1
101.802435 205.612688 71.606771 1
90.906419 212.688929 76.552850 1
90.024059 205.817033 75.435141 1
87.454059 185.801663 72.179658 1
91.801612 179.809385 74.864717 1
100.526187 167.784214 80.253035 1
100.526187 167.784214 80.253035 1
110.062719 205.552831 71.891312 1
121.625646 212.558617 75.128242 1
123.321973 205.999803 73.296520 1
128.262768 186.896325 67.961369 1
123.653453 181.452455 71.298506 1
114.403569 170.527802 77.995411 1
114.403569 170.527802 77.995411 1
99.330164 172.712436 49.288357 1
98.497494 162.170657 64.505719 1
97.466358 149.116248 83.350122 1
97.825809 127.325980 75.927513 1
98.124993 109.189192 69.749422 1
95.700809 100.873120 83.224147 1
95.408168 99.894428 90.966237 1
113.450259 172.725337 49.444171 1
115.062360 162.594494 64.876649 1
117.058687 150.049089 83.987255 1
118.011210 127.928044 76.941653 1
118.788035 109.887332 71.195645 1
122.212616 101.485634 84.397376 1
122.840596 100.016119 92.041358 1
106.363100 176.989700 52.882800 1
106.310128 184.299785 56.079945 1
106.233368 193.724270 60.091714 1
106.125315 202.000160 65.366872 1
105.698767 219.412953 83.615857 1
107.183756 226.864336 84.097256 1
107.904028 245.862944 87.978355 1
101.837177 210.081897 72.152945 1
90.799448 217.226611 76.667549 1
90.209631 210.252851 76.148348 1
88.491702 189.940786 74.636107 1
92.441707 183.545871 76.985718 1
100.368489 170.712694 81.700867 1
100.368489 170.712694 81.700867 1
110.099728 210.058220 72.368664 1
122.084588 216.616052 74.941210 1
123.372044 209.797237 73.893834 1
127.121940 189.936470 70.843203 1
123.106219 183.928372 73.972857 1
115.047549 171.871437 80.253388 1
115.047549 171.871437 80.253388 1
99.318345 176.128156 51.354597 1
98.534365 164.138342 65.462052 1
97.563525 149.290762 82.932003 1
97.854640 127.445560 75.669596 1
98.096944 109.263050 69.624846 1
95.802869 100.872532 83.076180 1
95.585457 99.894107 90.820780 1
113.438707 176.178020 51.474540 1
114.955782 164.557479 65.829183 1
116.834435 150.167326 83.605063 1
117.887592 127.977211 76.794916 1
118.746489 109.880169 71.240933 1
121.916235 101.464669 84.497404 1
122.400616 99.991384 92.151103 1
106.332600 180.342400 54.950700 1
106.289827 187.763146 57.882011 1
106.222863 197.350278 61.488049 1
106.134899 205.907890 66.293137 1
105.808695 224.538617 83.299087 1
107.181284 232.026049 83.179031 1
107.427470 251.250213 85.805763 1
101.877894 214.424940 72.545429 1
90.650618 221.572450 76.560575 1
90.214775 214.568410 76.495503 1
88.945320 194.168148 76.305977 1
92.401317 187.419477 78.434281 1
99.336737 173.876393 82.705317 1
99.336737 173.876393 82.705317 1
110.142122 214.443717 72.683381 1
122.231736 221.042774 74.568506 1
123.045337 214.074159 74.403489 1
125.415065 193.777078 73.922856 1
122.096083 187.243288 76.805898 1
115.435614 174.131403 82.591533 1
115.435614 174.131403 82.591533 1
99.277570 179.413147 53.512202 1
98.608882 166.068015 66.351627 1
97.780813 149.542078 82.251315 1
97.971298 127.597632 75.291064 1
98.129845 109.332516 69.497808 1
96.020105 100.879140 82.939957 1
95.909717 99.897823 90.686457 1
113.398301 179.493455 53.514943 1
114.813654 166.483954 66.635305 1
116.566339 150.373801 82.882730 1
117.739384 128.065970 76.489523 1
118.696053 109.872926 71.275573 1
121.652276 101.484392 84.598305 1
122.012408 100.020299 92.260618 1
106.258400 183.442000 56.987500 1
106.254963 190.960394 59.658760 1
106.235390 200.689966 62.861281 1
106.203133 209.502202 67.182480 1
106.061591 229.272758 82.851489 1
107.175945 236.774092 82.181962 1
107.019926 256.134558 83.476875 1
102.014329 218.437546 72.871676 1
90.489604 225.450738 76.226656 1
90.049315 218.451206 76.478629 1
88.766910 198.064080 77.212538 1
91.828365 191.130677 79.351129 1
97.972025 177.216876 83.642808 1
97.972025 177.216876 83.642808 1
110.279566 218.459327 72.918855 1
122.343489 225.203793 74.413503 1
122.812213 218.224597 74.980860 1
124.177437 197.896697 76.633368 1
121.476379 190.972568 79.236963 1
116.055949 177.077358 84.461809 1
116.055949 177.077358 84.461809 1
99.186974 182.472354 55.660487 1
98.774866 167.904877 67.106417 1
98.264532 149.865250 81.280469 1
98.236202 127.777631 74.786134 1
98.212622 109.393347 69.380676 1
96.392489 100.929180 82.858322 1
96.462714 99.913399 90.600847 1
113.306931 182.534401 55.504020 1
114.624424 168.285197 67.277663 1
116.255927 150.639875 81.857394 1
117.568469 128.186910 76.023865 1
118.638905 109.875503 71.266358 1
121.455192 101.525612 84.643570 1
121.725581 100.073210 92.311798 1
106.218500 186.297400 58.978300 1
106.248925 193.914252 61.354121 1
106.272222 203.777819 64.116474 1
106.292367 212.820888 67.931158 1
106.306645 233.618172 82.210008 1
107.179590 241.105123 81.140627 1
106.843013 260.506030 81.283251 1
102.169554 222.147723 73.007176 1
90.395370 229.060819 75.622084 1
89.762994 222.085139 76.058861 1
87.921106 201.767484 77.331039 1
90.730588 194.787653 79.656316 1
96.368597 180.780680 84.322633 1
96.368597 180.780680 84.322633 1
110.434900 222.127037 73.029041 1
122.491549 228.938344 74.255145 1
122.775669 222.002434 75.286261 1
123.603209 201.800611 78.289534 1
121.323904 194.675970 80.751697 1
116.749839 180.378377 85.692719 1
116.749839 180.378377 85.692719 1
99.135207 185.290981 57.745288 1
99.003197 169.617369 67.630175 1
98.839722 150.207961 79.871112 1
98.548480 127.938674 74.037234 1
98.306070 109.403182 69.181496 1
96.769740 100.968798 82.713045 1
97.028081 99.889554 90.442981 1
113.253581 185.318435 57.476468 1
114.497659 169.935813 67.734220 1
116.038249 150.886938 80.436767 1
117.454806 128.261917 75.338700 1
118.610071 109.810191 71.180996 1
121.301677 101.526478 84.624854 1
121.494400 100.099932 92.300277 1
106.166200 188.834400 60.935900 1
106.204433 196.530977 63.039022 1
106.234638 206.501067 65.387957 1
106.271560 215.736327 68.710295 1
106.362207 237.430209 81.585854 1
107.138067 244.875471 80.197989 1
106.792432 264.266012 79.552795 1
102.175635 225.378513 73.182994 1
90.198432 232.160113 75.136597 1
89.331891 225.215809 75.662451 1
86.807964 204.989538 77.194078 1
89.349914 198.005807 79.798715 1
94.451045 183.991007 85.025644 1
94.451045 183.991007 85.025644 1
110.440976 225.357655 73.159948 1
122.475582 232.233574 74.232350 1
122.807001 225.324822 75.419820 1
123.772305 205.202101 78.878494 1
121.639534 198.080020 81.475654 1
117.359531 183.787566 86.687588 1
117.359531 183.787566 86.687588 1
99.073423 187.773313 59.807694 1
99.083229 171.155214 68.007037 1
99.095373 150.576202 78.160681 1
98.655632 128.105076 73.171171 1
98.289621 109.401586 69.018230 1
96.962739 101.015323 82.601747 1
97.357134 99.892728 90.319756 1
113.188500 187.814007 59.402166 1
114.429594 171.465245 68.037669 1
115.966488 151.219963 78.731325 1
117.426398 128.422702 74.483739 1
118.617019 109.830505 71.019640 1
121.243708 101.658727 84.544599 1
121.406358 100.223257 92.219055 1
106.157900 190.945900 62.799600 1
106.177853 198.711310 64.632599 1
106.187459 208.769606 66.569526 1
106.223007 218.169488 69.392693 1
106.376503 240.664641 80.810106 1
107.169131 248.095554 79.356375 1
106.989512 267.463822 78.187299 1
102.145529 228.080665 73.252247 1
89.986180 234.666681 74.678660 1
88.974674 227.751771 75.320262 1
86.028517 207.611115 77.189022 1
88.288301 200.626479 80.039702 1
92.823185 186.609862 85.760386 1
92.823185 186.609862 85.760386 1
110.410472 228.067899 73.166285 1
122.464133 234.947870 73.963356 1
123.006485 228.061446 75.201821 1
124.586162 208.003759 78.809028 1
122.420079 201.019284 81.731901 1
118.073225 187.002975 87.597468 1
118.073225 187.002975 87.597468 1
99.062994 189.819520 61.750878 1
99.027113 172.448118 68.202517 1
98.982679 150.936255 76.191892 1
98.531065 128.277201 72.141777 1
98.155171 109.417293 68.770728 1
96.868287 101.075469 82.385420 1
97.292666 99.891564 90.092670 1
113.175235 189.898870 61.261100 1
114.485385 172.754237 68.170466 1
116.107796 151.523401 76.726583 1
117.518080 128.580223 73.333923 1
118.668230 109.869025 70.567055 1
121.279925 102.182824 84.376592 1
121.494004 100.758856 92.051929 1
106.110900 192.518600 64.526300 1
106.099918 200.341893 66.094055 1
106.072677 210.469559 67.627266 1
106.074334 220.003324 69.958925 1
106.150118 243.181238 79.918409 1
107.196430 250.604555 78.591893 1
107.160911 269.962304 77.248354 1
101.963884 230.128305 73.174877 1
89.755953 236.697993 74.207192 1
88.739282 229.809041 75.078679 1
85.778078 209.743990 77.617011 1
87.712438 202.733934 80.639513 1
91.594269 188.666307 86.705004 1
91.594269 188.666307 86.705004 1
110.228916 230.134680 73.097152 1
122.322276 236.981311 73.463664 1
123.132264 230.131544 74.758037 1
125.491469 210.180629 78.528084 1
123.267915 203.412919 81.885448 1
118.805731 189.831608 88.622943 1
118.805731 189.831608 88.622943 1
99.023093 191.333600 63.494310 1
98.923668 173.472316 68.429406 1
98.800545 151.353808 74.540773 1
98.366789 128.586844 71.147054 1
98.005758 109.637119 68.322345 1
96.626910 101.660276 82.145178 1
96.973986 100.147371 89.798549 1
113.136518 191.443192 63.046292 1
114.557608 173.739048 68.331938 1
116.317398 151.815349 74.877341 1
117.644942 128.775546 72.176678 1
118.727612 109.985546 69.974166 1
121.343547 102.764683 84.031832 1
121.570234 101.602223 91.750744 1
106.076800 193.541700 66.047900 1
106.030619 201.410202 67.369424 1
105.964347 211.588078 68.521616 1
105.930301 221.225987 70.376033 1
105.918805 244.976798 78.879655 1
107.144065 252.413580 77.805845 1
107.275239 271.780638 76.610579 1
101.786291 231.521383 72.942237 1
89.539598 238.067065 73.599958 1
88.577954 231.222728 74.816949 1
85.777027 211.287625 78.361610 1
87.420839 204.244796 81.478433 1
90.719604 190.111400 87.733207 1
90.719604 190.111400 87.733207 1
110.051537 231.541898 72.896111 1
122.115499 238.448179 72.740793 1
123.214059 231.661066 74.147576 1
126.413768 211.892636 78.245033 1
124.173912 205.362214 82.033783 1
119.679010 192.257090 89.636973 1
119.679010 192.257090 89.636973 1
99.000901 192.302606 64.997880 1
98.895524 174.124014 68.592075 1
98.765029 151.612569 73.042937 1
98.306451 128.755299 70.327238 1
97.924761 109.730409 68.066868 1
96.411184 102.078551 82.058298 1
96.688387 100.729422 89.745068 1
113.117067 192.442600 64.657629 1
114.562436 174.399218 68.625189 1
116.352292 152.055428 73.538357 1
117.708563 128.965792 71.320766 1
118.814662 110.135151 69.512219 1
121.355630 103.370340 83.808470 1
121.538517 102.455487 91.561785 1
106.119000 193.995400 67.502700 1
106.052567 201.900525 68.582732 1
105.960017 212.113367 69.364003 1
105.896812 221.828855 70.754912 1
105.811491 246.042525 77.833303 1
107.040108 253.517579 77.075586 1
107.331324 272.904829 76.314971 1
101.718339 232.242783 72.715488 1
89.386396 238.651103 73.057023 1
88.491593 231.872691 74.639186 1
85.885350 212.129605 79.247460 1
87.279756 205.089343 82.489138 1
90.078021 190.961097 88.994469 1
90.078021 190.961097 88.994469 1
109.983318 232.291674 72.647866 1
122.004197 239.249560 72.059366 1
123.344724 232.543907 73.636702 1
127.249198 213.012743 78.230918 1
125.062363 206.725747 82.439175 1
120.673866 194.109125 90.884225 1
120.673866 194.109125 90.884225 1
99.048448 192.709006 66.473758 1
98.886154 174.362129 69.073044 1
98.685177 151.642288 72.291862 1
98.254801 128.735466 70.026386 1
97.896584 109.669331 68.140752 1
96.230843 102.244487 82.236814 1
96.425725 101.019376 89.946843 1
113.165091 192.869967 66.163956 1
114.653378 174.634750 69.106090 1
116.496381 152.053406 72.749434 1
117.810162 128.936692 70.805216 1
118.881609 110.083968 69.219617 1
121.466365 103.610496 83.642348 1
121.675819 102.854374 91.412078 1
106.103800 194.161600 68.764500 1
106.046646 202.091706 69.643154 1
105.962763 212.323967 70.106725 1
105.909782 222.089723 71.084745 1
105.867331 246.648492 76.853439 1
106.933791 254.175557 76.445998 1
107.275212 273.575981 76.256874 1
101.744294 232.596207 72.504568 1
89.196337 238.580238 72.517651 1
88.309434 231.897526 74.468428 1
85.726200 212.433178 80.150346 1
86.945316 205.431249 83.542234 1
89.391812 191.379932 90.349000 1
89.391812 191.379932 90.349000 1
110.008836 232.636790 72.392611 1
122.034194 239.547514 71.447774 1
123.522678 232.938555 73.279944 1
127.858101 213.689022 78.616396 1
125.842480 207.568803 83.143887 1
121.797570 195.286865 92.229570 1
121.797570 195.286865 92.229570 1
99.029416 192.855569 67.787970 1
98.744955 174.428732 69.727380 1
98.392693 151.609874 72.129042 1
98.053534 128.687928 70.005483 1
97.771239 109.609207 68.237972 1
95.958160 102.275608 82.363587 1
96.065313 101.103172 90.083519 1
113.145276 192.996350 67.435574 1
114.729270 174.666006 69.645488 1
116.690789 151.966862 72.382099 1
117.922681 128.835270 70.565402 1
118.927344 109.970413 69.083803 1
121.717048 103.623031 83.524380 1
122.042329 102.937166 91.296644 1
106.134500 194.251300 69.756100 1
106.108009 202.202098 70.423925 1
106.063237 212.443784 70.588123 1
106.058009 222.237706 71.227166 1
106.179147 247.007640 76.007175 1
107.006660 254.573932 75.844387 1
107.307246 273.973813 76.132626 1
101.953898 232.813394 72.258913 1
89.161814 238.250906 72.022031 1
88.262775 231.658905 74.255423 1
85.644194 212.458769 80.760494 1
86.722735 205.524820 84.334740 1
88.887127 191.609920 91.507460 1
88.887127 191.609920 91.507460 1
110.217308 232.807963 72.077639 1
122.262492 239.640354 70.856163 1
123.761056 233.128532 73.001216 1
128.125837 214.161925 79.248988 1
126.388568 208.084355 83.946117 1
122.902251 195.888004 93.372228 1
122.902251 195.888004 93.372228 1
99.048504 192.942235 68.872218 1
98.723413 174.460631 70.181867 1
98.320837 151.573952 71.803663 1
98.008553 128.643873 69.765512 1
97.748628 109.558382 68.069089 1
95.931210 102.291828 82.228755 1
96.033897 101.156814 89.954338 1
113.161348 193.028802 68.401426 1
114.843272 174.647196 70.039090 1
116.926061 151.884571 72.067063 1
118.120691 128.746185 70.313093 1
119.094965 109.875786 68.882651 1
122.198166 103.592822 83.287389 1
122.691984 102.941511 91.053742 1
106.101000 194.334800 70.611500 1
106.097131 202.297199 71.123423 1
106.073816 212.540081 71.060713 1
106.100446 222.347791 71.431415 1
106.352562 247.259455 75.401079 1
107.062804 254.838868 75.491121 1
107.300790 274.235477 75.984803 1
102.041343 232.965760 72.163408 1
89.095715 238.023015 71.855319 1
88.229197 231.481385 74.244252 1
85.705338 212.427961 81.202362 1
86.649954 205.580540 84.975778 1
88.545588 191.839284 92.548187 1
88.545588 191.839284 92.548187 1
110.302177 232.925457 71.891682 1
122.390933 239.659494 70.559478 1
123.775381 233.231857 73.012958 1
127.807783 214.510451 80.159064 1
126.465382 208.331844 84.853823 1
123.771479 195.932735 94.275176 1
123.771479 195.932735 94.275176 1
99.001750 193.022836 69.846232 1
98.580699 174.510353 70.554198 1
98.059291 151.585435 71.430901 1
97.852783 128.643089 69.521386 1
97.680898 109.547388 67.932032 1
95.879985 102.350471 82.129322 1
95.979460 101.258110 89.861093 1
113.107335 193.071926 69.189299 1
114.851533 174.662604 70.393005 1
117.011438 151.865659 71.883590 1
118.210149 128.720840 70.219586 1
119.187751 109.845194 68.862516 1
122.615789 103.591461 83.206202 1
123.280636 102.954053 90.960941 1
106.051800 194.388400 71.370500 1
106.056963 202.358133 71.751566 1
106.043185 212.598390 71.510624 1
106.093862 222.411344 71.691414 1
106.463223 247.400545 75.128873 1
107.131009 254.982589 75.292370 1
107.298662 274.378294 75.846744 1
102.075809 233.056149 72.236174 1
89.079732 237.980658 71.902673 1
88.255230 231.454841 74.349033 1
85.853748 212.447472 81.474405 1
86.726874 205.706466 85.451167 1
88.479046 192.178762 93.431647 1
88.479046 192.178762 93.431647 1
110.333514 232.982074 71.887366 1
122.437142 239.674139 70.480776 1
123.678110 233.323491 73.197400 1
127.292605 214.826329 81.109956 1
126.364473 208.492034 85.696160 1
124.501917 195.780494 94.899667 1
124.501917 195.780494 94.899667 1
98.943849 193.068274 70.706772 1
98.434324 174.547009 71.012809 1
97.803354 151.611216 71.391784 1
97.662716 128.673724 69.419025 1
97.545659 109.582062 67.777030 1
95.745626 102.416127 81.990095 1
95.838110 101.343477 89.724711 1
113.041167 193.098169 69.890535 1
114.810246 174.676106 70.835096 1
117.000965 151.863382 72.004773 1
118.200604 128.720994 70.307956 1
119.178964 109.847331 68.924125 1
122.859302 103.556136 83.188695 1
123.657762 102.897120 90.929008 1
106.015600 194.406700 71.877500 1
106.019601 202.379520 72.187345 1
106.009213 212.616732 71.840244 1
106.080764 222.431096 71.889934 1
106.553378 247.471397 74.918578 1
107.238342 255.050177 75.148754 1
107.429624 274.444519 75.741819 1
102.104384 233.098640 72.271106 1
89.100114 237.997881 71.888412 1
88.319821 231.482719 74.377304 1
86.047106 212.506385 81.626556 1
86.941037 205.865389 85.763729 1
88.734960 192.538382 94.066118 1
88.734960 192.538382 94.066118 1
110.360829 232.987339 71.902921 1
122.503504 239.593245 70.427291 1
123.662198 233.285539 73.277038 1
127.037059 214.913452 81.577329 1
126.469077 208.476117 86.078008 1
125.329264 195.557799 95.109885 1
125.329264 195.557799 95.109885 1
98.905515 193.078565 71.253815 1
98.332894 174.556792 71.334836 1
97.623790 151.620370 71.435161 1
97.512695 128.691413 69.363759 1
97.420226 109.606856 67.639659 1
95.567215 102.446326 81.848639 1
95.628376 101.377559 89.584104 1
112.999472 193.105398 70.381379 1
114.779770 174.680968 71.256132 1
116.984379 151.865314 72.339363 1
118.183619 128.736822 70.462367 1
119.161653 109.874491 68.931592 1
122.945292 103.492550 83.128664 1
123.798114 102.783429 90.858744 1
106.016600 194.423900 72.266600 1
105.994292 202.399193 72.503436 1
105.964919 212.632633 72.059661 1
106.033110 222.447029 72.011824 1
106.526861 247.517101 74.779584 1
107.317770 255.082927 75.084184 1
107.607705 274.475595 75.691803 1
102.070020 233.123383 72.262386 1
89.112432 238.137782 71.796795 1
88.390869 231.631539 74.326406 1
86.289211 212.681186 81.694261 1
87.274024 206.123082 85.941561 1
89.250323 192.962421 94.464951 1
89.250323 192.962421 94.464951 1
110.327926 232.997000 71.933989 1
122.537469 239.465628 70.402983 1
123.702555 233.176850 73.291691 1
127.096034 214.859894 81.705462 1
126.739390 208.321534 86.080464 1
126.023686 195.200479 94.860135 1
126.023686 195.200479 94.860135 1
98.915115 193.068149 71.605469 1
98.280620 174.548221 71.590228 1
97.494894 151.614084 71.571348 1
97.406014 128.690615 69.439031 1
97.332035 109.610625 67.664231 1
95.266591 102.423643 81.830500 1
95.213143 101.340001 89.563953 1
113.014698 193.130578 70.831265 1
114.754127 174.696018 71.563136 1
116.908128 151.867819 72.469431 1
118.128009 128.746664 70.516864 1
119.122875 109.890317 68.924457 1
122.797922 103.434688 83.116737 1
123.591239 102.685274 90.849352 1
106.099400 194.441900 72.645300 1
106.046054 202.418363 72.832593 1
105.991566 212.648336 72.317064 1
106.043629 222.462069 72.185659 1
106.495042 247.559334 74.702848 1
107.442998 255.096065 75.211894 1
107.833980 274.487143 75.813576 1
102.071870 233.137646 72.288461 1
89.175158 238.294851 71.706983 1
88.529288 231.805969 74.300829 1
86.648098 212.906180 81.855777 1
87.772664 206.415229 86.170990 1
90.029417 193.389331 94.830665 1
90.029417 193.389331 94.830665 1
110.332688 233.013702 72.042798 1
122.622492 239.326638 70.504096 1
123.872438 233.022291 73.322539 1
127.513086 214.659986 81.531655 1
127.201505 208.042823 85.790064 1
126.576233 194.763626 94.335760 1
126.576233 194.763626 94.335760 1
99.011218 193.056501 71.907337 1
98.317721 174.538814 71.837372 1
97.458930 151.607453 71.750724 1
97.395029 128.687372 69.581419 1
97.341842 109.610201 67.775832 1
95.000634 102.407890 81.891334 1
94.798576 101.315048 89.621036 1
113.118784 193.165063 71.302107 1
114.813480 174.720450 71.866471 1
116.912087 151.879802 72.565336 1
118.113783 128.763444 70.545830 1
119.093820 109.911011 68.898830 1
122.585123 103.365259 83.096221 1
123.283808 102.569128 90.833295 1
106.129800 194.445200 72.973000 1
106.064066 202.422055 73.138344 1
106.006080 212.649456 72.574416 1
106.053822 222.461718 72.358651 1
106.469388 247.588972 74.563449 1
107.530308 255.077806 75.430555 1
108.032156 274.470475 75.879291 1
102.079716 233.136587 72.274748 1
89.212465 238.346105 71.529878 1
88.605455 231.881614 74.193086 1
86.837448 213.052870 81.950061 1
88.099287 206.614569 86.305999 1
90.631516 193.694327 95.047400 1
90.631516 193.694327 95.047400 1
110.343041 233.011941 72.137795 1
122.700278 239.196548 70.618127 1
124.024747 232.855421 73.317511 1
127.882454 214.385991 81.179849 1
127.503255 207.691487 85.309961 1
126.742288 194.257087 93.598191 1
126.742288 194.257087 93.598191 1
99.053036 193.048663 72.151215 1
98.337694 174.532209 72.010578 1
97.451852 151.602375 71.836414 1
97.323619 128.683985 69.652132 1
97.216887 109.608223 67.834078 1
94.663091 102.426696 81.923285 1
94.356480 101.340690 89.650510 1
113.166856 193.173905 71.720046 1
114.823197 174.720895 72.090436 1
116.874307 151.869848 72.549096 1
118.071145 128.754069 70.520111 1
119.047220 109.902106 68.865381 1
122.358892 103.278683 83.069783 1
122.963835 102.442024 90.810478 1
106.174100 194.442200 73.229100 1
106.108921 202.418478 73.420492 1
106.058497 212.646186 72.861441 1
106.113805 222.457191 72.596024 1
106.533635 247.606300 74.534791 1
107.597348 255.061563 75.651757 1
108.170611 274.455499 75.926395 1
102.150927 233.133989 72.361564 1
89.259457 238.260552 71.473653 1
88.639546 231.807861 74.162382 1
86.833966 213.013483 81.993689 1
88.163206 206.624260 86.401534 1
90.830694 193.802507 95.247103 1
90.830694 193.802507 95.247103 1
110.415030 233.000708 72.300897 1
122.800932 239.123144 70.762964 1
124.132891 232.704804 73.269270 1
128.012409 214.010476 80.569242 1
127.622027 207.275968 84.632736 1
126.838616 193.761286 92.787279 1
126.838616 193.761286 92.787279 1
99.103267 193.050147 72.350609 1
98.358773 174.535440 72.145858 1
97.436831 151.607770 71.892299 1
97.299987 128.692045 69.680749 1
97.186088 109.618501 67.839999 1
94.507262 102.436686 81.905823 1
94.135555 101.349169 89.629977 1
113.219906 193.173345 72.023752 1
114.863943 174.717894 72.319922 1
116.899817 151.863825 72.686672 1
118.083608 128.751870 70.607089 1
119.049042 109.903027 68.911095 1
122.255440 103.226428 83.114756 1
122.806259 102.362192 90.856461 1
106.239800 194.431500 73.511800 1
106.176996 202.407936 73.697286 1
106.130834 212.634412 73.115774 1
106.183074 222.443953 72.800331 1
106.569909 247.608324 74.537436 1
107.590282 255.055748 75.743574 1
108.187504 274.450287 75.898419 1
102.210242 233.114345 72.464586 1
89.271910 238.108222 71.505005 1
88.629492 231.656587 74.190983 1
86.758356 212.865284 82.014276 1
88.106574 206.485646 86.430233 1
90.812149 193.683128 95.292080 1
90.812149 193.683128 95.292080 1
110.474647 232.989251 72.436356 1
122.855261 239.112173 70.858300 1
124.181565 232.634616 73.210522 1
128.044615 213.767812 80.061703 1
127.626943 206.955924 83.991299 1
126.788770 193.285959 91.877137 1
126.788770 193.285959 91.877137 1
99.174349 193.042046 72.587108 1
98.400650 174.529469 72.310626 1
97.442541 151.604436 71.968238 1
97.301864 128.693257 69.710322 1
97.184772 109.623496 67.830981 1
94.379935 102.427122 81.864763 1
93.941917 101.330468 89.584149 1
113.292909 193.158623 72.354357 1
114.921179 174.700325 72.539386 1
116.937527 151.842732 72.768507 1
118.096188 128.736085 70.617033 1
119.041127 109.891570 68.862409 1
122.164761 103.154303 83.055862 1
122.674872 102.258892 90.796813 1
106.323500 194.423100 73.750600 1
106.269364 202.399547 73.938343 1
106.233887 212.625336 73.344147 1
106.288195 222.433425 72.986708 1
106.655120 247.610152 74.539299 1
107.622247 255.059554 75.776690 1
108.128072 274.457199 75.842202 1
102.309560 233.098510 72.562646 1
89.323556 237.961018 71.572817 1
88.671795 231.520172 74.282337 1
86.773446 212.760297 82.174199 1
88.080662 206.328305 86.526073 1
90.703955 193.420722 95.259319 1
90.703955 193.420722 95.259319 1
110.574085 232.978501 72.555536 1
122.940071 239.114030 70.913062 1
124.228652 232.587527 73.148031 1
127.981826 213.578159 79.657697 1
127.584471 206.671478 83.420390 1
126.787068 192.811284 90.971290 1
126.787068 192.811284 90.971290 1
99.259770 193.042202 72.800296 1
98.476936 174.530790 72.475732 1
97.507513 151.607199 72.073802 1
97.351072 128.701057 69.766353 1
97.220861 109.635490 67.845784 1
94.362365 102.413644 81.855634 1
93.897747 101.301836 89.571296 1
113.379197 193.142323 72.617910 1
114.989406 174.681677 72.695669 1
116.983389 151.821176 72.791953 1
118.123741 128.715555 70.619778 1
119.053748 109.871878 68.848270 1
122.132911 103.108829 83.039178 1
122.621741 102.200632 90.780013 1
106.424300 194.433600 73.948300 1
106.379906 202.410062 74.137956 1
106.352442 212.635317 73.534218 1
106.408404 222.442161 73.144340 1
106.769661 247.627394 74.553686 1
107.649606 255.091337 75.768306 1
108.038507 274.491776 75.791866 1
102.424445 233.103177 72.670857 1
89.390700 237.838389 71.691424 1
88.729355 231.409553 74.427020 1
86.803092 212.684660 82.394831 1
88.020766 206.169001 86.647077 1
90.464368 193.093518 95.180394 1
90.464368 193.093518 95.180394 1
110.688968 232.986248 72.641959 1
123.038983 239.135518 70.932088 1
124.262499 232.573975 73.100024 1
127.826163 213.462551 79.414443 1
127.459153 206.452493 82.984090 1
126.722643 192.384844 90.147591 1
126.722643 192.384844 90.147591 1
99.357304 193.061257 73.009961 1
98.558683 174.551296 72.643769 1
97.569713 151.629502 72.190290 1
97.405699 128.728954 69.828485 1
97.269184 109.668042 67.862674 1
94.424411 102.412340 81.857816 1
93.967963 101.281643 89.571220 1
113.476501 193.144758 72.803055 1
115.073681 174.682820 72.813189 1
117.051529 151.820718 72.825730 1
118.166755 128.716560 70.625138 1
119.076271 109.874075 68.830457 1
122.185272 103.094200 83.006823 1
122.692733 102.177825 90.745495 1
106.529800 194.412600 74.098400 1
106.496423 202.388694 74.305011 1
106.475518 212.614250 73.706126 1
106.535936 222.420056 73.291587 1
106.920034 247.612341 74.562031 1
107.709617 255.094577 75.725110 1
107.948348 274.497444 75.749123 1
102.552975 233.080321 72.793412 1
89.466747 237.678997 71.864519 1
88.788951 231.256787 74.611625 1
86.814771 212.551190 82.612962 1
87.904540 205.945618 86.759884 1
90.091464 192.689699 95.081837 1
90.091464 192.689699 95.081837 1
110.816926 232.959179 72.697115 1
123.147613 239.123923 70.905427 1
124.304076 232.542473 73.049696 1
127.672438 213.373067 79.295185 1
127.304836 206.273444 82.683135 1
126.567138 192.026057 89.482011 1
126.567138 192.026057 89.482011 1
99.454778 193.050714 73.206450 1
98.647009 174.541759 72.810685 1
97.646708 151.621210 72.320583 1
97.460940 128.726640 69.903092 1
97.306318 109.670704 67.890930 1
94.561967 102.378614 81.887212 1
94.161388 101.227659 89.600724 1
113.572283 193.117694 72.901369 1
115.169499 174.655770 72.924369 1
117.147393 151.793686 72.952844 1
118.218119 128.694222 70.681995 1
119.091343 109.855565 68.830015 1
122.310118 103.054408 82.971645 1
122.880448 102.127640 90.704700 1
106.633400 194.425000 74.204200 1
106.610185 202.400969 74.416947 1
106.595586 212.626466 73.816860 1
106.660072 222.431293 73.380374 1
107.065020 247.628564 74.540671 1
107.806438 255.114024 75.714657 1
107.886480 274.518209 75.719733 1
102.677834 233.091182 72.868569 1
89.539179 237.551892 72.009579 1
88.839384 231.137366 74.769092 1
86.801128 212.454147 82.806567 1
87.764559 205.758041 86.837956 1
89.697952 192.320440 94.928062 1
89.697952 192.320440 94.928062 1
110.940706 232.965822 72.707131 1
123.262211 239.125953 70.838077 1
124.373323 232.531505 72.966332 1
127.609597 213.324241 79.165177 1
127.213032 206.171264 82.435597 1
126.417215 191.816808 88.998613 1
126.417215 191.816808 88.998613 1
99.550410 193.071378 73.364437 1
98.730972 174.563400 72.947521 1
97.716222 151.644061 72.431227 1
97.515704 128.752507 69.986515 1
97.348806 109.699080 67.951696 1
94.707047 102.388959 81.958309 1
94.362629 101.228211 89.673065 1
113.665288 193.123427 72.953323 1
115.260738 174.661341 72.939977 1
117.236444 151.799056 72.923442 1
118.280775 128.695037 70.686894 1
119.132473 109.852666 68.862888 1
122.464337 103.053720 82.979366 1
123.097827 102.128708 90.707713 1
