41 35
106.143100 152.407700 16.963200 1
106.045319 160.373910 16.525234 1
105.860531 170.577209 15.642253 1
105.798816 180.386046 15.977231 1
106.121851 204.943591 21.742249 1
106.131090 212.336783 23.559026 1
106.275290 231.739429 23.771966 1
101.709704 190.862120 17.789533 1
89.062675 196.352847 19.568468 1
89.365788 189.893506 22.295311 1
90.248647 171.079733 30.237643 1
93.248811 167.708113 36.691261 1
99.269482 160.942010 49.642257 1
99.269482 160.942010 49.642257 1
109.926712 190.962365 16.902087 1
122.640734 196.507715 15.973217 1
123.016838 190.071459 18.745182 1
124.112297 171.324924 26.818938 1
122.385975 167.938868 33.716215 1
118.921628 161.143798 47.557538 1
118.921628 161.143798 47.557538 1
99.028380 150.963062 16.958780 1
97.382233 149.766545 35.377496 1
95.343729 148.284845 58.186297 1
93.049754 125.405913 59.340541 1
91.140398 106.362993 60.301257 1
87.612965 99.824489 74.493055 1
86.700339 99.117461 82.216428 1
113.028502 151.033634 15.116738 1
116.984899 149.788120 33.177466 1
121.884255 148.245735 55.542731 1
124.358534 125.154118 56.280050 1
126.376419 106.321861 56.881366 1
131.889763 99.507519 70.289190 1
133.887725 98.636532 77.788102 1
106.171100 152.428800 16.935300 1
106.059142 160.394385 16.489429 1
105.859243 170.596898 15.600679 1
105.790135 180.405592 15.938403 1
106.107246 204.956548 21.731739 1
106.109802 212.357264 23.517641 1
106.266665 231.759406 23.764829 1
101.699167 190.879605 17.758412 1
89.075583 196.429948 19.518770 1
89.378694 189.960880 22.222458 1
90.261544 171.118777 30.097345 1
93.277300 167.753398 36.546952 1
99.329261 160.999820 49.489899 1
99.329261 160.999820 49.489899 1
109.917090 190.980838 16.879583 1
122.607751 196.579428 15.950635 1
122.980129 190.136159 18.706764 1
124.064731 171.369195 26.734394 1
122.321541 167.979275 33.625527 1
118.823341 161.176449 47.454522 1
118.823341 161.176449 47.454522 1
99.058863 150.971993 16.941196 1
97.407381 149.791104 35.360443 1
95.362270 148.328758 58.169902 1
93.061599 125.452836 59.369580 1
91.146671 106.412422 60.368113 1
87.609158 99.915622 74.576545 1
86.693037 99.230576 82.301485 1
113.056542 151.064647 15.081650 1
116.997479 149.798646 33.144333 1
121.877691 148.230891 55.512020 1
124.341753 125.138150 56.248349 1
126.351305 106.304976 56.848859 1
131.811910 99.456421 70.260833 1
133.794013 98.571299 77.762297 1
106.302700 152.448500 16.770900 1
106.136818 160.413470 16.330870 1
105.882551 170.615846 15.454536 1
105.798248 180.423748 15.811295 1
106.171994 204.958200 21.670792 1
106.119694 212.371146 23.404443 1
106.284114 231.772124 23.726669 1
101.730073 190.900100 17.668546 1
89.085656 196.427392 19.350161 1
89.376320 189.947124 22.028273 1
90.222917 171.072399 29.828667 1
93.258687 167.693901 36.262005 1
99.350813 160.913995 49.172304 1
99.350813 160.913995 49.172304 1
109.946276 190.988945 16.772474 1
122.593326 196.679635 15.809033 1
122.960903 190.220813 18.529169 1
124.031523 171.408549 26.451962 1
122.271061 168.021907 33.340315 1
118.738200 161.225659 47.163732 1
118.738200 161.225659 47.163732 1
99.200155 150.945847 16.816968 1
97.531018 149.775961 35.235326 1
95.464045 148.327239 58.043684 1
93.108123 125.458722 59.276838 1
91.147207 106.424471 60.303233 1
87.582516 99.978120 74.527841 1
86.652766 99.320085 82.253501 1
113.185952 151.129923 14.876584 1
117.040103 149.844371 32.956604 1
121.812843 148.252403 55.345761 1
124.333757 125.167062 56.120648 1
126.389676 106.339922 56.752604 1
131.829124 99.514424 70.184913 1
133.780486 98.635246 77.695132 1
106.394600 152.472600 16.838500 1
106.154817 160.439192 16.467278 1
105.823632 170.645641 15.667403 1
105.705904 180.451183 16.075816 1
106.090119 204.966966 22.012272 1
106.078912 212.379900 23.746730 1
106.282230 231.778458 24.174998 1
101.643038 190.924701 17.960475 1
89.010342 196.477020 19.647723 1
89.287317 189.970753 22.263524 1
90.094041 171.020301 29.882429 1
93.126511 167.621625 36.306689 1
99.212014 160.801227 49.198770 1
99.212014 160.801227 49.198770 1
109.860456 191.010262 17.075292 1
122.532734 196.646130 16.121136 1
122.909612 190.157313 18.767617 1
124.007324 171.257689 26.475883 1
122.239568 167.872652 33.363158 1
118.692072 161.079625 47.184409 1
118.692072 161.079625 47.184409 1
99.306192 150.905332 16.904679 1
97.620918 149.752460 35.322640 1
95.533961 148.324808 58.130506 1
93.139334 125.459703 59.352321 1
91.146202 106.428291 60.369278 1
87.538370 100.002229 74.592190 1
86.585716 99.355026 82.315974 1
113.280455 151.232575 14.901085 1
117.089313 149.917080 32.988548 1
121.805966 148.288034 55.386922 1
124.260642 125.196599 56.192323 1
126.262539 106.364491 56.849164 1
131.649455 99.584559 70.325647 1
133.562523 98.727505 77.848265 1
106.412100 152.420500 16.766200 1
106.141678 160.392287 16.567778 1
105.781015 170.610894 15.958618 1
105.653291 180.410319 16.491805 1
106.059977 204.884741 22.595085 1
106.090438 212.288198 24.369328 1
106.377697 231.680635 24.985526 1
101.600257 190.874845 18.446284 1
88.980535 196.447810 20.162307 1
89.226782 189.892622 22.656202 1
89.944008 170.799681 29.920039 1
93.034417 167.379414 36.305110 1
99.236192 160.515688 49.118548 1
99.236192 160.515688 49.118548 1
109.818069 190.958173 17.564551 1
122.507085 196.564826 16.662125 1
122.938582 190.020722 19.159957 1
124.195379 170.960066 26.435256 1
122.366886 167.585814 33.311957 1
118.697502 160.814428 47.111990 1
118.697502 160.814428 47.111990 1
99.329776 150.824855 16.795178 1
97.685673 149.708558 35.219112 1
95.649699 148.326198 58.034376 1
93.195239 125.471665 59.332862 1
91.152306 106.449053 60.413635 1
87.560631 100.078605 74.665625 1
86.618106 99.461097 82.393083 1
113.303402 151.249348 14.805437 1
117.074615 149.950962 32.902022 1
121.744649 148.343102 55.311692 1
124.182323 125.250731 56.141507 1
126.170355 106.417858 56.818259 1
131.525542 99.707603 70.342179 1
133.406722 98.884069 77.876573 1
106.406900 152.316400 16.636100 1
106.128296 160.288494 16.809270 1
105.764464 170.523201 16.610539 1
105.642952 180.304535 17.410573 1
106.105137 204.688149 23.863363 1
106.184059 212.064496 25.745734 1
106.547246 231.445358 26.628409 1
101.611541 190.745601 19.528416 1
88.987225 196.282669 21.324960 1
89.167581 189.648066 23.605345 1
89.692892 170.323818 30.247302 1
92.894352 166.905054 36.578233 1
99.318981 160.044343 49.283025 1
99.318981 160.044343 49.283025 1
109.826551 190.830011 18.621044 1
122.562541 196.343262 17.809462 1
123.051632 189.719146 20.074967 1
124.476179 170.425440 26.673583 1
122.556927 167.039749 33.519863 1
118.705412 160.245408 47.258847 1
118.705412 160.245408 47.258847 1
99.326322 150.714517 16.561081 1
97.742238 149.666423 34.994277 1
95.780589 148.368524 57.821010 1
93.305838 125.521795 59.214818 1
91.246015 106.505679 60.374930 1
87.697183 100.220668 74.675503 1
86.780274 99.648569 82.409535 1
113.307509 151.244606 14.651384 1
117.029178 149.974017 32.760195 1
121.637861 148.400580 55.185004 1
124.054179 125.305314 55.996509 1
126.024793 106.470080 56.658329 1
131.307849 99.800124 70.230467 1
133.136854 98.994454 77.779625 1
106.304000 152.216600 16.528800 1
106.053350 160.172874 17.073559 1
105.728189 170.407908 17.317378 1
105.639762 180.153891 18.473802 1
106.191416 204.333668 25.646445 1
106.311489 211.660888 27.709811 1
106.751392 231.017623 28.995155 1
101.644348 190.537816 20.915963 1
89.054982 196.087209 22.908989 1
89.143854 189.359323 24.903553 1
89.402702 169.763371 30.713011 1
92.686361 166.332816 36.995277 1
99.275943 159.448444 49.602408 1
99.275943 159.448444 49.602408 1
109.856185 190.627859 19.980840 1
122.617015 196.102812 19.312897 1
123.172653 189.383189 21.259321 1
124.791029 169.811305 26.928567 1
122.739171 166.417253 33.732116 1
118.621544 159.606137 47.385349 1
118.621544 159.606137 47.385349 1
99.218266 150.647955 16.333955 1
97.781051 149.611116 34.779820 1
96.001278 148.327154 57.622240 1
93.426802 125.494827 59.070365 1
91.283976 106.490699 60.275686 1
87.858093 100.204146 74.605534 1
87.007017 99.631435 82.347042 1
113.213433 151.211696 14.539794 1
116.872911 149.951381 32.661992 1
121.404580 148.390667 55.103380 1
123.886448 125.302315 55.913786 1
125.910523 106.472720 56.574709 1
131.105751 99.821931 70.190088 1
132.880501 99.024834 77.753093 1
106.332700 152.257400 16.573000 1
106.090892 160.194510 17.351262 1
105.781869 170.416916 17.924002 1
105.721602 180.112692 19.446372 1
106.385845 203.958406 27.653286 1
106.576117 211.187152 30.034271 1
107.056966 230.494151 31.915062 1
101.771443 190.393267 22.354880 1
89.263165 196.001173 24.668838 1
89.212457 189.142929 26.156305 1
89.064762 169.167292 30.488769 1
92.518362 165.936923 36.786018 1
99.448980 159.454280 49.423218 1
99.448980 159.454280 49.423218 1
109.978781 190.499251 21.382658 1
122.756764 195.954200 20.906503 1
123.380247 189.136529 22.449640 1
125.196232 169.279068 26.944255 1
122.961165 165.903822 33.699266 1
118.475875 159.130443 47.255094 1
118.475875 159.130443 47.255094 1
99.245000 150.700973 16.353281 1
97.891240 149.632883 34.803675 1
96.214813 148.310221 57.651706 1
93.525247 125.489709 59.076691 1
91.286628 106.495414 60.262754 1
87.940973 100.211681 74.612780 1
87.133561 99.640374 82.359067 1
113.235347 151.305487 14.534970 1
116.762913 150.038401 32.682836 1
121.131232 148.469302 55.156008 1
123.799063 125.398999 55.885564 1
125.974799 106.584124 56.480550 1
131.189049 99.985831 70.114187 1
132.932130 99.201342 77.685871 1
106.375100 152.348700 16.665300 1
106.104807 160.255171 17.702866 1
105.776099 170.448313 18.658323 1
105.735071 180.062067 20.634019 1
106.539072 203.402714 30.172390 1
106.801569 210.478226 32.970295 1
107.347301 229.675052 35.747500 1
101.844943 190.184423 24.120883 1
89.453574 195.864527 26.850427 1
89.268041 188.920419 27.848219 1
88.727647 168.694693 30.754434 1
92.314877 165.425633 36.956290 1
99.513662 158.865345 49.402055 1
99.513662 158.865345 49.402055 1
110.052300 190.298571 23.149749 1
122.852398 195.717395 22.917612 1
123.585407 188.820607 23.988902 1
125.720401 168.732707 27.109191 1
123.238495 165.306503 33.751424 1
118.257855 158.430862 47.080930 1
118.257855 158.430862 47.080930 1
99.292880 150.772292 16.413638 1
97.976463 149.659696 34.864105 1
96.346280 148.281922 57.712225 1
93.601784 125.463460 59.063405 1
91.317445 106.470872 60.188037 1
88.002001 100.142020 74.525241 1
87.210017 99.546659 82.271309 1
113.275695 151.491066 14.579036 1
116.722089 150.099501 32.733379 1
120.989889 148.376254 55.214573 1
123.630361 125.303077 55.952743 1
125.783783 106.485859 56.554754 1
130.798979 99.798447 70.219610 1
132.456075 98.974174 77.806359 1
106.429100 152.476500 16.757300 1
106.141395 160.338043 18.089683 1
105.808784 170.479271 19.491815 1
105.801711 179.964996 22.011791 1
106.772908 202.574004 33.160886 1
107.161059 209.426552 36.455119 1
107.775142 228.442575 40.268592 1
101.985170 189.848756 26.194936 1
89.754435 195.637871 29.381673 1
89.396503 188.640442 29.779793 1
88.353972 168.259406 30.939378 1
92.133765 164.951797 37.004926 1
99.718980 158.314152 49.177153 1
99.718980 158.314152 49.177153 1
110.194570 189.966214 25.241625 1
123.021889 195.324508 25.334432 1
123.869234 188.372665 25.786683 1
126.337250 168.124409 27.103931 1
123.596402 164.653746 33.620083 1
118.096124 157.688886 46.696574 1
118.096124 157.688886 46.696574 1
99.350305 150.892890 16.458840 1
98.058165 149.712683 34.906822 1
96.458045 148.251180 57.751865 1
93.641565 125.440459 59.085490 1
91.297312 106.454313 60.195511 1
88.021760 100.101116 74.531118 1
87.250864 99.492767 82.278304 1
113.328065 151.714564 14.628926 1
116.665592 150.217147 32.795184 1
120.798578 148.362821 55.291131 1
123.502733 125.295608 55.983737 1
125.708093 106.483254 56.548588 1
130.601813 99.766955 70.243288 1
132.185682 98.924380 77.843654 1
106.539400 152.609400 16.869500 1
106.264408 160.387283 18.627568 1
105.964172 170.429707 20.622730 1
106.023120 179.724233 23.775130 1
107.239680 201.410692 36.605961 1
107.627083 207.943203 40.496497 1
108.399757 226.714984 45.349540 1
102.312653 189.298169 28.707226 1
90.165225 195.001666 32.336300 1
89.535503 188.020265 31.998451 1
87.701342 167.685919 31.014420 1
91.756305 164.420098 36.922862 1
99.893726 157.866313 48.779809 1
99.893726 157.866313 48.779809 1
110.520857 189.408305 27.742813 1
123.280714 194.895791 28.320384 1
124.289086 187.956592 28.035190 1
127.226118 167.745161 27.204520 1
124.128308 164.125814 33.475236 1
117.911684 156.862578 46.059192 1
117.911684 156.862578 46.059192 1
99.457983 151.048810 16.516887 1
98.190459 149.775670 34.960397 1
96.620822 148.199084 57.799901 1
93.717853 125.397699 59.107459 1
91.301611 106.419323 60.195783 1
88.100591 100.018669 74.527114 1
87.369105 99.384977 82.276090 1
113.428308 151.959644 14.672455 1
116.693551 150.327495 32.840243 1
120.737026 148.306324 55.338086 1
123.450095 125.238646 55.978349 1
125.662724 106.425912 56.500512 1
130.425436 99.639568 70.206863 1
131.941833 98.760166 77.816813 1
106.583100 152.791000 17.133500 1
106.350999 160.426154 19.438373 1
106.112691 170.298784 22.157835 1
106.250628 179.325759 26.008033 1
107.710946 199.909279 40.520060 1
108.060738 206.202843 44.789573 1
109.025558 224.650934 50.728082 1
102.645565 188.509352 31.701761 1
90.578648 194.058336 35.807648 1
89.657051 187.189620 34.702192 1
86.972764 167.183480 31.482391 1
91.262537 163.800367 37.154285 1
99.871171 157.011201 48.536533 1
99.871171 157.011201 48.536533 1
110.851215 188.622086 30.716142 1
123.499804 194.275153 31.863342 1
124.666247 187.441273 30.773325 1
128.063680 167.536600 27.598491 1
124.577817 163.680417 33.514283 1
117.582456 155.941904 45.385984 1
117.582456 155.941904 45.385984 1
99.493201 151.290941 16.698307 1
98.236408 149.897862 35.133880 1
96.680061 148.172750 57.963557 1
93.749833 125.368157 59.148634 1
91.310903 106.387112 60.135013 1
88.181025 99.872197 74.430526 1
87.485911 99.177411 82.177613 1
113.461179 152.267531 14.869821 1
116.692980 150.497762 33.030703 1
120.695042 148.306171 55.519993 1
123.422126 125.236448 56.009208 1
125.646185 106.422046 56.408185 1
130.297121 99.607858 70.139085 1
131.755842 98.714701 77.758701 1
106.694500 153.092900 17.558600 1
106.523899 160.505731 20.505245 1
106.364582 170.117486 24.042175 1
106.580522 178.801804 28.610032 1
108.240644 198.175071 44.682781 1
108.597315 204.345420 49.127962 1
109.796640 222.449331 56.008285 1
103.061998 187.536102 35.019822 1
91.089178 192.977964 39.525127 1
89.885470 186.325159 37.643130 1
86.379494 166.947893 32.161541 1
90.862764 163.379385 37.563764 1
99.859705 156.218170 48.404844 1
99.859705 156.218170 48.404844 1
111.264733 187.668771 34.012665 1
123.718866 193.559453 35.871292 1
125.001357 186.941625 33.919314 1
128.736796 167.666237 28.233893 1
124.969189 163.546807 33.788479 1
117.408431 155.280014 44.935317 1
117.408431 155.280014 44.935317 1
99.592845 151.678781 17.036108 1
98.300076 150.073526 35.451929 1
96.699178 148.085667 58.257145 1
93.742109 125.278669 59.323315 1
91.280838 106.295623 60.210724 1
88.229896 99.653255 74.464588 1
87.575369 98.890102 82.208777 1
113.557806 152.721610 15.221206 1
116.754314 150.723562 33.364645 1
120.712672 148.249285 55.832336 1
123.436489 125.175769 56.118929 1
125.657883 106.358274 56.352658 1
130.142745 99.534844 70.134123 1
131.522926 98.641782 77.768368 1
106.794200 153.908500 18.272100 1
106.702172 161.010151 21.908028 1
106.642812 170.261362 26.304920 1
106.958317 178.531995 31.579994 1
108.866494 196.611790 49.069780 1
109.163875 202.783289 53.517726 1
110.537890 220.613904 61.048335 1
103.550172 186.793104 38.643422 1
91.574734 192.000528 43.411195 1
90.075037 185.657758 40.809117 1
85.706947 167.183513 33.230185 1
90.300638 163.376722 38.370645 1
99.519168 155.737325 48.686422 1
99.519168 155.737325 48.686422 1
111.751780 186.912248 37.625444 1
123.909595 193.083578 40.338794 1
125.305099 186.798273 37.546278 1
129.369708 168.491404 29.412668 1
125.332880 164.070072 34.528704 1
117.231851 155.197429 44.795470 1
117.231851 155.197429 44.795470 1
99.678220 152.601078 17.672340 1
98.321127 150.559081 36.040222 1
96.640572 148.030383 58.786073 1
93.793118 125.203586 59.718513 1
91.423083 106.204059 60.494614 1
88.501771 99.387257 74.693174 1
87.914581 98.530306 82.432948 1
113.638056 153.710995 15.857795 1
116.831584 151.228485 33.941843 1
120.786250 148.154280 56.335986 1
123.445230 125.071470 56.289691 1
125.613747 106.246395 56.251937 1
129.829417 99.393309 70.103481 1
131.102787 98.499576 77.756188 1
107.016900 155.389000 19.302190 1
107.004534 162.174628 23.499450 1
107.040573 171.055536 28.603298 1
107.436759 178.921403 34.459960 1
109.525249 195.786554 53.104467 1
109.799964 201.850865 57.698889 1
111.271429 219.699114 65.169071 1
104.106566 186.710291 42.075499 1
92.091065 191.632199 47.041643 1
90.323316 185.616218 43.889871 1
85.174488 168.093793 34.709875 1
89.757977 163.959987 39.600812 1
98.956034 155.664345 49.415852 1
98.956034 155.664345 49.415852 1
112.303598 186.856803 41.024768 1
124.286283 193.025232 44.434430 1
125.807720 187.075218 41.038374 1
130.239126 169.744933 31.146863 1
125.949491 164.993131 35.733517 1
117.341134 155.457306 44.937928 1
117.341134 155.457306 44.937928 1
99.887032 154.188820 18.645842 1
98.430033 151.450799 36.915241 1
96.625760 148.060179 59.539136 1
93.926342 125.205485 60.184301 1
91.679523 106.182740 60.721293 1
88.922282 99.291754 74.916851 1
88.423973 98.394558 82.658298 1
113.844435 155.334480 16.834795 1
116.943603 152.129643 34.821413 1
120.781422 148.160954 57.094904 1
123.374400 125.073010 56.760609 1
125.489090 106.243748 56.487976 1
129.464579 99.385446 70.407787 1
130.612841 98.491535 78.080242 1
107.154800 157.512900 20.769580 1
107.235520 164.065167 25.321850 1
107.374237 172.666636 30.882119 1
107.823123 180.225549 37.126369 1
109.918595 196.165680 56.566892 1
110.321172 201.982680 61.461838 1
111.956959 219.995108 68.490741 1
104.500575 187.658229 45.093133 1
92.407893 192.217688 50.215478 1
90.485506 186.400231 46.793160 1
84.886270 169.456037 36.825162 1
89.468173 165.015107 41.440603 1
98.663048 156.103133 50.702780 1
98.663048 156.103133 50.702780 1
112.702746 187.810525 44.084156 1
124.567438 193.930414 47.961796 1
126.187682 188.161253 44.309094 1
130.906878 171.357730 33.670066 1
126.467359 166.358347 37.831176 1
117.558220 156.325683 46.181614 1
117.558220 156.325683 46.181614 1
100.009117 156.452474 20.047812 1
98.567777 152.703727 38.138140 1
96.782896 148.061474 60.540284 1
94.050963 125.201543 60.555248 1
91.777080 106.174439 60.567701 1
89.304220 99.289216 74.818338 1
88.960685 98.395193 82.568562 1
113.983598 157.491034 18.305179 1
116.949837 153.306379 36.112041 1
120.623043 148.124345 58.162933 1
123.166773 125.047125 57.235662 1
125.241299 106.226610 56.479430 1
129.010346 99.366652 70.455739 1
130.047122 98.472619 78.144038 1
107.411200 160.025000 22.533890 1
107.465944 166.498347 27.198079 1
107.579199 174.997236 32.914474 1
108.016636 182.427297 39.312298 1
110.105418 197.921438 59.110816 1
110.593147 203.550420 64.213437 1
112.418100 221.684840 70.872354 1
104.693191 189.685652 47.437837 1
92.486748 193.961333 52.535029 1
90.651164 188.127008 49.093819 1
85.304754 171.133684 39.070797 1
89.838583 166.540524 43.583586 1
98.936983 157.323059 52.639765 1
98.936983 157.323059 52.639765 1
112.897663 189.843607 46.448636 1
124.820595 195.722238 50.516243 1
126.461327 189.887293 46.979004 1
131.240196 172.892163 36.676282 1
126.767109 167.646178 40.482739 1
117.790604 157.118637 48.121468 1
117.790604 157.118637 48.121468 1
100.269749 158.953620 21.786858 1
98.864316 154.030278 39.596294 1
97.123900 147.933467 61.650595 1
93.948288 125.144038 60.877593 1
91.305117 106.175615 60.234197 1
89.064225 99.290454 74.523176 1
88.847197 98.396295 82.277958 1
114.242361 160.067933 20.076323 1
117.053141 154.722788 37.595546 1
120.533838 148.103679 59.290244 1
123.024647 125.058844 57.671631 1
125.056014 106.264740 56.351580 1
128.597052 99.407797 70.388864 1
129.503890 98.513743 78.093568 1
107.576700 163.087800 24.516090 1
107.637333 169.560647 29.180901 1
107.751520 178.062734 34.892518 1
108.166334 185.504955 41.277704 1
110.139192 201.067293 61.034582 1
110.691565 206.793084 66.021590 1
112.534717 225.082686 72.236255 1
104.794411 192.786775 49.362172 1
92.619601 197.214925 54.404547 1
91.079898 191.103952 51.316510 1
86.595286 173.304852 42.322156 1
90.895853 168.188486 46.486997 1
99.526147 157.921059 54.844922 1
99.526147 157.921059 54.844922 1
113.003574 192.950296 48.413627 1
125.085814 198.622101 52.300803 1
126.537056 192.519208 49.154498 1
130.764009 174.743642 39.990425 1
126.453381 169.272307 43.664791 1
117.802894 158.292538 51.038440 1
117.802894 158.292538 51.038440 1
100.434367 162.055655 23.723626 1
99.063490 155.718722 41.083192 1
97.365865 147.871392 62.580397 1
94.217952 125.109991 61.148844 1
91.597834 106.164895 59.957312 1
89.659900 99.279220 74.290276 1
89.605920 98.385186 82.047921 1
114.423474 163.093287 22.101988 1
117.139348 156.367744 39.154417 1
120.502518 148.039236 60.271065 1
122.932138 125.035510 58.076979 1
124.913602 106.274932 56.287603 1
128.277996 99.422699 70.370561 1
129.080608 98.528561 78.086809 1
107.726600 166.446300 26.656430 1
107.806235 172.969112 31.250825 1
107.936095 181.552240 36.839577 1
108.335470 189.129328 43.065134 1
110.184699 205.251267 62.380314 1
110.572060 211.263048 67.035257 1
112.363093 229.737273 72.694234 1
104.914400 196.644916 50.911509 1
92.671394 201.197620 55.669842 1
91.502274 194.748855 53.160414 1
88.097040 175.965885 45.851341 1
92.096230 170.419357 49.757808 1
100.121728 159.288690 57.597232 1
100.121728 159.288690 57.597232 1
113.130581 196.770940 50.019705 1
125.224110 202.486950 53.805713 1
126.234962 196.071901 51.145642 1
129.179215 177.387137 43.397799 1
125.254858 171.706850 47.186170 1
117.379535 160.307760 54.788601 1
117.379535 160.307760 54.788601 1
100.581720 165.451828 25.839144 1
99.168987 157.573046 42.551999 1
97.419531 147.816368 63.248351 1
94.364542 125.091230 61.180689 1
91.821768 106.176317 59.459702 1
90.118749 99.296051 73.825063 1
90.200827 98.401742 81.582430 1
114.585211 166.381136 24.277051 1
117.233431 158.153071 40.668517 1
120.512822 147.963936 60.966666 1
122.850409 125.000725 58.299255 1
124.756816 106.273189 56.123860 1
127.976211 99.426202 70.243216 1
128.691668 98.532099 77.968037 1
107.832800 170.024200 29.003934 1
107.923166 176.682543 33.399408 1
108.056541 185.447169 38.698901 1
108.435721 193.265779 44.619617 1
110.170169 210.265373 63.178126 1
110.540808 216.482726 67.556163 1
111.910770 235.297277 72.102002 1
104.967582 201.133623 52.091060 1
92.601307 205.725700 56.478326 1
91.804657 198.977793 54.722836 1
89.484294 179.323530 49.609718 1
93.081380 173.274904 53.144273 1
100.299943 161.136636 60.237351 1
100.299943 161.136636 60.237351 1
113.188482 201.224636 51.239380 1
125.308149 207.045762 54.773245 1
125.914220 200.311221 52.894610 1
127.679486 180.695885 47.422813 1
124.316524 174.445567 50.834851 1
117.567799 161.902549 57.682065 1
117.567799 161.902549 57.682065 1
100.686731 169.032096 28.194204 1
99.260421 159.548889 44.050590 1
97.494153 147.805373 63.686335 1
94.490862 125.125233 61.111143 1
91.991119 106.247775 58.967722 1
90.508209 99.386305 73.366443 1
90.737458 98.491855 81.120840 1
114.698423 169.861615 26.649570 1
117.371977 160.063829 42.149562 1
120.682741 147.930850 61.343765 1
122.845700 124.986686 58.381432 1
124.609688 106.274684 55.965516 1
127.751580 99.432489 70.104640 1
128.417752 98.538468 77.833876 1
107.936300 173.610100 31.540130 1
108.030872 180.443255 35.658494 1
108.159026 189.440741 40.552362 1
108.497650 197.572803 46.037269 1
110.047369 215.733160 63.478959 1
110.197824 222.245966 67.418601 1
111.492492 241.285300 70.933769 1
104.949971 205.883005 52.973256 1
92.435965 210.566566 56.810436 1
92.078512 203.603584 56.010594 1
91.037374 183.322882 53.680939 1
94.044477 176.639931 56.564249 1
100.079073 163.228712 62.350421 1
100.079073 163.228712 62.350421 1
113.174631 205.964462 52.157670 1
125.490600 211.601350 55.288556 1
125.715541 204.668661 54.221844 1
126.370714 184.476195 51.114891 1
123.672018 177.657919 53.986503 1
118.256330 163.975135 59.749200 1
118.256330 163.975135 59.749200 1
100.790826 172.618331 30.724759 1
99.322618 161.539305 45.506170 1
97.504466 147.819608 63.810721 1
94.516879 125.180615 60.879781 1
92.030207 106.337404 58.440257 1
90.734780 99.496956 72.867041 1
91.095409 98.602446 80.616432 1
114.815988 173.319208 29.239801 1
117.513430 161.989496 43.653534 1
120.853774 147.959479 61.502581 1
122.845269 125.030378 58.312166 1
124.469421 106.330660 55.710239 1
127.567472 99.498071 69.863675 1
128.196329 98.604329 77.596069 1
107.986600 177.040400 34.062750 1
108.080366 184.057990 37.858342 1
108.198509 193.297702 42.278169 1
108.505400 201.758474 47.243094 1
109.932372 221.157941 63.306629 1
109.793540 227.977477 66.688154 1
110.836462 247.186668 69.227465 1
104.902546 210.533649 53.549371 1
92.312636 215.319799 56.991314 1
92.324948 208.302389 57.071517 1
92.360807 187.863155 57.305120 1
94.534840 180.657279 59.621783 1
98.897646 166.196666 64.270817 1
98.897646 166.196666 64.270817 1
113.127292 210.604117 52.733640 1
125.652757 216.095551 55.227013 1
125.573963 209.079161 55.105769 1
125.344461 188.642900 54.752630 1
123.409485 181.318004 56.901991 1
119.526414 166.618543 61.215288 1
119.526414 166.618543 61.215288 1
100.842101 176.025343 33.267746 1
99.135645 163.475066 46.794353 1
97.022458 147.933446 63.545020 1
94.437981 125.256858 60.522947 1
92.286830 106.382355 58.007571 1
91.054426 99.549031 72.443249 1
91.457445 98.655176 80.190627 1
114.874025 176.629399 31.804278 1
117.579900 163.861521 44.959269 1
120.930689 148.050571 61.249567 1
122.797446 125.116347 58.020783 1
124.319869 106.412451 55.387563 1
127.422065 99.595121 69.547448 1
128.031895 98.701647 77.281397 1
108.001300 179.982000 36.698660 1
108.104660 187.174230 40.151633 1
108.222498 196.641731 44.059783 1
108.504050 205.419531 48.441595 1
109.812800 226.056748 62.891689 1
109.543152 233.110375 65.743650 1
110.088617 252.412676 67.654789 1
104.848453 214.653722 54.020100 1
92.221795 219.481940 57.262918 1
92.436236 212.503450 57.973787 1
93.060824 192.177580 60.044296 1
94.561464 184.676245 61.914067 1
97.572920 169.622710 65.666287 1
97.572920 169.622710 65.666287 1
113.073252 214.703981 53.203400 1
125.773832 220.050980 55.037770 1
125.477379 213.075633 55.750016 1
124.613915 192.758918 57.824535 1
123.473216 185.155037 59.526826 1
121.184083 169.895716 62.942952 1
121.184083 169.895716 62.942952 1
100.855428 178.939673 35.952804 1
99.150664 165.116257 48.175632 1
97.039571 147.998047 63.311765 1
94.422815 125.343179 60.157456 1
92.244798 106.486756 57.532015 1
91.223826 99.673609 71.993709 1
91.768583 98.779599 79.732394 1
114.888219 179.453118 34.463293 1
117.556096 165.470759 46.327959 1
120.859829 148.155872 61.020400 1
122.663195 125.224682 57.734547 1
124.133920 106.523260 55.054786 1
127.292029 99.728720 69.213265 1
127.902143 98.835913 76.947268 1
107.954400 182.410400 39.388300 1
108.104135 189.769402 42.468000 1
108.253046 199.445709 45.824786 1
108.507028 208.509958 49.580341 1
109.608445 230.282451 62.275151 1
109.296748 237.484702 64.722696 1
109.427864 256.837205 66.134164 1
104.760827 218.142170 54.369899 1
92.105967 223.051261 57.372462 1
92.361740 216.134853 58.533719 1
93.106712 195.989804 61.916050 1
94.145692 188.339461 63.468710 1
96.230697 172.986898 66.584556 1
96.230697 172.986898 66.584556 1
112.986731 218.195580 53.564609 1
125.788974 223.486725 54.733547 1
125.423512 216.609273 56.081780 1
124.359051 196.577691 60.008708 1
123.854350 188.881628 61.600528 1
122.841529 173.437318 64.794962 1
122.841529 173.437318 64.794962 1
100.802019 181.377973 38.692752 1
99.077117 166.471775 49.565678 1
96.941086 148.012701 63.030160 1
94.445313 125.352494 59.816711 1
92.367994 106.491627 57.142046 1
91.506055 99.695129 71.621915 1
92.157211 98.801593 79.352430 1
114.838236 181.722539 37.186964 1
117.428605 166.729365 47.764722 1
120.636357 148.162750 60.863535 1
122.448621 125.237499 57.541336 1
123.926602 106.540920 54.831933 1
127.162938 99.768492 68.983339 1
127.787301 98.876329 76.716279 1
107.920100 184.557000 41.979200 1
108.128926 192.074973 44.643474 1
108.330642 201.939261 47.395970 1
108.582657 211.255730 50.473178 1
109.533081 234.041296 61.258698 1
109.135243 241.293051 63.542077 1
109.049802 260.671017 64.550028 1
104.776863 221.253719 54.385919 1
92.073290 226.252404 57.011259 1
92.303358 219.415691 58.578761 1
92.973463 199.502766 63.144338 1
93.605590 191.859055 64.930978 1
94.874129 176.519801 68.516371 1
94.874129 176.519801 68.516371 1
113.009210 221.259865 53.647497 1
125.860838 226.521895 54.285261 1
125.576364 219.722877 56.000802 1
124.747791 199.919748 60.997565 1
124.624006 192.272470 62.874216 1
124.375597 176.926061 66.640242 1
124.375597 176.926061 66.640242 1
100.760237 183.549776 41.324903 1
99.055534 167.712006 50.793249 1
96.944518 148.099321 62.518372 1
94.549017 125.420873 59.357724 1
92.555158 106.544823 56.727008 1
91.843452 99.767705 71.224114 1
92.598625 98.874837 78.945239 1
114.801870 183.687194 39.836558 1
117.298322 167.849982 49.128744 1
120.389773 148.238166 60.635584 1
122.256089 125.312203 57.348411 1
123.778153 106.615043 54.667573 1
127.100188 99.863816 68.809248 1
127.744939 98.972318 76.540592 1
107.847500 186.414700 44.502100 1
108.062732 194.068350 46.746472 1
108.270642 204.080640 48.898660 1
108.505394 213.590640 51.314049 1
109.319547 237.170879 60.242780 1
108.994838 244.483770 62.334727 1
108.731347 263.868401 63.168679 1
104.655025 223.875361 54.339371 1
91.882526 228.921173 56.498789 1
92.049081 222.169926 58.407603 1
92.534192 202.505935 63.967300 1
92.877219 194.941628 66.130996 1
93.565599 179.761722 70.473060 1
93.565599 179.761722 70.473060 1
112.899165 223.813832 53.750134 1
125.718970 229.182254 54.054606 1
125.556677 222.405520 55.871247 1
125.083975 202.667296 61.162483 1
125.055280 195.049515 63.159124 1
124.997699 179.762298 67.165945 1
124.997699 179.762298 67.165945 1
100.690166 185.400045 43.831812 1
98.990456 168.789183 51.868029 1
96.885623 148.219139 61.819677 1
94.620430 125.511420 58.775253 1
92.735030 106.611007 56.241273 1
92.022443 99.853611 70.747540 1
92.800362 98.961651 78.466512 1
114.746406 185.400765 42.481388 1
117.208516 168.833876 50.410478 1
120.257441 148.318475 60.229345 1
122.063307 125.381424 56.986045 1
123.536071 106.675223 54.340987 1
126.915807 99.940615 68.476912 1
127.572466 99.049903 76.207344 1
107.879100 187.928800 46.850400 1
108.085964 195.687552 48.699956 1
108.276273 205.805616 50.284150 1
108.469713 215.456382 52.060269 1
109.111969 239.658689 59.148895 1
108.868943 246.984098 61.207869 1
108.530549 266.374797 61.852132 1
104.549018 225.921498 54.265466 1
91.735483 231.012678 56.041205 1
91.810702 224.331155 58.186488 1
92.029787 204.870245 64.434936 1
92.101610 197.371810 66.840409 1
92.245742 182.324094 71.667666 1
92.245742 182.324094 71.667666 1
112.796329 225.861752 53.722217 1
125.651966 231.152066 53.649923 1
125.636105 224.416866 55.621590 1
125.589907 204.799613 61.364358 1
125.652837 197.234916 63.552825 1
125.779125 182.054227 67.944599 1
125.779125 182.054227 67.944599 1
100.725563 186.884922 46.184471 1
98.948556 169.655864 52.771759 1
96.748002 148.320278 60.929127 1
94.622916 125.567696 58.128389 1
92.854133 106.629941 55.797238 1
92.045747 99.893216 70.308096 1
92.796507 99.002160 78.029861 1
114.790610 186.808625 44.931422 1
117.207082 169.652952 51.506967 1
120.199489 148.408439 59.649688 1
121.929282 125.444361 56.559801 1
123.340006 106.716118 54.039858 1
126.828550 100.010210 68.162988 1
127.511606 99.120827 75.891286 1
107.915600 189.112300 48.850000 1
108.131560 196.939605 50.382493 1
108.320341 207.120647 51.492380 1
108.477134 216.859703 52.698833 1
108.928012 241.506907 58.058386 1
108.820016 248.829221 60.139754 1
108.413745 268.222939 60.637236 1
104.479712 227.429500 54.131804 1
91.651932 232.599445 55.538847 1
91.620420 225.969376 57.839245 1
91.528634 206.658332 64.539489 1
91.381550 199.211046 67.095715 1
91.086386 184.265976 72.225499 1
91.086386 184.265976 72.225499 1
112.730740 227.384044 53.646717 1
125.645258 232.505594 53.151762 1
125.806382 225.808401 55.242764 1
126.275680 206.301850 61.333114 1
126.341225 198.796302 63.716481 1
126.472760 183.734312 68.499378 1
126.472760 183.734312 68.499378 1
100.763314 188.058414 48.186394 1
98.958965 170.368439 53.401723 1
96.724551 148.462076 59.860127 1
94.712987 125.672632 57.284279 1
93.038691 106.704197 55.140311 1
92.132144 99.994946 69.658095 1
92.861224 99.105132 77.382080 1
114.834937 187.898957 47.017839 1
117.133284 170.304350 52.360277 1
119.979414 148.516290 58.975995 1
121.732511 125.534641 56.033384 1
123.162239 106.792069 53.633551 1
126.704994 100.114796 67.756755 1
127.386141 99.226946 75.485397 1
108.089900 189.998400 50.835500 1
108.303315 197.885315 52.024160 1
108.471710 208.107341 52.658916 1
108.574944 217.896794 53.355528 1
108.800986 242.815778 57.280564 1
108.826332 250.144129 59.343253 1
108.352423 269.539241 59.709076 1
104.483125 228.496345 54.167889 1
91.707291 233.867645 55.257492 1
91.580383 227.259930 57.618135 1
91.210741 208.013994 64.493849 1
90.986971 200.593952 67.122706 1
90.537913 185.703553 72.398245 1
90.537913 185.703553 72.398245 1
112.735259 228.495221 53.699787 1
125.725959 233.370564 52.843746 1
126.071628 226.696636 54.986135 1
127.078438 207.257845 61.226156 1
127.065542 199.804082 63.767661 1
127.039664 184.846015 68.867906 1
127.039664 184.846015 68.867906 1
100.938398 188.915197 50.211854 1
99.165307 170.903600 54.190429 1
96.969601 148.598956 59.117300 1
94.955992 125.784520 56.774861 1
93.279994 106.795283 54.825167 1
92.374844 100.109751 69.353978 1
93.130253 99.221072 77.075563 1
115.011156 188.707276 49.064777 1
117.104977 170.794384 53.323709 1
119.697835 148.612183 58.597682 1
121.528095 125.624710 55.749054 1
123.020753 106.877387 53.425869 1
126.549607 100.222188 67.562965 1
127.199498 99.335539 75.294436 1
108.141800 190.531700 52.372200 1
108.384229 198.447293 53.345082 1
108.571406 208.683672 53.665389 1
108.649062 218.492614 53.993954 1
108.696124 243.562209 56.809262 1
108.798032 250.914696 58.781723 1
108.212602 270.308700 59.023998 1
104.482993 229.089115 54.327749 1
91.768864 234.653184 55.135291 1
91.565421 228.061766 57.535802 1
90.972860 208.863298 64.527643 1
90.675255 201.462410 67.202765 1
90.078028 186.610450 72.571149 1
90.078028 186.610450 72.571149 1
112.735891 229.124500 53.874697 1
125.786870 233.776328 52.737816 1
126.256678 227.115006 54.895759 1
127.625062 207.712935 61.181082 1
127.634720 200.375414 64.040920 1
127.654103 185.650616 69.779987 1
127.654103 185.650616 69.779987 1
100.988692 189.462356 51.743080 1
99.286999 171.261188 54.778252 1
97.179710 148.721788 58.536861 1
95.174789 125.883588 56.430437 1
93.506023 106.874571 54.677187 1
92.643001 100.193198 69.210473 1
93.436386 99.300542 76.927790 1
115.065778 189.162879 50.671879 1
117.034335 171.067429 54.146611 1
119.472073 148.659161 58.449480 1
121.402099 125.676829 55.625318 1
122.976121 106.933699 53.322086 1
126.438510 100.287472 67.479822 1
127.042471 99.401245 75.215064 1
108.177500 190.794500 53.424600 1
108.434421 198.725273 54.260494 1
108.632393 208.965898 54.367769 1
108.693458 218.780296 54.424125 1
108.629405 243.932368 56.368846 1
108.741628 251.306299 58.258977 1
108.054974 270.698069 58.387698 1
104.480460 229.363440 54.391112 1
91.774813 234.975848 54.963358 1
91.516445 228.405448 57.415649 1
90.763906 209.268199 64.558303 1
90.339292 201.886671 67.269526 1
89.487184 187.073561 72.710355 1
89.487184 187.073561 72.710355 1
112.733118 229.419660 53.935804 1
125.830775 233.895924 52.641785 1
126.342466 227.244310 54.820052 1
127.832839 207.870514 61.164573 1
127.913820 200.612782 64.220183 1
128.076332 186.048105 70.352124 1
128.076332 186.048105 70.352124 1
101.025508 189.731858 52.771877 1
99.323147 171.423051 55.069723 1
97.215031 148.750356 57.915263 1
95.229708 125.890839 56.033495 1
93.577254 106.864078 54.467234 1
92.699134 100.137335 68.978671 1
93.489053 99.228622 76.694469 1
115.107841 189.379196 51.789507 1
117.075486 171.171238 54.616681 1
119.512094 148.623647 58.117655 1
121.427730 125.636739 55.321076 1
122.990017 106.889877 53.040339 1
126.468107 100.247421 67.195996 1
127.076928 99.361508 74.930894 1
108.358000 191.038800 54.365900 1
108.612206 198.980141 55.095533 1
108.801486 209.221342 55.040053 1
108.853727 219.034815 54.890609 1
108.774759 244.228991 56.179029 1
108.851722 251.614893 58.023639 1
108.108134 271.004645 57.907970 1
104.630958 229.610102 54.599206 1
91.890529 235.157447 55.009650 1
91.597139 228.598345 57.488107 1
90.742596 209.494004 64.706976 1
90.206018 202.120106 67.419113 1
89.129222 187.322307 72.861778 1
89.129222 187.322307 72.861778 1
112.881602 229.661075 54.108164 1
125.996050 234.061811 52.728016 1
126.500558 227.425064 54.952810 1
127.970010 208.094572 61.432850 1
128.156031 200.862914 64.545164 1
128.529336 186.350560 70.790896 1
128.529336 186.350560 70.790896 1
101.203732 189.961840 53.763530 1
99.431512 171.591277 55.428524 1
97.236885 148.842107 57.490374 1
95.273675 125.970541 55.736132 1
93.639626 106.933752 54.276014 1
92.781253 100.156871 68.765287 1
93.585061 99.231330 76.477650 1
115.281222 189.607589 52.714575 1
117.259866 171.321020 54.968595 1
119.710096 148.676081 57.759811 1
121.557989 125.667331 55.100644 1
123.065028 106.902656 52.931973 1
126.663806 100.258922 67.056829 1
127.340807 99.373338 74.786096 1
108.591700 191.205800 55.094700 1
108.786643 199.156190 55.739044 1
108.910274 209.397006 55.561583 1
108.933745 219.207432 55.271203 1
108.879074 244.419787 56.135433 1
108.907942 251.829774 57.882235 1
108.149846 271.217861 57.645236 1
104.717150 229.779671 54.822346 1
91.957622 235.289459 55.133354 1
91.654359 228.718180 57.578137 1
90.771058 209.578370 64.698922 1
90.173880 202.187129 67.350511 1
88.975475 187.354528 72.671669 1
88.975475 187.354528 72.671669 1
112.965323 229.815797 54.290206 1
126.060848 234.241475 52.813512 1
126.513106 227.620636 55.096184 1
127.830373 208.336476 61.744801 1
128.116568 201.089940 64.814620 1
128.690900 186.547730 70.975075 1
128.690900 186.547730 70.975075 1
101.442193 190.064922 54.556945 1
99.588142 171.664973 55.738010 1
97.292180 148.879412 57.200587 1
95.324420 126.000593 55.549014 1
93.686584 106.957768 54.174352 1
92.816618 100.178144 68.661650 1
93.617521 99.250080 76.374011 1
115.513997 189.813081 53.406987 1
117.452939 171.461787 55.099552 1
119.854003 148.736699 57.195498 1
121.667665 125.699395 54.770273 1
123.146787 106.911432 52.792393 1
126.790980 100.259609 66.901789 1
127.495230 99.370705 74.628239 1
108.588500 191.272600 55.410100 1
108.809527 199.216287 56.124851 1
108.966009 209.457358 55.994148 1
109.011934 219.266483 55.665122 1
109.000905 244.487698 56.215567 1
108.926823 251.907463 57.918989 1
108.190471 271.294914 57.582305 1
104.809539 229.839130 55.106178 1
92.016965 235.274063 55.373743 1
91.724129 228.682915 57.765740 1
90.871196 209.485233 64.732778 1
90.325692 202.073578 67.338116 1
89.230983 187.200011 72.566457 1
89.230983 187.200011 72.566457 1
113.054922 229.855278 54.531510 1
126.116811 234.360230 52.997727 1
126.489996 227.758657 55.349452 1
127.576950 208.530613 62.199194 1
127.952656 201.234589 65.139411 1
128.706618 186.593069 71.039781 1
128.706618 186.593069 71.039781 1
101.436424 190.161556 54.844747 1
99.603559 171.744508 55.763166 1
97.333833 148.937772 56.900495 1
95.369272 126.052862 55.331582 1
93.734100 107.004966 54.025721 1
92.933268 100.263911 68.534987 1
93.765079 99.334219 76.243880 1
115.510085 189.870519 53.727227 1
117.505639 171.503976 55.170181 1
119.976807 148.760004 56.957024 1
121.752874 125.715541 54.572327 1
123.201337 106.921740 52.627498 1
126.874559 100.323968 66.754734 1
127.598689 99.466520 74.482901 1
108.778400 191.330300 55.948600 1
108.993310 199.278858 56.608993 1
109.136691 209.518856 56.401652 1
109.175829 219.324691 55.985270 1
109.172381 244.550259 56.274228 1
109.043234 251.979316 57.933290 1
108.327068 271.367138 57.575157 1
104.972989 229.892014 55.336255 1
92.155355 235.270200 55.544629 1
91.894146 228.663957 57.898343 1
91.133333 209.422311 64.753877 1
90.634537 201.993249 67.318680 1
89.633564 187.084747 72.465678 1
89.633564 187.084747 72.465678 1
113.215616 229.900164 54.723168 1
126.255670 234.448679 53.133188 1
126.569406 227.855576 55.517134 1
127.483208 208.652200 62.460726 1
127.892451 201.309526 65.277753 1
128.713715 186.574388 70.930909 1
128.713715 186.574388 70.930909 1
101.623920 190.205589 55.443943 1
99.732186 171.779886 55.996561 1
97.389561 148.962434 56.680901 1
95.420110 126.076699 55.130248 1
93.780867 107.028117 53.839585 1
93.036809 100.296326 68.356173 1
93.899401 99.371256 76.062239 1
115.689279 189.926692 54.223526 1
117.666625 171.537770 55.377610 1
120.115247 148.766086 56.806735 1
121.862921 125.717855 54.437524 1
123.288226 106.920982 52.505327 1
127.059719 100.343580 66.616159 1
127.838872 99.497846 74.340264 1
108.894400 191.361500 56.389200 1
109.109434 199.314305 56.996266 1
109.250470 209.552692 56.719430 1
109.286790 219.355392 56.234587 1
109.282493 244.582386 56.341912 1
109.109737 252.014383 57.983748 1
108.415199 271.402774 57.613956 1
105.081265 229.917572 55.522327 1
92.237492 235.234255 55.696732 1
92.019275 228.612842 58.011879 1
91.383684 209.327009 64.755083 1
90.945999 201.880613 67.280476 1
90.067661 186.937329 72.348386 1
90.067661 186.937329 72.348386 1
113.321982 229.921691 54.884048 1
126.335984 234.524673 53.238341 1
126.599201 227.932664 55.631407 1
127.365860 208.732474 62.601563 1
127.764533 201.342570 65.293844 1
128.564584 186.512654 70.696662 1
128.564584 186.512654 70.696662 1
101.739037 190.232397 55.907389 1
99.803454 171.805563 56.217009 1
97.406528 148.986710 56.600433 1
95.428642 126.102383 55.039770 1
93.782378 107.054973 53.740777 1
93.034060 100.339670 68.264780 1
93.895526 99.422811 75.971953 1
115.801790 189.947477 54.658667 1
117.783086 171.547023 55.603117 1
120.236599 148.761057 56.772645 1
121.966515 125.712867 54.390043 1
123.377339 106.916027 52.446924 1
127.213699 100.332342 66.537325 1
128.029452 99.483650 74.257326 1
109.034500 191.328900 56.774800 1
109.236484 199.287206 57.310011 1
109.361372 209.523054 56.945432 1
109.384858 219.321792 56.385521 1
109.349830 244.548913 56.323048 1
109.174974 251.969589 58.015099 1
108.488718 271.357368 57.600495 1
105.166893 229.873802 55.599874 1
92.302089 235.138154 55.808343 1
92.131027 228.505849 58.096115 1
91.632783 209.188291 64.759587 1
91.258112 201.729485 67.258349 1
90.506229 186.761294 72.272815 1
90.506229 186.761294 72.272815 1
113.407954 229.883676 54.966116 1
126.422373 234.473179 53.286411 1
126.648743 227.885096 55.694016 1
127.308080 208.696344 62.706518 1
127.720610 201.282656 65.330452 1
128.548470 186.405007 70.596112 1
128.548470 186.405007 70.596112 1
101.881429 190.184259 56.295627 1
99.904531 171.761027 56.554399 1
97.456442 148.946635 56.874855 1
95.444367 126.075644 55.169140 1
93.769647 107.039334 53.749413 1
92.936872 100.333522 68.273205 1
93.756847 99.420112 75.985311 1
115.945947 189.910092 55.064500 1
117.858427 171.499561 55.952758 1
120.226722 148.701117 57.052701 1
122.045711 125.676218 54.516209 1
123.529176 106.898373 52.447586 1
127.243566 100.271593 66.550460 1
127.998516 99.402070 74.274327 1
109.135300 191.388800 57.141200 1
109.345996 199.350950 57.611997 1
109.478311 209.583897 57.175653 1
109.490021 219.379901 56.569449 1
109.374849 244.606558 56.445829 1
109.213124 252.030153 58.126343 1
108.548095 271.419135 57.733989 1
105.238260 229.916529 55.759889 1
92.387526 235.217416 55.898668 1
92.254071 228.581441 58.178287 1
91.865362 209.253194 64.818008 1
91.515193 201.787550 67.299849 1
90.812481 186.805639 72.280358 1
90.812481 186.805639 72.280358 1
113.479002 229.951031 55.122852 1
126.456027 234.649780 53.455927 1
126.620755 228.049025 55.833643 1
127.100549 208.823362 62.759091 1
127.511198 201.386388 65.316584 1
128.335283 186.462011 70.448912 1
128.335283 186.462011 70.448912 1
101.982813 190.249948 56.640019 1
99.988861 171.826839 56.701582 1
97.519652 149.012599 56.777825 1
95.482330 126.139741 55.128047 1
93.786596 107.101876 53.754879 1
92.884761 100.388926 68.271247 1
93.672790 99.469459 75.985964 1
116.052195 189.946647 55.472968 1
117.992172 171.528609 56.110634 1
120.394517 148.720869 56.900259 1
122.076269 125.681005 54.405302 1
123.447813 106.890954 52.370551 1
127.276354 100.239641 66.431285 1
128.088513 99.354513 74.147573 1
109.256200 191.377300 57.396900 1
109.472469 199.340881 57.840168 1
109.607325 209.572141 57.366646 1
109.604029 219.365693 56.721938 1
109.398688 244.591034 56.492234 1
109.260649 252.010567 58.192685 1
108.662035 271.401826 57.805960 1
105.317056 229.883458 55.854827 1
92.458189 235.165470 55.954523 1
92.334896 228.529441 58.234558 1
91.975784 209.201039 64.875495 1
91.650977 201.736087 67.362857 1
90.999161 186.755563 72.354448 1
90.999161 186.755563 72.354448 1
113.559597 229.944989 55.243634 1
126.533389 234.661416 53.601654 1
126.688827 228.049109 55.947687 1
127.141562 208.789799 62.780851 1
127.520592 201.342596 65.313338 1
128.281224 186.397691 70.395483 1
128.281224 186.397691 70.395483 1
102.105070 190.243561 56.865660 1
100.098414 171.821732 56.873751 1
97.613474 149.009075 56.883778 1
95.539468 126.141936 55.200754 1
93.813200 107.108832 53.799914 1
92.837756 100.395369 68.311285 1
93.591454 99.473326 76.029124 1
116.179555 189.922496 55.766888 1
118.097258 171.501782 56.394553 1
120.472020 148.690728 57.171793 1
122.111582 125.664691 54.525681 1
123.448719 106.885917 52.367658 1
127.221976 100.207263 66.430376 1
128.008891 99.313718 74.148309 1
109.406100 191.374500 57.553100 1
109.614184 199.339710 57.970244 1
109.736547 209.569548 57.463751 1
109.710026 219.361056 56.789214 1
109.409889 244.584691 56.487709 1
109.316446 252.002601 58.198243 1
108.762058 271.394528 57.780351 1
105.385753 229.860009 55.880344 1
92.522349 235.131471 55.947928 1
92.396608 228.497546 58.233944 1
92.030366 209.175271 64.892300 1
91.718725 201.714016 67.392408 1
91.093330 186.740913 72.409576 1
91.093330 186.740913 72.409576 1
113.629697 229.951073 55.292187 1
126.592899 234.699040 53.657484 1
126.759220 228.086549 56.002252 1
127.243653 208.826704 62.831732 1
127.595610 201.384552 65.382906 1
128.301911 186.449784 70.502554 1
128.301911 186.449784 70.502554 1
102.258114 190.233150 56.996459 1
100.220547 171.814722 56.976696 1
97.697330 149.006278 56.952228 1
95.588767 126.143989 55.246406 1
93.833736 107.114922 53.826591 1
92.758709 100.398853 68.329718 1
93.464559 99.472947 76.051618 1
116.337231 189.919817 55.956365 1
118.243312 171.497509 56.572539 1
120.603684 148.684481 57.335550 1
122.189980 125.667221 54.582758 1
123.483676 106.895606 52.337732 1
127.211524 100.188993 66.399256 1
127.978609 99.287798 74.118296 1
109.523600 191.366500 57.742500 1
109.718188 199.333600 58.128946 1
109.823616 209.561814 57.587082 1
109.774157 219.351475 56.887508 1
109.393257 244.573493 56.544738 1
109.335897 251.988646 58.268764 1
108.800730 271.379735 57.791209 1
105.417810 229.834940 55.953380 1
92.549082 235.093541 56.008286 1
92.421895 228.463035 58.304119 1
92.051441 209.150717 64.991068 1
91.751629 201.694491 67.507572 1
91.149972 186.731480 72.557645 1
91.149972 186.731480 72.557645 1
113.662538 229.951672 55.380948 1
126.620576 234.728922 53.791245 1
126.798622 228.127093 56.165016 1
127.317204 208.898301 63.078970 1
127.681893 201.468430 65.663928 1
128.413744 186.558308 70.851373 1
128.413744 186.558308 70.851373 1
102.379439 190.212133 57.164024 1
100.309137 171.797375 57.131195 1
97.745382 148.993475 57.090547 1
95.604129 126.135639 55.365876 1
93.821890 107.110278 53.930371 1
92.644405 100.393024 68.424990 1
93.300689 99.464063 76.150894 1
116.462755 189.916035 56.177085 1
118.348233 171.491592 56.792823 1
120.683092 148.675922 57.555295 1
122.246380 125.670325 54.693984 1
123.521312 106.908221 52.360457 1
127.186348 100.184534 66.430335 1
127.921073 99.277909 74.151887 1
