49 35
108.503300 152.516100 18.629800 1
107.784634 160.424116 19.409985 1
106.948945 170.627832 19.736947 1
106.497450 180.397140 20.565252 1
106.272513 205.046157 25.930708 1
106.956069 212.084708 28.750567 1
107.546062 231.291040 31.451961 1
102.238215 190.879852 21.878665 1
89.737173 196.834354 23.114747 1
89.357127 190.367205 25.813301 1
88.250189 171.530691 33.673233 1
92.297070 167.837025 39.329873 1
100.418273 160.424648 50.681511 1
100.418273 160.424648 50.681511 1
110.499021 191.008298 21.634898 1
123.492646 195.939479 21.304435 1
124.638302 189.655903 24.212171 1
127.975188 171.354099 32.681367 1
124.384668 167.219214 38.340773 1
117.179282 158.921409 49.697964 1
117.179282 158.921409 49.697964 1
101.525646 150.556719 18.206234 1
99.825120 149.625688 36.635340 1
97.719274 148.472741 59.457007 1
93.957611 125.820673 61.122482 1
90.826649 106.966579 62.508711 1
86.746125 101.204383 76.887458 1
85.648827 100.874290 84.612120 1
115.504287 151.966955 16.788372 1
117.745922 150.402676 35.116556 1
120.521823 148.465575 57.813027 1
121.794904 125.265751 58.002561 1
122.833160 106.345247 58.157134 1
126.549168 99.481777 72.145916 1
127.562863 98.588025 79.837325 1
108.497000 152.504700 18.625300 1
107.787889 160.406409 19.475027 1
106.959925 170.607957 19.879982 1
106.511434 180.372880 20.760015 1
106.285403 205.005976 26.198054 1
106.977028 212.031072 29.049323 1
107.554619 231.223762 31.848580 1
102.251202 190.850979 22.106586 1
89.762652 196.828607 23.357241 1
89.376041 190.344509 26.013863 1
88.249978 171.458626 33.751663 1
92.296888 167.696351 39.362883 1
100.418148 160.146288 50.623372 1
100.418148 160.146288 50.623372 1
110.511851 190.981510 21.858664 1
123.519547 195.877492 21.559895 1
124.710061 189.588484 24.437712 1
128.177602 171.270856 32.819764 1
124.550963 167.118674 38.443363 1
117.273096 158.786157 49.728696 1
117.273096 158.786157 49.728696 1
101.516746 150.556729 18.192052 1
99.830457 149.632805 36.622823 1
97.742243 148.488658 59.446553 1
94.014517 125.830068 61.099569 1
90.911801 106.970546 62.475429 1
86.846701 101.212717 76.860293 1
85.757484 100.885051 84.586202 1
115.495450 151.963929 16.771787 1
117.758438 150.362212 35.094114 1
120.560781 148.378751 57.783329 1
121.838061 125.179284 57.987658 1
122.879741 106.259071 58.154296 1
126.603687 99.395646 72.140989 1
127.621757 98.501923 79.831824 1
108.367100 152.485400 18.593900 1
107.710221 160.377245 19.568160 1
106.937617 170.576618 20.113104 1
106.521351 180.334102 21.086523 1
106.330347 204.938055 26.656244 1
107.006976 211.963636 29.509914 1
107.598576 231.136198 32.441072 1
102.274348 190.809248 22.496374 1
89.787439 196.792383 23.737033 1
89.367648 190.280619 26.319926 1
88.144944 171.314155 33.842982 1
92.195371 167.515676 39.427209 1
100.323688 159.892962 50.633530 1
100.323688 159.892962 50.633530 1
110.534686 190.932596 22.234765 1
123.560719 195.781934 21.976997 1
124.845880 189.469557 24.761426 1
128.589092 171.083866 32.871471 1
124.858860 166.968495 38.454219 1
117.373103 158.709849 49.657573 1
117.373103 158.709849 49.657573 1
101.373892 150.589731 18.138134 1
99.732338 149.664415 36.572874 1
97.699521 148.518545 59.401518 1
94.054773 125.845758 61.044892 1
91.021124 106.974420 62.412725 1
87.017050 101.241369 76.824577 1
85.962079 100.926414 84.555765 1
115.359961 151.928420 16.724165 1
117.659926 150.361828 35.044924 1
120.508059 148.421863 57.732198 1
121.811538 125.224065 57.959298 1
122.874584 106.305213 58.144507 1
126.626794 99.438830 72.122191 1
127.664747 98.545026 79.810358 1
108.434800 152.480500 18.549400 1
107.732621 160.351591 19.651558 1
106.914816 170.538044 20.350464 1
106.484587 180.281572 21.449498 1
106.341490 204.824807 27.282330 1
107.011053 211.847192 30.145518 1
107.633984 231.011977 33.120714 1
102.254671 190.745823 22.985942 1
89.783087 196.755290 24.253196 1
89.302111 190.195022 26.699047 1
87.901198 171.087284 33.822944 1
91.972285 167.255642 39.369363 1
100.142064 159.566376 50.499809 1
100.142064 159.566376 50.499809 1
110.514189 190.862674 22.696890 1
123.558668 195.664843 22.494955 1
124.951517 189.331676 25.178561 1
129.008386 170.885427 32.994946 1
125.177950 166.742882 38.489039 1
117.491107 158.429702 49.514483 1
117.491107 158.429702 49.514483 1
101.452203 150.550479 18.075480 1
99.752107 149.672906 36.507249 1
97.646794 148.586159 59.332213 1
94.082964 125.903637 61.018155 1
91.116665 107.024195 62.421420 1
87.036304 101.371090 76.843452 1
85.946039 101.096772 84.571291 1
115.427391 151.995591 16.658693 1
117.656478 150.395417 34.985310 1
120.416841 148.413866 57.679838 1
121.726890 125.216745 57.936330 1
122.795295 106.298444 58.145510 1
126.484097 99.439613 72.143764 1
127.476114 98.546000 79.838016 1
108.531800 152.499100 18.539900 1
107.799127 160.341634 19.812586 1
106.947734 170.507992 20.729865 1
106.507667 180.225952 22.032519 1
106.399692 204.644799 28.366633 1
107.094260 211.655929 31.251367 1
107.718494 230.812512 34.278653 1
102.290913 190.660523 23.790963 1
89.872401 196.753929 25.173350 1
89.328720 190.126809 27.417528 1
87.745169 170.824355 33.954024 1
91.869591 166.937058 39.421752 1
100.146401 159.136105 50.394285 1
100.146401 159.136105 50.394285 1
110.549972 190.775533 23.488369 1
123.581793 195.614003 23.343809 1
125.123820 189.228205 25.812516 1
129.615193 170.628662 33.002976 1
125.612260 166.510224 38.391201 1
117.579251 158.245422 49.204191 1
117.579251 158.245422 49.204191 1
101.555940 150.547712 18.054413 1
99.816930 149.693645 36.483655 1
97.663429 148.636005 59.305490 1
94.182662 125.940533 60.990699 1
91.285500 107.050313 62.393353 1
87.161230 101.442960 76.820756 1
86.050462 101.191946 84.546467 1
115.518266 152.086548 16.609787 1
117.672421 150.445019 34.941706 1
120.339992 148.412256 57.642801 1
121.673254 125.216468 57.900254 1
122.760590 106.299254 58.110218 1
126.388247 99.448001 72.128149 1
127.335578 98.554536 79.828047 1
108.409900 152.513200 18.533200 1
107.721431 160.320308 20.028845 1
106.921817 170.460331 21.237830 1
106.516791 180.137674 22.823488 1
106.465164 204.358888 29.876351 1
107.200484 211.305531 32.903480 1
107.919930 230.443504 36.025853 1
102.321991 190.522704 24.899109 1
89.976112 196.720890 26.455326 1
89.338407 190.013046 28.417160 1
87.480998 170.475470 34.131290 1
91.718815 166.604006 39.523013 1
100.223183 158.834828 50.343018 1
100.223183 158.834828 50.343018 1
110.580530 190.632942 24.580979 1
123.631851 195.420744 24.575211 1
125.312646 188.971418 26.773370 1
130.208199 170.186841 33.175820 1
126.082426 166.063167 38.466500 1
117.802905 157.787857 49.083736 1
117.802905 157.787857 49.083736 1
101.423222 150.616286 17.990711 1
99.739949 149.744649 36.424305 1
97.655469 148.665251 59.251530 1
94.249007 125.955876 60.900899 1
91.413690 107.054084 62.273723 1
87.355876 101.442894 76.718467 1
86.281583 101.189469 84.449256 1
115.394645 152.115993 16.593662 1
117.572870 150.483918 34.923581 1
120.270248 148.462862 57.622199 1
121.594711 125.266684 57.889739 1
122.674870 106.349153 58.107929 1
126.308239 99.498449 72.124648 1
127.257952 98.605010 79.824256 1
108.380800 152.632700 18.648700 1
107.675302 160.410622 20.282129 1
106.866108 170.520710 21.714753 1
106.466592 180.144573 23.599155 1
106.457182 204.065981 31.610330 1
107.314890 210.861626 34.933521 1
108.045710 229.974661 38.202556 1
102.291640 190.448582 26.079188 1
90.032112 196.741165 27.914236 1
89.234559 189.943619 29.465979 1
86.911571 170.144771 33.985658 1
91.440126 166.475119 39.281299 1
100.527944 159.110931 49.908493 1
100.527944 159.110931 49.908493 1
110.550975 190.552029 25.779998 1
123.617423 195.294212 25.979222 1
125.475968 188.785111 27.830761 1
130.889244 169.826432 33.223632 1
126.604653 165.687741 38.374505 1
118.006417 157.382298 48.711183 1
118.006417 157.382298 48.711183 1
101.399149 150.737291 18.040245 1
99.722333 149.824853 36.472453 1
97.645849 148.694931 59.297961 1
94.275131 125.978078 60.917524 1
91.469566 107.070062 62.265538 1
87.402230 101.446004 76.702598 1
86.325834 101.184493 84.432825 1
115.374762 152.279259 16.734068 1
117.579165 150.573622 35.054157 1
120.308960 148.461473 57.740602 1
121.555590 125.260879 57.999025 1
122.572273 106.339746 58.209779 1
126.156314 99.485794 72.237607 1
127.083689 98.592299 79.939931 1
108.375200 152.670500 18.807600 1
107.652789 160.418667 20.569958 1
106.840263 170.490789 22.247240 1
106.459659 180.033318 24.510997 1
106.538342 203.478998 33.822637 1
107.485456 210.059080 37.532831 1
108.306786 229.149540 40.910492 1
102.325642 190.205891 27.541188 1
90.216567 196.667507 29.749774 1
89.299949 189.808844 30.919897 1
86.630163 169.831986 34.328054 1
91.304916 166.118946 39.464006 1
100.686120 158.667689 49.770738 1
100.686120 158.667689 49.770738 1
110.586236 190.285536 27.270849 1
123.648926 195.018528 27.745153 1
125.717954 188.458304 29.135608 1
131.744290 169.350721 33.185505 1
127.303804 165.198455 38.191378 1
118.392723 156.865768 48.237069 1
118.392723 156.865768 48.237069 1
101.399134 150.780584 18.122794 1
99.764008 149.812056 36.555885 1
97.739152 148.612674 59.382488 1
94.370760 125.889996 60.923258 1
91.567130 106.977132 62.205692 1
87.511270 101.293558 76.622659 1
86.442323 100.999635 84.352755 1
115.381334 152.355272 16.931180 1
117.591664 150.576518 35.243600 1
120.328800 148.373825 57.920548 1
121.589120 125.172787 58.029768 1
122.616969 106.251293 58.118840 1
126.176627 99.398659 72.153518 1
127.088687 98.505188 79.857673 1
108.352300 152.833300 18.966800 1
107.610688 160.547535 20.864818 1
106.796398 170.567277 22.830221 1
106.447372 179.983352 25.577043 1
106.673803 202.684514 36.577893 1
107.691839 208.987207 40.725148 1
108.564232 228.041793 44.287516 1
102.378208 189.934198 29.342140 1
90.453980 196.544406 32.058385 1
89.359554 189.646730 32.747542 1
86.171879 169.556241 34.754814 1
91.017633 165.805244 39.701194 1
100.741999 158.277815 49.627495 1
100.741999 158.277815 49.627495 1
110.639321 189.978950 29.079752 1
123.651093 194.793990 29.956814 1
125.953811 188.215513 30.776514 1
132.660806 169.054766 33.164007 1
128.022661 164.857549 37.948250 1
118.714922 156.434658 47.549178 1
118.714922 156.434658 47.549178 1
101.382171 150.946578 18.215920 1
99.812225 149.930321 36.652109 1
97.868084 148.671835 59.482546 1
94.439302 125.953423 60.951317 1
91.585408 107.044108 62.173824 1
87.536815 101.310169 76.572879 1
86.480301 100.985780 84.303466 1
115.367423 152.561341 17.117389 1
117.577908 150.715130 35.423112 1
120.315234 148.428903 58.091768 1
121.573271 125.227486 58.084090 1
122.599257 106.305682 58.077827 1
126.120814 99.453347 72.122260 1
127.011474 98.559862 79.828917 1
108.385300 152.896300 19.017900 1
107.646348 160.535576 21.199022 1
106.853934 170.454988 23.627692 1
106.567382 179.673169 26.985123 1
107.051551 201.360505 39.862927 1
107.992452 207.360602 44.453525 1
109.056076 226.353452 48.283560 1
102.604660 189.301013 31.606255 1
90.817968 195.909016 34.872481 1
89.477238 189.021073 34.969036 1
85.572164 168.958933 35.250268 1
90.629883 165.141811 39.926489 1
100.779616 157.481683 49.310641 1
100.779616 157.481683 49.310641 1
110.864013 189.304316 31.290163 1
123.763216 194.311134 32.632690 1
126.289255 187.766334 32.821104 1
133.646701 168.703675 33.369885 1
128.781939 164.406294 37.829100 1
119.019430 155.782394 46.777770 1
119.019430 155.782394 46.777770 1
101.413401 151.032498 18.227265 1
99.862419 149.964124 36.662112 1
97.941762 148.641097 59.490888 1
94.507119 125.921366 60.925163 1
91.648347 107.010954 62.118957 1
87.654202 101.236993 76.517226 1
86.622340 100.892968 84.250293 1
115.392919 152.697721 17.131083 1
117.557138 150.783181 35.435316 1
120.237172 148.412340 58.102126 1
121.535630 125.213188 58.059501 1
122.594581 106.293231 58.024738 1
126.029012 99.438678 72.089649 1
126.875052 98.545126 79.801324 1
108.372900 152.944700 19.083400 1
107.671599 160.451278 21.695170 1
106.939093 170.204002 24.739659 1
106.731713 179.151019 28.769199 1
107.467848 199.655833 43.446511 1
108.310780 205.382598 48.391577 1
109.513296 224.225397 52.867253 1
102.875039 188.380243 34.219052 1
91.186800 194.856231 38.053980 1
89.535958 188.059953 37.474352 1
84.727640 168.264802 35.786103 1
90.005521 164.407838 40.177662 1
100.597071 156.667757 48.990559 1
100.597071 156.667757 48.990559 1
111.132271 188.345593 33.853321 1
123.925113 193.463500 35.700011 1
126.708234 187.042626 35.173328 1
134.814466 168.340918 33.639289 1
129.692433 163.940596 37.691441 1
119.413637 155.110114 45.823222 1
119.413637 155.110114 45.823222 1
101.391306 151.157486 18.206214 1
99.842394 150.011781 36.636590 1
97.924299 148.592991 59.459831 1
94.489738 125.871648 60.868540 1
91.631033 106.959895 62.041054 1
87.715612 101.118574 76.433774 1
86.716833 100.742063 84.169671 1
115.375262 152.824244 17.170639 1
117.532563 150.844093 35.468707 1
120.204030 148.392004 58.127884 1
121.512065 125.193510 58.041988 1
122.578826 106.274090 57.971936 1
125.936020 99.414723 72.053139 1
126.746742 98.521062 79.768595 1
108.392800 153.153600 19.302900 1
107.739536 160.481966 22.389999 1
107.080492 170.008397 26.095922 1
106.959920 178.618022 30.806458 1
107.956022 197.770070 47.196076 1
108.716658 203.308641 52.363833 1
109.976268 222.032354 57.299901 1
103.214364 187.373544 37.056661 1
91.670620 193.823943 41.345526 1
89.718419 187.210574 40.040576 1
84.032346 167.948170 36.239720 1
89.510809 164.035400 40.325631 1
100.504881 156.183328 48.525160 1
100.504881 156.183328 48.525160 1
111.468911 187.301264 36.639441 1
124.086899 192.615923 39.047931 1
127.124770 186.427414 37.734739 1
135.972999 168.402502 33.909882 1
130.627966 163.896969 37.536006 1
119.901656 154.855353 44.812846 1
119.901656 154.855353 44.812846 1
101.400259 151.474477 18.307331 1
99.816227 150.140635 36.722060 1
97.854643 148.488866 59.525923 1
94.448077 125.759967 60.879637 1
91.612674 106.841923 62.006377 1
87.798534 100.881564 76.377474 1
86.837161 100.447793 84.115111 1
115.396549 153.107729 17.391974 1
117.580194 150.974416 35.669690 1
120.284284 148.332660 58.303664 1
121.583239 125.134347 58.104960 1
122.642595 106.215076 57.942906 1
125.932655 99.350182 72.037256 1
126.714752 98.456407 79.755652 1
108.212100 153.767100 19.804300 1
107.648438 160.864329 23.406176 1
107.102111 170.102571 27.796792 1
107.079136 178.330742 33.147119 1
108.318449 196.121508 50.989918 1
108.919113 201.639678 56.200394 1
110.273355 220.298728 61.351579 1
103.432353 186.575604 40.109633 1
91.903328 192.773065 44.792912 1
89.608995 186.459343 42.762248 1
82.926417 168.069706 36.847646 1
88.506287 163.962733 40.591414 1
99.703864 155.720938 48.104338 1
99.703864 155.720938 48.104338 1
111.681865 186.510512 39.601546 1
124.133030 191.963240 42.516389 1
127.410431 186.112340 40.448447 1
136.956327 169.070762 34.425273 1
131.482519 164.423402 37.659071 1
120.497784 155.097171 44.148597 1
120.497784 155.097171 44.148597 1
101.199715 152.250173 18.694514 1
99.610619 150.565479 37.080029 1
97.642765 148.479232 59.847713 1
94.278854 125.742065 61.168864 1
91.478954 106.817141 62.268501 1
87.827117 100.783994 76.651379 1
86.945485 100.314029 84.396396 1
115.215629 153.770585 17.892023 1
117.481304 151.329246 36.121144 1
120.286974 148.306050 58.694940 1
121.617780 125.111129 58.358716 1
122.703113 106.194623 58.084509 1
125.930923 99.318782 72.187913 1
126.695447 98.424834 79.908050 1
108.135000 154.928100 20.765700 1
107.682119 161.701834 24.957754 1
107.257566 170.552381 30.096690 1
107.332267 178.339440 36.070419 1
108.786085 194.766964 55.160617 1
109.190799 200.374714 60.293784 1
110.630779 219.264814 64.491328 1
103.770041 186.047096 43.663573 1
92.164531 191.977238 48.501508 1
89.567050 186.024993 45.841711 1
82.001507 168.688213 38.094665 1
87.638080 164.456157 41.607036 1
98.949444 155.963350 48.655595 1
98.949444 155.963350 48.655595 1
112.013083 186.023043 43.056520 1
124.314248 191.503083 46.507688 1
127.746119 186.038565 43.748687 1
137.741931 170.122382 35.712706 1
132.201446 165.289981 38.535632 1
121.082906 155.592412 44.200626 1
121.082906 155.592412 44.200626 1
101.094419 153.549141 19.654427 1
99.494733 151.189901 37.964684 1
97.513762 148.268333 60.639175 1
94.217360 125.513973 61.827843 1
91.473649 106.574738 62.817209 1
88.197302 100.239413 77.160541 1
87.464750 99.626757 84.911118 1
115.105329 155.052091 18.739528 1
117.439029 152.020440 36.871191 1
120.328937 148.266240 59.324301 1
121.600965 125.071005 58.822822 1
122.638361 106.154243 58.413842 1
125.738634 99.268079 72.540803 1
126.449359 98.374013 80.266064 1
108.019100 156.702200 22.102180 1
107.680703 163.193720 26.729009 1
107.379709 171.710195 32.412331 1
107.526646 179.143827 38.819268 1
109.051385 194.564834 58.726062 1
109.394641 200.364092 63.646513 1
110.901416 219.406890 67.056832 1
103.994624 186.456072 46.807339 1
92.341145 192.131382 51.832012 1
89.657999 186.385884 48.825251 1
81.842942 169.651282 40.067619 1
87.435185 165.286396 43.487061 1
98.657590 156.527027 50.349132 1
98.657590 156.527027 50.349132 1
112.236218 186.450374 46.180498 1
124.485543 191.779613 50.029300 1
127.853087 186.552822 46.774905 1
137.661534 171.329053 37.296015 1
132.223982 166.333829 40.034401 1
121.312007 156.309512 45.529745 1
121.312007 156.309512 45.529745 1
100.954225 155.485121 20.956534 1
99.430682 152.125740 39.116488 1
97.544004 147.965647 61.604850 1
94.223721 125.199556 62.453916 1
91.460134 106.250557 63.160621 1
88.620540 99.496408 77.405624 1
88.084776 98.671172 85.152583 1
114.976718 156.872175 20.036049 1
117.370170 152.998546 37.998806 1
120.334073 148.201691 60.242754 1
121.492860 125.018601 59.198722 1
122.437903 106.111744 58.347267 1
125.481066 99.226312 72.486996 1
126.159042 98.332123 80.215186 1
107.982500 158.960700 23.747330 1
107.697839 165.322587 28.554329 1
107.452216 173.685513 34.463833 1
107.627424 180.960460 41.049709 1
109.155545 195.938836 61.291396 1
109.392011 201.900088 66.020837 1
110.925618 221.039983 68.821063 1
104.098746 188.102215 49.192017 1
92.357549 193.606367 54.202868 1
89.765752 187.819846 51.194647 1
82.216765 170.965755 42.432766 1
87.708642 166.434498 45.798027 1
98.729635 157.341259 52.551369 1
98.729635 157.341259 52.551369 1
112.341060 188.095539 48.574714 1
124.609440 193.331670 52.490045 1
127.760496 188.039902 49.125698 1
136.938392 172.626879 39.326562 1
131.714247 167.565500 42.344629 1
121.230533 157.408421 48.401231 1
121.230533 157.408421 48.401231 1
100.906615 157.813822 22.597218 1
99.475908 153.404992 40.538953 1
97.704194 147.945316 62.757083 1
94.401826 125.161687 62.958926 1
91.653150 106.198092 63.126924 1
89.114552 99.311155 77.365168 1
88.734857 98.416389 85.113629 1
114.932735 159.150901 21.658241 1
117.360405 154.250959 39.363925 1
120.366680 148.183183 61.289530 1
121.458639 125.027193 59.709585 1
122.349181 106.142437 58.421067 1
125.319751 99.257229 72.576334 1
125.958067 98.363163 80.307915 1
107.857400 161.699200 25.645960 1
107.671848 168.024076 30.506350 1
107.528048 176.356441 36.462198 1
107.751554 183.631431 43.046565 1
109.281737 198.726395 63.201299 1
109.512459 204.821179 67.757661 1
110.875808 224.039421 70.066180 1
104.223522 190.819388 51.148395 1
92.404270 196.270155 56.032497 1
90.071566 190.254333 53.272239 1
83.277227 172.732374 45.232586 1
88.616085 167.941048 48.481858 1
99.330004 158.325905 55.002436 1
99.330004 158.325905 55.002436 1
112.465698 190.810504 50.529288 1
124.756608 196.077619 54.330743 1
127.619158 190.505456 51.167266 1
135.956740 174.275741 41.953190 1
130.937901 169.073739 45.078637 1
120.866191 158.634464 51.350728 1
120.866191 158.634464 51.350728 1
100.762318 160.636145 24.534220 1
99.419974 154.971997 42.127005 1
97.757682 147.957799 63.913013 1
94.503987 125.174847 63.287982 1
91.795823 106.211814 62.767744 1
89.571689 99.330865 77.061369 1
89.369519 98.437008 84.816598 1
114.795217 161.833554 23.511744 1
117.342834 155.701677 40.812148 1
120.497643 148.108350 62.235881 1
121.495086 124.994108 60.085204 1
122.308546 106.143400 58.331230 1
125.303229 99.257954 72.481299 1
125.954921 98.363828 80.211757 1
107.818000 164.761600 27.690500 1
107.705477 171.121076 32.507791 1
107.632004 179.519797 38.370996 1
107.876728 186.922055 44.811183 1
109.352508 202.582086 64.534221 1
109.490929 208.894520 68.787934 1
110.786405 228.152360 70.784470 1
104.324336 194.327334 52.703948 1
92.372359 199.706635 57.337890 1
90.383557 193.399375 54.989748 1
84.590880 175.028558 48.150440 1
89.670491 169.944445 51.370273 1
99.864157 159.741745 57.831774 1
99.864157 159.741745 57.831774 1
112.567141 194.319673 52.093262 1
124.963708 199.559544 55.575922 1
127.549923 193.664259 52.781662 1
135.082640 176.493405 44.642983 1
130.229280 170.905095 47.332532 1
120.489652 159.690583 52.729872 1
120.489652 159.690583 52.729872 1
100.709778 163.751277 26.614089 1
99.423683 156.738101 43.718236 1
97.831048 148.053335 64.899141 1
94.382209 125.341313 63.379388 1
91.511620 106.437317 62.114443 1
89.356553 99.617135 76.447717 1
89.281378 98.722903 84.205173 1
114.748118 164.822309 25.528091 1
117.384879 157.324054 42.267802 1
120.650079 148.038691 62.997208 1
121.528771 124.969283 60.366858 1
122.245384 106.155138 58.221688 1
125.231180 99.269786 72.373681 1
125.877954 98.375690 80.104555 1
107.759600 168.127000 29.949500 1
107.709286 174.599336 34.615142 1
107.698453 183.160327 40.239234 1
107.971903 190.797215 46.398170 1
109.458005 207.358440 65.369993 1
109.507380 213.784746 69.451685 1
110.457444 233.136209 70.522698 1
104.420275 198.550096 53.950135 1
92.255531 203.732033 58.242753 1
90.642404 197.136522 56.468576 1
85.943935 177.926136 51.301028 1
90.610150 172.414923 54.442838 1
99.974219 161.355128 60.747762 1
99.974219 161.355128 60.747762 1
112.661263 198.537645 53.315470 1
125.185841 203.657713 56.506065 1
127.230903 197.341044 54.232699 1
133.187437 178.942850 47.611198 1
128.616262 173.085865 50.222343 1
119.442917 161.332180 55.462340 1
119.442917 161.332180 55.462340 1
100.640390 167.138840 28.926454 1
99.306935 158.597997 45.317502 1
97.655653 148.021445 65.615339 1
94.457873 125.324908 63.451653 1
91.796250 106.433802 61.650742 1
89.911683 99.612040 76.021334 1
89.980677 98.717751 83.778841 1
114.680711 168.090350 27.757897 1
117.395254 159.098961 43.732264 1
120.756776 147.964593 63.513917 1
121.554270 124.937268 60.514793 1
122.204662 106.157444 58.068870 1
125.185445 99.271991 72.221870 1
125.829789 98.377945 79.952954 1
107.771600 171.585000 32.421130 1
107.757817 178.231924 36.834756 1
107.782957 187.024177 42.089921 1
108.068829 194.963242 47.853499 1
109.549378 212.616105 65.814489 1
109.495991 219.197414 69.641182 1
109.944135 238.596165 69.512977 1
104.510536 203.133346 54.948663 1
92.191995 208.286764 58.815943 1
91.012666 201.447373 57.775483 1
87.577698 181.526649 54.744990 1
91.622472 175.436785 57.672674 1
99.739448 163.215761 63.547895 1
99.739448 163.215761 63.547895 1
112.749505 203.114058 54.288470 1
125.271202 208.452359 57.111540 1
126.696020 201.752839 55.582780 1
130.846005 182.239537 51.130049 1
126.917081 175.918510 53.704183 1
119.032593 163.233595 58.869908 1
119.032593 163.233595 58.869908 1
100.646620 170.594011 31.441925 1
99.152711 160.501259 46.911092 1
97.302728 148.002903 66.067318 1
94.416428 125.317253 63.408245 1
92.014059 106.435208 61.195005 1
90.276176 99.618210 75.586330 1
90.430776 98.723954 83.342607 1
114.690439 171.429478 30.227566 1
117.409124 160.914888 45.242438 1
120.775774 147.894285 63.835913 1
121.523084 124.903102 60.559407 1
122.132548 106.152753 57.887266 1
125.074693 99.267768 72.048577 1
125.697186 98.373721 79.781450 1
107.826400 174.969500 35.090520 1
107.847166 181.812320 39.193843 1
107.899035 190.861099 43.993636 1
108.176215 199.137791 49.261355 1
109.565857 218.031862 65.919558 1
109.371869 224.811745 69.377247 1
109.595705 244.166259 68.005578 1
104.574428 207.769029 55.763835 1
92.149426 212.963417 59.213139 1
91.359216 205.996490 58.916264 1
89.057615 185.704298 58.051574 1
92.372773 179.057869 60.669341 1
99.025566 165.719943 65.922627 1
99.025566 165.719943 65.922627 1
112.812525 207.754819 55.092723 1
125.370847 213.221788 57.471975 1
126.200477 206.290365 56.752342 1
128.616890 186.101612 54.656311 1
125.621100 179.202402 56.989575 1
119.609208 165.357198 61.671929 1
119.609208 165.357198 61.671929 1
100.696055 173.967538 34.162893 1
99.045636 162.371556 48.522554 1
97.001841 148.011679 66.304825 1
94.315424 125.344616 63.300236 1
92.079426 106.478043 60.799411 1
90.499108 99.668587 75.212455 1
90.748411 98.774499 82.966285 1
114.742452 174.681250 32.901599 1
117.391910 162.720080 46.805016 1
120.672835 147.908122 64.022136 1
121.407719 124.945437 60.548885 1
122.007051 106.218329 57.716291 1
124.938363 99.345606 71.885802 1
125.535987 98.451673 79.620650 1
107.854400 178.174900 37.904960 1
107.890159 185.217782 41.654416 1
107.946526 194.524842 45.931862 1
108.201873 203.144906 50.617864 1
109.496299 223.329283 65.695269 1
109.154396 230.328894 68.669928 1
109.155799 249.595717 66.363768 1
104.551661 212.239505 56.424552 1
91.999232 217.384378 59.462124 1
91.503794 210.392346 59.803686 1
90.060756 190.027031 60.798536 1
92.603835 182.916784 63.033512 1
97.707235 168.648076 67.518622 1
97.707235 168.648076 67.518622 1
112.786334 212.243287 55.712526 1
125.420452 217.727958 57.598659 1
125.763868 210.718514 57.575156 1
126.764114 190.302517 57.506699 1
124.697286 182.999469 59.607106 1
120.549619 168.343854 63.822164 1
120.549619 168.343854 63.822164 1
100.721656 177.139999 37.033654 1
98.896442 164.128912 50.101583 1
96.636190 148.016640 66.284237 1
94.238754 125.343773 63.085255 1
92.243285 106.472368 60.422630 1
90.775073 99.668393 74.850112 1
91.090906 98.774759 82.601569 1
114.768467 177.762924 35.729601 1
117.306257 164.438786 48.355812 1
120.448898 147.939015 63.991320 1
121.206699 124.990060 60.433278 1
121.824720 106.274151 57.531533 1
124.765333 99.421543 71.708857 1
125.338068 98.527901 79.445621 1
107.846500 181.159900 40.773430 1
107.908729 188.406768 44.111231 1
107.983666 197.964388 47.794623 1
108.223653 206.906367 51.833527 1
109.400732 228.296165 65.156581 1
109.046570 235.452114 67.730879 1
108.738618 254.654982 64.958901 1
104.522283 216.441074 56.847768 1
91.847472 221.479998 59.534486 1
91.528627 214.526681 60.429110 1
90.599943 194.274128 63.034834 1
92.422307 186.841128 64.891577 1
96.079390 171.924727 68.617653 1
96.079390 171.924727 68.617653 1
112.758044 216.423321 56.148649 1
125.482690 221.863662 57.470056 1
125.480098 214.878387 58.145852 1
125.472548 194.532781 60.114207 1
124.384644 186.904609 61.740685 1
122.201462 171.596538 65.004672 1
122.201462 171.596538 65.004672 1
100.710239 180.106540 39.954618 1
98.854982 165.799146 51.584195 1
96.557525 148.081593 65.985665 1
94.252969 125.411318 62.701187 1
92.334807 106.542072 59.967401 1
91.038789 99.756449 74.420000 1
91.470660 98.863084 82.165889 1
114.760816 180.594297 38.633670 1
117.176436 166.047461 49.856351 1
120.167790 148.033577 63.753817 1
120.976332 125.091941 60.159925 1
121.635734 106.382000 57.228942 1
124.628357 99.554254 71.407378 1
125.194516 98.661258 79.144701 1
107.757900 183.778800 43.619300 1
107.856227 191.215066 46.509658 1
107.962816 200.995958 49.550034 1
108.195745 210.223991 52.884471 1
109.252923 232.713438 64.265151 1
108.881500 239.948053 66.606614 1
108.343532 259.159053 63.927646 1
104.446893 220.157573 57.010419 1
91.725988 225.259363 59.336440 1
91.538921 218.384381 60.732961 1
90.994058 198.359993 64.800533 1
92.244371 190.752788 66.408371 1
94.753475 175.486796 69.634948 1
94.753475 175.486796 69.634948 1
112.686946 220.096054 56.366548 1
125.548474 225.304809 57.209184 1
125.348888 218.401491 58.456241 1
124.767565 198.294599 62.088471 1
124.490743 190.559662 63.541777 1
123.935224 175.037338 66.458246 1
123.935224 175.037338 66.458246 1
100.617701 182.722534 42.839494 1
98.788789 167.287809 52.929831 1
96.523956 148.174228 65.425186 1
94.361926 125.477879 62.224958 1
92.562393 106.586929 59.561296 1
91.424142 99.817813 74.034907 1
91.960662 98.924900 81.774305 1
114.675505 183.040251 41.543842 1
116.991355 167.447138 51.284781 1
119.859161 148.137610 63.347351 1
120.728829 125.188317 59.817182 1
121.438083 106.472132 56.938168 1
124.517063 99.670651 71.110737 1
125.094426 98.778198 78.847295 1
107.698600 185.997200 46.427700 1
107.823878 193.610402 48.812097 1
107.947637 203.582281 51.150346 1
108.160852 213.044501 53.748470 1
109.074304 236.438538 63.145138 1
108.717056 243.700259 65.403420 1
108.031206 262.943402 63.003447 1
104.351716 223.279035 56.988560 1
91.679593 228.666352 58.900145 1
91.616103 221.887877 60.716427 1
91.431177 202.144577 66.006613 1
92.090084 194.582442 68.103738 1
93.412366 179.406893 72.312209 1
93.412366 179.406893 72.312209 1
112.594152 223.202588 56.377634 1
125.573620 228.158591 56.858777 1
125.342601 221.327511 58.450553 1
124.669725 201.431021 63.086827 1
124.931291 193.726450 64.695916 1
125.456198 178.265067 67.925006 1
125.456198 178.265067 67.925006 1
100.554870 184.918263 45.714080 1
98.746542 168.550029 54.211222 1
96.507200 148.280438 64.733645 1
94.429258 125.555566 61.683653 1
92.699713 106.640875 59.145039 1
91.674704 99.893823 73.637402 1
92.297664 99.001641 81.370407 1
114.614646 185.094434 44.412866 1
116.827775 168.634751 52.633277 1
119.568376 148.252118 62.812921 1
120.464852 125.284610 59.410223 1
121.195969 106.553569 56.635169 1
124.411384 99.780321 70.790951 1
125.027531 98.888974 78.524644 1
107.644300 187.807800 49.012300 1
107.803297 195.545625 50.952060 1
107.962263 205.643557 52.663081 1
108.184139 215.267124 54.578035 1
109.048422 239.343740 62.060168 1
108.674330 246.596233 64.345219 1
107.904520 265.873776 62.268553 1
104.358088 225.728177 56.961540 1
91.666810 231.225148 58.366824 1
91.634883 224.544584 60.516168 1
91.541891 205.086466 66.776449 1
91.703263 197.602881 69.223470 1
92.027100 182.584967 74.134103 1
92.027100 182.584967 74.134103 1
112.603597 225.606196 56.401597 1
125.650122 230.401089 56.640816 1
125.449211 223.601695 58.366697 1
124.864028 203.797498 63.393569 1
125.256294 196.117853 65.092737 1
126.043487 180.706490 68.502596 1
126.043487 180.706490 68.502596 1
100.497456 186.728149 48.331701 1
98.776277 169.618567 55.237516 1
96.644857 148.430928 63.789319 1
94.599653 125.671353 60.985928 1
92.897359 106.727778 58.652567 1
91.971875 100.009692 73.165070 1
92.679781 99.118764 80.890906 1
114.563068 186.752184 47.082906 1
116.709642 169.637241 53.855293 1
119.367826 148.443176 62.241794 1
120.311526 125.463264 58.937018 1
121.081157 106.722108 56.241823 1
124.475724 99.943900 70.353335 1
125.142470 99.039490 78.081312 1
107.635100 189.226000 51.336400 1
107.799608 197.054624 52.868543 1
107.958798 207.233080 54.006436 1
108.158100 216.960883 55.294629 1
108.892976 241.523118 61.001583 1
108.599041 248.745501 63.391318 1
107.854715 268.046633 61.536296 1
104.283597 227.555666 56.873299 1
91.598035 233.163870 57.813831 1
91.536843 226.550158 60.160255 1
91.358610 207.286755 66.994556 1
91.246049 199.862226 69.617853 1
91.020161 184.962824 74.882236 1
91.020161 184.962824 74.882236 1
112.533990 227.420128 56.394251 1
125.641143 232.052718 56.435362 1
125.512911 225.265461 58.215105 1
125.139416 205.496614 63.398859 1
125.423064 197.842407 65.229337 1
125.992287 182.482092 68.902706 1
125.992287 182.482092 68.902706 1
100.489712 188.124526 50.675775 1
98.751196 170.459728 55.997712 1
96.598306 148.584539 62.588122 1
94.671062 125.776902 60.110718 1
93.066949 106.793323 58.048687 1
92.092885 100.088485 72.564138 1
92.800939 99.194989 80.289663 1
114.561602 188.058656 49.501430 1
116.564972 170.478926 55.009048 1
119.045822 148.709296 61.829340 1
120.202837 125.751832 58.437494 1
121.146435 107.028984 55.671289 1
124.551472 100.037637 69.675886 1
125.186344 99.052836 77.396719 1
107.683300 190.199800 53.392500 1
107.862722 198.078905 54.637246 1
108.028348 208.296295 55.343366 1
108.198826 218.079808 56.106998 1
108.752173 242.966274 60.202165 1
108.581817 250.169724 62.660076 1
107.815445 269.487820 61.000963 1
104.257045 228.734230 56.943090 1
91.558553 234.365945 57.483586 1
91.407672 227.784958 59.916379 1
90.968206 208.616872 67.002245 1
90.707843 201.225344 69.706964 1
90.185350 186.392166 75.134742 1
90.185350 186.392166 75.134742 1
112.513159 228.611883 56.571010 1
125.671891 233.091407 56.366820 1
125.641157 226.323159 58.221720 1
125.551641 206.609677 63.624381 1
125.777126 198.990112 65.601595 1
126.229628 183.699315 69.569430 1
126.229628 183.699315 69.569430 1
100.538980 189.095989 52.724267 1
98.781370 171.068785 56.638505 1
96.604834 148.744811 61.485691 1
94.769427 125.894134 59.360141 1
93.241753 106.874732 57.590970 1
92.254826 100.110501 72.077968 1
92.966292 99.195867 79.800706 1
114.618112 188.945300 51.648696 1
116.429317 171.023709 55.999602 1
118.672200 148.830741 61.387495 1
120.086524 125.861824 58.175486 1
121.239969 107.129634 55.555947 1
124.530424 100.123899 69.580730 1
125.076646 99.128128 77.306934 1
107.738400 190.786900 55.099200 1
107.924112 198.698325 56.117411 1
108.090045 208.933473 56.485241 1
108.226495 218.740861 56.839999 1
108.593286 243.805488 59.675957 1
108.523005 251.043347 62.035727 1
107.732548 270.371428 60.509532 1
104.212061 229.397600 57.107600 1
91.493146 235.006267 57.286777 1
91.232879 228.428115 59.717995 1
90.474814 209.268288 66.799272 1
90.160900 201.884923 69.520554 1
89.530943 187.068129 74.981570 1
89.530943 187.068129 74.981570 1
112.471382 229.311241 56.802635 1
125.625775 233.785771 56.354798 1
125.663380 227.036030 58.275830 1
125.772909 207.376453 63.871109 1
125.962405 199.787344 65.965745 1
126.342684 184.557665 70.169222 1
126.342684 184.557665 70.169222 1
100.599015 189.679943 54.385014 1
98.860917 171.444459 57.184423 1
96.708544 148.862562 60.651062 1
94.873693 125.988971 58.787661 1
93.346481 106.950497 57.236686 1
92.338162 100.210367 71.733440 1
93.037611 99.291537 79.456778 1
114.688589 189.467171 53.468424 1
116.361839 171.270760 56.548212 1
118.433888 148.737470 60.362031 1
119.690823 125.683527 57.749699 1
120.715910 106.881994 55.619224 1
123.853795 100.044814 69.761663 1
124.351066 99.114110 77.499276 1
107.822900 190.998300 56.513800 1
107.998626 198.929524 57.366259 1
108.148808 209.170873 57.481635 1
108.250925 218.985009 57.521995 1
108.474670 244.143634 59.367603 1
108.440313 251.429163 61.576663 1
107.603959 270.766380 60.197761 1
104.179276 229.622068 57.354515 1
91.436600 235.178929 57.280018 1
91.085389 228.593399 59.679618 1
90.062435 209.412080 66.668802 1
89.640971 202.020077 69.351830 1
88.795185 187.185946 74.736079 1
88.795185 187.185946 74.736079 1
112.440023 229.568563 57.082413 1
125.585842 234.038270 56.397438 1
125.667067 227.327723 58.449933 1
125.903644 207.782302 64.428117 1
126.175502 200.232971 66.653354 1
126.721064 185.083118 71.118918 1
126.721064 185.083118 71.118918 1
100.689557 189.873469 55.767867 1
98.930383 171.548790 57.889653 1
96.751911 148.856438 60.517158 1
94.931300 125.984965 58.614218 1
93.415941 106.948253 57.030333 1
92.307549 100.231461 71.530613 1
92.954180 99.325250 79.260042 1
114.785868 189.647431 54.965102 1
116.428187 171.326316 57.208713 1
118.461933 148.638602 59.987063 1
119.531606 125.552407 57.584594 1
120.403973 106.724572 55.625271 1
123.490859 99.951455 69.809698 1
123.987361 99.048384 77.550635 1
107.888800 191.155600 57.664400 1
108.073004 199.098552 58.397517 1
108.228925 209.340253 58.331469 1
108.322944 219.152792 58.145589 1
108.493490 244.354097 59.276022 1
108.382937 251.678091 61.351340 1
107.547331 271.018794 60.021770 1
104.227830 229.771988 57.680703 1
91.432839 235.199003 57.371265 1
91.015074 228.612815 59.758362 1
89.798271 209.429580 66.711132 1
89.209459 202.030290 69.342064 1
88.027841 187.181539 74.621769 1
88.027841 187.181539 74.621769 1
112.488387 229.728626 57.401134 1
125.608777 234.247883 56.569432 1
125.689642 227.588251 58.781566 1
125.925176 208.191127 65.224723 1
126.380060 200.677942 67.540560 1
127.292915 185.600625 72.187940 1
127.292915 185.600625 72.187940 1
100.755527 190.028594 56.921084 1
98.982126 171.649584 58.488758 1
96.786036 148.889953 60.430078 1
94.980903 126.020825 58.484673 1
93.478428 106.986065 56.865443 1
92.341526 100.260646 71.359516 1
92.972551 99.349904 79.089702 1
114.853117 189.772797 56.150338 1
116.507825 171.396561 57.873753 1
118.556914 148.640588 60.007926 1
119.643946 125.586882 57.318422 1
120.530470 106.785542 55.125009 1
123.675627 99.978859 69.280538 1
124.197305 99.063031 77.018319 1
107.954400 191.298400 58.616500 1
108.143915 199.249862 59.249134 1
108.299579 209.489530 59.034508 1
108.384539 219.297120 58.669432 1
108.515859 244.517450 59.244281 1
108.305884 251.858390 61.250909 1
107.513966 271.205716 59.992870 1
104.269838 229.896812 57.984488 1
91.417608 235.174866 57.512931 1
90.973019 228.591955 59.904218 1
89.678085 209.418263 66.869191 1
88.965152 202.015324 69.458825 1
87.534449 187.159248 74.655653 1
87.534449 187.159248 74.655653 1
112.529496 229.860778 57.678550 1
125.620478 234.454829 56.794857 1
125.705421 227.845225 59.152122 1
125.952830 208.593817 66.017994 1
126.605024 201.114609 68.395827 1
127.913836 186.105480 73.167616 1
127.913836 186.105480 73.167616 1
100.819130 190.165771 57.901436 1
99.035610 171.748190 58.902599 1
96.826989 148.940795 60.142382 1
95.050725 126.065988 58.237593 1
93.572279 107.026502 56.652169 1
92.453289 100.274056 71.135065 1
93.091935 99.349653 78.863004 1
114.915049 189.893070 57.106319 1
116.579139 171.477950 58.334492 1
118.639846 148.673825 59.855389 1
119.702755 125.614957 57.200714 1
120.569605 106.809409 55.035705 1
123.799607 99.980538 69.161410 1
124.367581 99.056936 76.895007 1
108.048900 191.396000 59.440500 1
108.251871 199.353667 59.984763 1
108.414624 209.589775 59.643135 1
108.490385 219.390849 59.130771 1
108.565538 244.617628 59.260167 1
108.315158 251.964703 61.239524 1
107.603604 271.324768 60.139362 1
104.347909 229.967520 58.277943 1
91.456787 235.141235 57.719640 1
91.002838 228.552499 60.093063 1
89.680643 209.361846 67.006004 1
88.916744 201.948669 69.551443 1
87.383766 187.072048 74.659579 1
87.383766 187.072048 74.659579 1
112.606147 229.944679 57.934702 1
125.660559 234.630228 56.992358 1
125.743922 228.068394 59.479558 1
125.986731 208.956123 66.723885 1
126.816029 201.508799 69.146201 1
128.480251 186.563653 74.007260 1
128.480251 186.563653 74.007260 1
100.910106 190.266337 58.756598 1
99.113088 171.829701 59.258345 1
96.887751 148.998710 59.879675 1
95.117268 126.119176 58.026989 1
93.643634 107.075756 56.484933 1
92.560851 100.311405 70.965026 1
93.218922 99.380440 78.690547 1
115.003470 189.963553 57.927791 1
116.659642 171.524824 58.743022 1
118.710544 148.691462 59.752556 1
119.770903 125.633931 57.085279 1
120.635673 106.829473 54.909994 1
123.948229 99.989259 69.011072 1
124.558968 99.061381 76.740896 1
108.148400 191.423100 60.130700 1
108.352357 199.385584 60.598810 1
108.505726 209.617698 60.150003 1
108.558830 219.411859 59.516836 1
108.549255 244.638041 59.287851 1
108.300722 251.977251 61.296402 1
107.608004 271.344123 60.309874 1
104.376370 229.961564 58.534929 1
91.439997 235.017925 57.948827 1
90.991260 228.419650 60.296601 1
89.684245 209.201211 67.134834 1
88.937763 201.777309 69.654047 1
87.439736 186.879165 74.709555 1
87.439736 186.879165 74.709555 1
112.632818 229.961208 58.150356 1
125.652890 234.728406 57.144578 1
125.737956 228.206101 59.733608 1
125.985720 209.208962 67.274528 1
126.978895 201.786279 69.710788 1
128.971983 186.890581 74.599830 1
128.971983 186.890581 74.599830 1
101.007252 190.286326 59.484181 1
99.180269 171.846067 59.581811 1
96.917825 149.010589 59.702704 1
95.154122 126.128419 57.876292 1
93.686130 107.082805 56.356104 1
92.623009 100.296744 70.827493 1
93.291373 99.354151 78.550720 1
115.097464 189.977056 58.605676 1
116.745151 171.526614 59.116142 1
118.785544 148.678749 59.748276 1
119.821579 125.625281 57.036686 1
120.666513 106.824137 54.825260 1
124.063652 99.976411 68.902549 1
124.720502 99.046177 76.628309 1
108.234700 191.436800 60.706800 1
108.440074 199.403631 61.093199 1
108.587652 209.631019 60.545607 1
108.626751 219.419517 59.829299 1
108.568571 244.643272 59.415094 1
108.362170 251.978640 61.442364 1
107.565021 271.339217 60.412114 1
104.419232 229.954011 58.792663 1
91.462080 234.953765 58.180526 1
91.032595 228.352717 60.524102 1
89.781658 209.126201 67.350108 1
89.056975 201.698089 69.863267 1
87.602694 186.791495 74.906625 1
87.602694 186.791495 74.906625 1
112.673462 229.965999 58.363266 1
125.642851 234.850208 57.268057 1
125.726014 228.355518 59.925664 1
125.968236 209.438815 67.666322 1
127.075786 202.032154 70.102035 1
129.298398 187.168610 74.989978 1
129.298398 187.168610 74.989978 1
101.091405 190.293591 60.096353 1
99.239186 171.856334 59.930813 1
96.945492 149.024574 59.725811 1
95.189944 126.145691 57.851015 1
93.728739 107.102811 56.290556 1
92.666767 100.274978 70.742367 1
93.335010 99.308330 78.462631 1
115.178531 189.975241 59.172756 1
116.820681 171.519966 59.489668 1
118.854218 148.666116 59.882116 1
119.885007 125.622746 57.084068 1
120.725662 106.829838 54.802133 1
124.205893 99.987521 68.861744 1
124.906152 99.058332 76.583816 1
108.327100 191.450200 61.173800 1
108.532198 199.420409 61.482970 1
108.671479 209.643027 60.850694 1
108.694618 219.427481 60.080470 1
108.588990 244.649840 59.596506 1
108.330616 251.983477 61.624081 1
107.497315 271.337892 60.510067 1
104.461522 229.951656 59.043143 1
91.484290 234.901501 58.451091 1
91.084948 228.300188 60.799247 1
89.921803 209.072901 67.638591 1
89.217782 201.642294 70.150248 1
87.804964 186.730694 75.190592 1
87.804964 186.730694 75.190592 1
112.712613 229.976895 58.557648 1
125.625738 234.987867 57.373840 1
125.700499 228.515498 60.085599 1
125.918250 209.663807 67.983980 1
127.121682 202.267989 70.407122 1
129.536709 187.426204 75.269837 1
129.536709 187.426204 75.269837 1
101.181386 190.299685 60.606937 1
99.340992 171.862948 60.306579 1
97.061940 149.031831 59.934624 1
95.236904 126.168880 57.935920 1
93.717862 107.139261 56.272328 1
92.700333 100.237735 70.692297 1
93.405431 99.250553 78.406682 1
115.264234 189.975491 59.622140 1
116.902792 171.519528 59.916793 1
118.931882 148.664826 60.281677 1
119.945236 125.648910 57.260226 1
120.771672 106.878390 54.796094 1
124.338974 100.039419 68.835496 1
125.084906 99.110844 76.553363 1
108.415700 191.411700 61.507800 1
108.618077 199.383953 61.761012 1
108.745576 209.602679 61.066409 1
108.748617 219.383753 60.254070 1
108.576232 244.604440 59.706355 1
108.269608 251.924154 61.777060 1
107.386525 271.274327 60.628233 1
104.483349 229.894480 59.212191 1
91.492754 234.816459 58.684355 1
91.123361 228.215517 61.038447 1
90.047449 208.989308 67.895083 1
89.379018 201.558512 70.415888 1
88.037623 186.646533 75.474590 1
88.037623 186.646533 75.474590 1
112.731684 229.939370 58.683239 1
125.603049 235.037367 57.418940 1
125.678514 228.585200 60.178401 1
125.898317 209.792349 68.215724 1
127.189806 202.407376 70.626578 1
129.781543 187.587353 75.464632 1
129.781543 187.587353 75.464632 1
101.268560 190.254033 60.974475 1
99.418134 171.819599 60.602830 1
97.126659 148.991335 60.142598 1
95.282625 126.139298 58.039252 1
93.747771 107.118764 56.288562 1
92.739378 100.149435 70.676528 1
93.459930 99.156353 78.388727 1
115.347953 189.929431 59.941599 1
116.993065 171.474086 60.238409 1
119.030269 148.620149 60.605963 1
120.021178 125.627945 57.402041 1
120.829308 106.876764 54.789096 1
124.478624 100.009122 68.793379 1
125.267343 99.069987 76.505713 1
108.472600 191.422200 61.791500 1
108.681683 199.395261 62.011658 1
108.810252 209.611303 61.278826 1
108.805311 219.389919 60.437418 1
108.599089 244.609069 59.833502 1
108.266756 251.919117 61.934171 1
107.338073 271.270278 60.839231 1
104.521644 229.893069 59.394619 1
91.522112 234.799303 58.946207 1
91.167208 228.197818 61.301006 1
90.133497 208.970028 68.159699 1
89.503741 201.540508 70.694185 1
88.239957 186.631088 75.780341 1
88.239957 186.631088 75.780341 1
112.766964 229.946765 58.821342 1
125.619773 235.071896 57.480296 1
125.705372 228.635262 60.275506 1
125.954694 209.887654 68.416954 1
127.306058 202.512137 70.823933 1
130.017953 187.711091 75.654213 1
130.017953 187.711091 75.654213 1
101.322443 190.267563 61.293192 1
99.480475 171.832543 60.908835 1
97.199474 149.003552 60.432862 1
95.337414 126.168522 58.166968 1
93.787555 107.162144 56.280983 1
92.829290 100.146347 70.649778 1
93.581319 99.144165 78.357794 1
115.397090 189.928608 60.201890 1
117.042903 171.473601 60.515387 1
119.080976 148.620083 60.903607 1
120.060800 125.646041 57.568671 1
120.859890 106.909672 54.848880 1
124.586795 100.030333 68.826964 1
125.415573 99.087023 76.534586 1
108.533200 191.350500 62.028300 1
108.737051 199.324960 62.196550 1
108.852387 209.537164 61.409980 1
108.832060 219.313335 60.540856 1
108.592245 244.531924 59.926001 1
108.255925 251.838839 62.036910 1
107.257161 271.187991 60.968457 1
104.528696 229.811016 59.524416 1
91.537861 234.744159 59.121509 1
91.194564 228.141185 61.473851 1
90.194661 208.909057 68.325390 1
89.595686 201.479450 70.867074 1
88.393673 186.569858 75.967677 1
88.393673 186.569858 75.967677 1
112.769507 229.873925 58.890446 1
125.596102 235.036207 57.444987 1
125.712524 228.605450 60.252582 1
126.051618 209.874958 68.430102 1
127.412405 202.508501 70.859412 1
130.143208 187.725635 75.734505 1
130.143208 187.725635 75.734505 1
101.381775 190.187328 61.569618 1
99.523567 171.753905 61.186811 1
97.222456 148.926892 60.712757 1
95.367101 126.108720 58.277845 1
93.822824 107.116373 56.251182 1
92.876616 100.078137 70.609798 1
93.633580 99.068572 78.316367 1
115.451625 189.851977 60.417070 1
117.101536 171.396856 60.700901 1
119.144684 148.543196 61.052382 1
120.108252 125.586218 57.597368 1
120.894084 106.863764 54.779647 1
124.707002 99.976072 68.730393 1
125.581019 99.029288 76.432590 1
108.554000 191.387000 62.243900 1
108.755727 199.361866 62.394567 1
108.863920 209.572403 61.585664 1
108.829039 219.346637 60.695463 1
108.534032 244.563273 60.026882 1
108.252094 251.855922 62.194330 1
107.216619 271.201650 61.099155 1
104.501751 229.832815 59.661999 1
91.513566 234.779743 59.353826 1
91.184797 228.177208 61.709475 1
90.227211 208.946361 68.570647 1
89.650671 201.517892 71.120831 1
88.493681 186.610583 76.238491 1
88.493681 186.610583 76.238491 1
112.741598 229.912122 59.017431 1
125.598997 234.979265 57.510315 1
125.767024 228.552319 60.324018 1
126.256426 209.832930 68.519325 1
127.636161 202.476199 70.967352 1
130.404988 187.712854 75.880006 1
130.404988 187.712854 75.880006 1
101.402624 190.220839 61.792091 1
99.544056 171.787151 61.424110 1
97.242499 148.959809 60.968414 1
95.383619 126.155328 58.411015 1
93.836408 107.174375 56.282402 1
92.878986 100.127888 70.636228 1
93.629768 99.115771 78.343067 1
115.471868 189.886875 60.631771 1
117.124432 171.431877 60.908089 1
119.170865 148.578370 61.250267 1
120.127648 125.634386 57.708144 1
120.907948 106.922531 54.819383 1
124.739763 100.031039 68.763072 1
125.622947 99.083876 76.464177 1
108.558600 191.403600 62.433300 1
108.766621 199.378567 62.569345 1
108.875092 209.588173 61.748808 1
108.832879 219.362548 60.860478 1
108.507197 244.579784 60.229864 1
108.235074 251.876201 62.385858 1
107.209838 271.220992 61.264807 1
104.489576 229.845416 59.861183 1
91.502965 234.797711 59.573520 1
91.187181 228.192199 61.922590 1
90.267413 208.952680 68.764598 1
89.725037 201.522464 71.317185 1
88.636606 186.611647 76.439665 1
88.636606 186.611647 76.439665 1
112.726434 229.934779 59.180733 1
125.564543 235.034927 57.621403 1
125.740752 228.596967 60.409307 1
126.253985 209.845498 68.529473 1
127.617669 202.479733 70.959260 1
130.354288 187.698258 75.835309 1
130.354288 187.698258 75.835309 1
101.405204 190.241968 62.002285 1
99.539120 171.810528 61.566065 1
97.228255 148.985970 61.025867 1
95.384575 126.183133 58.442930 1
93.850014 107.203549 56.293061 1
92.916623 100.112036 70.626281 1
93.680854 99.085324 78.329867 1
115.471108 189.895482 60.805711 1
117.135843 171.441941 61.105276 1
119.197348 148.590237 61.476242 1
120.184669 125.659044 57.860441 1
120.989875 106.957619 54.911592 1
124.874210 100.042949 68.829251 1
125.779686 99.085202 76.526457 1
108.583100 191.380800 62.582400 1
108.794343 199.355944 62.702164 1
108.906345 209.564093 61.864168 1
108.866552 219.337546 60.965642 1
108.551131 244.554666 60.325216 1
108.258875 251.844669 62.500184 1
107.247273 271.190406 61.383060 1
104.525133 229.822110 59.975994 1
91.518896 234.725541 59.743207 1
91.203829 228.117804 62.086109 1
90.286150 208.871807 68.910153 1
89.786193 201.442938 71.475293 1
88.782888 186.534827 76.622965 1
88.782888 186.534827 76.622965 1
112.759772 229.907146 59.268649 1
125.599105 235.004822 57.711323 1
125.787029 228.558338 60.478688 1
126.334384 209.782040 68.539034 1
127.700987 202.409748 70.947287 1
130.443463 187.615173 75.780125 1
130.443463 187.615173 75.780125 1
101.428546 190.221017 62.165866 1
99.561100 171.789758 61.727812 1
97.248549 148.965425 61.185343 1
95.401036 126.173359 58.511663 1
93.863286 107.202742 56.286265 1
92.945185 100.112732 70.621216 1
93.716491 99.086544 78.324166 1
115.492265 189.866820 60.946079 1
117.163700 171.413540 61.223622 1
119.233503 148.562161 61.567318 1
120.165140 125.639734 57.881825 1
120.924931 106.945459 54.876138 1
124.858493 100.034027 68.781574 1
125.795516 99.078230 76.475246 1
108.575100 191.386300 62.751000 1
108.795397 199.361387 62.857475 1
108.912430 209.568529 62.007974 1
108.866443 219.341909 61.108949 1
108.513055 244.559163 60.494163 1
108.244853 251.851192 62.665439 1
107.254262 271.196823 61.527856 1
104.506725 229.821251 60.144767 1
91.521429 234.781112 59.940073 1
91.215060 228.168522 62.270403 1
90.322715 208.908390 69.057828 1
89.845407 201.475343 71.615165 1
88.887552 186.558846 76.747179 1
88.887552 186.558846 76.747179 1
112.738696 229.918663 59.408560 1
125.585752 234.993633 57.840799 1
125.780866 228.538472 60.587362 1
126.349161 209.736900 68.587114 1
127.726133 202.355454 70.961180 1
130.489417 187.542510 75.725410 1
130.489417 187.542510 75.725410 1
101.418805 190.233856 62.344119 1
99.549085 171.804375 61.845203 1
97.233718 148.982243 61.227364 1
95.399875 126.188867 58.555449 1
93.873502 107.217158 56.331520 1
92.975144 100.105670 70.657079 1
93.756455 99.072619 78.358103 1
115.480786 189.861901 61.109673 1
117.166347 171.409674 61.371311 1
119.253642 148.559598 61.695311 1
120.181133 125.644285 57.964808 1
120.937543 106.955812 54.922413 1
124.916208 100.038728 68.812199 1
125.876597 99.081051 76.502755 1
108.569700 191.359400 62.803900 1
108.795951 199.334483 62.897411 1
108.917343 209.540714 62.037634 1
108.868819 219.314301 61.140996 1
108.494296 244.532145 60.564071 1
108.233247 251.826116 62.729684 1
107.265531 271.170859 61.557824 1
104.499136 229.791565 60.199613 1
91.525276 234.782406 60.024961 1
91.216012 228.166726 62.346119 1
90.315234 208.897593 69.106832 1
89.846740 201.462389 71.659523 1
88.906574 186.541562 76.782213 1
88.906574 186.541562 76.782213 1
112.729780 229.896647 59.449750 1
125.578166 234.964172 57.868859 1
125.784229 228.503748 60.602217 1
126.384415 209.686848 68.563509 1
127.776903 202.300464 70.913039 1
130.571323 187.477610 75.628030 1
130.571323 187.477610 75.628030 1
101.412759 190.211679 62.395028 1
99.546215 171.783297 61.846113 1
97.234782 148.962527 61.166360 1
95.416489 126.166743 58.504371 1
93.903060 107.193031 56.288704 1
93.003928 100.069515 70.608238 1
93.784007 99.033051 78.308929 1
115.475122 189.827111 61.168824 1
117.161792 171.374627 61.403903 1
119.250460 148.524234 61.695016 1
120.197617 125.614025 57.938201 1
120.970067 106.929714 54.874347 1
124.953547 100.017336 68.765094 1
125.913796 99.060411 76.455762 1
108.559700 191.361900 62.853300 1
108.785308 199.337050 62.942563 1
108.906652 209.543284 62.082821 1
108.857359 219.317851 61.196971 1
108.480632 244.536874 60.675703 1
108.247229 251.834474 62.832230 1
107.305214 271.179652 61.646684 1
104.485638 229.796908 60.285487 1
91.529152 234.833552 60.138058 1
91.209309 228.214720 62.448771 1
90.277719 208.936403 69.179059 1
89.823069 201.500210 71.731374 1
88.910686 186.577400 76.853310 1
88.910686 186.577400 76.853310 1
112.715061 229.904074 59.522628 1
125.570974 234.946834 57.923843 1
125.782385 228.484517 60.652312 1
126.398149 209.662102 68.599365 1
127.812532 202.271830 70.923454 1
130.650891 187.441175 75.587393 1
130.650891 187.441175 75.587393 1
101.402799 190.213375 62.445997 1
99.585568 171.779686 61.909955 1
97.335200 148.952344 61.246141 1
95.451352 126.170324 58.512864 1
93.883360 107.208068 56.237862 1
93.040977 100.119039 70.577946 1
93.854752 99.092959 78.276540 1
115.465028 189.829314 61.218106 1
117.163504 171.378319 61.483151 1
119.266792 148.529770 61.811370 1
120.209758 125.630695 57.986241 1
120.978790 106.955464 54.866673 1
124.974391 100.051595 68.758171 1
125.940585 99.097426 76.448437 1
108.542700 191.371200 62.887400 1
108.769392 199.346262 62.981617 1
108.891306 209.553142 62.129652 1
108.840102 219.328624 61.254069 1
108.451928 244.548153 60.766788 1
108.275834 251.842974 62.938108 1
107.321986 271.187553 61.752251 1
104.463256 229.806953 60.358944 1
91.524077 234.888305 60.226541 1
91.209514 228.269672 62.538549 1
90.293305 208.991936 69.272611 1
89.835035 201.555197 71.822689 1
88.915387 186.631293 76.940135 1
88.915387 186.631293 76.940135 1
112.692225 229.918790 59.591865 1
125.548929 234.957716 57.987362 1
125.765502 228.495525 60.715725 1
126.396302 209.673479 68.662472 1
127.841002 202.281357 70.961900 1
130.740203 187.446991 75.576350 1
130.740203 187.446991 75.576350 1
101.385889 190.223946 62.474963 1
99.535629 171.795467 61.876443 1
97.244360 148.974575 61.135259 1
95.425959 126.177480 58.484604 1
93.912440 107.202676 56.278371 1
93.030603 100.081057 70.599924 1
93.819565 99.045281 78.299802 1
115.448822 189.838611 61.255566 1
117.146059 171.386808 61.466792 1
119.247812 148.537258 61.728365 1
120.202137 125.630996 57.949359 1
120.980432 106.949904 54.867408 1
124.973337 100.034225 68.753805 1
125.937272 99.075706 76.443813 1
108.528900 191.357800 62.902500 1
108.753861 199.332875 62.999765 1
108.873838 209.540244 62.153417 1
108.823047 219.316603 61.287647 1
108.441535 244.536918 60.837197 1
108.290087 251.828711 63.020514 1
107.381206 271.175445 61.834506 1
104.448935 229.797387 60.408036 1
91.516727 234.896500 60.277408 1
91.203928 228.275456 62.582743 1
90.292856 208.990699 69.297369 1
89.836899 201.551324 71.840160 1
88.921891 186.622128 76.942985 1
88.921891 186.622128 76.942985 1
112.677895 229.908162 59.640709 1
125.538527 234.941098 58.048935 1
125.751532 228.474175 60.766344 1
126.371938 209.638344 68.681183 1
127.831334 202.239694 70.950132 1
130.760026 187.392226 75.503416 1
130.760026 187.392226 75.503416 1
101.372494 190.209180 62.486843 1
99.529769 171.779991 61.886920 1
97.247830 148.958221 61.144000 1
95.432885 126.161479 58.487942 1
93.922243 107.186969 56.277211 1
93.039238 100.073070 70.602528 1
93.826568 99.040098 78.302950 1
115.435984 189.827283 61.272794 1
117.137399 171.375719 61.470814 1
119.244326 148.526463 61.716033 1
120.207084 125.620694 57.936179 1
120.992257 106.940004 54.853537 1
124.978930 100.030675 68.744885 1
125.938754 99.074159 76.435656 1
108.484400 191.361400 62.904300 1
108.711435 199.336366 63.005540 1
108.836419 209.544305 62.166809 1
108.794867 219.321886 61.314465 1
108.449974 244.543576 60.914276 1
108.304716 251.837006 63.092542 1
107.433734 271.185089 61.900117 1
104.435970 229.810743 60.455801 1
91.503320 234.908600 60.319917 1
91.185956 228.283077 62.611722 1
90.261586 208.985275 69.286938 1
89.811593 201.541903 71.819073 1
88.908555 186.604687 76.900512 1
88.908555 186.604687 76.900512 1
112.665074 229.911098 59.688582 1
125.529073 234.942580 58.119582 1
125.733077 228.469716 60.823503 1
126.327270 209.616581 68.699058 1
127.788527 202.210607 70.942778 1
130.720951 187.348443 75.445432 1
130.720951 187.348443 75.445432 1
101.327605 190.214830 62.489698 1
99.493333 171.785300 61.874544 1
97.221864 148.963108 61.112764 1
95.418420 126.164269 58.466890 1
93.917349 107.188013 56.264637 1
93.049285 100.070981 70.589310 1
93.843226 99.037311 78.288960 1
115.390718 189.829930 61.272244 1
117.099201 171.379047 61.472806 1
119.214881 148.530634 61.721173 1
120.188744 125.626237 57.935849 1
120.982972 106.946667 54.848746 1
124.976858 100.037338 68.738022 1
125.939106 99.080403 76.428438 1
108.434100 191.359800 62.893600 1
108.666305 199.334516 63.002523 1
108.800978 209.543261 62.175179 1
108.774429 219.321873 61.334133 1
108.483451 244.544702 60.964060 1
108.308462 251.837497 63.142264 1
107.435575 271.186477 61.965886 1
104.437789 229.821054 60.489065 1
91.502003 234.911215 60.363555 1
91.175188 228.281775 62.642667 1
90.223288 208.972562 69.280913 1
89.771453 201.525686 71.802396 1
88.864718 186.581439 76.862459 1
88.864718 186.581439 76.862459 1
112.666895 229.904702 59.719875 1
125.516433 234.972864 58.150430 1
125.708457 228.493506 60.839635 1
126.267757 209.621457 68.672326 1
127.719745 202.207896 70.896927 1
130.633568 187.330507 75.361212 1
130.633568 187.330507 75.361212 1
101.276550 190.218267 62.478123 1
99.456259 171.787868 61.847680 1
97.202102 148.964599 61.066965 1
95.416051 126.162203 58.440008 1
93.929458 107.182988 56.253499 1
93.083508 100.064320 70.578683 1
93.887057 99.030725 78.277346 1
115.339373 189.825431 61.259845 1
117.059318 171.375630 61.462010 1
119.189191 148.528557 61.712362 1
120.181017 125.624665 57.928655 1
120.989895 106.945505 54.842869 1
124.995705 100.046951 68.734067 1
125.962229 99.093113 76.424332 1
