53 35
109.426100 150.329200 31.741400 1
109.626229 157.168191 32.206091 1
109.899886 166.660129 32.127243 1
110.070437 175.754994 32.345833 1
110.215712 198.936560 35.441004 1
109.891557 205.530937 37.935950 1
110.121749 223.493962 36.988556 1
106.335820 185.631267 32.525240 1
93.905840 188.946458 33.305129 1
93.353779 182.807424 35.387854 1
91.745826 164.926659 41.454074 1
94.724448 160.814847 46.700429 1
100.701911 152.563310 57.228752 1
100.701911 152.563310 57.228752 1
113.994050 185.549978 32.774610 1
125.279930 191.773486 32.776903 1
125.588580 185.835460 35.417894 1
126.487564 168.540156 43.110135 1
124.210623 163.777948 48.153993 1
119.641293 154.221216 58.275930 1
119.641293 154.221216 58.275930 1
103.380085 149.423266 30.492495 1
101.447260 146.884175 47.373131 1
99.053753 143.739895 68.277209 1
99.631392 122.600306 71.166185 1
100.112179 105.005160 73.570770 1
97.121834 100.896106 87.524973 1
96.445977 101.266984 94.723562 1
115.495013 149.027294 31.102567 1
119.608024 147.138285 47.675342 1
124.701306 144.799053 68.197965 1
124.153756 123.323663 69.788910 1
123.707203 105.809434 71.086401 1
128.479630 101.034598 84.314066 1
130.139237 101.065964 91.361026 1
109.390600 150.345600 31.743810 1
109.584634 157.184226 32.216379 1
109.849209 166.676527 32.151347 1
110.010411 175.771092 32.388729 1
110.130946 198.944425 35.545986 1
109.823227 205.485766 38.178819 1
110.068518 223.450162 37.261691 1
106.264868 185.642682 32.595875 1
93.846258 188.976781 33.470537 1
93.280686 182.830083 35.526864 1
91.633382 164.926994 41.516193 1
94.650468 160.812074 46.738076 1
100.705120 152.554299 57.217287 1
100.705120 152.554299 57.217287 1
113.923268 185.569255 32.842436 1
125.206984 191.795584 32.959478 1
125.536240 185.843101 35.565201 1
126.495237 168.505691 43.154720 1
124.202081 163.729209 48.177691 1
119.600211 154.143834 58.257716 1
119.600211 154.143834 58.257716 1
103.345204 149.435656 30.494826 1
101.408117 146.903257 47.375979 1
99.009332 143.767264 68.280696 1
99.600955 122.627693 71.166974 1
100.093382 105.032563 73.569313 1
97.101373 100.915660 87.520845 1
96.422299 101.283308 94.719297 1
115.460582 149.049911 31.102500 1
119.572037 147.161190 47.675694 1
124.663391 144.822317 68.198836 1
124.136140 123.345272 69.774235 1
123.706141 105.829695 71.059048 1
128.481582 101.047476 84.282958 1
130.140488 101.074117 91.330102 1
109.392600 150.317400 31.717120 1
109.597535 157.154686 32.204252 1
109.870623 166.646899 32.167890 1
110.023459 175.740368 32.448798 1
110.075231 198.892775 35.757807 1
109.853396 205.402936 38.475203 1
110.099718 223.369958 37.611350 1
106.252078 185.600855 32.709128 1
93.866990 189.040112 33.649457 1
93.295418 182.883738 35.674949 1
91.630640 164.952467 41.574466 1
94.694937 160.823560 46.757674 1
100.844330 152.537717 57.159274 1
100.844330 152.537717 57.159274 1
113.909864 185.545249 32.978379 1
125.214015 191.731011 33.214291 1
125.581422 185.760907 35.774195 1
126.651543 168.372170 43.230263 1
124.309400 163.572246 48.208081 1
119.609223 153.939826 58.197494 1
119.609223 153.939826 58.197494 1
103.348140 149.420539 30.454221 1
101.417071 146.888832 47.336166 1
99.025739 143.753696 68.241866 1
99.635137 122.615750 71.136331 1
100.142358 105.021972 73.545485 1
97.167486 100.902147 87.499820 1
96.495077 101.269043 94.698936 1
115.461596 149.012506 31.085209 1
119.580572 147.138705 47.658229 1
124.681241 144.818306 68.181156 1
124.176193 123.340364 69.751570 1
123.764301 105.824053 71.032318 1
128.553294 101.046254 84.252925 1
130.216874 101.074372 91.298961 1
109.377600 150.329600 31.706230 1
109.590566 157.165396 32.210531 1
109.870079 166.657491 32.207105 1
110.017226 175.749410 32.536933 1
110.021569 198.877124 36.014724 1
109.859010 205.344207 38.837143 1
110.127214 223.313865 38.036972 1
106.227609 185.600958 32.862684 1
93.872102 189.122030 33.885725 1
93.285184 182.961230 35.893290 1
91.575708 165.017065 41.740593 1
94.705513 160.847697 46.851769 1
100.986366 152.480656 57.108817 1
100.986366 152.480656 57.108817 1
113.885015 185.557122 33.144632 1
125.199309 191.717398 33.519945 1
125.610838 185.732191 36.037521 1
126.809466 168.299465 43.370299 1
124.380036 163.465134 48.272410 1
119.504691 153.763667 58.109893 1
119.504691 153.763667 58.109893 1
103.334314 149.443764 30.430001 1
101.417488 146.896299 47.311199 1
99.043794 143.741649 68.215974 1
99.662641 122.604971 71.117687 1
100.177727 105.012248 73.532874 1
97.221120 100.896623 87.492328 1
96.557399 101.265938 94.692126 1
115.446042 149.018306 31.082295 1
119.570183 147.144842 47.654069 1
124.677247 144.824862 68.175453 1
124.213940 123.344905 69.731122 1
123.836089 105.826952 70.999845 1
128.642889 101.050976 84.214646 1
130.311184 101.078411 91.259571 1
109.397400 150.316900 31.695950 1
109.594013 157.148242 32.263306 1
109.852349 166.640587 32.344819 1
109.982936 175.729690 32.750516 1
109.954349 198.829783 36.407164 1
109.826162 205.254055 39.327430 1
110.091126 223.226980 38.603166 1
106.179316 185.573028 33.152378 1
93.842418 189.131461 34.266661 1
93.224796 182.960643 36.233841 1
91.425888 164.987301 41.963519 1
94.642952 160.784077 46.992121 1
101.098915 152.349094 57.083460 1
101.098915 152.349094 57.083460 1
113.836771 185.537892 33.434201 1
125.151093 191.689478 33.931428 1
125.609454 185.687613 36.400794 1
126.944488 168.206368 43.593154 1
124.406423 163.342041 48.409805 1
119.313072 153.580378 58.075789 1
119.313072 153.580378 58.075789 1
103.355292 149.428055 30.416240 1
101.431098 146.896423 47.298982 1
99.048280 143.761379 68.205668 1
99.667486 122.625879 71.115875 1
100.182871 105.034137 73.538132 1
97.221829 100.917142 87.496243 1
96.555525 101.285854 94.695834 1
115.468540 149.026354 31.055232 1
119.608049 147.152444 47.623123 1
124.734143 144.831911 68.139698 1
124.006598 123.372669 69.870284 1
123.413248 105.871610 71.281659 1
128.113160 101.159791 84.557798 1
129.755672 101.231919 91.608463 1
109.394100 150.334100 31.716310 1
109.578120 157.159752 32.352231 1
109.822411 166.650969 32.539640 1
109.947927 175.733871 33.067444 1
109.930676 198.773634 37.086799 1
109.793656 205.236399 39.920442 1
110.052430 223.213029 39.292254 1
106.147595 185.570656 33.629092 1
93.835673 189.221262 34.721224 1
93.164077 183.040915 36.640212 1
91.207962 165.039818 42.229522 1
94.566696 160.785939 47.121032 1
101.306961 152.249305 56.937254 1
101.306961 152.249305 56.937254 1
113.805410 185.529119 33.900055 1
125.046302 191.819048 34.326985 1
125.546920 185.822231 36.800406 1
127.005034 168.355688 44.004578 1
124.278609 163.399776 48.620758 1
118.807261 153.454322 57.884440 1
118.807261 153.454322 57.884440 1
103.352853 149.446667 30.431565 1
101.431644 146.906651 47.313388 1
99.052521 143.761225 68.218935 1
99.679006 122.625914 71.128952 1
100.200450 105.034329 73.551051 1
97.246940 100.918927 87.511227 1
96.583837 101.288696 94.711059 1
115.467257 149.061626 31.058783 1
119.587478 147.222122 47.635335 1
124.689686 144.944194 68.162637 1
123.985742 123.487685 69.936322 1
123.411641 105.988854 71.382848 1
128.086483 101.320194 84.683064 1
129.711865 101.413958 91.737443 1
109.424000 150.362500 31.692830 1
109.596899 157.180284 32.410959 1
109.822362 166.669069 32.711186 1
109.925830 175.745529 33.344112 1
109.846661 198.738355 37.623115 1
109.776742 205.150397 40.572095 1
110.028061 223.129558 40.017633 1
106.096426 185.563468 34.025315 1
93.823265 189.290159 35.284050 1
93.055651 183.109065 37.164235 1
90.819873 165.105793 42.640526 1
94.363406 160.749031 47.305870 1
101.474526 152.005931 56.668226 1
101.474526 152.005931 56.668226 1
113.754938 185.542742 34.278383 1
124.991766 191.831302 34.817664 1
125.569091 185.837817 37.282432 1
127.250625 168.380980 44.461399 1
124.250159 163.365065 48.836485 1
118.228870 153.299198 57.616344 1
118.228870 153.299198 57.616344 1
103.382512 149.479918 30.405879 1
101.468316 146.924066 47.286107 1
99.097879 143.759029 68.189682 1
99.711652 122.625442 71.114894 1
100.222516 105.035293 73.549641 1
97.280904 100.963250 87.525035 1
96.626369 101.354527 94.724515 1
115.498452 149.108868 31.011499 1
119.576259 147.264501 47.597996 1
124.625947 144.980552 68.137612 1
123.964723 123.523166 69.917121 1
123.425461 106.023620 71.368396 1
128.077508 101.356094 84.676999 1
129.685272 101.448615 91.735430 1
109.414100 150.433500 31.698070 1
109.597317 157.241236 32.503638 1
109.829403 166.724621 32.939017 1
109.921079 175.789094 33.726652 1
109.758764 198.692007 38.461247 1
109.798113 205.110930 41.395786 1
110.035732 223.093327 40.951078 1
106.060775 185.580805 34.587317 1
93.877898 189.532969 36.022944 1
92.984235 183.339306 37.803436 1
90.381321 165.299424 42.989359 1
94.174131 160.916674 47.428900 1
101.785498 152.121421 56.338117 1
101.785498 152.121421 56.338117 1
113.718248 185.576468 34.870816 1
124.905996 191.946637 35.469440 1
125.560431 185.955730 37.921172 1
127.466558 168.506400 45.062172 1
124.204593 163.408388 49.145484 1
117.658532 153.177768 57.339813 1
117.658532 153.177768 57.339813 1
103.373441 149.577873 30.389208 1
101.504529 147.000251 47.271201 1
99.190168 143.808257 68.176960 1
99.773426 122.674311 71.105822 1
100.258891 105.083863 73.543606 1
97.357795 101.037697 87.534976 1
96.729769 101.440339 94.736190 1
115.487624 149.178200 31.011551 1
119.518763 147.339622 47.610095 1
124.510659 145.062842 68.164628 1
123.937026 123.601850 69.930998 1
123.469200 106.099363 71.371557 1
128.116359 101.447550 84.687368 1
129.710124 101.544559 91.748913 1
109.440800 150.428100 31.740610 1
109.601155 157.221828 32.661115 1
109.797970 166.696581 33.268016 1
109.850669 175.743316 34.241277 1
109.584107 198.530691 39.499668 1
109.728672 204.942420 42.446611 1
109.947757 222.925836 42.034806 1
105.941513 185.491738 35.339945 1
93.857681 189.674844 36.947975 1
92.853642 183.475297 38.647320 1
89.929244 165.418278 43.596893 1
93.970838 160.961765 47.733128 1
102.081459 152.018486 56.033676 1
102.081459 152.018486 56.033676 1
113.599909 185.522355 35.595492 1
124.768340 191.909477 36.353094 1
125.528197 185.927531 38.796285 1
127.741381 168.504301 45.912407 1
124.252167 163.281379 49.633972 1
117.250065 152.800093 57.102353 1
117.250065 152.800093 57.102353 1
103.401190 149.573220 30.426431 1
101.561151 146.981016 47.309363 1
99.282545 143.770963 68.216284 1
99.843343 122.630593 71.102863 1
100.310114 105.034798 73.505454 1
97.418941 100.956023 87.489408 1
96.798658 101.340957 94.692262 1
115.517661 149.206278 31.023888 1
119.485360 147.366842 47.637616 1
124.398696 145.088999 68.210951 1
123.893765 123.623913 69.948314 1
123.481969 106.118088 71.365217 1
128.089244 101.463641 84.693960 1
129.652804 101.556161 91.762315 1
109.409900 150.439400 31.770640 1
109.567994 157.212948 32.829810 1
109.755941 166.671809 33.649945 1
109.789654 175.689434 34.864338 1
109.447012 198.302643 40.823491 1
109.698676 204.723997 43.742144 1
109.904708 222.706964 43.304813 1
105.849413 185.387467 36.258235 1
93.892833 189.858548 38.033838 1
92.747827 183.660359 39.646804 1
89.412841 165.607295 44.344787 1
93.741572 161.082237 48.098369 1
102.428416 152.001403 55.631013 1
102.428416 152.001403 55.631013 1
113.507354 185.433227 36.524909 1
124.617315 191.898555 37.458409 1
125.490311 185.916069 39.862154 1
128.033029 168.491269 46.863384 1
124.332548 163.129955 50.159796 1
116.906479 152.370946 56.774986 1
116.906479 152.370946 56.774986 1
103.371770 149.610455 30.433249 1
101.572698 146.999812 47.317755 1
99.344823 143.766925 68.226625 1
99.901692 122.624252 71.097049 1
100.365193 105.026539 73.486193 1
97.519667 100.953959 87.481311 1
96.924132 101.341648 94.686106 1
115.487713 149.233545 31.035195 1
119.451054 147.357386 47.645856 1
124.358994 145.034069 68.215394 1
123.884428 123.568673 69.957477 1
123.497396 106.062594 71.378228 1
128.089788 101.423326 84.717396 1
129.641560 101.522552 91.788257 1
109.345400 150.494900 31.843770 1
109.486229 157.240441 33.070809 1
109.654189 166.673944 34.147288 1
109.676844 175.648536 35.647163 1
109.326050 198.030344 42.423432 1
109.615328 204.460494 45.319140 1
109.789336 222.443806 44.882037 1
105.733895 185.288927 37.389667 1
93.956965 190.135152 39.369854 1
92.702340 183.942221 40.920261 1
89.048075 165.904470 45.436032 1
93.537746 161.257077 48.834269 1
102.547566 151.930740 55.653809 1
102.547566 151.930740 55.653809 1
113.391645 185.326176 37.663062 1
124.393184 191.940152 38.813969 1
125.363703 185.952799 41.167676 1
128.190468 168.513820 48.023164 1
124.330577 162.976855 50.806480 1
116.584606 151.865353 56.391995 1
116.584606 151.865353 56.391995 1
103.309314 149.683957 30.486266 1
101.541750 147.045590 47.369790 1
99.352892 143.778371 68.277445 1
99.907194 122.629475 71.102162 1
100.368557 105.026584 73.453262 1
97.553405 100.922043 87.445186 1
96.974690 101.292861 94.652238 1
115.426226 149.323250 31.078550 1
119.415077 147.393917 47.677009 1
124.354606 145.004753 68.231437 1
123.840238 123.537577 69.939976 1
123.420745 106.030048 71.333371 1
127.986088 101.372284 84.675378 1
129.527702 101.463143 91.748573 1
109.311700 150.511600 31.961180 1
109.433630 157.219266 33.382491 1
109.576014 166.615156 34.751792 1
109.576226 175.530810 36.569636 1
109.176637 197.622973 44.235327 1
109.531124 204.055242 47.119058 1
109.680387 222.042024 46.846636 1
105.611396 185.084228 38.698631 1
93.997715 190.210071 40.923777 1
92.622487 184.021192 42.385548 1
88.616950 165.995245 46.643152 1
93.261716 161.231948 49.649908 1
102.582776 151.673018 55.683830 1
102.582776 151.673018 55.683830 1
113.269236 185.129154 38.968338 1
124.219654 191.761775 40.451513 1
125.290490 185.758617 42.719914 1
128.409443 168.273603 49.326935 1
124.453891 162.564468 51.577040 1
116.515950 151.107458 56.092516 1
116.515950 151.107458 56.092516 1
103.278023 149.723408 30.579781 1
101.525244 147.068368 47.462233 1
99.354696 143.780502 68.368559 1
99.899802 122.621837 71.120977 1
100.353510 105.010813 73.411901 1
97.554099 100.860807 87.393568 1
96.985080 101.207639 94.602586 1
115.395836 149.379446 31.163506 1
119.431892 147.422429 47.747306 1
124.429877 144.998982 68.283582 1
123.905873 123.528635 69.948798 1
123.478522 106.018520 71.306860 1
128.035572 101.345820 84.646479 1
129.573387 101.428966 91.720596 1
109.262800 150.557100 32.121510 1
109.366023 157.213740 33.766585 1
109.487719 166.554668 35.472532 1
109.478403 175.388697 37.652737 1
109.089435 197.107433 46.320572 1
109.474958 203.532040 49.217371 1
109.544363 221.521313 49.171909 1
105.513878 184.831188 40.229983 1
94.055534 190.183972 42.711348 1
92.520246 184.010710 44.076626 1
88.048515 166.030251 48.053183 1
92.809619 161.079805 50.528743 1
102.364145 151.145305 55.496668 1
102.364145 151.145305 55.496668 1
113.172612 184.871003 40.473904 1
123.975065 191.659336 42.298367 1
125.115157 185.647360 44.508927 1
128.435827 168.136663 50.947480 1
124.429563 162.247940 52.552587 1
116.389853 150.430535 55.773692 1
116.389853 150.430535 55.773692 1
103.230518 149.797784 30.718017 1
101.481484 147.019554 47.581023 1
99.315574 143.579136 68.463269 1
99.913640 122.402196 71.059729 1
100.411429 104.775962 73.220844 1
97.641051 100.485298 87.165788 1
97.080381 100.761820 94.378499 1
115.349685 149.470276 31.282812 1
119.438730 147.446434 47.845598 1
124.502333 144.940236 68.355851 1
123.984856 123.463337 69.936463 1
123.562827 105.947878 71.225527 1
128.118469 101.243670 84.554549 1
129.653976 101.309562 91.629349 1
109.203200 150.665200 32.239970 1
109.300513 157.245988 34.166507 1
109.410010 166.503560 36.279177 1
109.382963 175.227476 38.864906 1
108.942064 196.497791 48.579095 1
109.490431 202.841573 51.623987 1
109.405976 220.829920 51.805824 1
105.392665 184.519227 41.908127 1
94.134819 190.115554 44.744525 1
92.401777 183.967499 45.980744 1
87.354058 166.060459 49.581398 1
92.191255 160.906547 51.409554 1
101.898481 150.563735 55.078276 1
101.898481 150.563735 55.078276 1
113.051847 184.574728 42.134227 1
123.711152 191.475612 44.338803 1
124.938026 185.474373 46.532011 1
128.511461 167.994952 52.920021 1
124.669487 161.868910 53.927207 1
116.959471 149.575256 55.948410 1
116.959471 149.575256 55.948410 1
103.172683 149.962418 30.799922 1
101.331715 147.191824 47.654397 1
99.051958 143.760863 68.526077 1
99.700616 122.585883 71.126371 1
100.240514 104.961280 73.290677 1
97.472669 100.730998 87.254559 1
96.908357 101.040451 94.465649 1
115.291556 149.618821 31.361457 1
119.432336 147.476727 47.896495 1
124.560005 144.824092 68.372386 1
124.037961 123.339710 69.846181 1
123.612207 105.818147 71.048132 1
128.172210 101.015723 84.340587 1
129.710254 101.029490 91.415130 1
109.163800 150.852500 32.462710 1
109.243181 157.339337 34.685867 1
109.334305 166.486635 37.234716 1
109.298517 175.066908 40.263096 1
108.860379 195.771948 51.130272 1
109.455941 202.086858 54.225892 1
109.331266 220.066627 54.803115 1
105.309238 184.177801 43.812401 1
94.253253 189.996744 46.975979 1
92.308604 183.886092 48.075304 1
86.644550 166.087990 51.277235 1
91.472004 160.744794 52.481134 1
101.159679 150.022128 54.897105 1
101.159679 150.022128 54.897105 1
112.968459 184.220426 44.039991 1
123.450021 191.240900 46.676830 1
124.795402 185.251853 48.833568 1
128.714007 167.807943 55.115354 1
125.066567 161.492230 55.449310 1
117.746941 148.817946 56.119487 1
117.746941 148.817946 56.119487 1
103.138904 150.205368 30.973878 1
101.298527 147.308862 47.807235 1
99.019502 143.721979 68.652766 1
99.678128 122.528185 71.092314 1
100.226324 104.887924 73.122826 1
97.482666 100.565301 87.063183 1
96.930848 100.827022 94.277129 1
115.256670 149.857485 31.556262 1
119.482704 147.484931 48.038183 1
124.715946 144.546911 68.448298 1
124.014061 123.057764 69.770123 1
123.441640 105.532316 70.848134 1
127.954704 100.590134 84.105334 1
129.489407 100.536831 91.180415 1
109.142600 151.112600 32.772120 1
109.203581 157.453012 35.384252 1
109.275724 166.431539 38.475991 1
109.238629 174.819836 42.001405 1
108.847218 194.869978 54.035721 1
109.366275 201.163483 57.188185 1
109.247198 219.120733 58.257670 1
105.264875 183.712472 46.081921 1
94.386209 189.698416 49.535355 1
92.261634 183.622659 50.484889 1
86.073521 165.926198 53.250535 1
90.803747 160.400660 53.880474 1
100.296308 149.312074 55.144628 1
100.296308 149.312074 55.144628 1
112.924972 183.743067 46.280088 1
123.202206 190.866994 49.399580 1
124.634519 184.873913 51.488050 1
128.806322 167.418253 57.570999 1
125.385932 160.972044 57.345393 1
118.521946 148.035884 56.892650 1
118.521946 148.035884 56.892650 1
103.117317 150.535494 31.256308 1
101.226300 147.533219 48.065504 1
98.884565 143.815357 68.881114 1
99.524074 122.600828 71.138737 1
100.056358 104.943308 73.017827 1
97.324020 100.548971 86.937970 1
96.781715 100.772277 94.153929 1
115.237235 150.196002 31.797415 1
119.508095 147.593372 48.232991 1
124.796847 144.370441 68.585716 1
123.927972 122.878901 69.761311 1
123.219361 105.351500 70.720064 1
127.648344 100.277601 83.955846 1
129.158020 100.160579 91.035543 1
109.097000 151.391500 33.268180 1
109.172566 157.548077 36.287887 1
109.270595 166.310926 39.945876 1
109.266577 174.468513 43.976656 1
108.974694 193.784875 57.159188 1
109.474377 200.104967 60.261187 1
109.234919 218.022456 61.850859 1
105.337704 183.129161 48.567673 1
94.626727 189.240138 52.313878 1
92.374357 183.180658 53.048579 1
85.814026 165.531604 55.188496 1
90.411568 159.861633 55.320650 1
99.637858 148.483199 55.585856 1
99.637858 148.483199 55.585856 1
112.997745 183.107453 48.769086 1
123.068234 190.312820 52.342749 1
124.490016 184.269083 54.287495 1
128.631147 166.665882 59.951825 1
125.295877 160.216607 59.186061 1
118.602706 147.274294 57.649334 1
118.602706 147.274294 57.649334 1
103.071442 150.930519 31.714180 1
101.228538 147.678764 48.482258 1
98.946385 143.651957 69.246950 1
99.577502 122.410967 71.242968 1
100.102800 104.731422 72.904316 1
97.473243 100.203787 86.801518 1
96.987988 100.356609 94.023373 1
115.189984 150.524026 32.239682 1
119.537613 147.639143 48.607873 1
124.921429 144.066690 68.877152 1
123.937058 122.568715 69.821292 1
123.134254 105.036067 70.591282 1
127.532300 99.804892 83.776056 1
129.038938 99.608044 90.854630 1
109.053900 152.035600 33.913770 1
109.168601 157.968504 37.351105 1
109.324933 166.467424 41.584535 1
109.377522 174.360252 46.111559 1
109.228981 192.895894 60.373189 1
109.612113 199.214380 63.494982 1
109.340949 217.101586 65.391071 1
105.510695 182.769253 51.196503 1
94.836140 188.745084 55.251925 1
92.423029 182.718619 55.686508 1
85.394517 165.165725 56.952290 1
89.873908 159.409566 56.628068 1
98.863097 147.858173 55.977423 1
98.863097 147.858173 55.977423 1
113.170793 182.689225 51.380297 1
122.928802 190.074411 55.422995 1
124.273712 183.916589 57.036283 1
128.190943 165.981099 61.735197 1
124.706222 159.696209 60.446610 1
117.713137 147.083782 57.860691 1
117.713137 147.083782 57.860691 1
103.027095 151.725039 32.327598 1
101.176050 148.056633 49.008578 1
98.883815 143.513869 69.665412 1
99.624846 122.257994 71.454467 1
100.241629 104.566060 72.943553 1
97.757052 99.958034 86.841008 1
97.337722 100.072368 94.067702 1
115.141916 151.198596 32.831987 1
119.445985 147.930705 49.139592 1
124.775860 143.883960 69.333845 1
123.761288 122.379973 70.090494 1
122.933854 104.842423 70.707576 1
127.258579 99.512873 83.877197 1
128.726267 99.263304 90.962289 1
109.058600 153.104200 34.686070 1
109.221312 158.771939 38.543276 1
109.446458 166.955556 43.355316 1
109.564304 174.545389 48.372685 1
109.572810 192.234387 63.672536 1
109.714427 198.618804 66.678333 1
109.449552 216.482189 68.787870 1
105.767617 182.678991 53.935956 1
94.952367 188.261125 58.175444 1
92.371697 182.289094 58.247813 1
84.855148 164.894746 58.458598 1
89.242515 159.103943 57.736758 1
98.047028 147.483027 56.288179 1
98.047028 147.483027 56.288179 1
113.427018 182.529364 54.104691 1
122.722619 190.232044 58.617299 1
124.048931 183.963475 59.746980 1
127.911994 165.705417 63.037325 1
124.199611 159.639302 61.386858 1
116.749658 147.465910 58.074723 1
116.749658 147.465910 58.074723 1
103.028750 152.955817 33.088051 1
101.286035 148.685435 49.636932 1
99.127949 143.397217 70.130181 1
99.874403 122.125793 71.721211 1
100.495701 104.420917 73.045475 1
98.215072 99.714491 86.944919 1
97.904785 99.776611 94.177753 1
115.139353 152.300513 33.540076 1
119.202601 148.511231 49.796566 1
124.234259 143.818829 69.927521 1
123.329713 122.302843 70.444662 1
122.592012 104.755506 70.866415 1
126.753273 99.400172 84.078173 1
128.113991 99.130409 91.183847 1
109.022900 154.466100 35.591000 1
109.263441 159.834897 39.850805 1
109.599220 167.662123 45.217349 1
109.814206 174.924867 50.694553 1
110.055098 191.750315 66.937473 1
109.838581 198.194811 69.807532 1
109.460701 216.032342 72.109820 1
106.112417 182.762923 56.726297 1
95.077767 187.787364 61.096037 1
92.373435 181.876965 60.806185 1
84.496702 164.662127 59.961951 1
88.707478 158.785878 58.940925 1
97.157613 146.993490 56.891943 1
97.157613 146.993490 56.891943 1
113.771915 182.561908 56.820927 1
122.702189 190.412835 61.792473 1
124.070741 184.086183 62.448815 1
128.056835 165.658952 64.360495 1
123.678202 160.212166 62.247756 1
114.891226 149.281632 58.007943 1
114.891226 149.281632 58.007943 1
102.993190 154.521798 33.986548 1
101.467238 149.504800 50.346251 1
99.577581 143.292013 70.605232 1
100.260858 122.003351 71.979307 1
100.829572 104.284128 73.122993 1
98.855458 99.519323 87.049435 1
98.715724 99.547165 94.287786 1
115.092596 153.660083 34.389377 1
118.979530 149.244576 50.530540 1
123.792852 143.776698 70.518682 1
123.003230 122.251715 70.792361 1
122.359254 104.697040 71.015558 1
126.387446 99.293130 84.248762 1
127.659602 98.991466 91.369544 1
109.055400 156.378700 36.861059 1
109.337214 161.485421 41.429403 1
109.734305 168.993919 47.229642 1
109.997442 175.961488 53.075768 1
110.329914 192.000659 70.094012 1
109.967866 198.469432 72.893930 1
109.390627 216.258775 75.506763 1
106.337361 183.523894 59.473746 1
95.197745 188.127847 64.036168 1
92.506484 182.234045 63.444175 1
84.667821 165.067549 61.719914 1
88.656564 159.078145 60.486864 1
96.661123 147.058680 58.012394 1
96.661123 147.058680 58.012394 1
113.995862 183.282035 59.552072 1
122.779148 191.014937 64.952003 1
123.977387 184.632752 65.354726 1
127.467423 166.043775 66.527705 1
123.219821 160.667466 64.006442 1
114.695797 149.878368 58.946808 1
114.695797 149.878368 58.946808 1
103.035018 156.600750 35.236109 1
101.620024 150.610958 51.275400 1
99.867772 143.193514 71.137599 1
100.501843 121.886440 72.218631 1
101.029600 104.151892 73.118408 1
99.275817 99.234773 87.021373 1
99.255875 99.181539 94.260903 1
115.121266 155.571597 35.640965 1
118.947439 150.269777 51.527852 1
123.685519 143.704349 71.201117 1
122.912886 122.177123 71.131146 1
122.282765 104.620620 71.074080 1
126.164751 99.110544 84.307202 1
127.354797 98.750545 91.439460 1
109.191500 158.484500 38.390370 1
109.506506 163.442340 43.117776 1
109.946849 170.757499 49.157028 1
110.243466 177.523714 55.233523 1
110.633116 192.959247 72.799930 1
110.029571 199.412087 75.594967 1
109.398103 217.125830 78.668302 1
106.612708 184.877613 61.886196 1
95.328173 189.135518 66.428513 1
92.787760 183.191866 65.687200 1
85.388461 165.880176 63.528024 1
89.085144 159.727197 62.194300 1
96.503601 147.379470 59.517798 1
96.503601 147.379470 59.517798 1
114.269765 184.593972 61.965585 1
122.885781 192.255818 67.724362 1
123.745451 185.810867 67.956370 1
126.249355 167.039077 68.632119 1
122.338041 161.464361 66.000058 1
114.488876 150.277101 60.718075 1
114.488876 150.277101 60.718075 1
103.169260 158.786756 36.785366 1
101.730839 151.805669 52.416553 1
99.949576 143.160658 71.773380 1
100.534280 121.837218 72.502144 1
101.020947 104.089048 73.108718 1
99.367327 98.976128 86.953206 1
99.404006 98.819177 94.191165 1
115.251114 157.687518 37.133123 1
119.084330 151.391257 52.651037 1
123.831132 143.594379 71.867388 1
122.983897 122.074290 71.430056 1
122.292935 104.523607 71.073390 1
126.063677 98.863940 84.275508 1
127.201744 98.425976 91.411887 1
109.426000 160.681500 40.147410 1
109.787254 165.569119 44.944124 1
110.278878 172.796107 51.084722 1
110.599645 179.477479 57.253176 1
110.977899 194.677092 75.024356 1
110.150400 201.021544 78.004092 1
109.470877 218.645689 81.546486 1
106.969106 186.753323 63.991245 1
95.505417 190.658218 68.400187 1
93.251399 184.595555 67.697499 1
86.686265 166.937230 65.650825 1
89.924650 160.524610 64.349060 1
96.423401 147.655837 61.736693 1
96.423401 147.655837 61.736693 1
114.624983 186.445486 64.091583 1
123.032340 194.175192 70.064113 1
123.550410 187.690138 70.141049 1
125.059358 168.801539 70.365132 1
121.233294 163.071705 67.949802 1
113.555208 151.573156 63.102752 1
113.555208 151.573156 63.102752 1
103.398331 161.037189 38.574048 1
101.923697 153.082585 53.729522 1
100.097588 143.232024 72.497250 1
100.536549 121.895169 72.825902 1
100.901910 104.135833 73.099448 1
99.319034 98.830754 86.879757 1
99.408315 98.567513 94.114171 1
115.475837 159.872160 38.851566 1
119.200531 152.556090 53.942751 1
123.812945 143.496347 72.630669 1
122.980324 121.987477 71.794898 1
122.301280 104.445943 71.113284 1
125.933330 98.650599 84.295411 1
126.994399 98.138539 91.438719 1
109.690200 163.067600 42.208670 1
110.068286 168.031446 46.925137 1
110.571964 175.348882 52.956674 1
110.891831 182.106276 59.041800 1
111.245711 197.480187 76.662918 1
110.242697 203.651058 79.938580 1
109.391605 221.201780 83.794564 1
107.245206 189.431009 65.717930 1
95.589476 192.946841 69.947116 1
93.662803 186.760985 69.352669 1
88.051107 168.743844 67.621258 1
91.060117 162.232598 66.260022 1
97.098561 149.165906 63.528307 1
97.098561 149.165906 63.528307 1
114.902636 189.158880 65.801573 1
123.438487 196.791923 71.715880 1
123.601774 190.289235 71.852410 1
124.077366 171.349278 72.250070 1
120.558913 165.308743 70.143887 1
113.498136 153.186685 65.917228 1
113.498136 153.186685 65.917228 1
103.653596 163.387957 40.662203 1
102.141577 154.364985 55.203126 1
100.269172 143.191412 73.209825 1
100.661343 121.851116 73.212415 1
100.987760 104.088915 73.214570 1
99.435241 98.564674 86.911968 1
99.541024 98.185881 94.141031 1
115.734477 162.248086 40.893421 1
119.195254 153.848488 55.474637 1
123.480852 143.446977 73.531043 1
122.755176 121.954140 72.284192 1
122.163351 104.425682 71.267321 1
125.592704 98.480202 84.436872 1
126.533991 97.883277 91.590373 1
109.894900 165.515100 44.522080 1
110.259684 170.630568 49.074739 1
110.740235 178.136113 54.872485 1
111.031473 185.072047 60.754785 1
111.293797 200.930576 77.942699 1
110.402499 207.117011 81.221305 1
109.331997 224.663055 85.043762 1
107.347099 192.571660 67.212454 1
95.609452 195.881484 71.380886 1
94.050973 189.578393 70.965645 1
89.511691 171.219786 69.756196 1
92.443294 164.646866 68.529060 1
98.326399 151.456407 66.066458 1
98.326399 151.456407 66.066458 1
115.004744 192.318457 67.329201 1
124.057748 199.624969 72.875472 1
123.844713 193.137868 73.325348 1
123.224217 174.243310 74.635669 1
119.802436 167.904451 73.446608 1
112.935656 155.183722 71.060417 1
112.935656 155.183722 71.060417 1
103.858134 165.770862 42.964256 1
102.391805 155.692633 56.799640 1
100.575981 143.212287 73.932637 1
100.828971 121.872373 73.606878 1
101.039543 104.110490 73.335739 1
99.474153 98.384934 86.948741 1
99.584622 97.895395 94.171079 1
115.941554 164.667404 43.235936 1
119.156510 155.154957 57.175789 1
123.137699 143.375367 74.437973 1
122.535982 121.909257 72.744656 1
122.045252 104.402596 71.363672 1
125.275174 98.252005 84.489376 1
126.098805 97.540235 91.646885 1
110.045600 167.967400 46.883110 1
110.410729 173.245797 51.245792 1
110.891972 180.958412 56.765029 1
111.184345 188.105700 62.388571 1
111.438132 204.588363 78.979038 1
110.583405 210.937984 81.940017 1
109.441272 228.578062 85.278281 1
107.503338 195.854073 68.547564 1
95.612273 198.977491 72.414083 1
94.393971 192.588552 72.248394 1
90.845502 173.979905 71.765801 1
93.736252 167.342886 70.818705 1
99.537371 154.023796 68.918082 1
99.537371 154.023796 68.918082 1
115.159261 195.574323 68.708383 1
124.831101 202.285081 73.954749 1
124.236852 195.860336 74.791273 1
122.506019 177.147399 77.227761 1
119.456471 170.515864 77.390777 1
113.336682 157.207795 77.717913 1
113.336682 157.207795 77.717913 1
104.008458 168.165361 45.318340 1
102.506646 157.045649 58.327384 1
100.646882 143.275588 74.437087 1
100.862385 121.940411 73.866240 1
101.041756 104.182472 73.391106 1
99.442370 98.241735 86.907610 1
99.532559 97.638500 94.121623 1
116.092079 167.074017 45.627430 1
119.129877 156.454448 58.785646 1
122.891685 143.303874 75.079902 1
122.382866 121.863617 73.060057 1
121.967898 104.378040 71.412773 1
125.043488 98.051779 84.491971 1
125.778606 97.242551 91.648763 1
110.157900 170.353100 49.269100 1
110.538394 175.801034 53.416752 1
111.039703 183.728921 58.620146 1
111.350629 191.099791 63.946218 1
111.638089 208.257952 79.836499 1
110.718464 214.786221 82.356745 1
109.690515 232.556375 84.961694 1
107.690535 199.116337 69.765066 1
95.645746 202.038081 73.299128 1
94.660223 195.607167 73.347464 1
91.789755 176.876259 73.488247 1
94.685877 170.197929 72.926276 1
100.497779 156.795933 71.798518 1
100.497779 156.795933 71.798518 1
115.344397 198.805331 69.962427 1
125.288502 205.351619 74.898418 1
124.421431 199.013078 76.082197 1
121.895968 180.551220 79.530110 1
119.546846 173.727066 80.632893 1
114.832663 160.032452 82.845938 1
114.832663 160.032452 82.845938 1
104.117272 170.494800 47.711698 1
102.632025 158.332823 59.754081 1
100.792776 143.272075 74.666723 1
100.908107 121.941309 73.927007 1
101.004102 104.187041 73.311318 1
99.404138 98.113899 86.768782 1
99.500179 97.437603 93.976238 1
116.200537 169.403948 48.036045 1
119.071642 157.745551 60.323462 1
122.627030 143.308560 75.539378 1
122.225420 121.894918 73.233312 1
121.897886 104.431048 71.352601 1
124.848665 97.956363 84.387846 1
125.508422 97.063298 91.542011 1
110.283900 172.521200 51.609700 1
110.644840 178.145074 55.517327 1
111.126754 186.293234 60.370497 1
111.435661 193.891340 65.367175 1
111.758830 211.737786 80.479623 1
110.892340 218.400776 82.640506 1
109.871372 236.256575 84.576708 1
107.791304 202.164080 70.826180 1
95.641693 204.959792 74.093298 1
94.809478 198.512935 74.368434 1
92.385540 179.735591 75.169805 1
94.978948 172.927991 74.685815 1
100.183366 159.266578 73.714549 1
100.183366 159.266578 73.714549 1
115.444796 201.850227 71.033148 1
125.623663 208.293908 75.612750 1
124.621093 202.021342 77.019879 1
121.700969 183.751644 81.118331 1
119.859787 176.856060 82.656038 1
116.164930 163.018101 85.741885 1
116.164930 163.018101 85.741885 1
104.242634 172.573190 50.049197 1
102.862245 159.505238 61.115443 1
101.152844 143.322579 74.819288 1
101.070920 121.997390 73.929531 1
101.002733 104.247764 73.188959 1
99.384642 98.079750 86.601030 1
99.490467 97.345282 93.802653 1
116.329850 171.541631 50.417348 1
119.018187 158.932121 61.771432 1
122.347246 143.317337 75.831569 1
122.052090 121.931921 73.262497 1
121.811376 104.491070 71.167292 1
124.598313 97.892058 84.176223 1
125.161649 96.928371 91.329465 1
110.315700 174.440700 53.815500 1
110.685127 180.216801 57.493538 1
111.178872 188.561090 61.999874 1
111.501573 196.378480 66.645056 1
111.865869 214.944831 80.862793 1
111.048483 221.695381 82.754248 1
110.044729 239.593077 84.266129 1
107.874449 204.914160 71.695445 1
95.659085 207.658526 74.754280 1
94.872884 201.211229 75.134422 1
92.582968 182.432607 76.241635 1
94.993760 175.547711 75.942116 1
99.831708 161.731181 75.341042 1
99.831708 161.731181 75.341042 1
115.527768 204.600477 71.908973 1
125.937369 210.937963 76.101777 1
124.845573 204.718721 77.669980 1
121.665567 186.604339 82.237584 1
120.199924 179.673713 84.004473 1
117.258693 165.765433 87.550236 1
117.258693 165.765433 87.550236 1
104.272221 174.433384 52.262734 1
103.034909 160.557546 62.316033 1
101.502688 143.374444 74.765497 1
101.279761 122.052087 73.833027 1
101.094213 104.304819 73.056903 1
99.518829 98.055772 86.436508 1
99.659187 97.273348 93.632489 1
116.359428 173.410599 52.654891 1
118.898825 159.978746 63.060606 1
122.043446 143.345627 75.946346 1
121.903462 121.975723 73.238787 1
121.789297 104.547523 71.030640 1
124.473264 97.866088 84.019136 1
124.967926 96.852647 91.170581 1
110.374900 176.102000 55.941500 1
110.731937 182.025899 59.377738 1
111.216300 190.560444 63.513549 1
111.546073 198.596206 67.769276 1
111.969531 217.906006 80.957850 1
111.168839 224.716364 82.629248 1
110.174741 242.633523 83.897311 1
107.943429 207.400157 72.355309 1
95.658401 210.076607 75.186886 1
94.868019 203.640104 75.713172 1
92.565924 184.892920 77.246051 1
94.809115 177.945973 77.139009 1
99.310722 164.004922 76.924196 1
99.310722 164.004922 76.924196 1
115.596557 207.084166 72.572236 1
126.265493 213.235179 76.372493 1
125.111055 207.072002 78.108224 1
121.748592 189.120914 83.163774 1
120.588041 182.176965 85.097236 1
118.259064 168.241950 88.977279 1
118.259064 168.241950 88.977279 1
104.331060 176.016703 54.392468 1
103.233294 161.454051 63.440270 1
101.873878 143.420436 74.644581 1
101.523558 122.099569 73.717238 1
101.231976 104.353540 72.945382 1
99.669476 98.040590 86.296468 1
99.828386 97.219294 93.487730 1
116.420694 175.038714 54.822315 1
118.860493 160.919227 64.300162 1
121.881780 143.434589 76.036892 1
121.830080 122.082121 73.192119 1
121.787917 104.668141 70.872066 1
124.373774 97.931248 83.851814 1
124.808150 96.884949 91.002443 1
110.349400 177.508800 57.997400 1
110.713491 183.576044 61.172896 1
111.205831 192.290890 64.912825 1
111.546374 200.531715 68.755515 1
112.004299 220.543868 80.850564 1
111.263640 227.403594 82.337583 1
110.329135 245.342072 83.316619 1
107.958179 209.581258 72.848303 1
95.635613 212.293426 75.475400 1
94.796612 205.876699 76.147660 1
92.352908 187.187112 78.105709 1
94.525364 180.217915 78.224696 1
98.885021 166.232212 78.463477 1
98.885021 166.232212 78.463477 1
115.611120 209.268432 73.076152 1
126.495388 215.236686 76.542530 1
125.270726 209.141843 78.461734 1
121.703729 191.389789 84.051672 1
120.741755 184.460272 86.139730 1
118.811280 170.554218 90.330010 1
118.811280 170.554218 90.330010 1
104.299081 177.349922 56.479781 1
103.341128 162.216750 64.554934 1
102.154851 143.476635 74.554768 1
101.702780 122.158584 73.606942 1
101.326508 104.414898 72.818036 1
99.815454 98.056909 86.153663 1
100.011772 97.207568 93.340742 1
116.391709 176.404873 56.898936 1
118.750177 161.695558 65.455557 1
121.670748 143.480515 76.051503 1
121.644612 122.148902 73.054021 1
121.623296 104.751930 70.609427 1
124.176743 97.909451 83.540268 1
124.593446 96.804982 90.683196 1
110.361200 178.611800 59.795400 1
110.702097 184.810386 62.709007 1
111.169323 193.686812 66.050976 1
111.508233 202.110007 69.475647 1
112.016425 222.756658 80.450332 1
111.334565 229.656141 81.772395 1
110.488584 247.611164 82.495067 1
107.942711 211.380076 73.063566 1
95.579298 214.097037 75.485814 1
94.654668 207.712077 76.327006 1
91.961557 189.115020 78.777089 1
94.171640 182.167970 79.173902 1
98.606808 168.226712 79.970220 1
98.606808 168.226712 79.970220 1
115.594863 211.061291 73.308956 1
126.618894 216.925492 76.500355 1
125.383348 210.892346 78.599123 1
121.784651 193.319994 84.712069 1
120.832931 186.450132 86.993035 1
118.923034 172.663792 91.570442 1
118.923034 172.663792 91.570442 1
104.307595 178.357324 58.304132 1
103.425536 162.779029 65.492827 1
102.333241 143.487696 74.394918 1
101.820712 122.171684 73.432109 1
101.394118 104.429696 72.630732 1
99.866599 98.035796 85.947300 1
100.059919 97.164777 93.131866 1
116.406168 177.493343 58.726665 1
118.635017 162.285699 66.401420 1
121.395078 143.453559 75.905322 1
121.457843 122.134971 72.817089 1
121.509030 104.748622 70.298483 1
123.984043 97.842882 83.210931 1
124.351031 96.701076 90.350716 1
110.406600 179.577800 61.552000 1
110.723466 185.901699 64.185568 1
111.166638 194.923397 67.116535 1
111.503590 203.502215 70.130468 1
112.070465 224.676631 80.045553 1
111.357630 231.606570 81.178449 1
110.646472 249.576386 81.626569 1
107.956721 212.941822 73.266362 1
95.575690 215.750914 75.484967 1
94.562671 209.403920 76.494777 1
91.612114 190.917444 79.435983 1
93.841630 183.996767 80.096991 1
98.315793 170.108435 81.423491 1
98.315793 170.108435 81.423491 1
115.610241 212.635400 73.483175 1
126.687513 218.556215 76.371273 1
125.484183 212.587818 78.664848 1
121.979318 195.204056 85.345195 1
120.827394 188.459052 87.891087 1
118.515729 174.923275 93.000145 1
118.515729 174.923275 93.000145 1
104.352289 179.230280 60.082539 1
103.488139 163.292642 66.437347 1
102.418023 143.556318 74.306796 1
101.878517 122.242243 73.316250 1
101.429470 104.501867 72.491787 1
99.832408 98.078360 85.785929 1
99.990842 97.190304 92.969263 1
116.455141 178.439468 60.525295 1
118.517363 162.838422 67.417078 1
121.071084 143.519119 75.951399 1
121.288873 122.220672 72.733942 1
121.466491 104.850750 70.109947 1
123.836552 97.893065 83.014198 1
124.131297 96.717176 90.151798 1
110.366400 180.323200 63.114600 1
110.655042 186.742754 65.509135 1
111.068548 195.876181 68.075752 1
111.391561 204.583496 70.697156 1
111.950033 226.233431 79.526347 1
111.339596 233.189347 80.555054 1
110.782328 251.169113 80.750791 1
107.847211 214.175992 73.331908 1
95.466381 217.097702 75.401153 1
94.382226 210.793412 76.588918 1
91.224480 192.431315 80.048444 1
93.423739 185.532930 80.985983 1
97.837184 171.689332 82.867422 1
97.837184 171.689332 82.867422 1
115.499007 213.868577 73.601718 1
126.655294 219.781002 76.186982 1
125.575814 213.864711 78.669414 1
122.431680 196.632714 85.899834 1
121.219011 189.994055 88.685731 1
118.785445 176.671691 94.276428 1
118.785445 176.671691 94.276428 1
104.318955 179.902630 61.635986 1
103.414610 163.697516 67.267602 1
102.294717 143.629965 74.241488 1
101.821124 122.315304 73.230055 1
101.426938 104.574441 72.388206 1
99.688935 98.120255 85.649771 1
99.763284 97.218686 92.832783 1
116.422137 179.164905 62.154823 1
118.336509 163.252660 68.341721 1
120.707141 143.547989 76.003159 1
121.079843 122.271977 72.654175 1
121.383799 104.920350 69.922913 1
123.625189 97.895921 82.813988 1
123.835586 96.678064 89.947534 1
110.265800 180.885000 64.604100 1
110.536758 187.388983 66.761082 1
110.934489 196.616497 68.968525 1
111.251197 205.430669 71.205377 1
111.805981 227.484648 78.970708 1
111.234356 234.453104 79.934819 1
110.800562 252.437325 79.913281 1
107.711768 215.146143 73.350675 1
95.315792 218.123545 75.242232 1
94.175230 211.860524 76.585335 1
90.853188 193.618626 80.497302 1
92.993893 186.747160 81.723587 1
97.289832 172.957583 84.184480 1
97.289832 172.957583 84.184480 1
115.361492 214.839597 73.674759 1
126.562795 220.789723 75.961663 1
125.657216 214.914493 78.605874 1
123.019592 197.802092 86.307494 1
121.772641 191.259639 89.298313 1
119.270279 178.130338 95.300242 1
119.270279 178.130338 95.300242 1
104.226440 180.403922 63.110960 1
103.297334 163.983049 68.073859 1
102.146779 143.648315 74.219643 1
101.733578 122.334414 73.166579 1
101.389657 104.594183 72.290080 1
99.511556 98.122408 85.523943 1
99.504549 97.213408 92.706401 1
116.327377 179.698152 63.718971 1
118.125712 163.517711 69.205445 1
120.352654 143.480925 75.999524 1
120.837522 122.223930 72.545774 1
121.232955 104.887814 69.729071 1
123.367046 97.784362 82.595030 1
123.511068 96.520056 89.722140 1
110.211100 181.420800 66.015800 1
110.465774 187.994090 67.953526 1
110.846581 197.296247 69.825122 1
111.155264 206.196292 71.692567 1
111.704844 228.592031 78.409336 1
111.147348 235.560531 79.381375 1
110.736329 253.543518 79.128279 1
107.617216 216.004493 73.366396 1
95.197545 218.993311 75.075744 1
94.021755 212.761386 76.528631 1
90.597108 194.610063 80.760360 1
92.625835 187.753769 82.236481 1
96.697058 173.994638 85.198741 1
96.697058 173.994638 85.198741 1
115.265740 215.708719 73.726776 1
126.481050 221.737625 75.719819 1
125.797016 215.883676 78.475473 1
123.804670 198.833258 86.501686 1
122.641744 192.341456 89.633407 1
120.308003 179.313799 95.918098 1
120.308003 179.313799 95.918098 1
104.175691 180.878384 64.527716 1
103.248657 164.278026 68.852917 1
102.100667 143.721026 74.209009 1
101.736878 122.407091 73.138537 1
101.434085 104.666832 72.247550 1
99.456015 98.185557 85.462185 1
99.391171 97.272772 92.643873 1
116.276629 180.216362 65.183058 1
117.972162 163.821976 70.029849 1
120.071798 143.520255 76.031785 1
120.690127 122.282420 72.482795 1
121.194404 104.961929 69.588419 1
123.248972 97.796375 82.432867 1
123.337449 96.493165 89.553874 1
110.134500 181.862300 67.354000 1
110.364099 188.495068 69.080690 1
110.712374 197.857369 70.631179 1
110.998224 206.824644 72.147663 1
111.517285 229.495670 77.869666 1
110.937734 236.467251 78.806056 1
110.557215 254.447303 78.365902 1
107.442289 216.688955 73.401048 1
95.006151 219.706354 74.931050 1
93.805782 213.486604 76.415660 1
90.309543 195.370739 80.739786 1
92.186941 188.531981 82.474776 1
95.954479 174.808040 85.956532 1
95.954479 174.808040 85.956532 1
115.092758 216.426779 73.745813 1
126.304958 222.563083 75.399743 1
125.862121 216.712063 78.210386 1
124.572294 199.670178 86.396764 1
123.594894 193.187113 89.608949 1
121.633463 180.176990 96.055112 1
121.633463 180.176990 96.055112 1
104.099103 181.247163 65.894424 1
103.157364 164.511828 69.660102 1
101.991164 143.787680 74.323312 1
101.676926 122.476610 73.182435 1
101.415377 104.738735 72.232848 1
99.342399 98.233883 85.421325 1
99.222804 97.309483 92.600824 1
116.203797 180.657593 66.549585 1
117.816203 164.076466 70.745831 1
119.812901 143.543498 75.942176 1
120.532257 122.314330 72.360523 1
121.118927 105.000907 69.439509 1
123.124561 97.792873 82.267912 1
123.176741 96.462482 89.384250 1
110.133500 182.239000 68.621500 1
110.337014 188.919333 70.157570 1
110.649116 198.327007 71.413070 1
110.906369 207.345129 72.596595 1
111.375312 230.240343 77.347957 1
110.801943 237.211991 78.287646 1
110.433751 255.187833 77.692367 1
107.323474 217.242755 73.445215 1
94.860846 220.213030 74.846461 1
93.639594 213.985489 76.280517 1
90.082530 195.846932 80.457399 1
91.754455 189.033369 82.478159 1
95.109653 175.359992 86.533393 1
95.109653 175.359992 86.533393 1
114.976145 217.019119 73.767549 1
126.217389 223.183501 75.085861 1
126.045225 217.324298 77.909040 1
125.543769 200.258574 86.131930 1
124.665153 193.784154 89.389766 1
122.901960 180.791381 95.927543 1
122.901960 180.791381 95.927543 1
104.096837 181.554676 67.198414 1
103.130002 164.702213 70.391901 1
101.932724 143.833020 74.346539 1
101.662525 122.523693 73.162636 1
101.437631 104.787269 72.177236 1
99.268609 98.257978 85.338162 1
99.093798 97.321374 92.514946 1
116.206016 181.039781 67.833338 1
117.763015 164.302590 71.380773 1
119.691102 143.576363 75.773673 1
120.481918 122.350573 72.187065 1
121.126867 105.039906 69.262010 1
123.103713 97.819553 82.087955 1
123.133234 96.479660 89.202639 1
110.063400 182.572400 69.776600 1
110.227530 189.290446 71.143607 1
110.493278 198.730794 72.137187 1
110.723124 207.783817 73.022276 1
111.168295 230.844491 76.894397 1
110.586053 237.818489 77.810905 1
110.224277 255.788864 77.065530 1
107.127703 217.701780 73.498982 1
94.652570 220.695723 74.728004 1
93.444153 214.442631 76.057972 1
89.924474 196.229654 79.931685 1
91.346912 189.441468 82.212175 1
94.201442 175.819016 86.788634 1
94.201442 175.819016 86.788634 1
114.781276 217.500993 73.814867 1
125.984357 223.807009 74.724944 1
126.077347 217.920947 77.495481 1
126.348189 200.776996 85.565045 1
125.544004 194.284627 88.806343 1
123.930180 181.255835 95.310931 1
123.930180 181.255835 95.310931 1
104.030938 181.816886 68.371833 1
103.043742 164.877722 71.060479 1
101.821252 143.901164 74.389950 1
101.595870 122.594019 73.158339 1
101.408279 104.859412 72.133231 1
99.112292 98.317942 85.266542 1
98.865438 97.375744 92.440478 1
116.142905 181.389422 69.018344 1
117.662554 164.521418 71.899875 1
119.544388 143.633202 75.468166 1
120.388580 122.401559 71.928680 1
121.077059 105.086117 69.042056 1
122.996171 97.876075 81.882560 1
122.989655 96.540282 88.998074 1
110.063400 182.848100 70.862200 1
110.184419 189.600441 72.053431 1
110.397811 199.065995 72.785380 1
110.593753 208.142719 73.392119 1
110.992034 231.321758 76.483990 1
110.441650 238.299867 77.388825 1
110.093807 256.261206 76.445361 1
106.979532 218.064349 73.529843 1
94.501559 221.106222 74.602375 1
93.342361 214.818659 75.807800 1
89.966040 196.505279 79.318765 1
91.127654 189.734604 81.791019 1
93.458766 176.147291 86.752306 1
93.458766 176.147291 86.752306 1
114.633096 217.888720 73.860591 1
125.799825 224.303395 74.369744 1
126.129029 218.388618 77.059966 1
127.087878 201.161031 84.895599 1
126.387976 194.636226 88.095699 1
124.983425 181.542342 94.517610 1
124.983425 181.542342 94.517610 1
104.035742 182.017369 69.479449 1
103.023036 165.013688 71.712813 1
101.768955 143.957236 74.478486 1
101.568778 122.653826 73.179741 1
101.402165 104.922328 72.098753 1
98.964516 98.377638 85.204903 1
98.640054 97.433743 92.375524 1
116.150300 181.684909 70.133221 1
117.642802 164.716263 72.364713 1
119.491020 143.703416 75.128038 1
120.346939 122.461284 71.654920 1
121.044982 105.137289 68.822422 1
122.916054 97.939636 81.676960 1
122.882835 96.610666 88.793677 1
110.065100 183.060200 71.879800 1
110.162996 189.843917 72.879488 1
110.344981 199.327100 73.342236 1
110.512981 208.418027 73.689018 1
110.845600 231.677573 76.111631 1
110.335564 238.660703 77.001240 1
110.021319 256.610014 75.841793 1
106.870920 218.329312 73.540270 1
94.404058 221.475512 74.424516 1
93.309187 215.148963 75.476314 1
90.120227 196.722032 78.539815 1
91.087644 189.994734 81.206460 1
93.029043 176.494470 86.557850 1
93.029043 176.494470 86.557850 1
114.524876 218.184792 73.876939 1
125.644486 224.698486 74.047735 1
126.142389 218.754011 76.644956 1
127.592594 201.439923 84.209712 1
127.037932 194.873122 87.351855 1
125.924844 181.694962 93.657459 1
125.924844 181.694962 93.657459 1
104.038117 182.168482 70.532548 1
103.019726 165.115683 72.350124 1
101.758605 143.998406 74.600907 1
101.576938 122.700351 73.214573 1
101.425731 104.973310 72.060684 1
98.884107 98.436301 85.150906 1
98.503057 97.496486 92.319279 1
116.154989 181.899329 71.172410 1
117.636314 164.856659 72.752023 1
119.470690 143.752148 74.708105 1
120.326062 122.497045 71.315133 1
121.023659 105.162472 68.547997 1
122.904957 97.970019 81.403953 1
122.876501 96.643567 88.521160 1
110.031100 183.236100 72.776000 1
110.119528 190.037848 73.645591 1
110.286556 199.528987 73.907098 1
110.439956 208.626037 74.023653 1
110.724154 231.947462 75.760474 1
110.266276 238.929997 76.682534 1
109.971657 256.868050 75.355770 1
106.785258 218.522840 73.558046 1
94.321435 221.729221 74.247506 1
93.299631 215.380295 75.236093 1
90.323488 196.888190 78.115487 1
91.089110 190.156019 80.834887 1
92.625553 176.645978 86.292144 1
92.625553 176.645978 86.292144 1
114.436981 218.400423 73.949750 1
125.556934 224.914933 73.845196 1
126.167629 218.955330 76.382995 1
127.946356 201.597178 83.774678 1
127.610034 194.998973 86.881793 1
126.935108 181.757791 93.117103 1
126.935108 181.757791 93.117103 1
104.005808 182.310609 71.444050 1
103.003029 165.215113 72.814132 1
101.761241 144.044963 74.510763 1
101.581367 122.746391 73.132172 1
101.431653 105.018918 71.984726 1
98.810224 98.497768 85.067118 1
98.387231 97.565962 92.234184 1
116.122798 182.070109 72.093024 1
117.572794 164.983708 73.139221 1
119.368375 143.825044 74.434754 1
120.256465 122.559490 71.116504 1
120.980745 105.216392 68.410308 1
122.828896 98.079663 81.302076 1
122.778372 96.782519 88.424561 1
109.985800 183.348200 73.505600 1
110.079582 190.164830 74.248933 1
110.247723 199.659249 74.324682 1
110.387739 208.756910 74.244651 1
110.598660 232.113663 75.429450 1
110.175324 239.103620 76.310892 1
109.858715 257.028293 74.818684 1
106.703229 218.628595 73.541430 1
94.257271 221.940858 74.021184 1
93.335703 215.564205 74.926310 1
90.651510 196.991340 77.562610 1
91.245904 190.250916 80.304290 1
92.438727 176.724311 85.806259 1
92.438727 176.724311 85.806259 1
114.354875 218.539107 73.943404 1
125.490264 225.020467 73.630027 1
126.173343 219.032573 76.081306 1
128.162897 201.592019 83.220988 1
128.059022 194.946117 86.241712 1
127.850565 181.609217 92.303655 1
127.850565 181.609217 92.303655 1
103.961083 182.403599 72.184505 1
102.991735 165.278921 73.156304 1
101.791346 144.072632 74.359723 1
101.585975 122.773895 72.987245 1
101.415038 105.046286 71.844887 1
98.738138 98.559140 84.932951 1
98.289660 97.644075 92.100625 1
116.077145 182.164231 72.850997 1
117.527293 165.054404 73.392284 1
119.323063 143.866730 74.062570 1
120.214512 122.590869 70.811979 1
120.941531 105.239366 68.160962 1
122.798080 98.128295 81.065696 1
122.750895 96.844796 88.190675 1
109.986300 183.407100 74.099600 1
110.073333 190.235000 74.732042 1
110.234182 199.729469 74.647174 1
110.361524 208.824323 74.400505 1
110.517075 232.200345 75.124087 1
110.134738 239.193531 75.998627 1
109.793570 257.103567 74.344839 1
106.658906 218.671920 73.486308 1
94.217892 222.019407 73.830715 1
93.399217 215.621996 74.686961 1
91.014718 196.988673 77.180893 1
91.426398 190.221764 79.890672 1
92.252551 176.642011 85.328622 1
92.252551 176.642011 85.328622 1
114.308902 218.607498 73.922999 1
125.483249 225.011355 73.445828 1
126.208080 218.990196 75.801782 1
128.319243 201.452756 82.663814 1
128.417363 194.755831 85.569868 1
128.614270 181.316539 91.401691 1
128.614270 181.316539 91.401691 1
103.969559 182.438276 72.759833 1
103.008749 165.301304 73.494463 1
101.818934 144.079791 74.404184 1
101.589012 122.787157 72.943728 1
101.397640 105.064627 71.728144 1
98.591536 98.618639 84.809477 1
98.078793 97.723598 91.975369 1
116.081712 182.215411 73.499102 1
117.510315 165.095361 73.570347 1
119.279404 143.895028 73.658565 1
120.180880 122.605102 70.504250 1
120.916077 105.242129 67.931750 1
122.695270 98.137840 80.851108 1
122.605819 96.858254 87.976386 1
109.988100 183.505200 74.578900 1
110.071008 190.341409 75.114772 1
110.220924 199.833739 74.888527 1
110.313874 208.923702 74.491816 1
110.310519 232.309514 74.791746 1
110.084196 239.305994 75.693792 1
109.737985 257.200355 73.879178 1
106.549664 218.727935 73.383645 1
94.157176 222.261770 73.587027 1
93.444503 215.854678 74.465384 1
91.368748 197.193154 77.023717 1
91.633378 190.371635 79.612209 1
92.164435 176.682292 84.806761 1
92.164435 176.682292 84.806761 1
114.197974 218.723008 73.853331 1
125.487950 224.909273 73.245316 1
126.245250 218.849789 75.490176 1
128.450985 201.200721 82.028633 1
128.667582 194.454064 84.810590 1
129.102246 180.914970 90.393380 1
129.102246 180.914970 90.393380 1
103.982232 182.517578 73.204519 1
103.007050 165.374206 73.745327 1
101.799437 144.144769 74.415030 1
101.547207 122.856846 72.890970 1
101.337268 105.138237 71.622446 1
98.361696 98.744055 84.691749 1
97.763192 97.874633 91.854145 1
116.087990 182.304906 74.044664 1
117.481715 165.182708 73.871629 1
119.207614 143.979714 73.657346 1
120.237040 122.698995 70.480147 1
121.076587 105.343531 67.888984 1
122.725352 98.275884 80.845689 1
122.551827 97.011477 87.972124 1
110.027200 183.526100 74.918200 1
110.088556 190.365782 75.410910 1
110.213146 199.856121 75.101142 1
110.269373 208.939995 74.578158 1
110.118653 232.326793 74.432789 1
110.113135 239.295125 75.554378 1
109.723584 257.171328 73.576895 1
106.457426 218.697271 73.242149 1
94.058429 222.206691 73.470116 1
93.416412 215.801654 74.415405 1
91.546454 197.146119 77.168686 1
91.743851 190.259511 79.585107 1
92.139985 176.439545 84.434349 1
92.139985 176.439545 84.434349 1
114.099917 218.749967 73.796067 1
125.596575 224.537790 73.139486 1
126.378380 218.432040 75.246341 1
128.655490 200.648216 81.382844 1
128.880166 193.851353 84.039113 1
129.331041 180.211508 89.369672 1
129.331041 180.211508 89.369672 1
104.041604 182.516279 73.473322 1
103.034324 165.371114 73.882413 1
101.786962 144.139456 74.389003 1
101.507132 122.854082 72.834456 1
101.274220 105.137595 71.540557 1
98.062798 98.810545 84.586685 1
97.343746 97.974481 91.741962 1
116.136007 182.335987 74.470000 1
117.514960 165.218681 73.981713 1
119.222567 144.021747 73.377045 1
120.251610 122.730290 70.272494 1
121.090845 105.366068 67.740580 1
122.548131 98.262962 80.700845 1
122.273567 96.980796 87.820929 1
110.064500 183.492000 75.194000 1
110.115598 190.335823 75.626733 1
110.238962 199.822571 75.221284 1
110.293825 208.898974 74.581479 1
110.120243 232.280455 74.069234 1
110.208773 239.205731 75.428778 1
109.732018 257.075066 73.408785 1
106.484191 218.629695 73.058311 1
94.018212 221.881210 73.419085 1
93.404515 215.482514 74.424227 1
91.617040 196.845445 77.351836 1
91.849557 189.908475 79.616304 1
92.316167 175.987444 84.160609 1
92.316167 175.987444 84.160609 1
114.121224 218.700039 73.681242 1
125.751573 224.200373 72.916754 1
126.499540 218.053670 74.913962 1
128.678089 200.150566 80.731100 1
128.846226 193.315073 83.290659 1
129.183641 179.597704 88.427142 1
129.183641 179.597704 88.427142 1
104.101210 182.465964 73.670453 1
103.067392 165.321757 74.052633 1
101.787166 144.091287 74.525898 1
101.485644 122.812705 72.884831 1
101.234677 105.101871 71.518918 1
97.783980 98.837293 84.534064 1
96.942418 98.032014 91.679504 1
116.179754 182.301445 74.846114 1
117.554923 165.192168 74.122486 1
119.257843 144.005175 73.226386 1
120.284184 122.710184 70.145268 1
121.121214 105.343080 67.632464 1
122.388343 98.186147 80.583100 1
122.014198 96.876407 87.693622 1
110.083600 183.471400 75.311400 1
110.136248 190.317108 75.713006 1
110.267129 199.801248 75.252598 1
110.317968 208.871822 74.534587 1
110.093999 232.245483 73.754874 1
110.238654 239.138888 75.263416 1
109.681006 257.019203 73.364951 1
106.492673 218.575798 72.885266 1
94.001278 221.726412 73.261847 1
93.434751 215.331265 74.316073 1
91.784665 196.704535 77.386648 1
92.124664 189.753655 79.594156 1
92.806970 175.804709 84.024157 1
92.806970 175.804709 84.024157 1
114.126962 218.670721 73.537869 1
125.789014 224.084106 72.646286 1
126.437917 217.898002 74.554501 1
128.327931 199.880136 80.112437 1
128.399875 193.009200 82.579956 1
128.544252 179.220706 87.531734 1
128.544252 179.220706 87.531734 1
104.137892 182.443820 73.721617 1
103.090824 165.300066 74.087727 1
101.794192 144.070157 74.541092 1
101.456239 122.792005 72.901552 1
101.174951 105.081529 71.536910 1
97.558968 98.870770 84.532963 1
96.634669 98.091821 91.671096 1
116.201396 182.273583 75.041982 1
117.540354 165.168074 74.175474 1
119.198434 143.985747 73.102440 1
120.262758 122.685778 70.068991 1
121.130766 105.314614 67.595063 1
122.199592 98.149357 80.558973 1
121.717184 96.835255 87.662166 1
110.109000 183.426400 75.251500 1
110.156132 190.272807 75.641721 1
110.287313 199.755741 75.157197 1
110.340120 208.823003 74.398645 1
110.119740 232.191232 73.469400 1
110.229571 239.060262 75.088042 1
109.648516 256.957222 73.361190 1
106.519551 218.516485 72.678191 1
94.015256 221.618182 73.032045 1
93.493452 215.219707 74.089161 1
91.973629 196.583285 77.168155 1
92.418270 189.647584 79.404619 1
93.310569 175.729099 83.892727 1
93.310569 175.729099 83.892727 1
114.152237 218.615132 73.348752 1
125.770635 224.106982 72.371239 1
126.282978 217.883291 74.197007 1
127.775242 199.755951 79.514803 1
127.660204 192.858923 81.906740 1
127.429347 179.018069 86.706841 1
127.429347 179.018069 86.706841 1
104.175296 182.393746 73.620687 1
103.078766 165.257227 74.146029 1
101.720882 144.036275 74.796578 1
101.409314 122.765275 73.061771 1
101.149987 105.060752 71.617836 1
97.414069 98.835147 84.572797 1
96.423670 98.048104 91.701170 1
116.229036 182.230541 75.028224 1
117.605536 165.125885 74.204766 1
119.310104 143.944615 73.185044 1
120.296520 122.638867 70.165875 1
121.100990 105.262990 67.703594 1
122.127973 98.069057 80.654999 1
121.632080 96.743082 87.755056 1
110.141500 183.401200 75.047600 1
110.177457 190.247116 75.447498 1
110.295550 199.730686 74.972149 1
110.339421 208.798002 74.213661 1
110.106244 232.165225 73.262506 1
110.179147 239.022878 74.930714 1
109.602463 256.934848 73.365597 1
106.510482 218.488092 72.492706 1
94.001250 221.573922 72.808746 1
93.531433 215.169003 73.851113 1
92.163028 196.513809 76.887147 1
92.677084 189.591616 79.150425 1
93.708684 175.700241 83.692341 1
93.708684 175.700241 83.692341 1
114.144645 218.590847 73.145603 1
125.725555 224.160813 72.165230 1
126.141169 217.918343 73.951027 1
127.351699 199.736302 79.152404 1
127.103871 192.829488 81.505716 1
126.606532 178.968993 86.228306 1
126.606532 178.968993 86.228306 1
104.211617 182.361625 73.407311 1
103.118873 165.227875 74.023087 1
101.765677 144.010353 74.785626 1
101.464118 122.734567 73.108711 1
101.213121 105.026060 71.712961 1
97.470920 98.802908 84.667287 1
96.475161 98.017981 91.795147 1
116.263685 182.215164 74.830926 1
117.619887 165.103877 74.119132 1
119.299321 143.914395 73.237687 1
120.272972 122.608219 70.217396 1
121.067031 105.231992 67.754200 1
122.055457 98.045596 80.712787 1
121.540994 96.724786 87.812485 1
110.173000 183.397100 74.781700 1
110.191933 190.243474 75.174883 1
110.288593 199.726981 74.693476 1
110.318120 208.794482 73.936517 1
110.070212 232.162489 73.008642 1
110.131392 239.002140 74.749644 1
109.608202 256.927958 73.331146 1
106.478092 218.484373 72.239313 1
93.981607 221.624351 72.524854 1
93.543583 215.217641 73.570059 1
92.267778 196.557232 76.614359 1
92.796846 189.655561 78.936095 1
93.858574 175.805368 83.595324 1
93.858574 175.805368 83.595324 1
114.114615 218.590172 72.863489 1
125.665079 224.224804 71.893529 1
126.074066 217.992502 73.715997 1
127.265291 199.840080 79.024183 1
127.000014 192.947282 81.416369 1
126.467661 179.114916 86.216970 1
126.467661 179.114916 86.216970 1
104.242221 182.340426 73.155639 1
103.139498 165.209087 73.818894 1
101.773945 143.994552 74.640228 1
101.520769 122.708071 73.096299 1
101.310042 104.990663 71.811238 1
97.571399 98.802726 84.783448 1
96.570774 98.039902 91.913025 1
116.297770 182.226865 74.552531 1
117.643654 165.110824 73.942744 1
119.310311 143.915456 73.187618 1
120.258532 122.602454 70.207665 1
121.031853 105.220661 67.777366 1
122.026396 98.063692 80.751762 1
121.518041 96.760111 87.855083 1
110.211300 183.379100 74.514700 1
110.227889 190.225930 74.899957 1
110.319622 199.709153 74.412026 1
110.345279 208.776869 73.657498 1
110.092761 232.145950 72.758365 1
110.126554 238.967257 74.570620 1
109.666512 256.907939 73.329196 1
106.501500 218.468264 71.977460 1
94.006628 221.615689 72.251313 1
93.551649 215.215408 73.328177 1
92.226462 196.573721 76.464689 1
92.750086 189.677403 78.803500 1
93.800888 175.837951 83.496996 1
93.800888 175.837951 83.496996 1
114.138877 218.574398 72.591045 1
125.652950 224.281640 71.612959 1
126.101399 218.079069 73.525354 1
127.407564 200.013241 79.095462 1
127.124686 193.161283 81.600303 1
126.557009 179.410873 86.626980 1
126.557009 179.410873 86.626980 1
104.277384 182.317773 72.903180 1
103.156530 165.190403 73.634977 1
101.768525 143.980781 74.541189 1
101.513007 122.691664 73.034440 1
101.300331 104.972062 71.780325 1
97.578387 98.808825 84.769085 1
96.587026 98.059534 91.901391 1
116.336091 182.211472 74.273124 1
117.695204 165.094501 73.721590 1
119.378242 143.897980 73.038599 1
120.303031 122.572089 70.144734 1
121.057242 105.179785 67.784645 1
122.093072 98.058473 80.775420 1
121.608644 96.774943 87.884063 1
110.250000 183.359600 74.261400 1
110.284138 190.207850 74.619286 1
110.391167 199.689498 74.104601 1
110.422130 208.756919 73.346738 1
110.166869 232.127825 72.497153 1
110.131050 238.935074 74.361480 1
109.723064 256.888255 73.294861 1
106.572225 218.451871 71.701609 1
94.066492 221.552345 72.012768 1
93.590001 215.156503 73.106576 1
92.202157 196.527750 76.292439 1
92.734850 189.637884 78.648160 1
93.803853 175.811382 83.375591 1
93.803853 175.811382 83.375591 1
114.211904 218.556560 72.286100 1
125.676616 224.362071 71.306534 1
126.154358 218.190787 73.310843 1
127.545843 200.216085 79.148665 1
127.215905 193.409532 81.768885 1
126.553789 179.750239 87.027102 1
126.553789 179.750239 87.027102 1
104.306371 182.305674 72.681118 1
103.166199 165.182206 73.472017 1
101.754271 143.977417 74.451418 1
101.498857 122.686679 72.967750 1
101.286269 104.965726 71.732847 1
97.615432 98.820029 84.744442 1
96.651531 98.080599 91.881540 1
116.370917 182.176785 73.996636 1
117.738574 165.058390 73.514813 1
119.432192 143.860106 72.918147 1
120.349241 122.524820 70.091860 1
121.097139 105.124854 67.786884 1
122.222528 98.026008 80.782504 1
121.785443 96.754100 87.896303 1
