62 35
106.121600 140.397200 23.052730 1
106.051236 146.859232 20.758177 1
105.738831 155.639205 17.153669 1
104.946654 164.310544 14.512879 1
102.508479 187.403677 11.729229 1
103.044821 194.362028 12.782475 1
103.589837 212.253128 10.984609 1
99.995269 173.597233 13.640233 1
88.099517 178.450821 12.621959 1
87.377461 174.288282 17.569904 1
85.274373 162.164331 31.981466 1
88.754342 159.168680 37.657686 1
95.737891 153.157053 49.048643 1
95.737891 153.157053 49.048643 1
107.235516 174.064489 11.174920 1
118.737451 178.667456 7.622272 1
118.982308 175.117459 13.069088 1
119.695490 164.777610 28.933678 1
116.852016 162.375219 35.214331 1
111.145768 157.554125 47.818271 1
111.145768 157.554125 47.818271 1
100.177144 138.757800 22.098485 1
96.160792 137.341918 38.741888 1
91.187158 135.588555 59.352189 1
93.034897 114.326109 59.589489 1
94.572829 96.628705 59.787002 1
89.156678 90.246208 72.053840 1
87.112511 89.417440 78.949385 1
112.256958 139.265288 23.157260 1
114.977430 137.592550 40.037517 1
118.346283 135.521135 60.940905 1
116.978796 114.064239 59.616192 1
115.863542 96.565092 58.535823 1
119.542694 90.181318 71.429911 1
120.643375 89.352450 78.537390 1
106.129200 140.391400 23.023090 1
106.035247 146.857292 20.740285 1
105.701334 155.646539 17.160391 1
104.912139 164.330634 14.560947 1
102.538099 187.447455 11.922257 1
103.095406 194.391801 13.054117 1
103.676453 212.298357 11.429776 1
99.985446 173.634094 13.728107 1
88.095288 178.505352 12.729050 1
87.385847 174.334304 17.671651 1
85.319503 162.185568 32.067647 1
88.793115 159.140834 37.721601 1
95.763907 153.030706 49.067874 1
95.763907 153.030706 49.067874 1
107.238141 174.101739 11.299732 1
118.742567 178.724343 7.780808 1
118.987482 175.156246 13.215783 1
119.700832 164.763683 29.045882 1
116.827991 162.285017 35.283384 1
111.062809 157.310858 47.800730 1
111.062809 157.310858 47.800730 1
100.188728 138.734810 22.073735 1
96.185798 137.334139 38.721657 1
91.228784 135.599612 59.337556 1
93.077148 114.337651 59.610735 1
94.615598 96.640651 59.838110 1
89.195382 90.257174 72.102642 1
87.148188 89.428124 78.997255 1
112.268260 139.278832 23.117484 1
114.990754 137.609130 39.997715 1
118.362112 135.541475 60.901072 1
117.024454 114.082208 59.584320 1
115.933528 96.581129 58.510443 1
119.591645 90.197661 71.410667 1
120.679439 89.368516 78.520097 1
106.151000 140.345600 22.979960 1
105.993353 146.813679 20.706882 1
105.602965 155.614339 17.160899 1
104.820584 164.318265 14.626539 1
102.612485 187.476805 12.219777 1
103.205137 194.405761 13.425586 1
103.820307 212.343467 12.208577 1
99.958761 173.660620 13.849767 1
88.084449 178.572645 12.861925 1
87.403368 174.402996 17.809693 1
85.419628 162.258333 32.220738 1
88.882584 159.139585 37.840784 1
95.831994 152.880927 49.119012 1
95.831994 152.880927 49.119012 1
107.236788 174.109819 11.494810 1
118.737701 178.810283 8.068767 1
118.973083 175.216050 13.486916 1
119.658667 164.747361 29.268006 1
116.739804 162.190272 35.452258 1
110.882267 157.058735 47.862742 1
110.882267 157.058735 47.862742 1
100.224407 138.635628 22.038545 1
96.240550 137.271390 38.694067 1
91.307155 135.581980 59.319375 1
93.074799 114.312775 59.561091 1
94.546064 96.609746 59.762279 1
89.090968 90.227326 72.011887 1
87.024267 89.398832 78.900746 1
112.300223 139.289618 23.061976 1
115.006634 137.593205 39.942130 1
118.358073 135.492473 60.845392 1
117.009513 114.032882 59.545153 1
115.909696 96.531538 58.484744 1
119.526104 90.148186 71.396780 1
120.591238 89.319216 78.509661 1
106.159900 140.307200 22.896150 1
105.912376 146.784364 20.657210 1
105.443291 155.608572 17.179950 1
104.674562 164.342126 14.745299 1
102.714231 187.553463 12.653148 1
103.282986 194.458151 14.001275 1
103.968170 212.416350 13.192312 1
99.910777 173.741014 14.047047 1
88.034903 178.659640 13.112246 1
87.355931 174.448120 18.024714 1
85.378329 162.181501 32.332944 1
88.857773 159.024778 37.921517 1
95.840269 152.689912 49.136585 1
95.840269 152.689912 49.136585 1
107.221163 174.154778 11.787770 1
118.729416 178.907111 8.459322 1
118.962688 175.303821 13.871542 1
119.642125 164.808752 29.635367 1
116.668294 162.164171 35.756311 1
110.700447 156.857056 48.039749 1
110.700447 156.857056 48.039749 1
100.251189 138.528344 21.970094 1
96.273829 137.229259 38.632376 1
91.348479 135.620531 59.266057 1
93.054662 114.346485 59.522924 1
94.474772 96.639427 59.736723 1
88.974809 90.256269 71.965867 1
86.882833 89.427372 78.847043 1
112.322072 139.327527 22.947615 1
115.009486 137.623580 39.830045 1
118.337403 135.513517 60.736126 1
117.013998 114.050760 59.462562 1
115.934696 96.546835 58.423908 1
119.469113 90.163438 71.358606 1
120.489082 89.334438 78.478100 1
106.175000 140.259600 22.843510 1
105.824162 146.742912 20.636394 1
105.266534 155.590219 17.231659 1
104.518853 164.357122 14.913080 1
102.867354 187.624141 13.208804 1
103.439458 194.499878 14.696282 1
104.161523 212.471565 14.352916 1
99.878621 173.824371 14.313292 1
88.014920 178.781345 13.427781 1
87.336278 174.522408 18.299244 1
85.359640 162.117682 32.488040 1
88.858815 158.897132 38.027662 1
95.880908 152.434179 49.144495 1
95.880908 152.434179 49.144495 1
107.226418 174.188917 12.169870 1
118.700948 179.150716 9.036367 1
118.902945 175.501099 14.418722 1
119.491290 164.871096 30.095557 1
116.467395 162.131452 36.149799 1
110.399081 156.633567 48.299381 1
110.399081 156.633567 48.299381 1
100.288867 138.399487 21.933456 1
96.341436 137.178527 38.608758 1
91.453150 135.666543 59.258562 1
93.025595 114.382313 59.525109 1
94.334391 96.666778 59.746966 1
88.787791 90.283399 71.954912 1
86.669531 89.454391 78.828029 1
112.350893 139.369285 22.864844 1
114.985724 137.648547 39.753859 1
118.248524 135.517692 60.668092 1
116.927699 114.050377 59.470963 1
115.850501 96.542735 58.494645 1
119.290834 90.160249 71.455134 1
120.259088 89.331766 78.581906 1
106.201500 140.191900 22.755420 1
105.751869 146.677681 20.573617 1
105.107690 155.548797 17.247006 1
104.376170 164.355907 15.080646 1
103.003015 187.675766 13.947155 1
103.658885 194.533394 15.482867 1
104.445845 212.504639 15.672328 1
99.848348 173.886022 14.637892 1
88.077510 179.052138 13.709585 1
87.453976 174.790411 18.585971 1
85.637845 162.377557 32.789105 1
89.128311 158.990603 38.234174 1
96.132925 152.193712 49.161258 1
96.132925 152.193712 49.161258 1
107.239418 174.224328 12.644174 1
118.728538 179.174964 9.546684 1
118.966582 175.536913 14.935391 1
119.659917 164.940597 30.630730 1
116.585822 162.102753 36.614041 1
110.416765 156.407799 48.621279 1
110.416765 156.407799 48.621279 1
100.338858 138.252630 21.859078 1
96.384538 137.097585 38.537444 1
91.487722 135.667228 59.191041 1
92.992336 114.378854 59.512500 1
94.244673 96.659870 59.780061 1
88.639360 90.276594 71.961215 1
86.487883 89.447698 78.824021 1
112.389317 139.388357 22.751834 1
115.042000 137.669539 39.638249 1
118.326908 135.541062 60.549264 1
117.015632 114.071703 59.378596 1
115.946222 96.562392 58.423858 1
119.310110 90.236537 71.432088 1
120.234794 89.438610 78.568127 1
106.209000 140.158800 22.665520 1
105.681381 146.642670 20.495537 1
104.974467 155.531918 17.230639 1
104.272616 164.375255 15.206726 1
103.196044 187.731307 14.639275 1
103.883979 194.559580 16.287632 1
104.774032 212.510333 17.061651 1
99.866486 173.968488 14.930698 1
88.197550 179.360014 13.997689 1
87.621354 175.082468 18.866040 1
85.943103 162.623540 33.045775 1
89.405469 159.043560 38.384252 1
96.353693 151.859308 49.097433 1
96.353693 151.859308 49.097433 1
107.293111 174.265525 13.066754 1
118.707486 179.491585 10.150684 1
118.915138 175.792000 15.498600 1
119.519953 165.016460 31.075128 1
116.409443 162.077153 36.990247 1
110.167311 156.178585 48.860639 1
110.167311 156.178585 48.860639 1
100.366799 138.154765 21.778216 1
96.401001 137.049173 38.457208 1
91.489970 135.680056 59.111582 1
92.943191 114.389303 59.504065 1
94.152752 96.668339 59.830742 1
88.492125 90.284908 71.986209 1
86.309551 89.455897 78.839175 1
112.405494 139.425370 22.647620 1
115.023195 137.711620 39.540009 1
118.264783 135.589420 60.458421 1
116.989888 114.116345 59.316060 1
115.950147 96.604004 58.384409 1
119.261787 90.403096 71.466001 1
120.154786 89.672513 78.613278 1
106.189700 140.160400 22.592530 1
105.622217 146.638463 20.415274 1
104.892784 155.542479 17.195889 1
104.236730 164.422202 15.321443 1
103.449701 187.796538 15.406113 1
104.154880 194.608484 17.113674 1
105.141503 212.515781 18.519404 1
99.950934 174.073508 15.254001 1
88.391421 179.698875 14.339650 1
87.852473 175.379909 19.175590 1
86.282712 162.800340 33.260923 1
89.718212 159.024158 38.480249 1
96.612522 151.446170 48.954317 1
96.612522 151.446170 48.954317 1
107.408250 174.330915 13.510601 1
118.655370 180.015350 10.810114 1
118.816957 176.223815 16.094847 1
119.287603 165.180458 31.487347 1
116.132581 162.135841 37.325118 1
109.801122 156.025939 49.040289 1
109.801122 156.025939 49.040289 1
100.359915 138.119503 21.707590 1
96.381356 137.036079 38.384997 1
91.454522 135.694413 59.037408 1
92.900025 114.404827 59.512927 1
94.103163 96.684834 59.908717 1
88.408895 90.301427 72.048474 1
86.207392 89.472414 78.895381 1
112.390584 139.465045 22.575336 1
115.009214 137.763335 39.468798 1
118.251954 135.656042 60.388538 1
116.991672 114.180032 59.285829 1
115.963850 96.665297 58.386515 1
119.272026 90.594679 71.529948 1
120.159712 89.933968 78.684684 1
106.147100 140.175600 22.429710 1
105.600714 146.645506 20.223003 1
104.909401 155.560040 17.024381 1
104.311942 164.472481 15.290922 1
103.732015 187.840361 16.060366 1
104.465454 194.636517 17.818197 1
105.551325 212.481006 19.822176 1
100.113847 174.161238 15.446734 1
88.707047 180.093056 14.551432 1
88.208362 175.727367 19.349590 1
86.755872 163.011711 33.324877 1
90.166413 159.021035 38.398958 1
97.010636 151.012606 48.581550 1
97.010636 151.012606 48.581550 1
107.598972 174.400428 13.824092 1
118.678741 180.491646 11.326309 1
118.810419 176.613070 16.548335 1
119.193951 165.316193 31.758193 1
115.982152 162.154871 37.502217 1
109.536751 155.810766 49.029258 1
109.536751 155.810766 49.029258 1
100.315249 138.144166 21.536645 1
96.345798 137.043992 38.215126 1
91.430242 135.681584 58.868866 1
92.856494 114.394065 59.476659 1
94.043608 96.675792 59.982544 1
88.366177 90.292197 72.130085 1
86.174111 89.463100 78.980009 1
112.346403 139.466089 22.433486 1
114.994673 137.800555 39.325933 1
118.274116 135.738061 60.244417 1
117.088635 114.254229 59.213452 1
116.121816 96.733116 58.372650 1
119.453384 90.750332 71.550405 1
120.360044 90.139529 78.707196 1
106.054700 140.148700 22.348590 1
105.566277 146.627420 20.154186 1
104.958223 155.573234 17.026775 1
104.442452 164.523739 15.472468 1
104.019492 187.857308 17.006033 1
104.871246 194.642512 18.752793 1
106.072048 212.423530 21.205199 1
100.316500 174.238331 15.823928 1
89.148539 180.603006 14.890817 1
88.706761 176.185718 19.647144 1
87.420018 163.319772 33.500592 1
90.825123 159.136916 38.421218 1
97.658435 150.742824 48.295861 1
97.658435 150.742824 48.295861 1
107.849862 174.465812 14.440461 1
118.856234 180.769702 12.154882 1
119.014730 176.792129 17.301146 1
119.476372 165.206907 32.290336 1
116.188344 161.916111 37.917321 1
109.589970 155.312178 49.209489 1
109.589970 155.312178 49.209489 1
100.212209 138.162431 21.424029 1
96.264889 137.049269 38.106900 1
91.376740 135.670778 58.766078 1
92.832283 114.385429 59.380397 1
94.043778 96.668963 59.891715 1
88.408076 90.285727 72.058861 1
86.239730 89.456762 78.916347 1
112.248515 139.393393 22.379300 1
114.913502 137.797586 39.275848 1
118.213647 135.821438 60.199411 1
117.168556 114.327826 59.221792 1
116.316232 96.798737 58.424495 1
119.666324 90.849054 71.612536 1
120.600517 90.262133 78.767785 1
105.959200 140.075900 22.265830 1
105.533159 146.590845 20.167793 1
105.007616 155.591781 17.187027 1
104.553541 164.574147 15.807046 1
104.174884 187.866573 17.882067 1
105.152844 194.625663 19.663623 1
106.445015 212.345430 22.485141 1
100.454576 174.294781 16.284620 1
89.451929 180.941934 15.357139 1
89.035081 176.448903 20.044266 1
87.820951 163.362346 33.696160 1
91.217741 158.976021 38.442269 1
98.034368 150.173609 47.966693 1
98.034368 150.173609 47.966693 1
108.021264 174.523579 15.097114 1
119.042225 180.864610 12.991676 1
119.259672 176.797109 18.064978 1
119.893017 164.949962 32.841658 1
116.518845 161.496456 38.318126 1
109.747599 154.566002 49.308237 1
109.747599 154.566002 49.308237 1
100.105552 138.151040 21.283745 1
96.194748 137.045962 37.975751 1
91.351818 135.677481 58.646241 1
92.808529 114.394211 59.326301 1
94.020995 96.679475 59.892336 1
88.449711 90.296139 72.089060 1
86.317532 89.467162 78.957876 1
112.146561 139.270296 22.314196 1
114.810677 137.779137 39.220438 1
118.109744 135.932578 60.156005 1
117.261511 114.426617 59.263030 1
116.569735 96.887455 58.534764 1
119.940691 91.018815 71.753765 1
120.893547 90.478263 78.910206 1
105.904000 139.896700 22.203030 1
105.536544 146.468974 20.280018 1
105.087183 155.543850 17.519093 1
104.683119 164.553895 16.315244 1
104.303763 187.811510 18.749504 1
105.418660 194.522456 20.629890 1
106.794100 212.195931 23.692125 1
100.591887 174.273762 16.868701 1
89.693447 181.097894 15.997869 1
89.276127 176.485939 20.567986 1
88.060623 163.053000 33.879070 1
91.465503 158.459860 38.419273 1
98.298366 149.242416 47.530488 1
98.298366 149.242416 47.530488 1
108.179976 174.506505 15.827538 1
119.286639 180.748201 13.881677 1
119.585131 176.591021 18.877575 1
120.454530 164.482669 33.428804 1
116.980343 160.862813 38.732586 1
110.008388 153.598528 49.376153 1
110.008388 153.598528 49.376153 1
100.039402 138.045061 21.148183 1
96.135957 136.968641 37.843784 1
91.302139 135.635648 58.518725 1
92.832329 114.360117 59.275266 1
94.105954 96.651822 59.904959 1
88.602357 90.268573 72.132420 1
86.508332 89.439627 79.012967 1
112.084695 139.041495 22.252037 1
114.758262 137.695447 39.168960 1
118.069032 136.028583 60.117753 1
117.318449 114.516931 59.275879 1
116.706311 96.973129 58.589289 1
120.137398 91.117904 71.798765 1
121.119836 90.583630 78.951676 1
105.874200 139.684900 22.194280 1
105.545845 146.325360 20.513726 1
105.148399 155.487860 18.050269 1
104.777792 164.526175 17.067949 1
104.349315 187.738099 19.897995 1
105.663471 194.389398 21.859846 1
107.124791 212.024278 25.099660 1
100.678389 174.238318 17.692029 1
89.919992 181.288186 16.880008 1
89.513393 176.561479 21.332330 1
88.329114 162.794310 34.300322 1
91.720656 157.952833 38.585310 1
98.526751 148.237028 47.184363 1
98.526751 148.237028 47.184363 1
108.289517 174.482857 16.838674 1
119.548263 180.477140 14.991426 1
119.983919 176.246088 19.914702 1
121.252826 163.922576 34.254410 1
117.670272 160.135979 39.366203 1
110.480847 152.537080 49.624488 1
110.480847 152.537080 49.624488 1
100.001463 137.905580 21.063018 1
96.111822 136.890769 37.765697 1
91.295099 135.634071 58.449404 1
92.746233 114.353182 59.211006 1
93.954058 96.640428 59.844912 1
88.507613 90.257020 72.097855 1
86.445701 89.427999 78.988085 1
112.050058 138.794494 22.221316 1
114.713572 137.596387 39.150945 1
118.011892 136.112724 60.115472 1
117.332581 114.597653 59.300883 1
116.778569 97.051063 58.636545 1
120.251608 91.205976 71.839545 1
121.246886 90.673890 78.990845 1
105.874000 139.473400 22.212900 1
105.556963 146.183068 20.831732 1
105.180787 155.436457 18.731424 1
104.822678 164.499651 18.007743 1
104.308415 187.654735 21.257935 1
105.863553 194.219714 23.331158 1
107.411794 211.815178 26.740469 1
100.702290 174.197438 18.711743 1
90.095666 181.484642 18.005133 1
89.722260 176.616622 22.305504 1
88.634662 162.437857 34.830921 1
92.082014 157.357826 38.782202 1
99.000108 147.163292 46.711576 1
99.000108 147.163292 46.711576 1
108.331875 174.459774 18.050004 1
119.768197 180.165969 16.390790 1
120.324901 175.789278 21.172515 1
121.946377 163.041573 35.099939 1
118.249816 159.110447 40.017775 1
110.831602 151.221507 49.886831 1
110.831602 151.221507 49.886831 1
99.996178 137.758106 21.011338 1
96.118133 136.807965 37.720517 1
91.315770 135.631351 58.412272 1
92.854220 114.358504 59.225412 1
94.134720 96.652443 59.902214 1
88.758479 90.269047 72.186129 1
86.736040 89.440027 79.088048 1
112.048063 138.570482 22.191417 1
114.682564 137.511198 39.134835 1
117.944957 136.199444 60.116438 1
117.319514 114.682597 59.305641 1
116.809434 97.134557 58.644396 1
120.276777 91.296102 71.851826 1
121.261567 90.765105 79.004659 1
105.964700 139.252900 22.202920 1
105.628426 146.019283 21.139546 1
105.235704 155.352464 19.432061 1
104.873192 164.434194 19.002863 1
104.280520 187.507144 22.780939 1
106.114083 193.953654 24.993676 1
107.747605 211.503503 28.593013 1
100.738602 174.116568 19.825713 1
90.278926 181.627745 19.296065 1
89.943386 176.589236 23.398636 1
88.966077 161.913898 35.347929 1
92.501580 156.640803 38.953239 1
99.596575 146.058831 46.188324 1
99.596575 146.058831 46.188324 1
108.383029 174.387372 19.371091 1
120.006986 179.743381 17.854548 1
120.720868 175.236086 22.491887 1
122.800146 162.107980 35.998763 1
118.989307 158.053104 40.725169 1
111.341761 149.915825 50.210066 1
111.341761 149.915825 50.210066 1
100.087300 137.581859 20.938577 1
96.205959 136.683772 37.649869 1
91.399515 135.571618 58.344241 1
92.920508 114.298465 59.181857 1
94.186478 96.592149 59.879031 1
88.850830 90.208917 72.180716 1
86.851228 89.379977 79.089296 1
112.140705 138.366818 22.121681 1
114.726529 137.367806 39.076255 1
117.928643 136.130688 60.071673 1
117.331400 114.614249 59.229369 1
116.844318 97.066544 58.542429 1
120.254924 91.217757 71.760058 1
121.205115 90.679847 78.917052 1
105.999300 139.176500 22.231290 1
105.622403 145.989244 21.544082 1
105.186438 155.394294 20.305948 1
104.799095 164.484860 20.235139 1
104.104699 187.436275 24.677720 1
106.232721 193.739752 27.034273 1
107.926532 211.222249 30.921962 1
100.639770 174.138296 21.250754 1
90.338873 181.878603 20.963879 1
90.034161 176.665535 24.844770 1
89.146644 161.481770 36.148393 1
92.781020 156.084071 39.458942 1
100.074433 145.252048 46.102504 1
100.074433 145.252048 46.102504 1
108.292216 174.423234 20.974810 1
120.066293 179.483745 19.608988 1
120.935675 174.838563 24.080756 1
123.467868 161.308844 37.105386 1
119.534278 157.130959 41.619319 1
111.640399 148.746828 50.677825 1
111.640399 148.746828 50.677825 1
100.126830 137.544607 20.894953 1
96.243885 136.674075 37.607331 1
91.435454 135.596045 58.303047 1
92.936844 114.323598 59.192370 1
94.186497 96.617870 59.932582 1
88.895205 90.234680 72.253434 1
86.920604 89.405729 79.169199 1
112.179742 138.331143 22.082023 1
114.743639 137.368388 39.042024 1
117.918599 136.176170 60.044163 1
117.268177 114.662264 59.176933 1
116.737725 97.116623 58.469664 1
120.042765 91.256431 71.709042 1
120.943319 90.714893 78.872178 1
106.078000 139.290200 22.263360 1
105.587211 146.118200 21.856758 1
105.024461 155.559450 21.005807 1
104.578130 164.642628 21.305970 1
103.871318 187.396219 26.668868 1
106.163586 193.582223 29.177755 1
107.935065 210.968674 33.443199 1
100.419316 174.251261 22.683918 1
90.218074 182.127668 22.684067 1
89.875308 176.739423 26.314436 1
88.876953 161.045433 36.888378 1
92.586828 155.640668 40.102241 1
100.031751 144.794464 46.551777 1
100.031751 144.794464 46.551777 1
108.073631 174.539420 22.470138 1
119.846229 179.651860 21.298803 1
120.801874 174.866680 25.602179 1
123.585320 160.929197 38.136344 1
119.526441 156.602347 42.391612 1
111.381134 147.919272 50.931033 1
111.381134 147.919272 50.931033 1
100.225365 137.618148 20.890161 1
96.302735 136.737556 37.592742 1
91.445161 135.647067 58.276326 1
92.944579 114.374843 59.174266 1
94.192591 96.669301 59.921651 1
88.855589 90.285979 72.222702 1
86.855204 89.456997 79.131051 1
112.270379 138.552972 22.049556 1
114.765731 137.519119 39.015594 1
117.855812 136.238856 60.025209 1
117.161527 114.728014 59.116948 1
116.595303 97.184873 58.376217 1
119.710071 91.365267 71.679475 1
120.511933 90.847037 78.856050 1
106.066600 139.342200 22.293920 1
105.547703 146.178109 22.124008 1
104.959842 155.642367 21.613852 1
104.519130 164.707371 22.265708 1
103.914681 187.223384 28.562528 1
106.230177 193.304235 31.297008 1
108.013636 210.562362 36.050653 1
100.400186 174.265397 24.054209 1
90.276595 182.233664 24.404573 1
89.896765 176.713656 27.827364 1
88.790456 160.635890 37.796707 1
92.534568 155.153048 40.833753 1
100.048197 144.150161 46.928455 1
100.048197 144.150161 46.928455 1
108.054607 174.535847 23.821909 1
119.679254 180.032838 22.953691 1
120.657011 175.105952 27.088910 1
123.504861 160.755733 39.133297 1
119.305388 156.243325 43.045590 1
110.877939 147.187876 50.896733 1
110.877939 147.187876 50.896733 1
100.219412 137.694688 20.868832 1
96.292843 136.760698 37.567585 1
91.430391 135.604083 58.246431 1
92.892779 114.331400 59.193239 1
94.109970 96.625476 59.981297 1
88.795420 90.242156 72.292066 1
86.807570 89.413201 79.204035 1
112.261700 138.638132 22.049378 1
114.749564 137.539208 39.012426 1
117.830370 136.178367 60.018338 1
117.076792 114.671357 59.067589 1
116.462211 97.131340 58.292205 1
119.497200 91.314273 71.614999 1
120.262198 90.799465 78.795844 1
106.047500 139.459100 22.401230 1
105.514785 146.295041 22.519160 1
104.915803 155.771786 22.416507 1
104.483641 164.798853 23.474210 1
103.941648 186.998515 30.813653 1
106.315518 192.943248 33.786956 1
108.121977 210.024726 39.133042 1
100.393270 174.277448 25.698036 1
90.454901 182.447945 26.456268 1
89.994528 176.763345 29.587343 1
88.653628 160.206181 38.707025 1
92.461922 154.625297 41.473650 1
100.104350 143.425661 47.025675 1
100.104350 143.425661 47.025675 1
108.049083 174.531510 25.494926 1
119.557665 180.310378 24.984664 1
120.581533 175.229778 28.917787 1
123.563690 160.431846 40.373538 1
119.222665 155.684253 43.825972 1
110.511151 146.156839 50.754277 1
110.511151 146.156839 50.754277 1
100.199465 137.860604 20.924723 1
96.258412 136.851349 37.615684 1
91.378022 135.601530 58.284878 1
92.867325 114.328071 59.170316 1
94.106917 96.621502 59.907295 1
88.824551 90.238130 72.231881 1
86.854805 89.409132 79.149025 1
112.243233 138.778707 22.110138 1
114.741024 137.586669 39.065437 1
117.834123 136.110521 60.061754 1
116.999744 114.609484 59.045630 1
116.319265 97.074339 58.216931 1
119.286080 91.239924 71.547493 1
120.022752 90.718549 78.730825 1
106.022100 139.632700 22.572440 1
105.495946 146.455596 23.018571 1
104.907002 155.926668 23.379052 1
104.492147 164.889531 24.891804 1
104.014582 186.677066 33.380705 1
106.418957 192.499860 36.563423 1
108.223038 209.359449 42.573446 1
100.428044 174.248800 27.613469 1
90.615426 182.514621 28.834888 1
90.045566 176.660396 31.615817 1
88.385771 159.609179 39.715654 1
92.242653 153.910090 42.154592 1
99.982588 142.473241 47.049021 1
99.982588 142.473241 47.049021 1
108.084168 174.494970 27.412364 1
119.409293 180.646336 27.339117 1
120.478119 175.377050 31.002788 1
123.591221 160.029542 41.673724 1
119.108734 155.088749 44.640086 1
110.113333 145.173622 50.592946 1
110.113333 145.173622 50.592946 1
100.167279 138.110740 21.042903 1
96.191553 136.993416 37.718749 1
91.268227 135.609770 58.369227 1
92.833853 114.336993 59.130711 1
94.136973 96.630991 59.764518 1
88.900436 90.247627 72.108651 1
86.956289 89.418676 79.033039 1
112.216116 138.962516 22.226321 1
114.711817 137.638394 39.172124 1
117.802329 135.998681 60.156682 1
116.927298 114.503843 59.047845 1
116.213667 96.973752 58.143533 1
119.128771 91.102383 71.469277 1
119.841420 90.562352 78.653654 1
106.013900 139.824400 22.782760 1
105.498639 146.614817 23.590550 1
104.922548 156.053435 24.461530 1
104.516994 164.918501 26.471401 1
104.046223 186.181487 36.200222 1
106.494085 191.854167 39.612600 1
108.387159 208.470956 46.239773 1
100.458822 174.112503 29.715143 1
90.809495 182.472518 31.476893 1
90.096902 176.461449 33.862164 1
88.021376 158.953402 40.809593 1
91.869946 153.096493 42.856224 1
99.593199 141.342932 46.963375 1
99.593199 141.342932 46.963375 1
108.115933 174.356424 29.552560 1
119.269002 180.800235 29.987829 1
120.373195 175.347041 33.360317 1
123.589304 159.463876 43.183148 1
118.988767 154.324534 45.575983 1
109.756466 144.010963 50.377897 1
109.756466 144.010963 50.377897 1
100.154765 138.394048 21.182945 1
96.139677 137.132785 37.839084 1
91.167607 135.570894 58.465156 1
92.810115 114.301260 59.148477 1
94.177225 96.597875 59.717228 1
88.997280 90.214516 72.085217 1
87.085058 89.385500 79.018482 1
112.206432 139.164598 22.392917 1
114.699768 137.685127 39.326213 1
117.787351 135.853041 60.295283 1
116.934147 114.363145 59.078857 1
116.238316 96.837086 58.086801 1
119.133182 90.921100 71.397215 1
119.829159 90.355110 78.581229 1
105.985500 140.030000 23.107310 1
105.466129 146.765065 24.289231 1
104.889153 156.138172 25.699891 1
104.490284 164.863457 28.250136 1
104.049405 185.445207 39.348936 1
106.530572 190.954234 42.997234 1
108.296829 207.311279 50.273786 1
100.448570 173.838648 32.075157 1
91.009422 182.290524 34.435537 1
90.130027 176.119630 36.300201 1
87.568667 158.146066 41.731291 1
91.413329 152.158173 43.364472 1
99.128741 140.141755 46.641919 1
99.128741 140.141755 46.641919 1
108.106931 174.067465 31.955050 1
119.084569 180.743492 32.967606 1
120.274207 175.056188 35.894991 1
123.739192 158.491147 44.421396 1
118.964399 153.280784 46.253581 1
109.382402 142.824687 49.930388 1
109.382402 142.824687 49.930388 1
100.129218 138.688326 21.422482 1
96.060509 137.282161 38.053987 1
91.022038 135.540832 58.649555 1
92.816946 114.279152 59.179969 1
94.310904 96.582386 59.621450 1
89.172643 90.199308 72.006960 1
87.284031 89.370359 78.946701 1
112.178857 139.395052 22.690239 1
114.657387 137.730137 39.608485 1
117.726637 135.668409 60.558916 1
116.811648 114.193380 59.141444 1
116.065428 96.679446 57.985425 1
118.984564 90.660770 71.244401 1
119.662672 90.028828 78.424624 1
105.930600 140.240100 23.538310 1
105.396958 146.879200 25.170901 1
104.808204 156.134444 27.213411 1
104.410168 164.664504 30.355557 1
104.005382 184.429794 42.851782 1
106.449344 189.794428 46.732941 1
108.148822 205.858380 54.650141 1
100.383854 173.359807 34.794115 1
91.106089 181.801832 37.753579 1
90.023315 175.498465 38.947486 1
86.869588 157.139058 42.424907 1
90.861754 151.145033 43.624015 1
98.873173 139.116312 46.030369 1
98.873173 139.116312 46.030369 1
108.042523 173.584566 34.686697 1
118.784144 180.509917 36.348089 1
120.077129 174.579837 38.691717 1
123.843122 157.307678 45.517852 1
118.928831 152.073608 46.843628 1
109.066891 141.569935 49.504181 1
109.066891 141.569935 49.504181 1
100.081437 139.007085 21.748968 1
95.956367 137.457965 38.353867 1
90.848101 135.539606 58.916488 1
92.749218 114.282614 59.213314 1
94.331577 96.589750 59.460371 1
89.235887 90.206622 71.863431 1
87.370799 89.377761 78.809542 1
112.126163 139.643474 23.098065 1
114.621740 137.797206 39.994973 1
117.712099 135.510904 60.918980 1
116.722411 114.052181 59.316783 1
115.915270 96.551545 58.010112 1
118.751701 90.252344 71.156252 1
119.386916 89.468662 78.325431 1
105.938100 140.348000 23.945060 1
105.392733 146.830741 26.114029 1
104.795016 155.893176 28.887656 1
104.394489 164.160564 32.666984 1
103.984444 182.977499 46.550103 1
106.384525 188.186618 50.663536 1
108.026835 203.899032 59.268400 1
100.369953 172.524095 37.704321 1
91.282984 180.929640 41.292765 1
90.042347 174.564824 41.822095 1
86.428824 156.026438 43.363844 1
90.612545 150.128722 44.372306 1
99.008375 138.293270 46.396073 1
99.008375 138.293270 46.396073 1
108.029444 172.737426 37.641402 1
118.591742 179.742531 39.980095 1
120.011435 173.628167 41.691605 1
124.146482 155.819254 46.676611 1
119.068268 150.631804 47.454771 1
108.877370 140.221688 49.016374 1
108.877370 140.221688 49.016374 1
100.095278 139.260605 22.044067 1
95.904058 137.541802 38.615671 1
90.713875 135.413317 59.137060 1
92.964905 114.188865 59.269582 1
94.838507 96.523085 59.379884 1
89.847306 90.139672 71.825213 1
88.040769 89.310628 78.786760 1
112.135506 139.794679 23.475197 1
114.684122 137.816351 40.349227 1
117.840161 135.366513 61.244903 1
116.749423 113.934762 59.370434 1
115.859872 96.456123 57.841713 1
118.607334 90.070431 70.964999 1
119.195606 89.240098 78.132932 1
105.881000 140.777500 24.536380 1
105.313895 147.054921 27.238261 1
104.692777 155.859889 30.740368 1
104.284674 163.809414 35.148535 1
103.883358 181.556775 50.375364 1
106.213406 186.625987 54.698513 1
107.742397 201.968665 63.965941 1
100.265005 171.785230 40.783153 1
91.358566 180.084061 45.014922 1
89.945476 173.737059 44.793583 1
85.829659 155.250558 44.148905 1
90.114761 149.410855 45.065062 1
98.714041 137.691823 46.903593 1
98.714041 137.691823 46.903593 1
107.924779 171.993683 40.742075 1
118.304801 179.013772 43.754817 1
119.852403 172.776473 44.770334 1
124.360004 154.609496 47.728165 1
119.155596 149.499855 48.058546 1
108.711453 139.245889 48.721551 1
108.711453 139.245889 48.721551 1
100.041020 139.831474 22.552838 1
95.708005 137.817619 39.054596 1
90.342233 135.323756 59.489492 1
93.090004 114.157466 59.492131 1
95.377061 96.540097 59.494328 1
90.470776 90.156715 71.973393 1
88.711622 89.327721 78.947070 1
112.080066 140.287397 24.020477 1
114.660516 138.066556 40.859456 1
117.855975 135.316407 61.711730 1
116.728891 113.927638 59.415316 1
115.809698 96.484052 57.542479 1
118.449334 90.100749 70.689038 1
118.978859 89.271760 77.861705 1
105.939900 141.482600 25.249930 1
105.369340 147.491795 28.504438 1
104.738129 155.959813 32.755583 1
104.315848 163.528452 37.788557 1
103.832383 180.091535 54.293608 1
106.172891 185.002506 58.790277 1
107.588793 199.926551 68.734568 1
100.268688 171.071961 43.972105 1
91.630395 179.256757 48.921057 1
90.115828 173.007402 47.930151 1
85.704448 154.805309 45.044008 1
90.084760 148.989026 45.580020 1
98.875105 137.316995 46.655683 1
98.875105 137.316995 46.655683 1
107.928948 171.263391 44.004386 1
118.210550 178.143963 47.616798 1
119.934955 171.875818 47.875714 1
124.957519 153.618999 48.629842 1
119.613458 148.644679 48.654013 1
108.889060 138.662271 48.702520 1
108.889060 138.662271 48.702520 1
100.091218 140.696182 23.222804 1
95.611764 138.248202 39.626478 1
90.064648 135.216743 59.939912 1
93.079460 114.088858 59.647599 1
95.588783 96.503454 59.404298 1
90.771751 90.120154 71.918127 1
89.062566 89.291164 78.904219 1
112.137288 141.062955 24.657428 1
114.690448 138.446777 41.443705 1
117.852113 135.207069 62.230714 1
116.679538 113.864917 59.554728 1
115.723244 96.459350 57.372331 1
118.195532 90.075919 70.551324 1
118.634048 89.246936 77.730131 1
105.966100 142.684200 26.185400 1
105.414728 148.382712 29.960415 1
104.798938 156.462814 34.911249 1
104.374864 163.626561 40.505382 1
103.811832 179.027111 58.097773 1
106.127771 183.766112 62.787543 1
107.472367 198.221179 73.411287 1
100.300898 170.741617 47.161138 1
91.828820 178.668638 52.772674 1
90.190913 172.598372 51.099540 1
85.420287 154.917900 46.226315 1
89.860388 149.122625 46.288558 1
98.770717 137.492752 46.413470 1
98.770717 137.492752 46.413470 1
107.961142 170.910183 47.258734 1
118.198938 177.545678 51.413354 1
120.161617 171.363178 50.908550 1
125.878187 153.355809 49.438244 1
120.437733 148.490716 49.249133 1
109.519895 138.727503 48.869631 1
109.519895 138.727503 48.869631 1
100.102681 142.069372 24.141611 1
95.526248 138.988086 40.411233 1
89.859040 135.172375 60.558663 1
93.108132 114.087630 59.896104 1
95.812454 96.538132 59.344636 1
91.142524 90.154749 71.914060 1
89.515150 89.325799 78.919667 1
112.159130 142.328762 25.510995 1
114.653365 139.132844 42.205515 1
117.742062 135.175223 62.878898 1
116.475243 113.876976 59.911888 1
115.442089 96.507217 57.492146 1
117.733060 90.124063 70.703999 1
118.072453 89.295079 77.888175 1
106.184300 143.907900 27.186270 1
105.544146 149.287810 31.390381 1
104.818544 156.970524 36.924585 1
104.317930 163.738882 42.985291 1
103.607470 178.053192 61.467227 1
105.968893 182.588637 66.332314 1
107.166184 196.540266 77.625646 1
100.188267 170.442418 50.022961 1
91.854842 178.067487 56.229043 1
89.954997 172.286126 53.927588 1
84.421442 155.447126 47.224294 1
88.878666 149.685675 46.731939 1
97.823357 138.123678 45.743891 1
97.823357 138.123678 45.743891 1
107.847423 170.601287 50.194340 1
118.119883 176.930822 54.723873 1
120.222313 170.874834 53.612550 1
126.345927 153.235949 50.375671 1
120.860828 148.433286 49.986381 1
109.853397 138.795357 49.205161 1
109.853397 138.795357 49.205161 1
100.335949 143.375756 25.077150 1
95.721227 139.675879 41.206438 1
90.006602 135.094139 61.180084 1
93.106994 114.006188 60.062963 1
95.687548 96.454022 59.133148 1
91.055681 90.070665 71.716662 1
89.449746 89.241648 78.727206 1
112.383588 143.688527 26.511382 1
114.759809 139.787669 43.072752 1
117.702366 134.957099 63.581251 1
116.299106 113.728592 60.204175 1
115.154679 96.415708 57.450004 1
117.121220 90.032335 70.713922 1
117.284984 89.203408 77.904252 1
106.267300 145.578800 28.464200 1
105.574422 150.718000 32.951552 1
104.779384 158.084245 38.891616 1
104.212995 164.510951 45.308008 1
103.316966 177.797970 64.533991 1
105.719916 182.199063 69.501068 1
106.805913 195.700260 81.339950 1
100.014507 170.828685 52.655064 1
91.810100 178.177572 59.347200 1
90.005798 172.521082 56.686586 1
84.750526 156.045788 48.937193 1
89.271914 150.369922 48.133962 1
98.345368 138.979677 46.522053 1
98.345368 138.979677 46.522053 1
107.671503 170.963605 52.918676 1
118.000931 176.982488 57.733143 1
120.217145 171.061996 56.194828 1
126.672170 153.817761 51.714278 1
121.186773 149.039163 51.098771 1
110.178745 139.449525 49.863580 1
110.178745 139.449525 49.863580 1
100.435629 145.138049 26.288854 1
95.822007 140.649073 42.216887 1
90.108744 135.090153 61.941311 1
93.162854 114.020631 60.421541 1
95.704887 96.483804 59.156589 1
91.147007 90.100460 71.767097 1
89.582231 89.271466 78.786945 1
112.471887 145.422894 27.821112 1
114.623333 140.695369 44.196822 1
117.287542 134.841108 64.475412 1
116.063534 113.694898 60.555856 1
115.065296 96.449132 57.359266 1
116.711597 90.065727 70.666711 1
116.701758 89.236693 77.858887 1
106.336700 147.309500 29.799900 1
105.620222 152.259159 34.491949 1
104.787730 159.373174 40.726990 1
104.173977 165.526816 47.401527 1
103.111067 177.994098 67.160658 1
105.495137 182.317697 72.204303 1
106.453711 195.417653 84.496296 1
99.913393 171.536394 54.968078 1
91.722044 178.634651 61.940859 1
90.065818 172.983533 59.174629 1
85.241838 156.523884 51.117615 1
89.773222 150.925481 49.922618 1
98.866738 139.690686 47.524517 1
98.866738 139.690686 47.524517 1
107.567691 171.647784 55.309546 1
117.925276 177.418140 60.361925 1
120.212083 171.598276 58.564723 1
126.872719 154.647133 53.330128 1
121.440045 149.850466 52.446123 1
110.537820 140.224568 50.672113 1
110.537820 140.224568 50.672113 1
100.513092 146.949469 27.588399 1
95.929205 141.625556 43.265853 1
90.252764 135.032696 62.679973 1
93.229454 113.989956 60.703996 1
95.707047 96.475421 59.059329 1
91.234440 90.092039 71.700313 1
89.717086 89.263033 78.730562 1
112.543658 147.189607 29.172150 1
114.621693 141.598489 45.283117 1
117.194995 134.674813 65.233866 1
115.972313 113.618650 60.855929 1
114.975155 96.446321 57.285506 1
116.422981 90.062982 70.616037 1
116.305909 89.233961 77.807267 1
106.435800 148.986400 31.078620 1
105.688606 153.796528 35.908957 1
104.811226 160.726153 42.342347 1
104.146611 166.685558 49.186119 1
102.922242 178.586672 69.282153 1
105.252429 182.865128 74.389079 1
106.141826 195.730132 86.931864 1
99.823948 172.477541 56.885978 1
91.567927 179.351781 64.005392 1
90.066228 173.658454 61.237509 1
85.692326 157.075867 53.175680 1
90.235850 151.557770 51.688879 1
99.353728 140.484134 48.705190 1
99.353728 140.484134 48.705190 1
107.475242 172.579763 57.291602 1
117.868705 178.171529 62.469557 1
120.139769 172.380757 60.561817 1
126.754550 155.514349 55.005268 1
121.378057 150.702292 53.891331 1
110.588574 141.045511 51.655898 1
110.588574 141.045511 51.655898 1
100.620906 148.673727 28.837188 1
96.030061 142.551677 44.218452 1
90.345005 134.970446 63.265786 1
93.231259 113.954275 60.909482 1
95.633579 96.461854 58.948256 1
91.202815 90.078401 71.603931 1
89.708714 89.249360 78.639155 1
112.645203 148.902382 30.469503 1
114.725814 142.476685 46.265818 1
117.302306 134.519522 65.826923 1
115.969095 113.542354 61.114782 1
114.881795 96.434450 57.271800 1
116.160086 90.051037 70.619619 1
115.951601 89.221965 77.808774 1
106.508400 150.685200 32.298700 1
105.742179 155.416605 37.203239 1
104.828098 162.239736 43.744442 1
104.109581 168.083052 50.682225 1
102.699167 179.636009 70.968330 1
104.948314 183.910035 76.115143 1
105.687815 196.687256 88.757003 1
99.710566 173.725658 58.449461 1
91.351515 180.392155 65.645793 1
90.005950 174.622847 62.956037 1
86.086814 157.818954 55.121763 1
90.676025 152.392036 53.451052 1
99.885587 141.501374 50.098293 1
99.885587 141.501374 50.098293 1
107.358443 173.852329 58.909049 1
117.799120 179.315786 64.128820 1
119.935127 173.475351 62.216483 1
126.156537 156.464292 56.646544 1
120.797958 151.658981 55.422593 1
110.044426 142.015740 52.966384 1
110.044426 142.015740 52.966384 1
100.699422 150.399618 30.038392 1
96.063921 143.485795 45.066693 1
90.323565 134.924076 63.676935 1
93.174843 113.933775 61.061678 1
95.548051 96.462887 58.884917 1
91.138760 90.079546 71.548146 1
89.656682 89.250535 78.585916 1
112.719378 150.620165 31.703470 1
114.830628 143.376983 47.137880 1
117.445061 134.407500 66.250826 1
115.984452 113.493261 61.302642 1
114.793253 96.436679 57.267155 1
115.938814 90.053296 70.627034 1
115.658944 89.224261 77.813769 1
106.625400 152.409000 33.471010 1
105.849447 157.081210 38.430459 1
104.912034 163.830157 45.044911 1
104.148671 169.605244 52.034838 1
102.558282 180.989329 72.402937 1
104.749583 185.327863 77.520648 1
105.307219 198.154850 90.121373 1
99.678353 175.175429 59.813630 1
91.216903 181.704828 67.015987 1
90.167874 175.787237 64.523617 1
87.112436 158.551452 57.264257 1
91.647449 153.098518 55.531413 1
100.748245 142.155648 52.053968 1
100.748245 142.155648 52.053968 1
107.322187 175.313643 60.333228 1
117.799086 180.667781 65.593544 1
119.692626 174.725626 63.740021 1
125.207819 157.418295 58.341386 1
119.829267 152.634204 57.121926 1
109.035654 143.033544 54.674727 1
109.035654 143.033544 54.674727 1
100.819403 152.145741 31.200356 1
96.170804 144.443798 45.836245 1
90.414228 134.906113 63.960545 1
93.158871 113.924597 61.166799 1
95.443323 96.461021 58.841477 1
91.087744 90.077680 71.523280 1
89.635430 89.248697 78.567256 1
112.837147 152.355902 32.882657 1
114.943295 144.303985 47.911724 1
117.551411 134.333019 66.522720 1
115.970328 113.459153 61.442838 1
114.680877 96.435497 57.299946 1
115.673395 90.052127 70.672072 1
115.311261 89.223101 77.855132 1
106.729100 154.192400 34.578340 1
105.938818 158.843935 39.554931 1
104.979548 165.571764 46.187737 1
104.186938 171.339679 53.180331 1
102.486691 182.746158 73.527016 1
104.583736 187.173566 78.607971 1
105.059328 200.229036 90.975240 1
99.677176 176.926045 60.924675 1
91.050072 183.346288 68.027962 1
90.358384 177.256211 65.845582 1
88.343749 159.518038 59.489108 1
92.716410 153.933076 57.759479 1
101.491400 142.725254 54.288485 1
101.491400 142.725254 54.288485 1
107.317728 177.049649 61.493856 1
117.825832 182.348493 66.747914 1
119.433412 176.264469 65.095467 1
124.115708 158.543925 60.282492 1
118.870252 153.645457 58.943226 1
108.343734 143.815268 56.255601 1
108.343734 143.815268 56.255601 1
100.928845 153.935899 32.292292 1
96.258328 145.443730 46.477072 1
90.474610 134.927470 64.042741 1
93.134948 113.935875 61.243170 1
95.349230 96.463909 58.912999 1
91.038319 90.080626 71.610085 1
89.610741 89.251700 78.659122 1
112.942303 154.144424 34.005122 1
115.022776 145.285261 48.576634 1
117.599099 134.314654 66.621022 1
115.943178 113.452762 61.515863 1
114.592693 96.438870 57.352356 1
115.414424 90.055565 70.736094 1
114.960639 89.226579 77.913952 1
106.840000 155.956200 35.632680 1
106.057217 160.615390 40.603291 1
105.097255 167.367991 47.210777 1
104.279591 173.190797 54.154824 1
102.437898 184.840721 74.350705 1
104.493282 189.431818 79.301752 1
104.852259 202.859095 91.268381 1
99.717506 178.873728 61.797597 1
90.864227 185.234840 68.672103 1
90.457577 178.992854 66.882551 1
89.273151 160.812225 61.670244 1
93.427406 155.068234 59.923156 1
101.764103 143.541277 56.417125 1
101.764103 143.541277 56.417125 1
107.353655 178.996206 62.423298 1
118.025761 184.202587 67.433574 1
119.332497 177.972828 66.087177 1
123.138543 159.827810 62.165617 1
118.066234 154.764628 60.773028 1
107.887186 144.603893 57.978396 1
107.887186 144.603893 57.978396 1
101.039456 155.706497 33.346611 1
96.364406 146.438233 47.035360 1
90.575075 134.960901 63.986771 1
93.155265 113.948149 61.272193 1
95.302838 96.458574 59.012764 1
91.056476 90.075428 71.731652 1
89.665097 89.246445 78.787917 1
113.053147 155.897092 35.059898 1
115.136707 146.257944 49.127155 1
117.716851 134.321458 66.547107 1
115.942868 113.453291 61.507673 1
114.496098 96.434283 57.397768 1
115.195492 90.050701 70.788323 1
114.676267 89.221612 77.961732 1
106.915900 157.702600 36.679970 1
106.146493 162.413327 41.603876 1
105.194206 169.248053 48.127500 1
104.359905 175.186067 54.971283 1
102.402289 187.255755 74.908097 1
104.446993 192.065734 79.651400 1
104.663708 205.954968 91.082194 1
99.754764 181.029331 62.465897 1
90.595604 187.336122 68.980289 1
90.400532 180.970961 67.647274 1
89.832357 162.431570 63.764694 1
93.723851 156.541930 61.901364 1
101.533242 144.722685 58.162062 1
101.533242 144.722685 58.162062 1
107.387040 181.161365 63.135385 1
118.231673 186.292715 67.843494 1
119.235962 179.939779 66.862757 1
122.161091 161.435991 64.006230 1
117.378325 156.106716 62.582356 1
107.780329 145.411989 59.724944 1
107.780329 145.411989 59.724944 1
101.113170 157.441992 34.400677 1
96.484051 147.421973 47.565369 1
90.751598 135.013707 63.867816 1
93.213822 113.971025 61.278412 1
95.263209 96.456537 59.123169 1
91.093237 90.073160 71.867191 1
89.743948 89.244146 78.931622 1
113.128488 157.624708 36.103380 1
115.244913 147.230269 49.617020 1
117.865756 134.358480 66.351411 1
115.960395 113.469913 61.446242 1
114.406478 96.434268 57.445837 1
115.029271 90.050905 70.840278 1
114.468832 89.221868 78.010591 1
106.978800 159.430800 37.698100 1
106.231059 164.241873 42.527411 1
105.294980 171.221323 48.898363 1
104.448992 177.336661 55.582702 1
102.393966 189.999308 75.138275 1
104.368618 195.057328 79.647468 1
104.571320 209.527179 90.334056 1
99.802000 183.386303 62.885277 1
90.323066 189.632644 68.987419 1
90.316054 183.188739 68.089487 1
90.295628 164.419992 65.474142 1
94.010407 158.433180 63.560488 1
101.465171 146.418931 59.720196 1
101.465171 146.418931 59.720196 1
107.432023 183.570033 63.568120 1
118.416268 188.700813 67.941285 1
119.135802 182.257743 67.394138 1
121.231541 163.491431 65.800498 1
116.841920 157.833104 64.379939 1
108.032882 146.478037 61.529178 1
108.032882 146.478037 61.529178 1
101.170788 159.138726 35.436139 1
96.597781 148.393497 48.036390 1
90.934813 135.087169 63.639860 1
93.270093 114.007126 61.243961 1
95.213820 96.461543 59.249780 1
91.102787 90.078175 72.012941 1
89.786163 89.249165 79.083532 1
113.189983 159.325769 37.110781 1
115.336150 148.202265 50.026032 1
117.993822 134.427650 66.019417 1
115.980040 113.503374 61.313821 1
114.337701 96.438605 57.476177 1
114.915296 90.055326 70.872683 1
114.330832 89.226391 78.041090 1
107.034300 161.066500 38.651200 1
106.324375 165.981695 43.380327 1
105.421632 173.115803 49.582550 1
104.573258 179.430284 56.078782 1
102.410658 192.784901 75.156610 1
104.369822 198.080318 79.391688 1
104.557444 213.165918 89.190173 1
99.886177 185.736777 63.134256 1
90.058595 191.933395 68.713117 1
90.221180 185.441091 68.320939 1
90.694726 166.531378 67.178670 1
94.276870 160.442890 65.334179 1
101.465463 148.224602 61.632683 1
101.465463 148.224602 61.632683 1
107.512322 185.946227 63.852114 1
118.674254 191.031970 67.808073 1
119.189959 184.547191 67.698822 1
120.692022 165.659395 67.380615 1
116.627541 159.747297 66.027644 1
108.470991 147.882968 63.312518 1
108.470991 147.882968 63.312518 1
101.212947 160.739315 36.428684 1
96.726550 149.311043 48.445568 1
91.170836 135.158873 63.326628 1
93.360837 114.039470 61.150207 1
95.183643 96.461127 59.338705 1
91.162126 90.077861 72.130404 1
89.895073 89.248905 79.210053 1
113.241814 160.934668 38.031390 1
115.393706 149.135780 50.331703 1
118.058469 134.524817 65.563590 1
115.976949 113.546129 61.138068 1
114.279367 96.436986 57.528838 1
114.830696 90.053500 70.926353 1
114.232032 89.224403 78.093568 1
107.068900 162.689100 39.581200 1
106.393396 167.761578 44.146443 1
105.516637 175.111430 50.095306 1
104.655270 181.673308 56.339764 1
102.372020 195.820485 74.823007 1
104.323226 201.329759 78.779818 1
104.427822 217.010404 87.596124 1
99.912957 188.240978 63.114457 1
89.922251 194.460368 68.368798 1
90.210769 187.960661 68.397453 1
91.051112 169.029387 68.480919 1
94.654111 162.807614 67.211464 1
101.884557 150.321850 64.663942 1
101.884557 150.321850 64.663942 1
107.536623 188.541240 63.826392 1
118.827520 193.650919 67.363330 1
119.195690 187.163353 67.689183 1
120.268035 168.267438 68.638275 1
116.451374 162.087132 67.903191 1
108.792147 149.684565 66.428032 1
108.792147 149.684565 66.428032 1
101.235666 162.300961 37.400031 1
96.901067 150.225310 48.824941 1
91.533332 135.271460 62.972931 1
93.495888 114.108492 61.013533 1
95.129384 96.493888 59.382664 1
91.201668 90.110380 72.203355 1
89.986282 89.281370 79.292051 1
113.272896 162.522376 38.935127 1
115.358903 150.085958 50.602439 1
117.942079 134.685519 65.050458 1
115.917737 113.634843 60.952366 1
114.266787 96.466989 57.610170 1
114.729120 90.083607 71.011101 1
114.082972 89.254603 78.174202 1
107.114700 164.139200 40.520200 1
106.472644 169.375697 44.901370 1
105.630266 176.949224 50.567946 1
104.785020 183.768624 56.532406 1
102.514205 198.748581 74.348984 1
104.367014 204.477738 78.031308 1
104.430006 220.687805 85.831987 1
100.039334 190.618229 63.019445 1
89.821889 196.825742 67.833354 1
90.157302 190.342089 68.257600 1
91.134234 171.457571 69.493274 1
94.722261 165.120688 68.970250 1
101.922662 152.403924 67.920655 1
101.922662 152.403924 67.920655 1
107.664671 190.993851 63.675516 1
119.002799 196.217516 66.879154 1
119.279155 189.750807 67.539118 1
120.084081 170.915643 69.461351 1
116.578048 164.516203 69.702859 1
109.542184 151.673880 70.187515 1
109.542184 151.673880 70.187515 1
101.269460 163.684243 38.384560 1
97.127110 151.013661 49.221347 1
91.997445 135.323081 62.641037 1
93.720296 114.120040 60.901806 1
95.154279 96.472082 59.454190 1
91.338523 90.088674 72.308698 1
90.185279 89.259621 79.407763 1
113.314919 163.936103 39.848780 1
115.369732 150.912451 50.862604 1
117.914278 134.784821 64.501388 1
115.922689 113.663505 60.766835 1
114.298451 96.438042 57.721124 1
114.698382 90.049384 71.121548 1
114.018950 89.217583 78.281245 1
107.141200 165.441600 41.406600 1
106.532065 170.846853 45.582720 1
105.726244 178.647410 50.938088 1
104.900946 185.726264 56.595132 1
102.649331 201.545493 73.673434 1
104.410678 207.474403 77.073630 1
104.387832 224.118910 83.898633 1
100.158286 192.869234 62.759988 1
89.898981 199.130152 67.413020 1
90.227248 192.661376 68.027375 1
91.183365 173.820193 69.816770 1
94.679785 167.414361 69.607129 1
101.696348 154.559231 69.186425 1
101.696348 154.559231 69.186425 1
107.784756 193.296764 63.369457 1
119.177332 198.604478 66.222614 1
119.427672 192.163284 67.104991 1
120.156822 173.402433 69.675033 1
116.938944 166.896868 70.466430 1
110.481346 153.841575 72.054596 1
110.481346 153.841575 72.054596 1
101.284862 164.918180 39.317556 1
97.330919 151.727805 49.589801 1
92.434569 135.393541 62.310392 1
93.925673 114.160817 60.726063 1
95.166765 96.488152 59.407377 1
91.463301 90.104872 72.294749 1
90.371856 89.275954 79.403593 1
113.337679 165.196915 40.714825 1
115.172738 151.683172 51.162475 1
117.445155 134.948645 64.100145 1
115.693677 113.771326 60.567898 1
114.265260 96.500188 57.687177 1
114.586279 90.211017 71.136695 1
113.866540 89.432898 78.298488 1
107.166700 166.616900 42.283200 1
106.595410 172.188371 46.240487 1
105.830753 180.213331 51.259782 1
105.026705 187.555236 56.574232 1
102.786920 204.250651 72.798678 1
104.463373 210.352683 75.924434 1
104.383351 227.383030 81.719408 1
100.285035 195.004009 62.366696 1
89.908434 201.402929 66.547976 1
90.193339 194.950488 67.332243 1
91.023161 176.156879 69.616530 1
94.510138 169.742495 69.631994 1
101.507753 156.870201 69.663027 1
101.507753 156.870201 69.663027 1
107.912192 195.479611 62.930217 1
119.354079 200.867999 65.410459 1
119.639558 194.454886 66.469107 1
120.471055 175.775829 69.552565 1
117.466017 169.224744 70.717239 1
111.435545 156.078102 73.054491 1
111.435545 156.078102 73.054491 1
101.298467 166.029339 40.245213 1
97.520705 152.369163 49.954320 1
92.842527 135.453124 61.977552 1
94.163014 114.193576 60.617399 1
95.262097 96.498585 59.485301 1
91.676407 90.115349 72.405958 1
90.649709 89.286518 79.524452 1
113.358873 166.323570 41.572054 1
114.825611 152.373359 51.490844 1
116.641925 135.098340 63.773609 1
115.321980 113.867454 60.377949 1
114.245499 96.552630 57.608622 1
114.502846 90.353508 71.101247 1
113.751216 89.623950 78.264876 1
107.159600 167.655500 43.177300 1
106.632879 173.380794 46.915128 1
105.919118 181.617518 51.586843 1
105.143425 189.220893 56.524498 1
102.919743 206.832124 71.752300 1
104.560359 213.088503 74.577497 1
104.437998 230.421958 79.389688 1
100.407737 196.994917 61.877824 1
89.971490 203.571207 65.611491 1
90.181082 197.133256 66.527521 1
90.791544 178.381854 69.195582 1
94.258659 171.958587 69.351566 1
101.216414 159.068468 69.664593 1
101.216414 159.068468 69.664593 1
108.035434 197.500931 62.406466 1
119.562805 202.893832 64.441037 1
119.950578 196.521585 65.695773 1
121.080022 177.961557 69.350359 1
118.296994 171.382632 70.858977 1
112.712049 158.180121 73.886453 1
112.712049 158.180121 73.886453 1
101.279691 167.018068 41.188552 1
97.642232 152.919168 50.306039 1
93.137797 135.459837 61.596639 1
94.303780 114.178084 60.461056 1
95.274263 96.464611 59.515876 1
91.780517 90.081454 72.461737 1
90.804489 89.252654 79.587359 1
113.347089 167.303207 42.452292 1
114.453269 152.950868 51.829329 1
115.823092 135.177880 63.441222 1
114.934792 113.898706 60.211521 1
114.210339 96.544501 57.577541 1
114.408829 90.393726 71.093267 1
113.626927 89.690143 78.256253 1
107.147400 168.684800 44.161000 1
106.664523 174.567770 47.651741 1
106.003252 183.014133 51.941225 1
105.257575 190.868082 56.474756 1
103.050299 209.345179 70.642006 1
104.696007 215.741405 73.131100 1
104.530810 233.329998 76.904018 1
100.531019 198.951822 61.356673 1
90.068771 205.732276 64.623159 1
90.201901 199.311827 65.667360 1
90.589658 180.611400 68.708738 1
94.042934 174.185198 68.995786 1
100.972915 161.289189 69.571830 1
100.972915 161.289189 69.571830 1
108.159038 199.472409 61.866172 1
119.763069 204.839753 63.491351 1
120.254781 198.510902 64.917572 1
121.686960 180.077266 69.071636 1
119.053487 173.503905 70.849041 1
113.768666 160.312559 74.415914 1
113.768666 160.312559 74.415914 1
101.259989 168.001767 42.209941 1
97.795858 153.500172 50.744705 1
93.506063 135.542165 61.313691 1
94.490809 114.243391 60.336660 1
95.310445 96.515751 59.523446 1
91.887086 90.132405 72.488004 1
90.949911 89.303455 79.618822 1
113.331184 168.261169 43.442585 1
114.178062 153.534100 52.248170 1
115.226781 135.297071 63.152415 1
114.666383 113.984868 60.070329 1
114.209350 96.603726 57.556736 1
114.355059 90.464884 71.078557 1
113.545540 89.767742 78.239105 1
107.141900 169.554600 45.175200 1
106.689352 175.587417 48.404458 1
106.064037 184.229424 52.290677 1
105.336385 192.317444 56.395295 1
103.128460 211.616009 69.421293 1
104.767738 218.145897 71.540015 1
104.608488 235.929234 74.250804 1
100.610163 200.682303 60.778474 1
90.133711 207.662902 63.538606 1
90.176627 201.261253 64.699337 1
90.301622 182.615584 68.080123 1
93.734637 176.184612 68.480845 1
100.623962 163.279030 69.285008 1
100.623962 163.279030 69.285008 1
108.238110 201.230416 61.259370 1
119.906883 206.564847 62.478672 1
120.504297 200.276488 64.037479 1
122.244345 181.960789 68.577712 1
119.589174 175.435129 70.493244 1
114.260810 162.339510 74.337308 1
114.260810 162.339510 74.337308 1
101.250457 168.815704 43.256943 1
97.975173 153.961243 51.241689 1
93.919237 135.566266 61.129563 1
94.686090 114.254411 60.247059 1
95.324366 96.515882 59.512524 1
91.926092 90.132601 72.483712 1
91.002782 89.303663 79.616340 1
113.323249 169.069290 44.475078 1
113.980739 153.998676 52.696171 1
114.794934 135.336224 62.876621 1
114.450064 114.002007 59.917641 1
114.168804 96.602912 57.504448 1
114.242365 90.455481 71.022952 1
113.394402 89.753707 78.178596 1
107.127200 170.300000 46.174300 1
106.704751 176.464384 49.149142 1
106.113905 185.277643 52.635599 1
105.399081 193.576417 56.297950 1
103.169165 213.643844 68.101000 1
104.827934 220.280934 69.836850 1
104.674011 238.185924 71.571341 1
100.663216 202.191633 60.154105 1
90.165364 209.327350 62.385644 1
90.129512 202.952352 63.685016 1
90.025084 184.384310 67.469616 1
93.431581 177.951848 68.037761 1
100.267688 165.043276 69.177906 1
100.267688 165.043276 69.177906 1
108.290544 202.777641 60.598789 1
120.033977 208.028519 61.388210 1
120.748572 201.798887 63.123515 1
122.829928 183.654240 68.177826 1
120.270336 177.165312 70.333222 1
115.133779 164.143406 74.658644 1
115.133779 164.143406 74.658644 1
101.233397 169.513609 44.282358 1
98.145494 154.354393 51.752409 1
94.321601 135.582022 61.002911 1
94.881977 114.261526 60.175574 1
95.348395 96.515806 59.486955 1
91.973063 90.132462 72.464101 1
91.062457 89.303458 79.598354 1
113.306393 169.752688 45.501399 1
113.850794 154.382552 53.156766 1
114.524947 135.349193 62.636658 1
114.302632 114.000146 59.774478 1
114.121322 96.588957 57.440230 1
114.147667 90.413871 70.946298 1
113.274016 89.697215 78.097376 1
107.113800 170.914000 47.187500 1
106.724528 177.199827 49.901285 1
106.173931 186.166840 52.978220 1
105.479133 194.653859 56.184650 1
103.251195 215.419679 66.710960 1
104.907236 222.136513 68.109998 1
104.732389 240.105356 68.953165 1
100.742376 203.490567 59.500677 1
90.203302 210.707297 61.218189 1
90.076143 204.350831 62.600005 1
89.705773 185.836764 66.624733 1
93.067151 179.390920 67.299874 1
99.812714 166.455494 68.654739 1
99.812714 166.455494 68.654739 1
108.369895 204.108293 59.896451 1
120.172316 209.270272 60.296411 1
120.994962 203.098685 62.184535 1
123.391033 185.123103 67.683951 1
120.898727 178.679465 70.044329 1
115.897200 165.748448 74.781105 1
115.897200 165.748448 74.781105 1
101.218102 170.084689 45.319945 1
98.283103 154.676538 52.328034 1
94.648557 135.595901 61.006467 1
95.048038 114.271699 60.181292 1
95.380538 96.522895 59.494473 1
92.011342 90.139510 72.473193 1
91.104019 89.310516 79.607866 1
113.290527 170.301822 46.548709 1
113.748837 154.683253 53.689601 1
114.316380 135.342251 62.532401 1
114.209025 113.987596 59.705659 1
114.121472 96.571832 57.400312 1
114.137487 90.344682 70.882471 1
113.257021 89.599976 78.029846 1
107.088000 171.427300 48.171600 1
106.740242 177.817180 50.636612 1
106.238786 186.910866 53.325741 1
105.567903 195.550303 56.101255 1
103.335495 216.887661 65.413595 1
104.979726 223.661395 66.522053 1
104.812374 241.650051 66.554765 1
100.830140 204.563781 58.899669 1
90.294556 211.883924 60.132587 1
90.086672 205.550107 61.605607 1
89.481177 187.102007 65.895979 1
92.798628 180.646266 66.684339 1
99.456037 167.690979 68.266410 1
99.456037 167.690979 68.266410 1
108.457460 205.202265 59.265177 1
120.302856 210.280247 59.327048 1
121.218900 204.159646 61.334372 1
123.887005 186.332567 67.180976 1
121.396704 179.935533 69.666895 1
116.399199 167.098040 74.655605 1
116.399199 167.098040 74.655605 1
101.188346 170.566480 46.330990 1
98.375775 154.950909 52.917494 1
94.892837 135.613414 61.073859 1
95.178882 114.288622 60.217416 1
95.416966 96.539326 59.504572 1
92.051939 90.156024 72.484415 1
91.147018 89.327036 79.619393 1
113.260872 170.747622 47.564589 1
113.650992 154.925930 54.247699 1
114.134094 135.333394 62.523612 1
114.113734 113.978158 59.699297 1
114.097130 96.561920 57.395930 1
114.138384 90.276837 70.851126 1
113.270106 89.500974 77.996677 1
107.098900 171.827400 49.053200 1
106.786013 178.303515 51.286991 1
106.323722 187.498115 53.615859 1
105.668312 196.257864 55.988760 1
103.414422 218.057255 64.155321 1
105.038343 224.873489 65.002366 1
104.885521 242.850997 64.364671 1
100.921681 205.402711 58.304269 1
90.378411 212.773854 59.084543 1
90.105393 206.466364 60.656574 1
89.310186 188.094948 65.235329 1
92.580474 181.633252 66.160143 1
99.143238 168.666014 68.016049 1
99.143238 168.666014 68.016049 1
108.548340 206.066833 58.636378 1
120.414779 211.090942 58.414895 1
121.413548 205.015402 60.517399 1
124.322597 187.319570 66.641224 1
121.821700 180.960587 69.212661 1
116.802932 168.199456 74.372991 1
116.802932 168.199456 74.372991 1
101.194803 170.933427 47.242889 1
98.471916 155.149077 53.454073 1
95.100038 135.602574 61.145662 1
95.283392 114.279214 60.227645 1
95.436003 96.531110 59.463552 1
92.086664 90.147694 72.447395 1
91.190330 89.318656 79.583452 1
113.268008 171.092471 48.472887 1
113.585361 155.109300 54.764121 1
113.978354 135.316800 62.554761 1
114.089286 113.963405 59.718651 1
114.179757 96.548669 57.405664 1
114.215077 90.237983 70.848887 1
113.342854 89.448243 77.992438 1
107.118500 172.202200 49.878800 1
106.827378 178.747946 51.902716 1
106.384150 188.019169 53.909201 1
105.721042 196.866787 55.927464 1
103.371312 219.005993 63.091296 1
105.040858 225.839138 63.671282 1
104.879659 243.787475 62.466279 1
100.939001 206.092675 57.807723 1
90.471978 213.602337 58.194411 1
90.156650 207.322781 59.867129 1
89.238209 189.032724 64.739149 1
92.467929 182.574164 65.815945 1
98.949285 169.613220 67.976844 1
98.949285 169.613220 67.976844 1
108.562283 206.793899 58.141080 1
120.481981 211.668853 57.632400 1
121.578436 205.638357 59.814407 1
124.772012 188.073723 66.169796 1
122.296458 181.736261 68.817747 1
117.328549 169.018316 74.131622 1
117.328549 169.018316 74.131622 1
101.213206 171.272451 48.090549 1
98.565813 155.343341 53.955139 1
95.287423 135.617577 61.217525 1
95.367798 114.296489 60.234263 1
95.434697 96.550276 59.415863 1
92.091437 90.166929 72.401307 1
91.198412 89.337940 79.537784 1
113.285473 171.426006 49.330405 1
113.541791 155.290907 55.224044 1
113.859201 135.310270 62.522328 1
114.030237 113.957520 59.684352 1
114.169725 96.543310 57.369843 1
114.200336 90.188783 70.792410 1
113.324517 89.375354 77.932862 1
107.148600 172.491800 50.642700 1
106.874832 179.096390 52.468137 1
106.450991 188.429778 54.167030 1
105.792174 197.349358 55.840499 1
103.416571 219.782495 62.012779 1
105.070630 226.634165 62.379308 1
104.946351 244.543580 60.688671 1
100.997171 206.641808 57.316511 1
90.505710 214.127220 57.347730 1
90.134260 207.873857 59.104920 1
89.052356 189.660091 64.222979 1
92.209761 183.194369 65.459428 1
98.545993 170.219050 67.940716 1
98.545993 170.219050 67.940716 1
108.619818 207.370345 57.602469 1
120.560006 212.162008 56.844186 1
121.737825 206.191837 59.146369 1
125.168384 188.802906 65.851787 1
122.779207 182.502181 68.661794 1
117.984638 169.857961 74.300882 1
117.984638 169.857961 74.300882 1
101.242633 171.526180 48.875808 1
98.671151 155.483012 54.456391 1
95.486765 135.616006 61.367076 1
95.470788 114.299581 60.284551 1
95.457489 96.557250 59.383532 1
92.120120 90.173891 72.370485 1
91.230378 89.344880 79.507370 1
113.313845 171.681080 50.125730 1
113.522859 155.425115 55.679287 1
113.781692 135.294804 62.556437 1
114.001391 113.946954 59.685140 1
114.180566 96.536741 57.343456 1
114.204907 90.154475 70.752868 1
113.325189 89.326089 77.891121 1
107.172700 172.708900 51.289200 1
106.915674 179.357046 52.951689 1
106.506867 188.733812 54.396386 1
105.846454 197.702640 55.781097 1
103.423558 220.345612 61.111343 1
105.081701 227.204870 61.240935 1
105.029848 245.071557 59.143412 1
101.031332 207.033104 56.911290 1
90.535154 214.506468 56.624610 1
90.116497 208.281222 58.468868 1
88.897096 190.149353 63.840522 1
91.982661 183.686100 65.257995 1
98.174724 170.715736 68.102559 1
98.174724 170.715736 68.102559 1
108.652465 207.788790 57.165358 1
120.601265 212.521677 56.201465 1
121.872866 206.623005 58.634355 1
125.576577 189.442328 65.720477 1
123.362244 183.185854 68.762960 1
118.918550 170.630435 74.868577 1
118.918550 170.630435 74.868577 1
101.263321 171.714082 49.550134 1
98.757747 155.579093 54.890819 1
95.654979 135.598381 61.504427 1
95.550596 114.287816 60.316573 1
95.463714 96.550362 59.327885 1
92.148692 90.167025 72.320571 1
91.271241 89.338021 79.458978 1
113.335680 171.871098 50.788662 1
113.518517 155.522564 56.064465 1
113.744933 135.277622 62.597661 1
114.019382 113.934661 59.694908 1
114.243208 96.528434 57.327569 1
114.270424 90.144910 70.736378 1
113.392197 89.315841 77.874735 1
107.185000 172.888100 51.860000 1
106.952609 179.572262 53.375177 1
106.568388 188.982886 54.587833 1
105.912391 197.989345 55.704430 1
103.452445 220.800469 60.241770 1
105.096576 227.664097 60.186080 1
105.102147 245.488352 57.753652 1
101.079456 207.343547 56.518031 1
90.559412 214.766986 55.948520 1
90.099962 208.571856 57.882302 1
88.761749 190.527702 63.514706 1
91.800095 184.077719 65.086250 1
97.897403 171.133986 68.240002 1
97.897403 171.133986 68.240002 1
108.699495 208.123831 56.726464 1
120.645595 212.822180 55.577849 1
121.982235 206.984284 58.120015 1
125.875382 189.980622 65.524417 1
123.777062 183.772649 68.743354 1
119.566180 171.314560 75.203078 1
119.566180 171.314560 75.203078 1
101.270699 171.875795 50.147966 1
98.831886 155.661283 55.274413 1
95.811791 135.582093 61.622720 1
95.635247 114.277672 60.337204 1
95.488304 96.545332 59.267229 1
92.206801 90.161953 72.268401 1
91.347711 89.332944 79.409041 1
113.344587 172.017805 51.373333 1
113.522872 155.593859 56.409631 1
113.743650 135.255533 62.646243 1
113.972627 113.924371 59.654182 1
114.159368 96.527768 57.214010 1
114.254432 90.144380 70.622573 1
113.412243 89.315351 77.765276 1
107.184000 173.061000 52.401400 1
106.970366 179.780354 53.755072 1
106.606948 189.219730 54.726726 1
105.958015 198.254810 55.586758 1
103.489422 221.195368 59.410763 1
105.079890 228.068409 59.193135 1
105.114859 245.858453 56.522194 1
101.115988 207.623962 56.129021 1
90.539793 214.942799 55.303267 1
90.044800 208.771842 57.304397 1
88.603062 190.798097 63.132961 1
91.608970 184.360950 64.815590 1
97.641182 171.442978 68.192264 1
97.641182 171.442978 68.192264 1
108.735897 208.420186 56.271449 1
120.654629 213.145486 54.960536 1
122.028300 207.361249 57.603619 1
126.029302 190.513879 65.301954 1
124.033011 184.358859 68.683372 1
120.026880 172.007036 75.469159 1
120.026880 172.007036 75.469159 1
101.267842 172.025142 50.709997 1
98.892789 155.738889 55.635009 1
95.951650 135.570859 61.733870 1
95.709287 114.272710 60.358298 1
95.507559 96.545591 59.213367 1
92.236126 90.162173 72.217058 1
91.382515 89.333162 79.358354 1
113.341304 172.161161 51.940233 1
113.516674 155.666224 56.739026 1
113.733844 135.239988 62.681525 1
113.965696 113.916888 59.632761 1
114.154782 96.526860 57.146345 1
114.279444 90.143558 70.554707 1
113.453051 89.314584 77.699261 1
107.175100 173.221800 52.885400 1
106.977496 179.966355 54.110025 1
106.629775 189.424200 54.888662 1
105.980959 198.476645 55.541125 1
103.466647 221.502203 58.779660 1
105.064472 228.368888 58.446142 1
105.111602 246.130282 55.591062 1
101.124157 207.849383 55.830197 1
90.568038 215.169507 54.787481 1
90.062589 209.035957 56.898009 1
88.590395 191.171163 63.045210 1
91.584669 184.769684 64.877959 1
97.593534 171.923289 68.555894 1
97.593534 171.923289 68.555894 1
108.742381 208.660021 55.981257 1
120.676642 213.316900 54.570577 1
122.101627 207.571048 57.269623 1
126.252093 190.835478 65.130960 1
124.353481 184.706709 68.614766 1
120.543371 172.407567 75.606024 1
120.543371 172.407567 75.606024 1
101.257770 172.168799 51.208745 1
98.945028 155.819442 55.950941 1
96.081052 135.573269 61.823413 1
95.762031 114.280937 60.375343 1
95.496500 96.558659 59.170070 1
92.245818 90.175208 72.178947 1
91.403565 89.346191 79.321591 1
113.330476 172.297648 52.447148 1
113.490305 155.744554 57.041888 1
113.688230 135.246300 62.731703 1
113.931999 113.927748 59.652220 1
114.130803 96.541429 57.140751 1
114.261334 90.158134 70.549061 1
113.437730 89.329047 77.693924 1
107.204900 173.328800 53.277300 1
107.023315 180.096092 54.372089 1
106.689362 189.567839 54.965797 1
106.034431 198.631164 55.435527 1
103.448718 221.711114 58.195268 1
105.056587 228.568385 57.738937 1
105.094521 246.315415 54.795756 1
101.151837 207.994591 55.518070 1
90.652409 215.362509 54.261523 1
90.145285 209.265600 56.475290 1
88.668215 191.507527 62.923190 1
91.668017 185.147627 64.886972 1
97.687972 172.384671 68.827862 1
97.687972 172.384671 68.827862 1
108.767364 208.828885 55.676093 1
120.704223 213.445122 54.157909 1
122.173269 207.724531 56.886826 1
126.452065 191.062535 64.835164 1
124.580187 184.951813 68.364836 1
120.823727 172.688888 75.448140 1
120.823727 172.688888 75.448140 1
101.287528 172.259473 51.611162 1
99.029028 155.863290 56.215836 1
96.232224 135.559129 61.918009 1
95.848674 114.274556 60.374665 1
95.529433 96.558736 59.090091 1
92.287847 90.175270 72.101230 1
91.450581 89.346247 79.244460 1
113.358493 172.380169 52.867221 1
113.508818 155.783129 57.300930 1
113.694973 135.230456 62.791333 1
113.946471 113.921726 59.645209 1
114.151580 96.543417 57.079390 1
114.293304 90.160151 70.487600 1
113.475753 89.331109 77.633163 1
107.231800 173.455100 53.624300 1
107.064143 180.241870 54.593537 1
106.746033 189.723751 55.006754 1
106.095936 198.795019 55.294689 1
103.499453 221.926525 57.570192 1
105.059300 228.789324 57.036797 1
105.106223 246.542410 54.130503 1
101.206688 208.154747 55.189554 1
90.695579 215.479094 53.784684 1
90.187614 209.411406 56.077146 1
88.708092 191.738445 62.754252 1
91.718099 185.413415 64.812756 1
97.758536 172.720437 68.943731 1
97.758536 172.720437 68.943731 1
108.821934 208.997416 55.312888 1
120.728324 213.652438 53.678334 1
122.219157 207.959921 56.453748 1
126.561410 191.379698 64.537517 1
124.707221 185.302406 68.133618 1
120.986258 173.106568 75.350230 1
120.986258 173.106568 75.350230 1
101.314248 172.368462 51.970040 1
98.993040 155.921273 56.356453 1
96.118580 135.553949 61.788342 1
95.860227 114.262207 60.319654 1
95.645191 96.540420 59.097219 1
92.229288 90.156990 72.063702 1
91.296363 89.327942 79.195067 1
113.383763 172.485207 53.240333 1
113.534062 155.836569 57.476176 1
113.720186 135.219999 62.721555 1
113.978806 113.907069 59.604600 1
114.189722 96.525334 57.062571 1
114.341500 90.142016 70.470646 1
113.529511 89.313017 77.616849 1
107.243700 173.480100 53.913400 1
107.082693 180.282284 54.769059 1
106.771497 189.770248 55.013406 1
106.119494 198.845318 55.120356 1
103.497594 222.018406 56.886653 1
105.034988 228.885686 56.345800 1
105.083225 246.659234 53.567403 1
101.217602 208.194146 54.818429 1
90.686408 215.461187 53.273374 1
90.167146 209.423999 55.642547 1
88.654719 191.839875 62.543085 1
91.663872 185.542034 64.684526 1
97.702595 172.903616 68.981939 1
97.702595 172.903616 68.981939 1
108.831989 209.049060 54.905143 1
120.767172 213.588107 53.158267 1
122.296568 207.932910 55.988451 1
126.751141 191.461383 64.231743 1
124.904193 185.426409 67.902071 1
121.197761 173.315493 75.267639 1
121.197761 173.315493 75.267639 1
101.327807 172.373179 52.266674 1
99.017727 155.918042 56.629088 1
96.157048 135.540876 62.031259 1
95.887820 114.260960 60.401911 1
95.663733 96.549016 59.045755 1
92.207385 90.165611 72.001528 1
91.252174 89.336590 79.129944 1
113.395142 172.496513 53.556897 1
113.551266 155.830564 57.723893 1
113.744602 135.192557 62.884016 1
113.987619 113.899340 59.633917 1
114.185810 96.533682 56.983302 1
114.369070 90.150368 70.390986 1
113.573727 89.321324 77.539055 1
107.224700 173.491900 54.184400 1
107.074681 180.306287 54.938989 1
106.774299 189.797257 55.035256 1
106.125033 198.873027 54.987445 1
103.492873 222.073567 56.326422 1
105.008849 228.947799 55.814174 1
105.026427 246.747237 53.206395 1
101.216780 208.211792 54.521800 1
90.657776 215.413116 52.863037 1
90.126575 209.407051 55.307471 1
88.579377 191.913576 62.427218 1
91.589138 185.651245 64.669566 1
97.629082 173.084089 69.169476 1
97.629082 173.084089 69.169476 1
108.830815 209.072513 54.575697 1
120.767738 213.568430 52.731868 1
122.317644 207.942245 55.608339 1
126.831955 191.555222 63.986451 1
124.974588 185.559179 67.714867 1
121.247248 173.526389 75.197008 1
121.247248 173.526389 75.197008 1
101.307409 172.370390 52.552634 1
99.000198 155.909861 56.896185 1
96.143071 135.526018 62.274995 1
95.878036 114.256379 60.515943 1
95.657439 96.552988 59.051829 1
92.167217 90.169754 71.998602 1
91.193502 89.340780 79.124520 1
113.374603 172.493023 53.844242 1
113.541056 155.816333 57.967637 1
113.747184 135.165025 63.073770 1
113.984301 113.887682 59.720899 1
114.177682 96.534971 56.986468 1
114.402971 90.151618 70.393492 1
113.630195 89.322607 77.544041 1
107.163300 173.520100 54.443400 1
107.027393 180.343783 55.111724 1
106.742509 189.835669 55.080755 1
106.098422 198.910093 54.897953 1
103.452564 222.127796 55.859140 1
104.960881 229.006620 55.387547 1
104.968427 246.837931 53.007400 1
101.183131 208.236725 54.286277 1
90.615995 215.406110 52.543097 1
90.082247 209.434696 55.070461 1
88.527628 192.042145 62.431753 1
91.543465 185.809561 64.747613 1
97.595601 173.302103 69.395048 1
97.595601 173.302103 69.395048 1
108.796654 209.103190 54.314334 1
120.738943 213.545554 52.377778 1
122.311893 207.942432 55.286575 1
126.893324 191.622582 63.758840 1
125.046326 185.652167 67.533251 1
121.339794 173.670808 75.107693 1
121.339794 173.670808 75.107693 1
101.244324 172.390546 52.823335 1
98.944675 155.925208 57.152644 1
96.096913 135.535409 62.513819 1
95.847428 114.274422 60.650956 1
95.639774 96.578234 59.100436 1
92.128761 90.194679 72.041428 1
91.143417 89.365592 79.165734 1
113.311216 172.504022 54.118604 1
113.494566 155.822919 58.223393 1
113.721618 135.166147 63.306484 1
113.974140 113.903143 59.864948 1
114.180083 96.562125 57.058208 1
114.445989 90.178773 70.464489 1
113.694860 89.349757 77.617343 1
107.191900 173.489200 54.521300 1
107.056415 180.315794 55.159297 1
106.769530 189.807232 55.068148 1
106.121770 198.879091 54.793903 1
103.467703 222.106916 55.434427 1
104.973337 228.988537 54.996248 1
104.968410 246.847884 52.836494 1
101.199730 208.193885 54.066966 1
90.630420 215.344443 52.260774 1
90.082798 209.407750 54.865776 1
88.487769 192.116330 62.453198 1
91.489640 185.908449 64.852065 1
97.513749 173.450562 69.666075 1
97.513749 173.450562 69.666075 1
108.812872 209.064080 54.056144 1
120.756523 213.458513 52.021131 1
122.344066 207.877440 54.964186 1
126.968001 191.621809 63.536232 1
125.138211 185.681736 67.366485 1
121.466212 173.761268 75.052992 1
121.466212 173.761268 75.052992 1
101.267722 172.350821 52.926629 1
98.939674 155.894332 57.274369 1
96.056745 135.515492 62.658367 1
95.823160 114.261099 60.719735 1
95.628739 96.570399 59.106152 1
92.107147 90.186769 72.044232 1
91.115772 89.357714 79.167705 1
113.338945 172.473253 54.180037 1
113.518548 155.797432 58.306395 1
113.740960 135.147201 63.416196 1
113.981222 113.891524 59.928824 1
114.177167 96.556482 57.084700 1
114.483937 90.173135 70.490111 1
113.754617 89.344122 77.645222 1
107.193300 173.489600 54.620400 1
107.070204 180.322648 55.187920 1
106.795759 189.812938 54.995329 1
106.152677 198.881447 54.618460 1
103.497335 222.115086 54.983593 1
104.989601 229.001780 54.580803 1
104.956036 246.884011 52.619807 1
101.226341 208.186031 53.796130 1
90.646041 215.306129 51.934793 1
90.089213 209.407719 54.623463 1
88.467373 192.227802 62.454578 1
91.474622 186.035477 64.886686 1
97.509524 173.608810 69.767405 1
97.509524 173.608810 69.767405 1
108.839242 209.056901 53.745081 1
120.782441 213.408715 51.617915 1
122.380817 207.849768 54.596765 1
127.036306 191.658583 63.273069 1
125.213841 185.750596 67.156076 1
121.556540 173.894516 74.948447 1
121.556540 173.894516 74.948447 1
101.265849 172.345152 53.042318 1
98.949584 155.881900 57.370702 1
96.081246 135.494685 62.730732 1
95.848340 114.247609 60.713406 1
95.654484 96.562999 59.034323 1
92.129570 90.178272 71.970957 1
91.136586 89.348536 79.094127 1
113.338289 172.459446 54.284737 1
113.531464 155.777362 58.385085 1
113.770682 135.119375 63.462677 1
114.011695 113.874618 59.909438 1
114.208252 96.548482 57.011598 1
114.560838 90.163386 70.415048 1
113.855786 89.333372 77.572475 1
