40 35
107.916800 151.851800 8.316400 1
107.686829 158.798628 5.531065 1
107.223187 167.983954 1.805351 1
106.625517 177.266878 -0.162629 1
104.927852 201.623084 0.909504 1
107.005460 208.653960 1.712219 1
107.197585 227.246283 -1.053866 1
101.832975 187.205113 -0.341639 1
90.208614 193.992456 -0.759219 1
89.701270 187.716582 1.805289 1
88.223560 169.437237 9.274772 1
88.092533 162.660429 12.776216 1
87.829591 149.060889 19.802835 1
87.829591 149.060889 19.802835 1
109.775819 187.794968 -1.164601 1
122.913275 190.391490 -2.590608 1
124.002822 184.109714 -0.229916 1
127.176278 165.813177 6.645926 1
128.437015 158.922426 9.667596 1
130.967032 145.094225 15.731412 1
130.967032 145.094225 15.731412 1
101.277677 150.331271 8.490651 1
103.087553 148.515849 26.258378 1
105.328806 146.267724 48.260955 1
108.781705 124.689537 43.800900 1
111.655651 106.729387 40.088665 1
111.099755 97.842890 52.798456 1
111.587726 96.701881 60.261121 1
114.479457 150.305454 7.336258 1
116.969705 148.982266 25.065188 1
120.053463 147.343723 47.019501 1
116.944625 125.198701 44.450118 1
114.409206 107.138289 42.354651 1
118.134504 97.678212 54.078419 1
119.498179 96.714177 61.456985 1
107.720500 152.037400 8.275800 1
107.550039 158.941574 5.382235 1
107.169482 168.089527 1.556499 1
106.630052 177.373422 -0.423690 1
104.935759 201.720030 0.852393 1
107.128564 208.702913 1.760671 1
107.339399 227.311586 -0.891776 1
101.860255 187.321682 -0.647725 1
90.322919 194.249221 -1.164676 1
89.830531 188.039713 1.559338 1
88.396383 169.953666 9.493404 1
88.242754 163.221345 13.078743 1
87.934456 149.711081 20.273720 1
87.934456 149.711081 20.273720 1
109.825880 187.905740 -1.214883 1
122.963285 190.606299 -2.432973 1
123.999223 184.336404 -0.017202 1
127.016538 166.074475 7.019061 1
128.101050 159.236620 10.223742 1
130.277419 145.514571 16.654821 1
130.277419 145.514571 16.654821 1
101.074288 150.542419 8.390782 1
102.874088 148.700000 26.156754 1
105.102863 146.418445 48.157157 1
108.626570 124.822807 43.839216 1
111.559452 106.848131 40.245265 1
111.120102 97.913448 52.925803 1
111.625012 96.707597 60.377137 1
114.289149 150.453822 7.400892 1
116.824200 149.091749 25.120525 1
119.963441 147.405053 47.063325 1
116.897704 125.253375 44.499533 1
114.397436 107.187535 42.408627 1
118.117219 97.712879 54.122368 1
119.500130 96.727352 61.494513 1
107.519300 152.207000 7.952100 1
107.455223 159.092570 5.010294 1
107.209045 168.227568 1.142824 1
106.770000 177.517409 -0.834277 1
105.175286 201.863795 0.568106 1
107.399206 208.782569 1.824595 1
107.529551 227.415210 -0.659420 1
102.060891 187.493289 -1.108379 1
90.394454 194.209090 -1.508921 1
89.861950 188.036607 1.290648 1
88.310959 170.058401 9.444776 1
88.041950 163.356785 13.080486 1
87.502109 149.908139 20.376544 1
87.502109 149.908139 20.376544 1
110.041245 188.036966 -1.472173 1
123.162359 190.885139 -2.517370 1
124.101288 184.653515 0.033312 1
126.836047 166.503056 7.462523 1
127.792775 159.682661 10.744183 1
129.712714 145.995651 17.329740 1
129.712714 145.995651 17.329740 1
100.855193 150.790845 8.019193 1
102.603622 148.988101 25.794362 1
104.768784 146.755678 47.806155 1
108.350614 125.104514 43.827419 1
111.331873 107.083623 40.515798 1
111.120700 98.039947 53.124722 1
111.653357 96.796658 60.567967 1
114.076163 150.540547 7.145376 1
116.741016 149.297116 24.854683 1
120.040993 147.757339 46.784697 1
117.042011 125.569127 44.469973 1
114.596185 107.473491 42.582194 1
118.173287 97.886477 54.248862 1
119.588132 96.729873 61.590027 1
107.312500 152.215900 7.478900 1
107.388542 159.119471 4.579879 1
107.320488 168.292015 0.794917 1
107.034218 177.615573 -1.046857 1
105.702127 201.944984 0.840377 1
107.836625 208.825405 2.420799 1
107.808323 227.483355 0.131093 1
102.450343 187.652189 -1.200068 1
90.583085 194.017456 -1.340548 1
89.992618 187.846870 1.451566 1
88.272801 169.874187 9.583982 1
87.954780 163.190059 13.247819 1
87.316583 149.776508 20.600324 1
87.316583 149.776508 20.600324 1
110.442179 188.105150 -1.398463 1
123.510645 191.218898 -2.340759 1
124.309487 185.011295 0.314089 1
126.636225 166.930800 8.046698 1
127.484751 160.095547 11.327205 1
129.187552 146.378719 17.910448 1
129.187552 146.378719 17.910448 1
100.622389 150.927038 7.518541 1
102.215468 149.289397 25.324264 1
104.188251 147.261427 47.373893 1
107.861985 125.536808 43.913064 1
110.919739 107.454778 41.032514 1
111.025562 98.267299 53.538380 1
111.575840 96.981853 60.973177 1
113.838656 150.429393 6.680142 1
116.582426 149.443172 24.393589 1
119.980130 148.221905 46.328728 1
117.083280 125.987548 44.351306 1
114.720748 107.854278 42.738614 1
118.335772 98.387164 54.491188 1
119.777836 96.725354 61.729355 1
107.073000 152.223900 7.066100 1
107.304167 159.146994 4.222383 1
107.455402 168.372662 0.571314 1
107.395783 177.747712 -1.012262 1
106.584208 202.003639 1.859612 1
108.444981 208.923465 3.605335 1
108.275746 227.598906 1.469475 1
103.048522 187.888760 -0.840501 1
90.976424 193.858025 -0.818253 1
90.317036 187.687799 1.959195 1
88.396476 169.716168 10.048892 1
88.070610 162.997741 13.648748 1
87.416670 149.515360 20.872855 1
87.416670 149.515360 20.872855 1
111.051082 188.158461 -0.856924 1
124.018514 191.706275 -1.648690 1
124.667555 185.483109 1.010563 1
126.557978 167.357279 8.756005 1
127.340300 160.551561 12.113471 1
128.910242 146.894003 18.851155 1
128.910242 146.894003 18.851155 1
100.356816 151.078017 7.078683 1
101.879829 149.623392 24.906415 1
103.765846 147.822058 46.983300 1
107.523064 126.053306 43.911252 1
110.650304 107.934543 41.354294 1
110.833714 98.913068 53.979546 1
111.452735 97.193338 61.320577 1
113.561646 150.304723 6.269508 1
116.362366 149.544323 23.985175 1
119.830592 148.602698 45.923065 1
117.024600 126.330373 44.268205 1
114.736166 108.166140 42.918580 1
118.489153 98.939017 54.817863 1
119.930776 96.901301 61.959407 1
106.810800 152.261000 6.786800 1
107.181772 159.203393 4.005622 1
107.548106 168.490003 0.528438 1
107.737596 177.917095 -0.695024 1
107.544953 201.979931 3.571020 1
109.091437 208.975452 5.321757 1
108.844471 227.660334 3.278020 1
103.676703 188.155925 -0.028285 1
91.434702 193.767490 0.080903 1
90.705598 187.564133 2.765574 1
88.581980 169.496001 10.585047 1
88.270401 162.729500 14.095002 1
87.645130 149.150643 21.138698 1
87.645130 149.150643 21.138698 1
111.681758 188.188291 0.150638 1
124.521105 192.220628 -0.358880 1
125.066145 185.923121 2.144124 1
126.653650 167.580766 9.434467 1
127.413503 160.719692 12.682651 1
128.938356 146.951050 19.201031 1
128.938356 146.951050 19.201031 1
100.074155 151.242361 6.768999 1
101.550114 149.943033 24.612677 1
103.377861 148.334010 46.709307 1
107.160076 126.526478 43.959925 1
110.308122 108.375436 41.671533 1
110.508045 99.540996 54.428112 1
111.202213 97.558102 61.695688 1
113.264513 150.226499 5.992618 1
116.169405 149.586184 23.696254 1
119.766632 148.793264 45.619244 1
117.033380 126.485280 44.373544 1
114.804270 108.291964 43.357610 1
118.708959 99.364123 55.435055 1
120.179822 97.283421 62.558219 1
106.692200 152.358300 6.630900 1
107.135040 159.387210 4.087729 1
107.634824 168.794639 0.970579 1
108.016968 178.263387 0.196249 1
108.401274 202.043811 5.817645 1
109.652407 209.107150 7.531681 1
109.387238 227.791972 5.489684 1
104.217788 188.553814 1.397247 1
91.738806 193.612986 1.616217 1
90.894356 187.341092 4.100356 1
88.434781 169.073339 11.335753 1
88.098381 162.249041 14.729599 1
87.423302 148.554198 21.540291 1
87.423302 148.554198 21.540291 1
112.218035 188.360766 1.666969 1
124.973709 192.675042 1.447972 1
125.468689 186.268226 3.667970 1
126.910385 167.607492 10.134020 1
127.677283 160.693684 13.266675 1
129.216273 146.819214 19.553214 1
129.216273 146.819214 19.553214 1
99.945684 151.408681 6.575452 1
101.376776 150.251468 24.432561 1
103.148962 148.818433 46.545825 1
106.827127 126.962153 44.054465 1
109.888569 108.770538 41.980832 1
110.017143 100.117409 54.861999 1
110.681474 98.261619 62.165840 1
113.125785 150.287172 5.770820 1
115.986513 149.646839 23.481645 1
119.529049 148.853897 45.413538 1
117.056687 126.497239 44.555711 1
115.040346 108.264227 43.856107 1
119.048473 99.643380 56.121242 1
120.542363 97.748206 63.291237 1
106.681900 152.418000 6.567200 1
107.147095 159.582646 4.440975 1
107.697749 169.148969 1.862530 1
108.167493 178.641501 1.590494 1
108.856281 202.108980 8.377196 1
109.956611 209.195202 10.100203 1
109.672411 227.877556 8.038287 1
104.504962 188.911942 3.285465 1
91.852698 193.511287 3.652082 1
90.889102 187.147406 5.841416 1
88.082496 168.611725 12.218154 1
87.686842 161.719751 15.465701 1
86.892852 147.889099 21.982803 1
86.892852 147.889099 21.982803 1
112.500785 188.595224 3.569130 1
125.301168 192.780299 3.628492 1
125.831028 186.289726 5.581028 1
127.374320 167.385038 11.268057 1
128.158995 160.387206 14.203535 1
129.733660 146.344118 20.094385 1
129.733660 146.344118 20.094385 1
99.932981 151.491687 6.447329 1
101.353760 150.339083 24.305561 1
103.113176 148.911755 46.420214 1
106.585258 127.011119 44.024486 1
109.475172 108.782585 42.030451 1
109.485967 100.223844 54.975159 1
110.114298 98.415350 62.294035 1
113.111235 150.383283 5.595649 1
115.802678 149.627524 23.328446 1
119.135582 148.691646 45.287547 1
117.090877 126.281929 44.746841 1
115.423314 108.005645 44.305865 1
119.488613 99.686327 56.758974 1
120.954092 97.949375 63.974761 1
106.837100 152.526600 6.627100 1
107.260867 159.840204 5.077579 1
107.776374 169.571379 3.205519 1
108.251709 179.062717 3.507807 1
109.113624 202.171079 11.414580 1
110.084022 209.254681 13.224256 1
109.725307 227.933126 11.138677 1
104.654759 189.256011 5.727661 1
91.879551 193.476642 6.317991 1
90.782217 187.037671 8.203780 1
87.586082 168.283282 13.696401 1
87.131239 161.237985 16.587648 1
86.218471 147.099647 22.389737 1
86.218471 147.099647 22.389737 1
112.650931 188.888940 5.928803 1
125.488096 192.948344 6.239637 1
126.053381 186.373759 7.875475 1
127.699855 167.224374 12.640079 1
128.469341 160.123929 15.322238 1
130.013526 145.874921 20.704732 1
130.013526 145.874921 20.704732 1
100.095999 151.565772 6.393239 1
101.522572 150.350422 24.246847 1
103.289164 148.845394 46.355776 1
106.447354 126.890628 44.021933 1
109.076005 108.617040 42.079405 1
108.925249 100.124782 55.066955 1
109.507528 98.344182 62.396472 1
113.286602 150.619993 5.536643 1
115.660162 149.576904 23.300238 1
118.599421 148.285217 45.297477 1
117.067431 125.829896 45.014374 1
115.818012 107.516418 44.783487 1
119.816131 99.529160 57.473498 1
121.172453 97.962464 64.749353 1
107.028500 152.655300 6.886000 1
107.439047 160.071101 5.933767 1
107.943476 169.918194 4.817329 1
108.434720 179.364905 5.777100 1
109.506783 201.931345 15.097119 1
110.173922 209.071005 16.821707 1
109.738020 227.752527 14.778824 1
104.900744 189.395773 8.720182 1
92.074296 193.392030 9.658444 1
90.844567 186.885712 11.199963 1
87.262810 167.935165 15.689848 1
86.706370 160.682611 17.990553 1
85.589719 146.128356 22.607556 1
85.589719 146.128356 22.607556 1
112.899161 189.022939 8.702879 1
125.646608 193.347576 9.113086 1
126.211031 186.716338 10.501900 1
127.854993 167.401946 14.547012 1
128.573524 160.165547 16.853664 1
130.015453 145.643708 21.482598 1
130.015453 145.643708 21.482598 1
100.289904 151.702897 6.562611 1
101.786439 150.135579 24.383033 1
103.639668 148.194692 46.450864 1
106.524221 126.211608 44.030926 1
108.925117 107.914450 42.016739 1
108.726066 99.494602 55.050701 1
109.318409 97.727907 62.382775 1
113.483963 150.856172 5.656988 1
115.649068 149.482117 23.424696 1
118.330191 147.780584 45.427027 1
117.090552 125.306946 45.167239 1
116.079561 106.978531 44.955367 1
120.000375 99.085148 57.727969 1
121.274489 97.554946 65.026417 1
107.210800 152.901000 7.396800 1
107.678541 160.365781 7.039501 1
108.253523 170.265855 6.687281 1
108.826200 179.614212 8.325292 1
110.212786 201.489309 19.133338 1
110.451665 208.714183 20.595579 1
109.912128 227.432163 18.949743 1
105.404294 189.429029 12.030553 1
92.540612 193.221690 13.259206 1
91.193031 186.662332 14.433739 1
87.268014 167.557297 17.854729 1
86.519996 160.167151 19.595023 1
85.018893 145.336780 23.087406 1
85.018893 145.336780 23.087406 1
113.398415 189.039565 11.793232 1
125.918945 193.972133 12.316932 1
126.465546 187.295615 13.477116 1
128.057597 167.849337 16.856311 1
128.694371 160.488280 18.756772 1
129.972231 145.716280 22.570572 1
129.972231 145.716280 22.570572 1
100.462505 152.031435 7.043670 1
102.102548 149.889064 24.791459 1
104.133488 147.236064 46.769347 1
106.709726 125.240064 44.128949 1
108.854003 106.932155 41.931266 1
108.755238 98.439995 54.919380 1
109.374181 96.978195 62.316098 1
113.643120 151.154813 5.983852 1
115.641364 149.424125 23.739946 1
118.115858 147.280961 45.727896 1
117.114235 124.803041 45.088781 1
116.297359 106.471133 44.567547 1
120.194646 98.417038 57.246677 1
121.424021 96.830523 64.540773 1
107.419200 153.302900 8.194000 1
107.905704 160.764109 8.597813 1
108.496299 170.654689 9.139810 1
109.074635 179.871853 11.400836 1
110.490324 201.250426 23.157058 1
110.655929 208.499232 24.506654 1
109.997668 227.235937 23.140920 1
105.658902 189.506605 15.556957 1
92.796141 193.209566 17.042093 1
91.375850 186.624800 17.960964 1
87.239057 167.445763 20.637302 1
86.274783 159.983808 21.898965 1
84.339699 145.009329 24.430844 1
84.339699 145.009329 24.430844 1
113.652071 189.143556 15.254619 1
126.201496 193.981089 15.946261 1
126.851848 187.280847 16.897304 1
128.746089 167.765468 19.667348 1
129.566292 160.295840 20.984285 1
131.212256 145.305964 23.627083 1
131.212256 145.305964 23.627083 1
100.668294 152.490261 7.763629 1
102.623703 149.493507 25.355086 1
105.045175 145.782485 47.139381 1
107.638823 123.894888 43.727809 1
109.797590 105.677206 40.888257 1
109.384172 97.656623 54.166696 1
110.056394 96.679280 61.638263 1
113.845392 151.693946 6.601630 1
115.638426 149.500992 24.328533 1
117.858800 146.785389 46.280337 1
116.993351 124.320612 45.160797 1
116.287531 105.999422 44.247753 1
120.054828 97.722542 56.822265 1
121.208263 96.729005 64.232710 1
107.667300 154.252700 9.496900 1
108.176832 161.642350 10.593643 1
108.813273 171.448474 11.972411 1
109.471769 180.484620 14.856380 1
111.178527 201.206725 27.699185 1
111.093074 208.533019 28.543072 1
110.303551 227.240459 26.878453 1
106.185722 189.933857 19.512866 1
93.279573 193.451125 21.071163 1
91.765809 186.862260 21.789539 1
87.356766 167.671283 23.881908 1
86.174165 160.193949 24.827076 1
83.800949 145.188610 26.723818 1
83.800949 145.188610 26.723818 1
114.173124 189.485912 19.174139 1
126.587361 194.645469 19.970279 1
127.230848 187.917220 20.703280 1
129.105090 168.320271 22.838246 1
129.859599 160.785295 23.764125 1
131.373727 145.664279 25.622155 1
131.373727 145.664279 25.622155 1
100.912478 153.500733 9.020192 1
103.122981 149.673567 26.419331 1
105.860348 144.934210 47.965467 1
108.499669 123.188560 43.771017 1
110.696451 105.089025 40.279851 1
110.307645 97.551613 53.839124 1
111.081352 96.692756 61.315429 1
114.082663 152.783374 7.734935 1
115.667481 149.954101 25.391398 1
117.630015 146.450524 47.255973 1
116.712159 124.046408 45.285769 1
115.963599 105.774691 43.678964 1
119.587817 97.641856 56.388790 1
120.651335 96.732627 63.823469 1
108.032700 155.472300 11.074100 1
108.572253 162.767401 12.674032 1
109.244881 172.465707 14.663143 1
109.932955 181.342043 18.000811 1
111.686788 201.547145 31.636583 1
111.530505 208.908079 32.068141 1
110.701246 227.567692 29.948283 1
106.674769 190.624684 22.999396 1
93.796074 194.181792 24.688879 1
92.245713 187.592413 25.319076 1
87.730072 168.399938 27.154613 1
86.428200 160.928696 27.984119 1
83.815633 145.935583 29.648754 1
83.815633 145.935583 29.648754 1
114.661241 190.144413 22.683826 1
127.065624 195.307860 23.599387 1
127.716346 188.564580 24.169842 1
129.611664 168.923847 25.831373 1
130.465918 161.365690 26.420368 1
132.180212 146.198156 27.602349 1
132.180212 146.198156 27.602349 1
101.274174 154.779352 10.561773 1
103.464839 150.119339 27.759122 1
106.177638 144.348628 49.055373 1
108.925197 122.772855 44.118810 1
111.212069 104.814714 40.009963 1
110.847900 97.478314 53.679720 1
111.627348 96.614635 61.154872 1
114.439037 154.104015 9.201408 1
115.791795 150.486988 26.732931 1
117.466962 146.007910 48.442788 1
116.370690 123.719964 45.490799 1
115.476622 105.542990 43.083297 1
118.922957 97.535060 55.921266 1
119.897960 96.670904 63.373435 1
108.424500 157.671900 13.146000 1
109.016445 164.905278 14.989161 1
109.761214 174.529748 17.287206 1
110.517173 183.299972 20.880885 1
112.452649 203.126739 35.037494 1
112.046232 210.488932 35.201679 1
111.153891 229.095175 32.676983 1
107.337230 192.466809 26.136939 1
94.452083 195.979223 27.870174 1
92.895961 189.384668 28.427858 1
88.363538 170.177118 30.052190 1
87.091708 162.692403 30.803126 1
84.539429 147.672253 32.310087 1
84.539429 147.672253 32.310087 1
115.319197 191.946790 25.773955 1
127.555889 197.464777 26.861782 1
128.132960 190.707677 27.340617 1
129.813761 171.026695 28.735291 1
130.727436 163.465568 29.179106 1
132.560978 148.292076 30.069742 1
132.560978 148.292076 30.069742 1
101.662692 157.051620 12.586061 1
103.595493 151.366058 29.503572 1
105.988968 144.325365 50.453288 1
108.597294 122.898449 44.839320 1
110.768279 105.064206 40.166649 1
110.289594 97.547119 53.734328 1
111.011707 96.685245 61.215446 1
114.826965 156.314118 11.252539 1
115.954167 151.523343 28.516519 1
117.350020 145.590774 49.895070 1
115.988405 123.490925 45.843987 1
114.877936 105.467354 42.540118 1
118.204029 97.593767 55.492391 1
119.109878 96.742148 62.954723 1
108.802700 160.310300 15.628730 1
109.409270 167.522471 17.548643 1
110.191951 177.121206 19.939840 1
111.001985 185.857447 23.603822 1
113.137002 205.573462 37.885866 1
112.468381 212.917747 37.794044 1
111.628430 231.497015 35.061289 1
107.909789 195.012183 28.932813 1
94.970261 198.391128 30.520113 1
93.426168 191.786466 30.983691 1
88.928783 172.549478 32.333925 1
87.790845 165.035401 33.001862 1
85.507256 149.956325 34.342266 1
85.507256 149.956325 34.342266 1
115.886274 194.435032 28.537156 1
127.901082 200.399172 29.737818 1
128.401828 193.630299 30.128073 1
129.860321 173.915024 31.264745 1
130.663243 166.336513 31.616722 1
132.274527 151.128133 32.323059 1
132.274527 151.128133 32.323059 1
102.045150 159.731030 14.980432 1
103.670525 152.784868 31.453821 1
105.683300 144.183117 51.853558 1
108.263198 122.936831 45.578831 1
110.410520 105.252932 40.356192 1
109.785497 97.512080 53.791451 1
110.432687 96.653865 61.279843 1
115.220791 158.937023 13.800466 1
116.041545 152.731233 30.625497 1
117.057915 145.046405 51.460483 1
115.521597 123.189394 46.304964 1
114.268649 105.363869 42.100369 1
117.417693 97.584230 55.153275 1
118.218104 96.729030 62.627243 1
109.122500 163.106300 17.992500 1
109.713086 170.300865 19.982183 1
110.484718 179.888633 22.420504 1
111.274906 188.642635 26.046230 1
113.328420 208.560271 40.057910 1
112.773440 215.912899 39.900202 1
111.782156 234.427849 36.805589 1
108.160703 197.889186 31.201039 1
95.211189 201.321677 32.578087 1
93.750453 194.699229 33.057793 1
89.495858 175.410437 34.455002 1
88.503106 167.879056 35.158669 1
86.510874 152.765256 36.570775 1
86.510874 152.765256 36.570775 1
116.138657 197.271734 30.909522 1
128.185691 203.178476 32.070353 1
128.694726 196.405146 32.359452 1
130.177362 176.676891 33.201492 1
130.855779 169.085592 33.539614 1
132.217209 153.851549 34.218149 1
132.217209 153.851549 34.218149 1
102.377285 162.553853 17.206873 1
103.702505 154.223635 33.053475 1
105.343584 143.907945 52.677035 1
108.121001 122.831488 45.931544 1
110.432723 105.288942 40.317074 1
109.659799 97.500488 53.717082 1
110.225224 96.642767 61.212147 1
115.571119 161.727220 16.279674 1
116.090321 154.060676 32.503782 1
116.733268 144.566947 52.594625 1
115.178582 122.916965 46.633936 1
113.910655 105.260284 41.772685 1
116.828654 97.565241 54.929022 1
117.494508 96.708255 62.415973 1
109.384400 166.027900 20.219820 1
109.953338 173.208157 22.266674 1
110.710957 182.793397 24.719289 1
111.492223 191.588463 28.246222 1
113.530051 211.838251 41.775808 1
113.055442 219.190628 41.442185 1
112.179406 237.665553 38.084753 1
108.382462 200.975968 33.142463 1
95.395094 204.353459 34.277806 1
94.026747 197.716495 34.824636 1
90.041248 178.385423 36.417355 1
89.149215 170.850162 37.208887 1
87.359103 155.728576 38.797316 1
87.359103 155.728576 38.797316 1
116.359280 200.311511 32.935489 1
128.424988 206.211781 33.922242 1
128.904843 199.437630 34.240545 1
130.302486 179.706985 35.167645 1
131.005532 172.120684 35.562812 1
132.416387 156.896670 36.355822 1
132.416387 156.896670 36.355822 1
102.651138 165.489286 19.329087 1
103.727627 155.788221 34.395408 1
105.060693 143.774950 53.052710 1
107.953304 122.786332 46.085397 1
110.360907 105.316897 40.286298 1
109.491839 97.530727 53.681742 1
110.002948 96.672825 61.180686 1
115.856464 164.652223 18.594942 1
116.107596 155.570522 34.078055 1
116.418583 144.324358 53.251300 1
114.965108 122.792383 46.853643 1
113.779724 105.231942 41.636021 1
116.449825 97.588745 54.874969 1
116.973361 96.730737 62.373098 1
109.561000 169.240800 22.599060 1
110.107769 176.422284 24.647653 1
110.851341 186.024427 27.037648 1
111.634643 194.888011 30.388191 1
113.720091 215.574000 43.233310 1
113.325925 222.920938 42.722269 1
112.650373 241.349073 39.073968 1
108.552047 204.450114 34.952490 1
95.508466 207.675913 35.862082 1
94.206697 201.036321 36.526844 1
90.415119 181.697595 38.463054 1
89.564092 174.173443 39.393264 1
87.856271 159.074150 41.259990 1
87.856271 159.074150 41.259990 1
116.526294 203.741847 34.798449 1
128.616335 209.630224 35.523771 1
129.037836 202.857109 35.933589 1
130.265517 183.129482 37.127242 1
130.974387 175.548509 37.605517 1
132.396929 160.335187 38.565307 1
132.396929 160.335187 38.565307 1
102.837418 168.700819 21.638750 1
103.745360 157.568946 35.692951 1
104.869705 143.783841 53.096899 1
107.818832 122.817031 46.087742 1
110.273474 105.365749 40.253815 1
109.375128 97.532412 53.619795 1
109.870748 96.675307 61.119870 1
116.049759 167.865038 21.042265 1
116.152791 157.286546 35.545782 1
116.280382 144.186857 53.505963 1
114.837042 122.701338 46.951739 1
113.659922 105.178786 41.606428 1
116.136587 97.596756 54.917949 1
116.550021 96.737527 62.422815 1
109.690100 172.624800 24.904769 1
110.193887 179.821436 26.910767 1
110.886398 189.460011 29.165635 1
111.633225 198.424115 32.246205 1
113.678985 219.689452 44.114508 1
113.462712 227.037967 43.525801 1
112.984946 245.452006 39.776460 1
108.528731 208.176632 36.371682 1
95.468182 211.356824 37.194245 1
94.207429 204.726223 38.010529 1
90.535313 185.413684 40.388068 1
89.740095 177.907239 41.494102 1
88.144269 162.843480 43.713667 1
88.144269 162.843480 43.713667 1
116.505005 207.489245 36.228441 1
128.687257 213.221803 36.542596 1
129.065302 206.458683 37.123947 1
130.166410 186.760162 38.817212 1
130.833208 179.188167 39.467340 1
132.171320 163.992862 40.772002 1
132.171320 163.992862 40.772002 1
102.972343 172.044467 23.927384 1
103.857069 159.452137 36.691162 1
104.952665 143.858483 52.497120 1
107.921198 122.793524 45.797267 1
110.391992 105.260548 40.220783 1
109.568432 97.501052 53.634567 1
110.103903 96.642609 61.131749 1
116.190549 171.272792 23.376187 1
116.243491 159.217753 36.678080 1
116.309053 144.289607 53.150251 1
114.872997 122.740780 46.805617 1
113.701819 105.166596 41.631239 1
116.023633 97.559834 54.956553 1
116.350583 96.701014 62.465730 1
109.930500 176.067700 27.403980 1
110.359126 183.306463 29.271060 1
110.942462 193.012659 31.249847 1
111.581366 202.120412 33.903799 1
113.392808 224.142545 44.344139 1
113.464175 231.506671 43.945938 1
113.324392 249.949202 40.310533 1
108.355415 212.067637 37.427292 1
95.341346 215.422039 38.293418 1
94.122437 208.812576 39.318090 1
90.572196 189.561606 42.302588 1
89.844205 182.086772 43.643962 1
88.383291 167.086448 46.335801 1
88.383291 167.086448 46.335801 1
116.340260 211.504297 37.230158 1
128.597468 217.081644 37.081077 1
129.027228 210.346749 37.903987 1
130.278965 190.730439 40.300828 1
130.882656 183.183525 41.239999 1
132.094129 168.038552 43.124704 1
132.094129 168.038552 43.124704 1
103.216637 175.393151 26.460927 1
104.185163 161.474049 37.756240 1
105.384532 144.237393 51.743730 1
108.027808 123.007563 45.439753 1
110.227882 105.337360 40.192767 1
109.553424 97.518599 53.580437 1
110.174275 96.661691 61.071208 1
116.440896 174.760198 25.879016 1
116.402078 161.331028 37.792159 1
116.354012 144.701249 52.544597 1
115.069834 123.033833 46.582842 1
114.022520 105.362932 41.720721 1
116.139777 97.564653 54.969181 1
116.352684 96.709564 62.482882 1
110.251500 179.246700 30.180170 1
110.594454 186.558663 31.757186 1
111.051212 196.355439 33.267376 1
111.572194 205.622855 35.328057 1
113.153662 228.436377 43.947716 1
113.492795 235.803793 43.961443 1
113.565387 254.321225 40.726931 1
108.218900 215.757025 38.125031 1
95.241565 219.244926 39.014683 1
94.040748 212.674863 40.284721 1
90.543205 193.538649 43.983882 1
89.895671 186.112502 45.607284 1
88.596217 171.209882 48.865093 1
88.596217 171.209882 48.865093 1
116.207635 215.329100 37.791901 1
128.488535 220.802512 37.024171 1
129.011409 214.118132 38.149491 1
130.534353 194.648953 41.427143 1
131.127095 187.160173 42.757273 1
132.316593 172.131865 45.426547 1
132.316593 172.131865 45.426547 1
103.537693 178.438926 29.347932 1
104.572269 163.347475 39.014436 1
105.853431 144.659047 50.984898 1
108.142642 123.277733 45.066146 1
110.048018 105.481445 40.139795 1
109.563123 97.558358 53.474232 1
110.276919 96.679143 60.954129 1
116.762062 177.974249 28.626536 1
116.618267 163.258259 38.906911 1
116.440202 145.034971 51.637437 1
115.219008 123.224615 46.207369 1
114.223060 105.437140 41.778866 1
116.192539 97.560859 55.003955 1
116.322212 96.707348 62.519733 1
110.594800 181.848700 33.084660 1
110.843036 189.240325 34.255840 1
111.155317 199.116211 35.169888 1
111.535590 208.514087 36.562060 1
112.813248 231.980829 43.265487 1
113.445006 239.308186 43.817512 1
113.567305 257.884404 40.941433 1
108.024773 218.772026 38.615804 1
95.157217 222.636952 39.541295 1
93.985379 216.103324 41.010714 1
90.572240 197.073234 45.290601 1
90.046719 189.690721 47.141205 1
88.992117 174.875667 50.854958 1
88.992117 174.875667 50.854958 1
116.010789 218.480829 38.113086 1
128.351142 223.711799 36.801297 1
129.009046 217.078720 38.139245 1
130.925283 197.758962 42.036205 1
131.559252 190.367792 43.816959 1
132.831484 175.535363 47.390535 1
132.831484 175.535363 47.390535 1
103.883313 180.893983 32.402907 1
104.842190 164.913233 40.524465 1
106.029610 145.123545 50.581750 1
107.971771 123.647432 44.886375 1
109.588286 105.772241 40.145946 1
109.369254 97.699112 53.397143 1
110.134566 96.672631 60.853149 1
117.101325 180.593019 31.500765 1
116.873653 164.815435 40.061323 1
116.591721 145.277541 50.662144 1
115.334186 123.337665 45.790897 1
114.308600 105.444560 41.818141 1
116.244634 97.561471 55.044112 1
116.355668 96.708076 62.560202 1
110.888500 184.025300 35.775900 1
111.032007 191.481349 36.451279 1
111.204032 201.399876 36.694917 1
111.460035 210.876087 37.428883 1
112.495056 234.775584 42.428794 1
113.347877 242.036152 43.403921 1
113.521006 260.653134 40.807651 1
107.826571 221.201237 38.828261 1
95.131288 225.601493 39.742428 1
93.972866 219.096151 41.342204 1
90.598803 200.148449 46.001770 1
90.145471 192.802840 48.011476 1
89.235737 178.061843 52.044511 1
89.235737 178.061843 52.044511 1
115.804265 220.992411 38.174999 1
128.226376 225.910699 36.480957 1
129.008922 219.321204 37.959763 1
131.288197 200.128393 42.266988 1
131.958421 192.843033 44.429564 1
133.303409 178.222942 48.769372 1
133.303409 178.222942 48.769372 1
104.188453 182.929141 35.203068 1
105.026107 166.252653 41.795232 1
106.063411 145.601404 49.958602 1
107.758170 124.010836 44.628699 1
109.168767 106.040380 40.192464 1
109.123128 97.841123 53.367734 1
109.879813 96.730558 60.812562 1
117.404284 182.762330 34.236485 1
117.191103 166.155414 41.050590 1
116.927117 145.590529 49.488722 1
115.640449 123.513965 45.288917 1
114.591103 105.509383 41.863757 1
116.551553 97.562042 55.047613 1
116.676561 96.710151 62.563654 1
110.988400 185.644800 38.148600 1
111.019620 193.130040 38.347596 1
111.052682 203.045654 37.965975 1
111.195569 212.551452 38.115016 1
112.002836 236.717334 41.666752 1
113.128413 243.896363 42.927160 1
113.306123 262.542821 40.552151 1
107.461512 222.905233 38.905639 1
94.960028 227.851194 39.692108 1
93.821874 221.383388 41.450739 1
90.506843 202.545014 46.572994 1
90.031722 195.277657 48.845041 1
89.078262 180.693697 53.404534 1
89.078262 180.693697 53.404534 1
115.438793 222.737202 38.235772 1
128.063708 227.066900 36.437605 1
128.966321 220.509328 37.988164 1
131.595306 201.409499 42.504382 1
132.274143 194.212661 44.943052 1
133.636414 179.770214 49.836918 1
133.636414 179.770214 49.836918 1
104.306203 184.414041 37.644811 1
105.182505 167.249136 42.827635 1
106.267668 145.993058 49.245754 1
107.736373 124.299037 44.281371 1
108.958817 106.242475 40.149369 1
108.909261 98.123340 53.374150 1
109.648291 96.860134 60.796382 1
117.524246 184.384170 36.694689 1
117.326042 167.167876 41.776722 1
117.080601 145.848378 48.069973 1
115.729278 123.651088 44.588188 1
114.627203 105.548049 41.748610 1
116.612322 97.582951 54.918050 1
116.755376 96.726000 62.433194 1
110.976300 186.654300 39.987600 1
110.909928 194.139908 39.812488 1
110.833592 204.024220 38.940324 1
110.897431 213.526891 38.627272 1
111.556062 237.839007 41.023837 1
112.930915 244.965949 42.331699 1
113.067292 263.639077 40.173389 1
107.105141 223.886221 38.895329 1
94.796632 229.328424 39.396542 1
93.682377 222.917752 41.366925 1
90.436954 204.245788 47.105938 1
89.875348 197.068243 49.629795 1
88.748331 182.664513 54.694613 1
88.748331 182.664513 54.694613 1
115.087811 223.729635 38.290000 1
127.880184 227.540686 36.501351 1
128.894001 221.019242 38.133413 1
131.846887 202.024638 42.887019 1
132.605632 194.867609 45.417560 1
134.128263 180.505048 50.495790 1
134.128263 180.505048 50.495790 1
104.314117 185.311958 39.504111 1
105.339168 167.844997 43.518844 1
106.608534 146.214870 48.490463 1
107.909711 124.440521 43.841012 1
108.992717 106.317099 39.971137 1
108.854498 98.362733 53.295047 1
109.587517 96.928722 60.686778 1
117.537703 185.408980 38.639455 1
117.443077 167.908474 42.638260 1
117.325900 146.237026 47.590115 1
116.096402 123.992435 44.375288 1
115.093681 105.850820 41.753428 1
116.816199 97.767568 54.887795 1
116.932426 96.694740 62.375635 1
110.946800 187.190900 41.471900 1
110.825217 194.667277 41.073902 1
110.685331 204.518491 39.890627 1
110.710812 214.004558 39.245091 1
111.321893 238.392086 40.705010 1
112.854226 245.499792 41.940523 1
112.927812 264.182697 39.865365 1
106.900316 224.359711 39.103878 1
94.680927 230.016760 39.333030 1
93.569302 223.677515 41.523681 1
90.331541 205.213592 47.904253 1
89.695883 198.121445 50.642830 1
88.420260 183.889092 56.138545 1
88.420260 183.889092 56.138545 1
114.884846 224.194232 38.526061 1
127.742298 227.703982 36.593250 1
128.819767 221.219962 38.330271 1
131.958045 202.334364 43.389585 1
132.821816 195.205543 45.965671 1
134.555209 180.899591 51.135301 1
134.555209 180.899591 51.135301 1
104.293084 185.786779 41.051390 1
105.376440 168.140272 44.164370 1
106.718008 146.287805 48.019308 1
107.986487 124.472727 43.555444 1
109.042277 106.315406 39.840037 1
108.916627 98.444536 53.213565 1
109.669195 96.974939 60.596336 1
117.512777 185.953196 40.139100 1
117.494308 168.288624 43.337483 1
117.471438 146.414007 47.298150 1
116.199572 124.147816 44.253865 1
115.162298 105.988584 41.771091 1
116.927927 97.998283 54.956510 1
117.090315 96.739923 62.414551 1
110.911600 187.378200 42.607900 1
110.772746 194.843199 42.038769 1
110.619336 204.663351 40.622011 1
110.641943 214.130007 39.736160 1
111.272558 238.547574 40.536829 1
112.755140 245.684904 41.656871 1
112.907592 264.359583 39.513102 1
106.840021 224.480658 39.313724 1
94.580638 230.054985 39.364504 1
93.458092 223.791685 41.758589 1
90.188522 205.548959 48.731691 1
89.508009 198.538502 51.663039 1
88.142371 184.470082 57.545604 1
88.142371 184.470082 57.545604 1
114.824622 224.293137 38.743683 1
127.671971 227.722900 36.610483 1
128.780800 221.279337 38.473728 1
132.010419 202.511572 43.900684 1
133.023647 195.387747 46.435814 1
135.056967 181.091820 51.523255 1
135.056967 181.091820 51.523255 1
104.263958 185.946725 42.183560 1
105.370643 168.208727 44.713818 1
106.741100 146.242963 47.847146 1
108.014154 124.413740 43.454303 1
109.073753 106.244645 39.798010 1
108.875712 98.351929 53.157780 1
109.583451 96.933975 60.555071 1
117.487966 186.128329 41.339215 1
117.521138 168.370980 43.974095 1
117.562218 146.381476 47.236957 1
116.227010 124.121895 44.171527 1
115.138078 105.968054 41.671509 1
116.932018 98.043783 54.892907 1
117.109693 96.771211 62.348187 1
110.873100 187.495600 43.570000 1
110.740895 194.945274 42.825501 1
110.603100 204.732775 41.197015 1
110.637513 214.182268 40.144056 1
111.283801 238.608121 40.609149 1
112.702822 245.775653 41.612585 1
112.868852 264.436919 39.355989 1
106.845649 224.528828 39.561391 1
94.559606 230.044197 39.516545 1
93.463175 223.850543 42.096697 1
90.269669 205.810674 49.611743 1
89.575149 198.856073 52.670104 1
88.181403 184.899743 58.807554 1
88.181403 184.899743 58.807554 1
114.832546 224.327630 39.029444 1
127.673121 227.685139 36.745822 1
128.794541 221.313146 38.834079 1
132.060833 202.753841 44.916414 1
133.317459 195.601000 47.253112 1
135.839227 181.246844 51.942341 1
135.839227 181.246844 51.942341 1
104.228690 186.055192 43.125743 1
105.317008 168.266319 45.278668 1
106.664722 146.237554 47.944726 1
108.056690 124.394696 43.656985 1
109.215264 106.214253 40.088171 1
108.896584 98.233314 53.393083 1
109.515956 96.900744 60.814136 1
117.459110 186.215839 42.383826 1
117.513445 168.409747 44.665769 1
117.580730 146.359883 47.491577 1
116.227530 124.122540 44.276298 1
115.123924 105.986836 41.654069 1
116.906264 98.135570 54.920512 1
117.069412 96.816805 62.368093 1
110.832500 187.614800 44.358700 1
110.706367 195.053233 43.508286 1
110.578462 204.817878 41.747185 1
110.611565 214.253877 40.579432 1
111.208858 238.684555 40.783216 1
112.624361 245.862969 41.710979 1
112.622670 264.524732 39.452384 1
106.806570 224.586123 39.847492 1
94.609643 230.292125 39.636115 1
93.597252 224.149929 42.369096 1
90.648524 206.259938 50.329280 1
89.953558 199.373060 53.537133 1
88.558916 185.552632 59.974581 1
88.558916 185.552632 59.974581 1
114.798528 224.394517 39.393768 1
127.675994 227.647122 37.166749 1
128.793134 221.314723 39.374332 1
132.046958 202.870742 45.804219 1
133.523236 195.757381 48.132976 1
136.485795 181.482455 52.806273 1
136.485795 181.482455 52.806273 1
104.192465 186.166894 43.875138 1
105.313158 168.355609 45.815678 1
106.700962 146.299090 48.218731 1
108.125439 124.464369 43.900331 1
109.311071 106.290699 40.306000 1
108.904565 98.111606 53.487609 1
109.465014 96.821161 60.920781 1
117.429000 186.319853 43.249813 1
117.562260 168.479887 45.246050 1
117.727282 146.388075 47.718061 1
116.335038 124.180374 44.319784 1
115.199591 106.068845 41.548311 1
116.995288 98.297432 54.859895 1
117.151964 96.882130 62.289874 1
110.794300 187.706200 45.071300 1
110.672225 195.143981 44.214616 1
110.553064 204.903117 42.422638 1
110.599726 214.329693 41.181540 1
111.236790 238.760020 41.083604 1
112.536768 245.967773 41.950995 1
112.403764 264.625929 39.666665 1
106.814358 224.658164 40.308206 1
94.694807 230.513923 39.866922 1
93.734607 224.390655 42.660539 1
90.937893 206.555795 50.797334 1
90.307946 199.696006 54.075881 1
89.043783 185.929941 60.655192 1
89.043783 185.929941 60.655192 1
114.807482 224.448029 39.884198 1
127.696604 227.699654 37.724188 1
128.791134 221.364144 39.934166 1
131.979103 202.911098 46.371033 1
133.398278 195.794772 48.726079 1
136.246245 181.513893 53.452130 1
136.246245 181.513893 53.452130 1
104.152746 186.262367 44.596506 1
105.284745 168.426486 46.288683 1
106.686550 146.339509 48.384175 1
108.132866 124.517570 44.008806 1
109.336675 106.354537 40.367056 1
108.957023 98.091026 53.496713 1
109.525690 96.806376 60.930264 1
117.388664 186.405840 43.956060 1
117.570374 168.538604 45.686954 1
117.795394 146.413023 47.830381 1
116.390961 124.224567 44.313484 1
115.245571 106.128732 41.445270 1
117.125924 98.354896 54.743743 1
117.325832 96.919791 62.168885 1
110.703300 187.786700 45.704300 1
110.633798 195.227745 44.870381 1
110.580979 204.987864 43.080573 1
110.690937 214.406996 41.788026 1
111.489400 238.829980 41.418378 1
112.530931 246.086469 42.226213 1
112.328663 264.731106 39.838903 1
106.973579 224.749929 40.801103 1
94.758073 230.392439 40.242832 1
93.786958 224.250042 42.990302 1
90.958454 206.359466 50.992685 1
90.469881 199.482287 54.258892 1
89.489425 185.681326 60.813443 1
89.489425 185.681326 60.813443 1
114.964979 224.482247 40.377027 1
127.787883 227.922938 38.118056 1
128.856246 221.574754 40.304342 1
131.968004 203.084794 46.672202 1
133.303010 195.955710 49.037858 1
135.982065 181.649231 53.785202 1
135.982065 181.649231 53.785202 1
104.049480 186.393953 45.249046 1
105.194628 168.523793 46.517729 1
106.612717 146.394368 48.088789 1
108.090647 124.556342 43.805207 1
109.320770 106.379920 40.239854 1
109.065064 98.187548 53.417004 1
109.699392 96.857556 60.837256 1
117.283729 186.440508 44.561473 1
117.491726 168.563080 46.180549 1
117.749298 146.424877 48.185507 1
116.385548 124.250373 44.566095 1
115.273338 106.165917 41.614275 1
117.287064 98.339957 54.862554 1
117.552594 96.876304 62.280063 1
110.629200 187.864300 46.196900 1
110.607413 195.316386 45.465238 1
110.610387 205.091871 43.760532 1
110.771548 214.508468 42.454948 1
111.700866 238.920958 41.804547 1
112.558488 246.199513 42.629857 1
112.148246 264.815696 40.054574 1
107.107393 224.859522 41.360108 1
94.699949 230.070405 40.840290 1
93.696173 223.883201 43.473089 1
90.772536 205.862118 51.141479 1
90.403476 198.934687 54.315892 1
89.662855 185.032881 60.686232 1
89.662855 185.032881 60.686232 1
115.096032 224.543627 40.917593 1
127.837327 228.203294 38.543901 1
128.877480 221.836404 40.689008 1
131.907069 203.291960 46.936926 1
133.171633 196.143182 49.281763 1
135.709330 181.797181 53.987326 1
135.709330 181.797181 53.987326 1
103.965172 186.522169 45.738923 1
105.123096 168.629078 46.610710 1
106.557005 146.471255 47.690278 1
108.069029 124.604439 43.568520 1
109.327530 106.404055 40.137859 1
109.192774 98.288140 53.364022 1
109.893168 96.910046 60.769540 1
117.197776 186.490231 45.019585 1
117.428506 168.597867 46.460832 1
117.714228 146.441168 48.245579 1
116.387795 124.272006 44.579874 1
115.306020 106.191906 41.590301 1
117.413134 98.383533 54.834432 1
117.722560 96.925927 62.251430 1
110.651900 187.929700 46.636000 1
110.641135 195.389453 45.986875 1
110.659077 205.177111 44.353609 1
110.826837 214.593346 43.046248 1
111.747689 239.000442 42.208369 1
112.504596 246.294620 42.993275 1
111.998674 264.891188 40.296177 1
107.161419 224.933935 41.860510 1
94.602553 229.775051 41.405933 1
93.601237 223.543936 43.934028 1
90.684767 205.394956 51.297453 1
90.389017 198.419815 54.373543 1
89.795512 184.422263 60.546572 1
89.795512 184.422263 60.546572 1
115.151408 224.618148 41.442979 1
127.824165 228.455948 38.985199 1
128.848370 222.075935 41.098757 1
131.831507 203.493269 47.254787 1
133.034705 196.331604 49.592580 1
135.449253 181.959741 54.284007 1
135.449253 181.959741 54.284007 1
103.988490 186.600084 46.134591 1
105.114332 168.691089 46.648288 1
106.508513 146.513571 47.284417 1
108.059981 124.611468 43.369888 1
109.351312 106.381712 40.111709 1
109.165004 98.353065 53.390405 1
109.842711 96.936431 60.790760 1
117.224025 186.561503 45.471724 1
117.453742 168.652236 46.685183 1
117.738209 146.474605 48.187853 1
116.434525 124.307510 44.501542 1
115.371302 106.229096 41.495163 1
117.432008 98.479706 54.781174 1
117.713717 97.054571 62.205583 1
110.692100 188.006200 47.030300 1
110.684150 195.469976 46.429155 1
110.704775 205.264480 44.837491 1
110.869413 214.680634 43.529147 1
111.765070 239.084678 42.582176 1
112.422523 246.395283 43.301090 1
111.879427 264.981670 40.541759 1
107.194365 225.011795 42.292146 1
94.503711 229.503951 41.923365 1
93.529316 223.229912 44.353936 1
90.691256 204.955910 51.433309 1
90.516164 197.936329 54.416133 1
90.164794 183.849600 60.401997 1
90.164794 183.849600 60.401997 1
115.185205 224.702762 41.886001 1
127.781853 228.740160 39.357752 1
128.797234 222.358891 41.471776 1
131.754673 203.772567 47.629161 1
132.906280 196.611128 49.993480 1
135.217294 182.239719 54.738140 1
135.217294 182.239719 54.738140 1
104.030683 186.680227 46.493972 1
105.104977 168.761168 46.623356 1
106.435322 146.571188 46.783572 1
108.037498 124.629082 43.121642 1
109.371034 106.366031 40.073709 1
109.098781 98.462955 53.426046 1
109.739862 97.003484 60.821338 1
117.268738 186.645141 45.883268 1
117.492844 168.720905 46.852131 1
117.770364 146.524740 48.051909 1
116.464207 124.354307 44.386607 1
115.398968 106.273171 41.397362 1
117.412004 98.590670 54.729448 1
117.668620 97.203322 62.161919 1
110.725700 188.039800 47.398400 1
110.721662 195.502979 46.789839 1
110.748149 205.295584 45.186623 1
110.920288 214.709542 43.863526 1
111.842847 239.110679 42.868680 1
112.377643 246.436209 43.535485 1
111.832530 265.011798 40.704767 1
107.255446 225.042581 42.612019 1
94.451489 229.208002 42.336117 1
93.501838 222.893002 44.668418 1
90.735852 204.499695 51.461568 1
90.700398 197.437629 54.347460 1
90.629249 183.265640 60.138802 1
90.629249 183.265640 60.138802 1
115.245336 224.723502 42.195113 1
127.789111 228.893241 39.619235 1
128.799910 222.513617 41.740407 1
131.744002 203.932083 47.918611 1
132.827595 196.777158 50.334242 1
135.002124 182.418820 55.181874 1
135.002124 182.418820 55.181874 1
104.062880 186.717389 46.870778 1
105.091102 168.796920 46.619599 1
106.364395 146.605195 46.308547 1
107.996466 124.635068 42.832543 1
109.354885 106.348695 39.939362 1
109.058628 98.532473 53.342218 1
109.687245 97.096994 60.743274 1
117.300225 186.673559 46.245432 1
117.526357 168.740236 47.027687 1
117.806386 146.532817 47.996383 1
116.500545 124.366370 44.306942 1
115.435563 106.288484 41.298011 1
117.485900 98.634175 54.640623 1
117.761718 97.262064 62.075235 1
110.786500 188.066300 47.770000 1
110.778629 195.529992 47.167813 1
110.806011 205.322846 45.566125 1
110.984476 214.735313 44.233295 1
111.932879 239.133194 43.184359 1
112.392117 246.464813 43.840467 1
111.824224 265.031137 40.953991 1
107.332604 225.068927 42.949050 1
94.451306 228.990968 42.708374 1
93.523495 222.648903 44.975104 1
90.821117 204.176765 51.577266 1
90.899945 197.089148 54.398947 1
91.058135 182.865885 60.061432 1
91.058135 182.865885 60.061432 1
115.323172 224.741256 42.552265 1
127.836028 229.009931 39.988087 1
128.836849 222.622687 42.090980 1
131.751881 204.018960 48.215948 1
132.763929 196.891400 50.741030 1
134.794881 182.587976 55.808306 1
134.794881 182.587976 55.808306 1
104.125968 186.739577 47.224611 1
105.140333 168.820962 46.827343 1
106.396465 146.631532 46.335382 1
107.994902 124.659091 42.858379 1
109.325326 106.370791 39.964366 1
108.976929 98.539639 53.357249 1
109.582455 97.095189 60.758485 1
117.364861 186.705749 46.632285 1
117.585382 168.767685 47.298873 1
117.858463 146.554394 48.124334 1
116.555599 124.395085 44.391222 1
115.493044 106.323020 41.346674 1
117.507378 98.661943 54.690885 1
117.763839 97.286271 62.125532 1
110.852000 188.072900 47.979500 1
110.848826 195.538145 47.396834 1
110.883867 205.334785 45.818625 1
111.062263 214.749682 44.503058 1
111.980306 239.150065 43.485782 1
112.409971 246.487313 44.097498 1
111.904507 265.051581 41.186299 1
107.402498 225.079231 43.208618 1
94.489540 228.892536 42.921613 1
93.587393 222.530069 45.141036 1
90.959768 203.998508 51.605411 1
91.133906 196.896058 54.385210 1
91.483363 182.643028 59.963649 1
91.483363 182.643028 59.963649 1
115.395722 224.763878 42.858049 1
127.902157 229.087259 40.354926 1
128.887829 222.686306 42.423004 1
131.758734 204.042650 48.446563 1
132.710637 196.944470 51.075656 1
134.620891 182.700009 56.351660 1
134.620891 182.700009 56.351660 1
104.193805 186.749334 47.399034 1
105.217060 168.830034 47.059664 1
106.484203 146.639757 46.639400 1
108.034924 124.683828 43.038680 1
109.325634 106.409272 40.041693 1
108.926249 98.479090 53.374747 1
109.509854 96.989430 60.768779 1
117.435352 186.713630 46.869458 1
117.639557 168.774258 47.505358 1
117.892433 146.559349 48.292817 1
116.577622 124.413807 44.482979 1
115.505325 106.352972 41.375856 1
117.449916 98.665867 54.715445 1
117.671164 97.276782 62.148729 1
110.933100 188.069400 48.153200 1
110.929611 195.533678 47.558276 1
110.962245 205.328941 45.971493 1
111.132107 214.744905 44.662445 1
111.999932 239.149400 43.701291 1
112.457215 246.487072 44.287367 1
112.010640 265.044957 41.326267 1
107.456714 225.068629 43.365819 1
94.544476 228.878126 43.005255 1
93.668217 222.501000 45.192746 1
91.115995 203.926741 51.564115 1
91.369048 196.822292 54.332721 1
91.876869 182.565251 59.888697 1
91.876869 182.565251 59.888697 1
115.452731 224.772477 43.065872 1
127.962456 229.135448 40.649381 1
128.930961 222.727123 42.702684 1
131.751864 204.061993 48.683212 1
132.670402 196.983465 51.376377 1
134.513700 182.778440 56.780958 1
134.513700 182.778440 56.780958 1
104.277288 186.742826 47.552624 1
105.298883 168.822908 47.242137 1
106.563970 146.631865 46.857641 1
108.085941 124.687213 43.176800 1
109.352720 106.422043 40.113128 1
108.900186 98.419553 53.401205 1
109.452566 96.942618 60.800187 1
117.520543 186.710345 47.067432 1
117.703357 168.769458 47.665993 1
117.929743 146.552672 48.407214 1
116.599766 124.423069 44.511008 1
115.515101 106.375232 41.333448 1
117.404635 98.659006 54.664133 1
117.598774 97.254754 62.095324 1
111.001600 188.079700 48.328000 1
111.002710 195.542207 47.711241 1
111.040303 205.333803 46.102095 1
111.209106 214.748498 44.783820 1
112.054129 239.154114 43.830847 1
112.531844 246.489102 44.433976 1
112.159989 265.042034 41.431801 1
107.526451 225.068715 43.479898 1
94.606377 228.848518 43.088813 1
93.738855 222.460835 45.248812 1
91.212075 203.855828 51.540108 1
91.533506 196.757866 54.318239 1
92.178546 182.513840 59.893330 1
92.178546 182.513840 59.893330 1
115.523542 224.780939 43.201163 1
128.054308 229.130389 40.870851 1
129.008907 222.728561 42.950762 1
131.789308 204.082356 49.008789 1
132.671856 197.014976 51.742954 1
134.442933 182.832323 57.229813 1
134.442933 182.832323 57.229813 1
104.346257 186.754483 47.719283 1
105.355802 168.834892 47.355107 1
106.605966 146.644255 46.904125 1
108.104281 124.701742 43.200898 1
109.351371 106.438352 40.118591 1
108.861986 98.420671 53.396201 1
109.397312 96.939521 60.795594 1
117.590350 186.714398 47.258114 1
117.763182 168.771435 47.794145 1
117.977208 146.552079 48.457934 1
116.631077 124.431522 44.516173 1
115.533238 106.391062 41.301461 1
117.403390 98.650169 54.620573 1
117.589297 97.232925 62.049508 1
