64 35
108.191900 146.743100 40.340500 1
107.528690 153.589079 36.633325 1
106.704215 162.612991 32.090653 1
106.306583 172.073387 29.928331 1
106.233544 196.927423 32.272269 1
109.688211 203.583646 32.992487 1
109.958000 222.422560 29.284885 1
102.098388 182.525194 30.267843 1
90.626264 190.096835 30.829686 1
91.908220 184.078905 34.050101 1
95.642109 166.550795 43.430042 1
101.726943 164.034096 47.598225 1
113.937882 158.983625 55.962861 1
113.937882 158.983625 55.962861 1
110.234538 182.627642 29.435065 1
123.346273 186.460556 27.808338 1
124.193205 179.842367 29.735059 1
126.660019 160.565912 35.346918 1
125.611774 159.613050 43.010214 1
123.508178 157.700868 58.388767 1
123.508178 157.700868 58.388767 1
101.365029 145.311600 41.714846 1
104.202477 144.787500 59.824211 1
107.716215 144.138490 82.249831 1
102.218850 122.763954 76.596142 1
97.643206 104.973201 71.890383 1
96.075905 98.306240 86.186575 1
96.425413 97.420049 93.855468 1
114.818541 144.897917 38.544081 1
123.151041 145.052798 54.878831 1
133.469435 145.244584 75.106668 1
119.702344 126.901639 73.463485 1
108.474634 111.942105 72.123392 1
108.959037 100.645910 83.234073 1
111.085924 98.442234 90.329173 1
108.154900 146.755700 40.315550 1
107.495467 153.599704 36.604058 1
106.675849 162.623978 32.061226 1
106.284578 172.086919 29.908901 1
106.238830 196.936076 32.304690 1
109.645175 203.612822 33.064043 1
109.938424 222.466217 29.432617 1
102.086971 182.542050 30.276016 1
90.585025 190.067271 30.851633 1
91.852063 184.034368 34.049862 1
95.542503 166.462649 43.365182 1
101.627203 163.964937 47.544964 1
113.837875 158.952570 55.932879 1
113.837875 158.952570 55.932879 1
110.222054 182.638385 29.432164 1
123.314471 186.532068 27.794205 1
124.149319 179.906792 29.701749 1
126.580933 160.609696 35.257753 1
125.510010 159.632010 42.914785 1
123.360905 157.670013 58.280765 1
123.360905 157.670013 58.280765 1
101.327842 145.332646 41.697717 1
104.181866 144.812872 59.804602 1
107.716130 144.169220 82.227150 1
102.207515 122.793226 76.589951 1
97.622507 105.001259 71.897917 1
96.056780 98.336993 86.195539 1
96.410570 97.450726 93.864226 1
114.777737 144.901986 38.513893 1
123.030589 145.080815 54.888783 1
133.250353 145.302258 75.166328 1
119.604351 126.875583 73.451470 1
108.475395 111.847763 72.052922 1
109.039033 100.552784 83.161103 1
111.215860 98.437345 90.267903 1
108.124200 146.706200 40.257900 1
107.486462 153.564637 36.569329 1
106.692396 162.604446 32.052923 1
106.324207 172.072905 29.920888 1
106.345986 196.919036 32.348185 1
109.658532 203.635393 33.170584 1
109.943105 222.511398 29.657862 1
102.151937 182.536935 30.321723 1
90.540884 189.888605 30.947383 1
91.783379 183.827181 34.101003 1
95.402331 166.172390 43.286392 1
101.474119 163.714942 47.508603 1
113.658880 158.783377 55.981661 1
113.658880 158.783377 55.981661 1
110.282990 182.616124 29.438179 1
123.351589 186.569100 27.752725 1
124.169320 179.937494 29.645629 1
126.551083 160.621960 35.158993 1
125.406009 159.570788 42.795532 1
123.108101 157.461319 58.120388 1
123.108101 157.461319 58.120388 1
101.293726 145.306584 41.647105 1
104.186405 144.803954 59.748340 1
107.768537 144.181531 82.163890 1
102.240719 122.801824 76.559663 1
97.639728 105.006767 71.895073 1
96.085454 98.347182 86.196124 1
96.451176 97.460845 93.864244 1
114.736375 144.831262 38.439126 1
122.768816 145.093344 54.922141 1
132.715639 145.417881 75.333579 1
119.403230 126.767112 73.429626 1
108.546335 111.556533 71.876861 1
109.313875 100.275316 82.986809 1
111.587276 98.366918 90.121929 1
108.023700 146.641700 40.332510 1
107.432231 153.518292 36.670123 1
106.686122 162.578601 32.186741 1
106.354054 172.054635 30.082610 1
106.464802 196.895579 32.560049 1
109.652756 203.662038 33.460457 1
109.898666 222.567241 30.105373 1
102.214005 182.529091 30.541097 1
90.506590 189.716758 31.268357 1
91.709805 183.603013 34.335009 1
95.214352 165.795827 43.267093 1
101.254400 163.392368 47.565223 1
113.375467 158.569148 56.190634 1
113.375467 158.569148 56.190634 1
110.337225 182.588054 29.586755 1
123.358537 186.656509 27.812447 1
124.158801 180.019595 29.694179 1
126.489689 160.688600 35.175003 1
125.220927 159.505434 42.772584 1
122.674802 157.131083 58.019261 1
122.674802 157.131083 58.019261 1
101.185641 145.292413 41.734140 1
104.147560 144.773872 59.823724 1
107.815435 144.131745 82.224848 1
102.226385 122.765414 76.630352 1
97.574428 104.981490 71.973862 1
96.098819 98.322748 86.283636 1
96.508662 97.435986 93.949475 1
114.615857 144.719872 38.490166 1
122.214160 145.169615 55.173753 1
131.623376 145.726539 75.833568 1
118.988317 126.650464 73.563078 1
108.683832 111.093028 71.711386 1
109.819588 99.839606 82.817981 1
112.192051 98.238934 89.996389 1
107.886000 146.660700 40.299930 1
107.326661 153.543092 36.643395 1
106.612959 162.614679 32.177576 1
106.300236 172.099487 30.110339 1
106.434073 196.925798 32.729286 1
109.589123 203.699547 33.688830 1
109.734776 222.643328 30.552630 1
102.167786 182.573384 30.643995 1
90.569036 189.928356 31.436741 1
91.756213 183.753148 34.384180 1
95.214043 165.766945 42.969036 1
101.247158 163.434266 47.315627 1
113.354309 158.753084 56.038291 1
113.354309 158.753084 56.038291 1
110.287455 182.633417 29.659963 1
123.253389 186.841132 27.806659 1
124.068761 180.193357 29.643021 1
126.443650 160.830727 34.991698 1
124.988532 159.476532 42.527058 1
122.068434 156.758962 57.648874 1
122.068434 156.758962 57.648874 1
101.042821 145.348060 41.711338 1
104.111302 144.824924 59.783019 1
107.911138 144.177107 82.161973 1
102.257060 122.806569 76.649490 1
97.550979 105.019142 72.061262 1
96.159916 98.364822 86.381558 1
96.620836 97.477825 94.044468 1
114.464581 144.703948 38.445856 1
121.625865 145.328289 55.316089 1
130.493908 146.101423 76.207033 1
118.575301 126.603478 73.662741 1
108.855115 110.701987 71.587751 1
110.350573 99.538096 82.741990 1
112.739449 98.128822 89.954999 1
107.814200 146.651600 40.260930 1
107.294277 153.536805 36.603874 1
106.619234 162.617723 32.151028 1
106.324665 172.111743 30.123795 1
106.460433 196.919660 32.911498 1
109.612953 203.680554 33.965387 1
109.665500 222.668004 31.102219 1
102.190955 182.580369 30.744078 1
90.616764 189.958219 31.671695 1
91.786071 183.710827 34.470405 1
95.191854 165.514374 42.622067 1
101.210788 163.276794 47.037765 1
113.289482 158.786455 55.899111 1
113.289482 158.786455 55.899111 1
110.306927 182.649837 29.730607 1
123.237401 186.934001 27.806072 1
124.065096 180.261853 29.545995 1
126.475880 160.828234 34.613778 1
124.848830 159.341376 42.088725 1
121.583701 156.357583 57.089303 1
121.583701 156.357583 57.089303 1
100.964132 145.380880 41.677274 1
104.144708 144.861941 59.729685 1
108.083354 144.219323 82.084776 1
102.348338 122.849979 76.651849 1
97.574888 105.063546 72.129838 1
96.241703 98.421905 86.461521 1
96.749529 97.534476 94.121416 1
114.379437 144.654545 38.402537 1
121.165812 145.486036 55.418186 1
129.569592 146.515690 76.489203 1
118.324308 126.637461 73.825367 1
109.153249 110.425829 71.652883 1
110.993731 99.427832 82.919763 1
113.351291 98.048350 90.148817 1
107.801300 146.629000 40.206310 1
107.296049 153.520910 36.559843 1
106.635214 162.617181 32.136298 1
106.350585 172.124276 30.169834 1
106.497156 196.904453 33.193713 1
109.677113 203.637669 34.338454 1
109.680928 222.668563 31.779386 1
102.220212 182.587194 30.899094 1
90.673133 189.989278 31.961719 1
91.779000 183.657199 34.590750 1
95.000001 165.214084 42.248199 1
101.082960 163.183368 46.676124 1
113.290138 159.108159 55.562007 1
113.290138 159.108159 55.562007 1
110.333933 182.664982 29.868350 1
123.241967 186.996214 27.899053 1
124.096106 180.288794 29.483642 1
126.583911 160.752437 34.098993 1
124.793015 159.175430 41.517795 1
121.199083 156.010727 56.405701 1
121.199083 156.010727 56.405701 1
100.950816 145.381845 41.641464 1
104.203884 144.892194 59.681772 1
108.232301 144.285844 82.021874 1
102.469145 122.905501 76.662495 1
97.672274 105.109914 72.201701 1
96.324463 98.488406 86.541330 1
96.848157 97.600849 94.200142 1
114.353495 144.610046 38.325682 1
120.916720 145.690360 55.414731 1
129.044166 147.028140 76.576640 1
118.312870 126.845027 74.091149 1
109.560993 110.384748 72.064113 1
111.663279 99.650012 83.537200 1
113.916588 98.051084 90.754284 1
107.817900 146.629700 40.133990 1
107.340500 153.526314 36.492668 1
106.703788 162.642752 32.107264 1
106.423597 172.170696 30.243768 1
106.531717 196.895173 33.695011 1
109.773410 203.603626 34.811623 1
109.844334 222.660184 32.452312 1
102.275154 182.611060 31.167715 1
90.844608 190.175611 32.340411 1
91.888266 183.739639 34.731856 1
94.928079 164.993920 41.697299 1
101.052025 163.225028 46.180716 1
113.341455 159.675247 55.177960 1
113.341455 159.675247 55.177960 1
110.385143 182.723089 30.111076 1
123.287630 187.043213 28.081936 1
124.183577 180.300972 29.485302 1
126.793155 160.663197 33.572812 1
124.852268 159.010151 40.937137 1
120.957338 155.692856 55.715720 1
120.957338 155.692856 55.715720 1
100.963738 145.415255 41.579598 1
104.313253 144.934182 59.602479 1
108.461104 144.338454 81.921000 1
102.683496 122.944481 76.632037 1
97.874597 105.137549 72.229852 1
96.520441 98.540225 86.580025 1
97.067662 97.652991 94.237230 1
114.357023 144.579822 38.241356 1
120.857161 145.961063 55.332843 1
128.906485 147.671489 76.497773 1
118.540495 127.244738 74.500142 1
110.086543 110.585761 72.870979 1
112.427525 100.198577 84.614579 1
114.477058 98.136308 91.774658 1
107.859200 146.659200 40.013890 1
107.378356 153.592829 36.444016 1
106.730838 162.758002 32.163020 1
106.441500 172.309468 30.425601 1
106.558995 196.979863 34.244018 1
109.771702 203.679539 35.489654 1
109.910706 222.774986 33.472644 1
102.291563 182.729621 31.549383 1
90.833567 190.220189 32.913480 1
91.738723 183.651527 34.978267 1
94.375128 164.519330 40.992270 1
100.464527 163.123245 45.650906 1
112.684629 160.321606 54.999776 1
112.684629 160.321606 54.999776 1
110.389680 182.867689 30.408161 1
123.282537 187.217597 28.381440 1
124.211620 180.442494 29.591707 1
126.917711 160.709001 33.116787 1
124.873188 158.999646 40.440099 1
120.770282 155.569350 55.136381 1
120.770282 155.569350 55.136381 1
101.010168 145.446412 41.484979 1
104.411861 145.007028 59.499149 1
108.624326 144.462927 81.806885 1
102.804112 123.050643 76.640146 1
97.959749 105.228471 72.339693 1
96.564883 98.653104 86.696044 1
97.114525 97.766068 94.353098 1
114.382960 144.613022 38.065069 1
120.819907 146.294856 55.153536 1
128.790980 148.377515 76.314726 1
118.803286 127.719415 74.836458 1
110.657851 110.871761 73.630859 1
113.207554 100.855352 85.649864 1
114.961860 98.348746 92.746314 1
107.789600 146.664300 39.923130 1
107.339145 153.623884 36.400106 1
106.728842 162.828649 32.199339 1
106.489825 172.402161 30.579592 1
106.813717 197.007878 34.783911 1
109.859102 203.765394 36.133115 1
110.033789 222.888680 34.403031 1
102.419949 182.826583 31.933104 1
90.828794 190.063966 33.520699 1
91.531696 183.387590 35.298874 1
93.579007 163.941660 40.478078 1
99.616183 162.866407 45.287346 1
111.731486 160.708609 54.938501 1
111.731486 160.708609 54.938501 1
110.499738 182.936752 30.665892 1
123.269003 187.597851 28.550458 1
124.201297 180.797388 29.606155 1
126.916737 160.990031 32.681029 1
124.808593 159.199660 39.966849 1
120.578015 155.606781 54.587891 1
120.578015 155.606781 54.587891 1
100.940182 145.491266 41.424349 1
104.430356 145.039158 59.421271 1
108.752392 144.479300 81.707646 1
102.914359 123.059010 76.594474 1
98.055167 105.230174 72.338606 1
96.693310 98.671062 86.705558 1
97.277690 97.784418 94.360084 1
114.287659 144.583906 37.925284 1
120.673347 146.514050 55.006739 1
128.580946 148.904201 76.159245 1
119.232717 127.922056 75.131309 1
111.608796 110.810130 74.292978 1
114.579045 101.123669 86.484615 1
116.450505 98.781899 93.607397 1
107.791400 146.700800 39.852010 1
107.387861 153.701072 36.404726 1
106.844410 162.958063 32.310902 1
106.701729 172.553270 30.812742 1
107.395719 197.091885 35.351162 1
110.164455 203.939656 36.834699 1
110.400670 223.081258 35.329020 1
102.782392 183.005543 32.379024 1
90.987334 189.849687 34.192682 1
91.393998 183.078031 35.679045 1
92.578470 163.354583 40.008302 1
98.530570 162.558499 44.975341 1
110.475143 160.960930 54.943110 1
110.475143 160.960930 54.943110 1
110.840581 183.036941 30.977046 1
123.449881 188.065890 28.747634 1
124.345717 181.239772 29.659533 1
126.954969 161.357692 32.315573 1
124.845416 159.505708 39.585567 1
120.612008 155.789187 54.174850 1
120.612008 155.789187 54.174850 1
100.939175 145.575781 41.376981 1
104.511176 145.103570 59.357324 1
108.934542 144.518815 81.623169 1
103.131440 123.088930 76.510442 1
98.301320 105.252106 72.254945 1
96.990009 98.705212 86.632168 1
97.612797 97.819485 94.283771 1
114.259254 144.581224 37.798122 1
120.525226 146.708973 54.900428 1
128.284576 149.343823 76.078753 1
119.894888 127.947408 75.369550 1
113.052702 110.497624 74.791160 1
116.594036 101.110615 87.064257 1
118.643699 98.950026 94.195246 1
107.797100 146.758900 39.758920 1
107.457183 153.804056 36.397276 1
107.018761 163.117244 32.419975 1
107.040439 172.732760 31.050949 1
108.337795 197.179501 35.939323 1
110.583511 204.204248 37.478295 1
111.041084 223.361853 36.253315 1
103.374386 183.243240 32.826991 1
91.264524 189.455607 34.830179 1
91.249652 182.626900 36.094501 1
91.206340 162.737282 39.777034 1
97.053927 162.068911 44.885040 1
108.788765 160.727636 55.135698 1
108.788765 160.727636 55.135698 1
111.410814 183.120119 31.309879 1
123.750015 188.725167 28.947126 1
124.634941 181.876566 29.684380 1
127.212419 161.929002 31.831740 1
125.113032 160.051807 39.098210 1
120.900025 156.284693 53.680421 1
120.900025 156.284693 53.680421 1
100.940122 145.694731 41.306042 1
104.610628 145.210886 59.266225 1
109.155977 144.611725 81.507106 1
103.437804 123.162225 76.380952 1
98.678375 105.309077 72.114280 1
97.444190 98.772317 86.502937 1
98.116763 97.887637 94.150446 1
114.229490 144.589670 37.646341 1
120.319294 146.816639 54.799576 1
127.860490 149.574356 76.040969 1
120.642261 127.752082 75.422950 1
114.755456 109.954990 74.918925 1
118.949676 100.774007 87.142018 1
121.192700 98.727479 94.248412 1
107.726000 146.715300 39.749760 1
107.453194 153.830456 36.532533 1
107.119046 163.219643 32.727520 1
107.284535 172.852160 31.494603 1
109.081673 197.218483 36.620526 1
110.889412 204.345990 38.260485 1
111.491954 223.511427 37.237387 1
103.831110 183.409216 33.414724 1
91.527322 189.185424 35.537756 1
90.972530 182.367674 36.737946 1
89.356620 162.509967 40.233682 1
95.185344 161.711497 45.344567 1
106.882328 160.109139 55.601002 1
106.882328 160.109139 55.601002 1
111.848736 183.154040 31.816754 1
123.920410 189.276041 29.356912 1
124.942731 182.429224 29.910028 1
127.920388 162.486858 31.521057 1
125.776675 160.542292 38.756804 1
121.474716 156.639979 53.277360 1
121.474716 156.639979 53.277360 1
100.859814 145.686976 41.280195 1
104.564259 145.217986 59.233804 1
109.151635 144.637221 81.466542 1
103.635765 123.140374 76.317102 1
99.044718 105.247817 72.031047 1
97.926275 98.694550 86.421658 1
98.641296 97.810214 94.065355 1
114.135615 144.526722 37.588473 1
120.026507 146.718386 54.815561 1
127.321385 149.432384 76.148409 1
121.285790 127.259578 75.351705 1
116.363477 109.176612 74.701955 1
121.173181 100.091204 86.768769 1
123.591206 98.085669 93.829311 1
107.680600 146.731800 39.760920 1
107.471100 153.931122 36.731681 1
107.226887 163.406958 33.140650 1
107.496790 173.055292 32.059147 1
109.651068 197.348903 37.388505 1
111.078623 204.568808 38.999038 1
111.793221 223.744244 38.280872 1
104.195811 183.636973 34.107567 1
91.794500 189.157121 36.341509 1
90.663017 182.428461 37.635670 1
87.367411 162.830243 41.405111 1
93.226047 161.769247 46.433370 1
104.983059 159.640058 56.523994 1
104.983059 159.640058 56.523994 1
112.194231 183.295406 32.431391 1
123.952963 189.954291 29.853305 1
125.328315 183.163648 30.328217 1
129.334231 163.384894 31.711468 1
127.027214 161.304118 38.858560 1
122.397541 157.128462 53.201205 1
122.397541 157.128462 53.201205 1
100.798805 145.705996 41.221336 1
104.421729 145.262422 59.192217 1
108.908155 144.713130 81.446345 1
103.730341 123.114109 76.374018 1
99.420669 105.136509 72.152147 1
98.476243 98.530046 86.530903 1
99.224760 97.645022 94.171313 1
114.090384 144.561411 37.581866 1
119.812614 146.558781 54.889239 1
126.898633 149.032179 76.321506 1
121.887016 126.625562 75.087149 1
117.799806 108.351911 74.080473 1
123.106836 99.220215 85.901364 1
125.727177 97.372981 92.932851 1
107.608900 146.743800 39.902760 1
107.464583 154.032788 37.092023 1
107.303940 163.601345 33.750838 1
107.647373 173.265861 32.849704 1
110.015770 197.481136 38.438410 1
111.158714 204.773356 39.947037 1
112.006108 223.941707 39.185455 1
104.438238 183.848093 35.036545 1
92.048550 189.356076 37.363084 1
90.398344 182.811356 38.998148 1
85.591879 163.748891 43.760516 1
91.493358 162.349053 48.653953 1
103.336346 159.539881 58.474016 1
103.336346 159.539881 58.474016 1
112.423808 183.465834 33.308685 1
123.836137 190.674143 30.652733 1
125.734181 184.010665 31.127568 1
131.262512 164.602300 32.510592 1
128.744182 162.320794 39.523838 1
123.690449 157.742315 53.597884 1
123.690449 157.742315 53.597884 1
100.707371 145.707904 41.259231 1
104.167940 145.268213 59.262176 1
108.453314 144.723730 81.556011 1
103.696350 123.015015 76.540144 1
99.736968 104.946111 72.365266 1
98.982941 98.270118 86.723137 1
99.749921 97.384473 94.361644 1
114.031394 144.609172 37.725805 1
119.636716 146.247731 55.108960 1
126.577963 148.276803 76.635069 1
122.251448 125.773364 74.744837 1
118.722971 107.420751 73.203263 1
124.554058 98.267316 84.757438 1
127.391529 96.920050 91.818168 1
107.438000 146.626500 40.162320 1
107.363975 154.036271 37.684369 1
107.260443 163.727907 34.716529 1
107.570587 173.413863 34.069302 1
109.611260 197.579908 39.990486 1
111.108871 204.848348 41.288825 1
111.990438 223.997422 40.166512 1
104.222905 183.936350 36.335300 1
92.243260 190.312110 38.592033 1
90.334263 183.971762 40.686236 1
84.774030 165.504561 46.785920 1
90.765509 163.573083 51.379861 1
102.789107 159.697024 60.598901 1
102.789107 159.697024 60.598901 1
112.237662 183.653465 34.727632 1
123.627841 190.931118 32.167426 1
126.202282 184.495538 32.598163 1
133.700723 165.750959 33.852748 1
131.161821 163.281003 40.794373 1
126.066803 158.324346 54.724693 1
126.066803 158.324346 54.724693 1
100.513349 145.562414 41.371089 1
103.853814 145.155150 59.397468 1
107.990458 144.650824 81.720322 1
103.609845 122.900515 76.544389 1
99.963712 104.796993 72.236283 1
99.255638 98.083911 86.579193 1
99.998454 97.198593 94.220125 1
113.882822 144.562900 37.982866 1
119.405654 145.736914 55.429888 1
126.244752 147.190726 77.035087 1
122.172405 124.726673 74.300350 1
118.851214 106.406181 72.070042 1
125.518134 97.678456 83.500916 1
128.492702 96.776123 90.576085 1
107.169400 146.453600 40.497910 1
107.152636 153.975058 38.381826 1
107.076027 163.785116 35.831630 1
107.284951 173.489613 35.497046 1
108.706146 197.565463 41.943450 1
110.850439 204.719856 42.931078 1
111.676694 223.837780 41.335441 1
103.677736 183.899542 37.881538 1
92.472047 191.574029 40.070111 1
90.419200 185.457195 42.639185 1
84.439986 167.641014 50.121998 1
90.630296 164.994650 54.047497 1
103.052905 159.683971 61.925119 1
103.052905 159.683971 61.925119 1
111.735092 183.799728 36.477971 1
123.320780 190.813889 34.063761 1
126.679299 184.750840 34.499378 1
136.461481 167.091313 35.768177 1
133.840860 164.190604 42.509921 1
128.581849 158.369525 56.039122 1
128.581849 158.369525 56.039122 1
100.220409 145.344744 41.510906 1
103.323127 145.055606 59.582000 1
107.165358 144.697561 81.960227 1
103.376773 122.865611 76.662252 1
100.223404 104.694135 72.252566 1
99.477371 97.946621 86.577383 1
100.151754 97.062435 94.224790 1
113.656101 144.486466 38.353782 1
119.311764 145.394304 55.774112 1
126.315350 146.518500 77.346255 1
122.476461 124.155891 73.621595 1
119.345667 105.918131 70.583959 1
126.409836 97.670146 82.131866 1
129.521929 96.802710 89.152030 1
107.108100 146.110400 40.983000 1
107.119268 153.739937 39.297631 1
107.044524 163.665884 37.244196 1
107.168797 173.377547 37.275718 1
108.159815 197.306365 44.322141 1
110.734877 204.343459 45.101308 1
111.483051 223.417641 43.018140 1
103.380770 183.672067 39.871515 1
92.930680 192.304257 42.224382 1
90.761584 186.420984 45.209695 1
84.443777 169.285081 53.904865 1
90.866657 166.099469 56.959568 1
103.755982 159.706635 63.089692 1
103.755982 159.706635 63.089692 1
111.453769 183.724469 38.558167 1
123.164053 190.598790 36.351812 1
127.157523 184.944431 36.908937 1
138.789094 168.475272 38.531646 1
135.965962 164.919375 44.865554 1
130.300557 157.783475 57.576320 1
130.300557 157.783475 57.576320 1
100.145693 144.949321 41.832103 1
103.103376 144.816885 59.929326 1
106.766004 144.652890 82.339909 1
103.293626 122.818285 76.840034 1
100.403447 104.644601 72.262301 1
99.574045 97.881741 86.575292 1
100.182382 96.997737 94.228257 1
113.625342 144.264955 38.823353 1
119.394955 144.900910 56.218344 1
126.539650 145.688425 77.759109 1
122.629255 123.467931 73.325721 1
119.440144 105.346073 69.710083 1
126.737602 97.668602 81.503703 1
129.906996 96.789777 88.496762 1
107.086000 145.980000 41.190550 1
107.118939 153.690437 39.926230 1
107.064684 163.708513 38.382918 1
107.192869 173.409430 38.839664 1
108.202455 197.066514 46.748242 1
110.836300 204.093581 47.413030 1
111.397773 223.104525 44.768693 1
103.409219 183.594171 41.842910 1
93.329615 192.533870 44.624715 1
91.068731 186.850875 47.914388 1
84.483578 170.298313 57.496052 1
90.781194 166.214825 59.593163 1
103.419142 158.020149 63.801608 1
103.419142 158.020149 63.801608 1
111.470426 183.711455 40.463006 1
123.082923 190.829891 38.530955 1
127.437729 185.475861 39.305549 1
140.121746 169.881454 41.561665 1
137.153940 165.643440 47.389549 1
131.198205 157.138678 59.084835 1
131.198205 157.138678 59.084835 1
100.116638 144.786569 41.930760 1
102.921403 144.742532 60.052743 1
106.394666 144.688006 82.493988 1
103.263338 122.826445 76.897301 1
100.657027 104.630323 72.238987 1
99.715016 97.861700 86.542282 1
100.254079 96.978066 94.200482 1
113.614260 144.244088 38.974105 1
119.312300 144.799980 56.395411 1
126.368364 145.488351 77.968764 1
122.500363 123.273163 73.472052 1
119.345825 105.155631 69.804771 1
126.582293 97.671177 81.758950 1
129.690375 96.789507 88.779118 1
107.051100 145.857600 41.306720 1
107.116581 153.624359 40.456079 1
107.107339 163.710764 39.450613 1
107.280811 173.372436 40.427775 1
108.435333 196.562827 49.598127 1
111.023450 203.625379 50.023281 1
111.457376 222.534631 46.710326 1
103.557377 183.394476 43.999778 1
93.912249 192.621205 47.330545 1
91.722030 186.979553 50.737108 1
85.342699 170.547405 60.659229 1
91.356478 165.711765 61.747241 1
103.424826 156.007686 63.930645 1
103.424826 156.007686 63.930645 1
111.611019 183.554732 42.580583 1
123.076005 191.006168 41.068879 1
127.562838 185.782139 41.967673 1
140.631400 170.566381 44.585540 1
137.548458 165.707102 49.840608 1
131.361670 155.955598 60.386379 1
131.361670 155.955598 60.386379 1
100.074104 144.651891 41.948579 1
102.797448 144.666921 60.083023 1
106.169884 144.685540 82.539699 1
103.343356 122.775228 76.971492 1
100.990741 104.538529 72.336883 1
100.010287 97.762990 86.634319 1
100.518317 96.879606 94.294668 1
113.584431 144.218576 39.032213 1
119.172912 144.886456 56.485046 1
126.093305 145.713505 78.097440 1
122.360414 123.468959 73.631778 1
119.316065 105.327485 69.989819 1
126.389158 97.598164 81.885820 1
129.432061 96.720080 88.934932 1
107.004500 145.788000 41.277950 1
107.084454 153.590309 40.868071 1
107.097606 163.718960 40.472000 1
107.289999 173.291847 42.101618 1
108.479013 195.723907 52.992506 1
111.287667 202.710776 53.224613 1
111.303826 221.434547 48.965044 1
103.582695 183.027845 46.406345 1
94.562087 192.604018 50.428858 1
92.599996 186.816203 53.727548 1
86.885119 169.958332 63.335474 1
92.524233 164.581513 63.486918 1
103.840709 153.791403 63.790832 1
103.840709 153.791403 63.790832 1
111.641012 183.270886 45.025985 1
123.113698 190.799146 44.047301 1
127.667719 185.621821 44.875654 1
140.931978 170.542095 47.288353 1
137.679750 165.130507 51.856789 1
131.153241 154.270642 61.024639 1
131.153241 154.270642 61.024639 1
100.022455 144.558812 41.811175 1
102.696221 144.634189 59.952846 1
106.007262 144.727538 82.418470 1
103.391001 122.794947 76.835227 1
101.213398 104.539705 72.188103 1
100.253148 97.750924 86.480628 1
100.753139 96.867466 94.141498 1
113.548731 144.269970 38.951404 1
119.097037 144.977430 56.415493 1
125.967680 145.853492 78.041824 1
122.253684 123.595257 73.628929 1
119.224746 105.442618 70.030004 1
126.190206 97.637951 81.940313 1
129.179528 96.760937 89.012446 1
106.970600 145.700700 41.296360 1
107.078323 153.513434 41.293364 1
107.140672 163.647338 41.509448 1
107.407722 173.064775 43.870257 1
108.863138 194.367523 56.804598 1
111.588922 201.390867 56.765930 1
111.506578 219.872199 51.554660 1
103.813027 182.381218 49.099646 1
95.262888 191.981190 53.997678 1
93.484221 185.932703 56.910087 1
88.303597 168.315589 65.392910 1
93.697598 162.712122 64.904411 1
104.522185 151.467180 63.924097 1
104.522185 151.467180 63.924097 1
111.862079 182.693442 47.679709 1
123.263742 190.382390 47.309289 1
127.765454 185.137752 47.986290 1
140.877357 169.861967 49.958155 1
137.372021 164.100591 53.863541 1
130.337580 152.538778 61.700797 1
130.337580 152.538778 61.700797 1
99.984619 144.470231 41.771979 1
102.656678 144.549803 59.913883 1
105.965605 144.648347 82.379797 1
103.307680 122.722282 76.790604 1
101.095398 104.472472 72.138528 1
100.191923 97.671191 86.428812 1
100.704375 96.787584 94.088841 1
113.507370 144.282671 38.887206 1
118.931606 144.927243 56.392656 1
125.648609 145.725428 78.070207 1
122.241237 123.470929 73.398640 1
119.462365 105.321338 69.588757 1
126.391338 97.614725 81.583896 1
129.346540 96.736374 88.670189 1
106.967800 145.749000 41.544230 1
107.121413 153.549449 41.968282 1
107.249612 163.648077 42.833088 1
107.591166 172.835525 45.964699 1
109.219737 192.703200 60.992864 1
112.084934 199.670698 60.934901 1
111.827284 217.845560 54.743636 1
104.073461 181.609229 52.105734 1
96.134298 191.231927 57.904737 1
94.348491 184.949689 60.265744 1
89.147070 166.651742 67.142530 1
94.484630 161.047443 66.228740 1
105.195952 149.800831 64.394959 1
105.195952 149.800831 64.394959 1
112.128624 181.984542 50.736638 1
123.483739 189.744097 51.061793 1
128.024925 184.498955 51.371764 1
141.251802 169.221701 52.274599 1
137.489523 163.350868 55.754750 1
129.939454 151.569399 62.738652 1
129.939454 151.569399 62.738652 1
99.976606 144.533863 41.981089 1
102.765024 144.500989 60.105618 1
106.218044 144.460286 82.550016 1
103.330309 122.618356 76.749410 1
100.926749 104.438573 71.921367 1
100.200647 97.620163 86.213601 1
100.782145 96.736623 93.868706 1
113.486738 144.428036 39.033713 1
118.934689 144.827147 56.539116 1
125.681059 145.321371 78.216608 1
122.245497 123.153547 73.168745 1
119.443634 105.074643 69.051974 1
126.437705 97.642186 81.181585 1
129.397875 96.760176 88.265350 1
106.802300 146.055000 41.699250 1
107.023877 153.811868 42.611569 1
107.245408 163.824458 44.175402 1
107.686390 172.717283 48.055613 1
109.541502 191.030655 64.919820 1
112.436823 197.984521 65.059823 1
112.249219 216.005416 58.431403 1
104.269042 180.900539 55.014097 1
97.018067 190.533881 61.638080 1
95.134319 184.096162 63.437314 1
89.647631 165.345353 68.677853 1
94.973386 159.811367 67.357226 1
105.661018 148.705858 64.707012 1
105.661018 148.705858 64.707012 1
112.328080 181.313550 53.679078 1
123.430501 189.374327 54.686633 1
128.008871 184.152460 54.662119 1
141.344052 168.942999 54.590715 1
137.484922 162.864470 57.572572 1
129.740494 150.666200 63.556509 1
129.740494 150.666200 63.556509 1
99.804432 144.869923 42.111108 1
103.045927 144.711371 60.159445 1
107.060013 144.515035 82.509490 1
103.468435 122.743217 76.839878 1
100.479042 104.621792 72.120867 1
99.808241 97.857265 86.441380 1
100.498621 96.973409 94.087397 1
113.292362 144.843253 39.062026 1
118.750942 144.878125 56.568633 1
125.510473 144.921301 78.247615 1
121.963594 122.813032 73.018797 1
119.070948 104.782698 68.754448 1
126.089911 97.627636 81.035537 1
129.032312 96.743579 88.126446 1
106.659400 146.358300 42.096060 1
106.963596 154.025828 43.568098 1
107.290369 163.894383 45.859702 1
107.823937 172.469240 50.389602 1
109.854139 189.437421 68.587997 1
112.719948 196.394803 68.963128 1
112.915093 214.635282 62.965578 1
104.486035 180.142306 57.942542 1
97.889243 189.790137 65.199038 1
95.986790 183.238790 66.499227 1
90.445622 164.157019 70.286223 1
95.713401 158.688269 68.532371 1
106.284688 147.713675 65.012768 1
106.284688 147.713675 65.012768 1
112.551318 180.564806 56.648845 1
123.112834 189.167502 58.573173 1
127.603481 183.880521 58.238655 1
140.683153 168.481408 57.264320 1
136.786815 162.160706 59.630783 1
128.967718 149.476448 64.379760 1
128.967718 149.476448 64.379760 1
99.650446 145.218113 42.440623 1
103.361733 144.827650 60.394697 1
107.957583 144.344128 82.628013 1
103.906208 122.701166 76.777841 1
100.534112 104.686991 71.908543 1
100.140935 97.933695 86.244663 1
100.995534 97.049522 93.874034 1
113.131012 145.274809 39.359551 1
118.529418 145.098736 56.883957 1
125.214436 144.880691 78.584980 1
121.792322 122.824275 73.062291 1
119.001427 104.836230 68.558277 1
125.970621 97.624911 80.834804 1
128.890675 96.741075 87.934973 1
106.634000 146.593500 42.932220 1
107.026747 154.117874 45.001028 1
107.444527 163.785845 48.018046 1
108.006145 172.042491 53.101867 1
109.940001 187.945765 72.247848 1
112.969392 194.820170 72.817147 1
113.558198 213.367581 67.880488 1
104.630891 179.290810 61.047556 1
98.844383 189.072850 68.798883 1
97.096324 182.403317 69.630502 1
92.004848 162.977314 72.052718 1
97.109225 157.536015 69.800980 1
107.352601 146.616510 65.282231 1
107.352601 146.616510 65.282231 1
112.708934 179.750575 59.849731 1
122.672273 188.802493 62.686929 1
127.039368 183.433806 62.107584 1
139.759179 167.796707 60.420152 1
135.819189 161.294500 62.132069 1
127.912495 148.246001 65.567517 1
127.912495 148.246001 65.567517 1
99.610052 145.518793 43.163187 1
103.720939 144.819884 61.020595 1
108.811632 143.954401 83.134206 1
104.353807 122.504320 76.882983 1
100.643407 104.650687 71.679877 1
100.464534 97.907368 86.024966 1
101.446484 97.023168 93.638990 1
113.103418 145.645486 40.140787 1
118.645518 145.170694 57.614719 1
125.508475 144.582737 79.253239 1
121.844278 122.652414 73.393970 1
118.855953 104.767203 68.615460 1
125.864525 97.556476 80.869898 1
128.807319 96.672693 87.960678 1
106.800700 147.531200 43.976530 1
107.246861 154.880542 46.591588 1
107.720721 164.323241 50.246381 1
108.327442 172.296432 55.759361 1
110.384730 187.431031 75.506107 1
113.480348 194.262547 76.217649 1
114.327064 212.993319 72.074578 1
105.001360 179.209115 64.018686 1
99.751788 188.996271 72.137098 1
98.018199 182.287780 72.606980 1
92.968872 162.748306 73.975583 1
97.817824 157.348763 71.135633 1
107.548619 146.513052 65.436470 1
107.548619 146.513052 65.436470 1
113.066201 179.747421 62.765885 1
122.552734 189.120976 66.141863 1
126.832146 183.686220 65.525391 1
139.296567 167.856691 63.729822 1
135.394549 161.207644 64.868812 1
127.564054 147.864467 67.154519 1
127.564054 147.864467 67.154519 1
99.774345 146.469576 44.194430 1
104.076151 145.182703 61.974006 1
109.403266 143.589117 83.991233 1
104.746001 122.361265 77.154265 1
100.869602 104.692601 71.463622 1
100.875948 97.940505 85.805695 1
101.943964 97.056488 93.408147 1
113.239710 146.767010 41.061165 1
118.848271 145.681500 58.486558 1
125.793529 144.337271 80.064970 1
122.014430 122.558060 73.734027 1
118.932397 104.796089 68.570844 1
125.923763 97.613449 80.851576 1
128.853348 96.729503 87.947804 1
107.042100 148.958100 45.248810 1
107.510616 156.154123 48.256826 1
108.025597 165.406426 52.364903 1
108.725715 173.164728 58.165889 1
111.216391 187.762859 78.263491 1
114.145864 194.664722 78.999168 1
115.163117 213.498961 75.399112 1
105.579907 179.833066 66.692412 1
100.306562 189.365819 75.093216 1
98.505890 182.663206 75.343273 1
93.261171 163.140852 76.071601 1
97.807434 157.882310 72.548542 1
106.930797 147.329558 65.478526 1
106.930797 147.329558 65.478526 1
113.608575 180.443462 65.254059 1
122.942695 189.908415 68.795797 1
127.178325 184.438499 68.187993 1
139.515223 168.506558 66.417670 1
135.712187 161.744818 67.158381 1
128.080328 148.175490 68.644832 1
128.080328 148.175490 68.644832 1
100.021492 147.867402 45.505009 1
104.375663 145.731575 63.189871 1
109.767624 143.086694 85.089810 1
105.012362 122.111951 77.572921 1
101.054397 104.653958 71.316358 1
101.167394 97.900865 85.657518 1
102.288897 97.017512 93.252341 1
113.441357 148.372113 42.207375 1
119.173151 146.366405 59.510619 1
126.271013 143.882666 80.937771 1
122.102322 122.287823 74.230968 1
118.702558 104.676212 68.761253 1
125.673636 97.592103 81.110560 1
128.580760 96.707540 88.215942 1
107.153500 150.921700 46.662280 1
107.642250 157.999855 49.935088 1
108.195414 167.111071 54.342621 1
108.964304 174.725517 60.322744 1
111.731101 189.005306 80.612026 1
114.524977 195.971407 81.265047 1
115.568757 214.811942 77.705760 1
105.937367 181.270599 68.986693 1
100.475601 190.541877 77.558016 1
98.783211 183.807829 77.693643 1
93.853880 164.193919 78.088677 1
98.016907 159.133918 73.869871 1
106.371196 148.979595 65.403643 1
106.371196 148.979595 65.403643 1
113.950653 181.880415 67.464747 1
123.439846 191.187273 71.013360 1
127.513263 185.600042 70.365219 1
139.377693 169.326403 68.477409 1
135.641777 162.506371 68.990212 1
128.144611 148.820066 70.019300 1
128.144611 148.820066 70.019300 1
100.133035 149.827834 46.908704 1
104.442777 146.583085 64.435045 1
109.779720 142.564976 86.138682 1
105.054829 121.836155 77.950437 1
101.122141 104.582852 71.135082 1
101.390193 97.813649 85.466583 1
102.571561 96.930427 93.052340 1
113.538716 150.444684 43.572675 1
119.375644 147.325908 60.674783 1
126.603695 143.463822 81.852861 1
122.127683 122.086742 74.663829 1
118.477284 104.652727 68.800833 1
125.435176 97.589792 81.169688 1
128.332537 96.705097 88.279040 1
107.257800 153.274700 48.076800 1
107.776211 160.276181 51.506222 1
108.370409 169.295289 56.094166 1
109.187218 176.814228 62.187706 1
112.103312 190.866213 82.614664 1
114.811314 197.881596 83.072774 1
115.685878 216.669886 79.205075 1
106.225386 183.273752 70.937937 1
100.665830 192.358568 79.644975 1
99.185623 185.573371 79.653112 1
94.874311 165.810480 79.676814 1
98.582188 160.850427 74.945827 1
106.023091 150.896679 65.451760 1
106.023091 150.896679 65.451760 1
114.232111 183.877603 69.379522 1
123.965801 192.963389 72.837676 1
127.677925 187.142593 72.083728 1
138.490035 170.188663 69.887743 1
134.881870 163.299124 70.386011 1
127.641075 149.473333 71.385932 1
127.641075 149.473333 71.385932 1
100.234839 152.195805 48.318048 1
104.405994 147.716974 65.604356 1
109.571317 142.170647 87.010749 1
105.021537 121.653551 78.212783 1
101.234600 104.576473 70.889935 1
101.620050 97.796853 85.213835 1
102.848750 96.913769 92.792084 1
113.633214 152.848756 44.959612 1
119.481871 148.523494 61.793028 1
126.724448 143.167378 82.638376 1
122.146954 121.955792 75.034981 1
118.413793 104.656746 68.834054 1
125.316852 97.600068 81.237158 1
128.181956 96.715441 88.359579 1
107.211100 155.920500 49.354800 1
107.789940 162.887823 52.843607 1
108.458485 171.872323 57.488865 1
109.346009 179.373045 63.594954 1
112.454922 193.456316 83.971868 1
115.060569 200.522579 84.164942 1
115.743437 219.248028 79.967918 1
106.467252 185.848974 72.360771 1
100.670039 194.734042 81.118791 1
99.558576 187.879251 81.038438 1
96.321282 167.913655 80.804398 1
99.464154 162.910913 75.722308 1
105.771217 152.871495 65.523656 1
105.771217 152.871495 65.523656 1
114.460105 186.444566 70.729661 1
124.597822 195.183171 73.910626 1
127.889984 189.111629 73.183977 1
137.478891 171.427364 71.067502 1
134.005003 164.470013 71.577646 1
127.033672 150.508139 72.601399 1
127.033672 150.508139 72.601399 1
100.184442 154.875749 49.635447 1
104.347456 149.019499 66.506978 1
109.502698 141.767455 87.399735 1
104.938131 121.419555 78.224568 1
101.138886 104.483306 70.587764 1
101.802511 97.694811 84.897266 1
103.165685 96.811767 92.452489 1
113.562373 155.489918 46.189342 1
119.395675 149.910474 62.655093 1
126.619238 143.001265 83.045150 1
122.118067 121.843878 75.247656 1
118.447150 104.589034 68.888431 1
125.305635 97.537246 81.319014 1
128.144715 96.652521 88.451836 1
107.186300 159.223400 50.629200 1
107.803667 166.164432 54.163512 1
108.525943 175.131629 58.834090 1
109.484538 182.654965 64.901491 1
112.858565 196.964229 85.077799 1
115.322490 204.083462 85.011896 1
115.641784 222.694940 80.296526 1
106.719573 189.221835 73.636228 1
100.482252 197.863006 82.335713 1
99.917091 190.941947 82.238259 1
98.270982 170.783336 81.954413 1
100.672950 165.519947 76.733300 1
105.493177 154.957471 66.255660 1
105.493177 154.957471 66.255660 1
114.687547 189.811454 71.885602 1
125.363180 198.067089 74.555883 1
128.159221 191.737845 73.961923 1
136.303103 173.302983 72.231925 1
133.068799 166.229250 72.716140 1
126.578263 152.033823 73.687857 1
126.578263 152.033823 73.687857 1
100.159119 158.192932 50.947099 1
104.196859 150.855423 67.260669 1
109.196969 141.769071 87.462477 1
104.796331 121.412318 78.227058 1
101.133530 104.468700 70.540103 1
102.122135 97.661104 84.821742 1
103.630583 96.777664 92.349260 1
113.516344 158.800611 47.420465 1
119.281646 151.777644 63.348986 1
126.421002 143.080875 83.073774 1
122.027702 121.892265 75.299575 1
118.444759 104.611956 68.959349 1
125.183554 97.601480 81.478445 1
127.949767 96.716797 88.639847 1
107.177300 162.925600 51.960900 1
107.847009 169.887138 55.444992 1
108.641564 178.893639 60.027375 1
109.684365 186.498602 65.978002 1
113.328654 201.181129 85.836628 1
115.582243 208.359172 85.441941 1
115.611874 226.796363 80.076039 1
107.037678 193.239058 74.616621 1
100.221979 201.611508 83.143249 1
100.235464 194.667133 83.217067 1
100.274746 174.440614 83.432075 1
102.203835 168.770708 78.445743 1
106.075098 157.392439 68.439257 1
106.075098 157.392439 68.439257 1
114.986448 193.772368 72.763625 1
126.133502 201.540715 74.920247 1
128.373227 194.988380 74.390611 1
134.896755 175.903735 72.847965 1
131.888079 168.753970 73.597363 1
125.850328 154.405961 75.101243 1
125.850328 154.405961 75.101243 1
100.146910 161.931942 52.322085 1
103.928278 153.023641 67.898295 1
108.610913 141.992108 87.187001 1
104.533515 121.494846 78.115450 1
101.139758 104.434277 70.564889 1
102.404741 97.620357 84.821684 1
104.050059 96.736735 92.320454 1
113.488417 162.450028 48.722408 1
119.236597 153.855836 63.867601 1
126.354750 143.213370 82.622367 1
122.045393 121.897300 75.155705 1
118.530910 104.513041 69.066290 1
125.196699 97.587532 81.671467 1
127.912842 96.702606 88.851978 1
107.190700 166.814100 53.391200 1
107.919907 173.839397 56.732440 1
108.792873 182.939026 61.112084 1
109.915987 190.688645 66.857941 1
113.791655 205.933424 86.243462 1
115.730464 213.178088 85.526103 1
115.544670 231.423513 79.543315 1
107.371310 197.688499 75.319094 1
99.775728 205.708278 83.519420 1
100.273884 198.796913 83.982933 1
101.724838 178.666540 85.332989 1
104.832131 172.084592 82.548133 1
111.067792 158.876053 76.959530 1
111.067792 158.876053 76.959530 1
115.304311 198.139199 73.378651 1
126.878324 205.392739 75.016766 1
128.576762 198.678621 74.501112 1
133.523712 179.122758 72.999194 1
130.916873 171.841169 73.956131 1
125.685523 157.228620 75.876499 1
125.685523 157.228620 75.876499 1
100.155380 165.874779 53.798806 1
103.493580 155.405628 68.479685 1
107.627421 142.441226 86.659664 1
104.124303 121.679538 77.956995 1
101.208540 104.398879 70.713466 1
102.661984 97.585184 84.952391 1
104.406604 96.701586 92.428684 1
113.485826 166.231691 50.139066 1
119.272743 156.053119 64.252422 1
126.438865 143.448664 81.729432 1
122.143131 121.942246 74.821677 1
118.639758 104.402749 69.188078 1
125.306014 97.562477 81.839465 1
128.014162 96.677388 89.022976 1
107.264100 170.606300 54.872400 1
108.037184 177.711439 58.029894 1
108.959968 186.931933 62.138125 1
110.118761 194.883750 67.593274 1
114.072164 210.960368 86.278441 1
115.744174 218.235997 85.264371 1
115.355241 236.336023 78.864249 1
107.607867 202.244865 75.752553 1
99.274905 209.940751 83.536519 1
100.103947 203.116719 84.524063 1
102.518658 183.240717 87.400438 1
105.193225 175.921770 87.288937 1
110.560500 161.234233 87.065178 1
110.560500 161.234233 87.065178 1
115.531929 202.613331 73.758956 1
127.513011 209.299182 74.763008 1
128.789335 202.484220 74.366449 1
132.506816 182.634634 73.211410 1
130.198303 175.261236 74.229565 1
125.565626 160.464445 76.272782 1
125.565626 160.464445 76.272782 1
100.224617 169.715869 55.316245 1
103.028032 157.794805 68.965567 1
106.499626 143.032433 85.868123 1
103.590091 121.974723 77.672793 1
101.168387 104.447674 70.851541 1
102.741760 97.633944 85.077696 1
104.549226 96.750359 92.539047 1
113.549945 169.906123 51.625541 1
119.359955 158.291085 64.572095 1
126.554672 143.907811 80.604216 1
122.247802 122.170650 74.468814 1
118.735348 104.442972 69.465104 1
125.410252 97.624032 82.123445 1
128.121282 96.738787 89.305850 1
107.201600 174.040300 56.287900 1
108.026318 181.234385 59.223100 1
108.998249 190.590035 63.001166 1
110.178963 198.775078 68.094675 1
114.145361 215.838191 85.880634 1
115.604748 223.102109 84.515192 1
114.840687 241.204663 78.156140 1
107.672355 206.549238 75.862801 1
98.748600 214.024068 83.194143 1
99.639965 207.282181 84.602119 1
102.236199 187.645438 88.703066 1
103.650548 180.115299 90.127611 1
106.488842 165.003943 92.986362 1
106.488842 165.003943 92.986362 1
115.585891 206.843452 73.815769 1
127.871048 213.025192 74.156454 1
128.732252 206.137384 73.941043 1
131.240634 186.075624 73.313627 1
129.137214 178.633467 74.274248 1
124.916115 163.698691 76.202009 1
124.916115 163.698691 76.202009 1
100.160884 173.197460 56.799881 1
102.458667 159.973048 69.294281 1
105.304114 143.596685 84.766647 1
102.982341 122.219193 77.238820 1
101.049850 104.425979 70.973152 1
102.781122 97.612249 85.180956 1
104.671346 96.728663 92.621772 1
113.464554 173.211659 53.027078 1
119.200412 160.327410 64.747772 1
126.303306 144.372433 79.261870 1
122.143724 122.371696 74.031012 1
118.751388 104.429059 69.765001 1
125.447155 97.612385 82.413542 1
128.169838 96.727815 89.591620 1
107.216700 177.180900 57.796200 1
108.086235 184.465077 60.486014 1
109.100280 193.959461 63.888217 1
110.306344 202.396245 68.546428 1
114.348387 220.569571 85.178163 1
115.588124 227.824324 83.568705 1
114.199078 245.958849 77.409701 1
107.830419 210.620259 75.847102 1
98.308704 217.819045 82.685922 1
98.941659 211.086865 84.269300 1
100.785233 191.478395 88.881128 1
101.852112 183.940856 90.548463 1
103.993108 168.814653 93.894440 1
103.993108 168.814653 93.894440 1
115.714047 210.850126 73.679955 1
128.064789 216.904608 73.440249 1
128.502934 209.973741 73.407366 1
129.779094 189.786564 73.311590 1
127.901686 182.278500 74.226568 1
124.134146 167.211464 76.062733 1
124.134146 167.211464 76.062733 1
100.177952 176.377785 58.392212 1
102.027452 161.965282 69.578543 1
104.317771 144.117652 83.431071 1
102.459246 122.443709 76.660397 1
100.912333 104.403748 71.024933 1
102.840831 97.590050 85.207328 1
104.834310 96.706459 92.621148 1
113.450485 176.225406 54.514258 1
118.930652 162.169186 64.938701 1
125.716915 144.762920 77.847613 1
121.909335 122.541536 73.329998 1
118.804075 104.418951 69.645669 1
125.490808 97.603512 82.299652 1
128.208374 96.719497 89.479738 1
107.497500 179.934100 59.326000 1
108.345778 187.311202 61.756889 1
109.328800 196.943830 64.755677 1
110.518055 205.632334 68.930415 1
114.584133 224.937863 84.227018 1
115.610329 232.227119 82.623146 1
113.666462 250.271835 76.351511 1
108.051112 214.322957 75.672203 1
98.027187 221.321172 81.981002 1
98.210755 214.561094 83.561385 1
98.745425 194.871366 88.164492 1
100.070684 187.316334 89.542137 1
102.730193 172.155026 92.306769 1
102.730193 172.155026 92.306769 1
115.910920 214.457986 73.412526 1
128.152510 220.690884 72.671244 1
128.269705 213.747149 72.699216 1
128.611052 193.522494 72.780691 1
126.739888 186.040985 73.902582 1
122.984876 171.027239 76.153974 1
122.984876 171.027239 76.153974 1
100.469123 179.111264 60.010874 1
101.888876 163.687552 69.827611 1
103.647020 144.587698 81.984109 1
102.096602 122.651616 76.029237 1
100.806137 104.393469 71.072794 1
102.882585 97.579957 85.234373 1
104.953268 96.696494 92.627016 1
113.708638 178.902561 56.024199 1
118.617230 163.805123 65.203068 1
124.695694 145.109483 76.569545 1
121.396836 122.691304 72.665803 1
118.706462 104.408223 69.482118 1
125.171297 97.593844 82.251458 1
127.762995 96.710329 89.477990 1
107.736800 182.188600 60.913000 1
108.592156 189.659011 63.037086 1
109.561414 199.423573 65.578833 1
110.707533 208.349102 69.233172 1
114.628807 228.724734 83.114085 1
115.507372 236.066920 81.672150 1
113.196706 254.052568 75.355420 1
108.174818 217.455455 75.375170 1
97.676722 224.216711 81.148422 1
97.467095 217.461474 82.746172 1
96.856525 197.785849 87.399860 1
98.115243 190.200926 88.671588 1
100.641216 174.979632 91.223669 1
100.641216 174.979632 91.223669 1
116.014394 217.535038 73.043718 1
128.241773 223.724299 71.844015 1
128.254862 216.779604 71.812263 1
128.292985 196.552151 71.719781 1
126.411561 189.139137 73.216556 1
122.635960 174.262844 76.220257 1
122.635960 174.262844 76.220257 1
100.713627 181.388575 61.674044 1
101.913465 165.129374 70.068906 1
103.399279 144.994898 80.464635 1
101.945918 122.851070 75.307641 1
100.736237 104.420008 71.015299 1
103.095932 97.606327 85.132363 1
105.314289 96.722771 92.482032 1
113.928674 181.028855 57.617566 1
118.218920 165.123494 65.673116 1
123.531666 145.427381 75.648550 1
120.886160 122.852478 72.174149 1
118.728626 104.441581 69.340611 1
124.924447 97.627678 82.242875 1
127.364220 96.744406 89.522134 1
108.034700 184.028200 62.557400 1
108.862483 191.590481 64.339845 1
109.777297 201.476912 66.381458 1
110.849412 210.621112 69.474519 1
114.561029 231.999792 81.819497 1
115.289465 239.398923 80.602543 1
112.753868 257.461580 74.599631 1
108.223144 220.111971 74.960024 1
97.313435 226.640274 80.214980 1
96.697226 219.914926 81.833607 1
94.902425 200.326357 86.548104 1
96.186053 192.715850 87.627556 1
98.762015 177.443217 89.793780 1
98.762015 177.443217 89.793780 1
116.046809 220.131202 72.574474 1
128.240039 226.285484 70.929788 1
128.327896 219.342262 70.811845 1
128.583791 199.119098 70.468319 1
126.752287 191.795395 72.402702 1
123.076865 177.098331 76.284586 1
123.076865 177.098331 76.284586 1
101.019148 183.229635 63.387171 1
102.021516 166.283111 70.321539 1
103.262794 145.297490 78.908676 1
101.888011 122.983949 74.518706 1
100.743732 104.411629 70.864785 1
103.351799 97.597941 84.938077 1
105.699379 96.714357 92.247492 1
114.217178 182.751185 59.287784 1
117.873207 166.170740 66.216050 1
122.400582 145.638648 74.795532 1
120.367714 122.950298 71.664617 1
118.709815 104.446880 69.111206 1
124.595926 97.633218 82.157800 1
126.861259 96.750036 89.493230 1
108.397600 185.386200 64.165100 1
109.193402 193.017837 65.639970 1
110.041528 202.994132 67.221370 1
111.017649 212.314031 69.774703 1
114.432886 234.559899 80.576556 1
115.030832 241.995602 79.522269 1
112.300653 260.215149 74.107659 1
108.260502 222.119791 74.602712 1
97.067467 228.508544 79.414660 1
95.962398 221.815113 80.900181 1
92.743721 202.319506 85.226988 1
93.973076 194.650373 85.864021 1
96.440124 179.260089 87.142408 1
96.440124 179.260089 87.142408 1
116.070005 222.101522 72.171193 1
128.205827 228.233278 70.078723 1
128.395367 221.293200 69.907365 1
128.947426 201.079196 69.408260 1
127.308860 193.850283 71.814666 1
124.020620 179.343443 76.643798 1
124.020620 179.343443 76.643798 1
101.393006 184.581792 65.077666 1
102.281496 167.139347 70.667534 1
103.381755 145.539607 77.589717 1
101.961856 123.108743 73.861956 1
100.780026 104.438771 70.759213 1
103.663293 97.625097 84.778718 1
106.153612 96.741521 92.040743 1
114.563971 184.015119 60.903168 1
117.642544 166.930493 66.812189 1
121.454837 145.774060 74.129508 1
119.894096 123.013625 71.261909 1
118.621237 104.451419 68.923246 1
124.266279 97.637523 82.075821 1
126.396167 96.754139 89.451693 1
108.762700 186.335300 65.585300 1
109.513468 194.015513 66.810491 1
110.288785 204.051963 68.000098 1
111.183443 213.501468 70.059050 1
114.385999 236.446016 79.360333 1
114.871239 243.916152 78.511593 1
111.837020 262.213294 73.538475 1
108.333392 223.567696 74.255802 1
96.797039 229.643955 78.642905 1
95.143155 223.004656 79.832168 1
90.325976 203.666715 83.296078 1
91.315378 195.938432 83.461757 1
93.300893 180.429446 83.794236 1
93.300893 180.429446 83.794236 1
116.127022 223.485475 71.775174 1
128.208477 229.495931 69.097879 1
128.548627 222.561796 68.918912 1
129.539362 202.365099 68.397645 1
128.263274 195.275574 71.371382 1
125.702450 181.048454 77.339020 1
125.702450 181.048454 77.339020 1
101.770996 185.510916 66.575583 1
102.431154 167.710972 70.934605 1
103.248659 145.668523 76.332577 1
101.906762 123.146030 73.171469 1
100.789855 104.399793 70.540370 1
103.870527 97.586051 84.517791 1
106.462966 96.702453 91.743987 1
114.915007 184.904526 62.322449 1
117.551940 167.465132 67.341680 1
120.817338 145.869378 73.557145 1
119.522641 123.062845 70.933743 1
118.466754 104.463043 68.794234 1
123.999602 97.670062 82.005173 1
126.065426 96.797942 89.400580 1
109.096800 186.984200 66.714000 1
109.818159 194.688480 67.797574 1
110.543582 204.757124 68.715606 1
111.377051 214.294360 70.352463 1
114.418587 237.794152 78.209394 1
114.861386 245.291484 77.615525 1
111.455325 263.542196 72.713071 1
108.457713 224.569233 73.953700 1
96.599037 230.258853 77.985457 1
94.365545 223.712303 78.605268 1
87.860170 204.644507 80.410565 1
88.735824 196.928733 81.068430 1
90.493074 181.444851 82.388620 1
90.493074 181.444851 82.388620 1
116.230668 224.412816 71.412509 1
128.214098 230.281337 68.063939 1
128.676915 223.354814 67.866340 1
130.024936 203.180289 67.290804 1
129.237325 196.292002 70.849462 1
127.656766 182.468724 77.990909 1
127.656766 182.468724 77.990909 1
102.112179 186.147745 67.743371 1
102.485410 168.122145 71.092005 1
102.947600 145.800256 75.238770 1
101.730167 123.203469 72.600771 1
100.716856 104.395394 70.405073 1
103.896250 97.582285 84.360678 1
106.540436 96.698736 91.568107 1
115.244155 185.521168 63.456124 1
117.625427 167.856412 67.764779 1
120.574231 145.981585 73.100314 1
119.367446 123.153050 70.630882 1
118.383256 104.535305 68.616942 1
123.896668 97.879669 81.905686 1
125.944251 97.081650 89.314521 1
109.330700 187.366800 67.587000 1
110.029410 195.082321 68.603350 1
110.726009 205.167917 69.339622 1
111.523642 214.761355 70.629037 1
114.464628 238.668257 77.189000 1
114.846654 246.185948 76.877364 1
111.156377 264.352434 71.868928 1
108.560656 225.203247 73.670754 1
96.354538 230.370294 77.354144 1
93.731330 223.940962 77.465641 1
86.090849 205.214579 77.790398 1
86.785536 197.661868 79.581119 1
88.179625 182.505216 83.174708 1
88.179625 182.505216 83.174708 1
116.330256 224.945281 71.127581 1
128.260664 230.614959 67.283734 1
128.754904 223.695105 66.965420 1
130.194449 203.540007 66.038286 1
129.996229 196.843068 70.018813 1
129.598450 183.403784 78.006858 1
129.598450 183.403784 78.006858 1
102.340892 186.525732 68.576638 1
102.535587 168.387217 71.265745 1
102.776689 145.925502 74.595790 1
101.669956 123.279178 72.365297 1
100.748785 104.429871 70.508782 1
103.889795 97.619353 84.474340 1
106.517629 96.735819 91.687749 1
115.503006 185.885964 64.384820 1
117.693518 168.079996 68.183207 1
120.406098 146.030303 72.886862 1
119.210809 123.200020 70.428022 1
118.235994 104.580850 68.422720 1
123.642005 98.031826 81.808207 1
125.624269 97.291137 89.240722 1
109.690100 187.663500 68.480600 1
110.331047 195.397216 69.391233 1
110.947809 205.500403 69.931423 1
111.648867 215.136225 70.927571 1
114.292925 239.329260 76.488909 1
114.776121 246.846383 76.354264 1
110.932058 264.965176 71.289059 1
108.555846 225.661445 73.519368 1
96.159917 230.579373 76.897233 1
93.476601 224.178343 76.659334 1
85.661046 205.534395 75.966423 1
85.688538 198.227620 78.676221 1
85.743710 183.564509 84.114197 1
85.743710 183.564509 84.114197 1
116.337190 225.386912 71.014120 1
128.269892 230.861184 66.903401 1
128.745203 223.943329 66.519556 1
130.129615 203.794053 65.401552 1
130.587018 197.169667 69.480911 1
131.504930 183.875981 77.667289 1
131.504930 183.875981 77.667289 1
102.698751 186.790491 69.430908 1
102.784778 168.578693 71.575185 1
102.891310 146.026227 74.230542 1
101.801433 123.363566 72.163683 1
100.894291 104.500661 70.443365 1
103.895845 97.709143 84.448788 1
106.476809 96.825677 91.679108 1
115.895524 186.177850 65.345358 1
117.826549 168.238321 68.619961 1
120.217798 146.023235 72.674998 1
119.030863 123.195797 70.185878 1
118.062863 104.578947 68.155883 1
123.289566 98.027168 81.611056 1
125.172498 97.284984 89.069206 1
109.999700 187.914300 69.332600 1
110.577448 195.667671 70.108406 1
111.112827 205.785049 70.422444 1
111.714748 215.454188 71.114035 1
114.016795 239.886199 75.696599 1
114.653528 247.391573 75.847199 1
110.769854 265.536749 70.908226 1
108.470586 226.046253 73.199222 1
95.903607 230.786919 76.174483 1
93.399653 224.312324 75.974963 1
86.106513 205.454109 75.393838 1
85.404568 198.356792 78.535188 1
83.995919 184.114016 84.839193 1
83.995919 184.114016 84.839193 1
116.301402 225.747901 70.856093 1
128.262555 231.113555 66.685287 1
128.754371 224.197186 66.295514 1
130.186855 204.052236 65.160243 1
131.167340 197.378830 69.063725 1
133.134964 183.986771 76.897157 1
133.134964 183.986771 76.897157 1
103.002310 187.011069 70.207184 1
102.996067 168.743846 71.814485 1
102.988339 146.122744 73.804882 1
101.887017 123.444922 71.918230 1
100.970349 104.569399 70.347904 1
103.770507 97.797167 84.404287 1
106.272119 96.913842 91.662461 1
116.255735 186.413739 66.306954 1
117.950022 168.367098 69.086648 1
120.048112 146.019371 72.528823 1
118.886936 123.197218 69.979819 1
117.939942 104.584677 67.900985 1
122.931934 98.046086 81.451363 1
124.684296 97.310959 88.941963 1
110.237000 188.108700 70.117000 1
110.777041 195.873573 70.799291 1
111.249948 205.997980 70.938412 1
111.751305 215.688118 71.365862 1
113.669451 240.305910 75.041124 1
114.464950 247.784418 75.485910 1
110.540272 266.005894 70.870881 1
108.340117 226.306705 73.001054 1
95.669224 230.966505 75.644876 1
93.418574 224.396943 75.718330 1
86.863221 205.262121 75.932280 1
85.689411 198.261072 79.147900 1
83.333830 184.211488 85.600951 1
83.333830 184.211488 85.600951 1
116.205858 226.026062 70.775679 1
128.260259 231.218005 66.653763 1
128.897656 224.307948 66.380266 1
130.754165 204.181382 65.583664 1
132.080204 197.381540 69.152507 1
134.741278 183.735751 76.314392 1
134.741278 183.735751 76.314392 1
103.235947 187.187919 70.942598 1
103.077688 168.878264 71.945796 1
102.881712 146.204618 73.188105 1
101.864018 123.498552 71.621318 1
101.016957 104.599520 70.317226 1
103.664194 97.832984 84.405947 1
106.100787 96.946920 91.685872 1
116.524989 186.595635 67.164708 1
118.045242 168.470266 69.496746 1
119.927821 146.025049 72.384574 1
118.804521 123.204718 69.802494 1
117.888417 104.593664 67.696686 1
122.720645 98.081738 81.317637 1
124.383631 97.360912 88.829970 1
110.491100 188.309900 70.845400 1
110.976112 196.085099 71.446620 1
111.386183 206.213184 71.428345 1
111.823811 215.914097 71.611710 1
113.536111 240.658930 74.437270 1
114.374730 248.105474 75.214733 1
110.407021 266.413922 70.997889 1
108.323715 226.563061 72.800554 1
95.501242 230.979245 75.110654 1
93.486210 224.352420 75.615446 1
87.617128 205.050815 77.085735 1
86.304583 198.045176 80.237080 1
83.670592 183.986380 86.561144 1
83.670592 183.986380 86.561144 1
116.231820 226.251677 70.735156 1
128.353250 231.356026 66.701349 1
129.220579 224.466196 66.612113 1
131.746802 204.398548 66.352200 1
133.324485 197.451437 69.511540 1
136.490552 183.510111 75.851642 1
136.490552 183.510111 75.851642 1
103.485568 187.355837 71.591375 1
103.192008 169.029222 72.160535 1
102.828481 146.334574 72.865356 1
101.799943 123.616737 71.487700 1
100.943856 104.707907 70.341030 1
103.350156 98.026785 84.513476 1
105.673848 97.180077 91.834879 1
116.825571 186.802062 67.991439 1
118.201347 168.606454 69.809590 1
119.905015 146.074258 72.061056 1
118.780924 123.245545 69.554524 1
117.864174 104.627654 67.510330 1
122.529188 98.136480 81.199311 1
124.099174 97.426778 88.732686 1
110.679200 188.345100 71.411100 1
111.099492 196.128458 71.952495 1
111.437120 206.258155 71.804675 1
111.807711 215.963532 71.770417 1
113.332218 240.797996 73.807029 1
114.211780 248.184487 75.000703 1
110.174103 266.530873 71.021874 1
108.227586 226.622556 72.565634 1
95.253929 230.687393 74.667152 1
93.465912 224.039368 75.581884 1
88.258045 204.676014 78.246183 1
87.064209 197.641187 81.379658 1
84.668441 183.523814 87.667864 1
84.668441 183.523814 87.667864 1
116.163584 226.295546 70.612701 1
128.374151 231.261720 66.676431 1
129.487035 224.407795 66.799560 1
132.728472 204.444721 67.158193 1
134.557835 197.382991 69.900140 1
138.228969 183.211651 75.402625 1
138.228969 183.211651 75.402625 1
103.673001 187.344467 72.086454 1
103.243695 169.016315 72.498100 1
102.712068 146.319763 73.007864 1
101.576051 123.611876 71.552764 1
100.630506 104.711329 70.341635 1
102.775144 98.062781 84.571296 1
104.961175 97.233889 91.937001 1
117.056499 186.861426 68.641088 1
118.299172 168.624511 70.107126 1
119.838013 146.041163 71.922559 1
118.711669 123.215790 69.386785 1
117.793083 104.600625 67.318741 1
122.254991 98.083023 81.062763 1
123.714403 97.359176 88.616996 1
110.833200 188.326800 71.893900 1
111.224113 196.113643 72.406428 1
111.527886 206.242914 72.177972 1
111.852097 215.948181 71.989456 1
113.212864 240.833497 73.435774 1
114.086564 248.171330 74.902606 1
110.018126 266.558573 71.150155 1
108.202229 226.600474 72.510558 1
95.107590 230.293665 74.546690 1
93.543540 223.643764 75.796702 1
88.988008 204.274944 79.437553 1
88.111852 197.210470 82.609031 1
86.353598 183.033603 88.973499 1
86.353598 183.033603 88.973499 1
116.149871 226.276633 70.605026 1
128.430958 231.133192 66.752261 1
129.760724 224.322819 67.035999 1
133.633863 204.486598 67.862428 1
135.674899 197.357572 70.259101 1
139.770814 183.051185 75.068698 1
139.770814 183.051185 75.068698 1
103.821699 187.308661 72.482494 1
103.288963 168.981934 72.832057 1
102.629253 146.287147 73.264943 1
101.471619 123.585550 71.730874 1
100.508081 104.690239 70.454016 1
102.398124 98.042030 84.719883 1
104.443909 97.216691 92.126164 1
117.250237 186.849682 69.213610 1
118.397944 168.591529 70.478985 1
119.819186 145.981881 72.045930 1
118.704501 123.167793 69.405602 1
117.795424 104.561831 67.252289 1
122.051373 97.970426 81.026401 1
123.400423 97.206981 88.597232 1
110.935000 188.331400 72.350400 1
111.275131 196.127088 72.752877 1
111.524514 206.253306 72.373251 1
111.797029 215.955905 72.029501 1
113.007792 240.869850 73.055120 1
113.854602 248.154761 74.778989 1
109.744137 266.547933 71.102158 1
108.084194 226.594966 72.328970 1
94.897672 230.002838 74.267295 1
93.563818 223.382545 75.886717 1
89.678766 204.099964 80.603528 1
89.282988 196.985699 83.759999 1
88.488749 182.708913 90.094350 1
88.488749 182.708913 90.094350 1
116.051992 226.282730 70.507527 1
128.355417 231.165875 66.761103 1
129.804562 224.380863 67.066984 1
134.025409 204.618511 67.957908 1
136.221428 197.468736 70.146764 1
140.628360 183.120708 74.539315 1
140.628360 183.120708 74.539315 1
103.923221 187.280400 72.874375 1
103.294951 168.954652 73.091484 1
102.516939 146.261076 73.360345 1
101.335354 123.567342 71.731149 1
100.351881 104.678575 70.375113 1
101.970223 98.006286 84.663130 1
103.874592 97.168476 92.105634 1
117.390639 186.853338 69.765008 1
118.436132 168.574002 70.790389 1
119.730799 145.938124 72.060143 1
118.613601 123.136827 69.312567 1
117.702473 104.541296 67.071788 1
121.752509 97.857654 80.863526 1
122.999498 97.047332 88.446973 1
111.004100 188.337400 72.746500 1
111.328594 196.137649 73.064689 1
111.566346 206.259597 72.578646 1
111.820724 215.959039 72.143944 1
112.944960 240.884484 72.969051 1
113.761786 248.150467 74.784823 1
109.534462 266.512546 71.085150 1
108.072858 226.588753 72.308655 1
94.795171 229.679883 74.153376 1
93.693412 223.089659 76.046798 1
90.484375 203.894658 81.561674 1
90.758397 196.786605 84.744945 1
91.308302 182.522285 91.133077 1
91.308302 182.522285 91.133077 1
116.062224 226.285536 70.582669 1
128.324507 231.322914 66.906218 1
129.811031 224.541684 67.093659 1
134.140751 204.790347 67.639609 1
136.376389 197.624417 69.733468 1
140.862829 183.243971 73.935382 1
140.862829 183.243971 73.935382 1
103.987056 187.282333 73.184810 1
103.349894 168.957629 73.457102 1
102.560871 146.265346 73.794298 1
101.367218 123.575251 72.123742 1
100.373700 104.689513 70.733280 1
101.735772 97.997089 85.038598 1
103.515487 97.145140 92.510292 1
117.497020 186.839286 70.268226 1
118.486007 168.548369 71.130097 1
119.710701 145.898148 72.197371 1
118.601520 123.110316 69.337152 1
117.696930 104.525766 67.004508 1
121.541981 97.725206 80.797762 1
122.693698 96.856382 88.389795 1
111.093900 188.338600 73.097400 1
111.408262 196.142409 73.325787 1
111.639918 206.259177 72.739314 1
111.885538 215.955865 72.242570 1
112.963609 240.885511 72.999556 1
113.725190 248.152348 74.835809 1
109.401866 266.470959 71.033028 1
108.119761 226.580061 72.341790 1
94.780514 229.440381 74.113256 1
93.903383 222.852876 76.129535 1
91.348608 203.665792 82.002251 1
92.452075 196.671570 85.257392 1
94.666494 182.635686 91.789753 1
94.666494 182.635686 91.789753 1
116.124185 226.284200 70.685707 1
128.320089 231.491202 67.024818 1
129.798483 224.705607 67.028673 1
134.104524 204.941555 67.039900 1
136.279687 197.753079 69.120129 1
140.644767 183.327388 73.294691 1
140.644767 183.327388 73.294691 1
104.074118 187.281569 73.484108 1
103.375043 168.958420 73.704158 1
102.509350 146.268063 73.976662 1
101.346902 123.579928 72.258172 1
100.379358 104.695821 70.827814 1
101.502344 97.977607 85.141807 1
103.167075 97.108095 92.637942 1
117.610596 186.817858 70.696523 1
118.516831 168.515797 71.397858 1
119.639052 145.851777 72.266335 1
118.518657 123.075649 69.318596 1
117.604922 104.500645 66.914576 1
121.348316 97.667726 80.719797 1
122.435943 96.780587 88.319160 1
111.187700 188.295800 73.420600 1
111.487258 196.101884 73.581052 1
111.706771 206.214334 72.920165 1
111.946931 215.908820 72.379695 1
113.018770 240.839911 73.096881 1
113.720884 248.107243 74.954748 1
109.269895 266.358701 70.980236 1
108.179500 226.532699 72.443755 1
94.801200 229.233017 74.171300 1
94.109853 222.619605 76.174993 1
92.096202 203.357064 82.011053 1
94.083085 196.578132 85.302117 1
98.070327 182.974287 91.906565 1
98.070327 182.974287 91.906565 1
116.191019 226.234900 70.822698 1
128.325438 231.562200 67.130705 1
129.761199 224.770392 66.930934 1
133.943064 204.988247 66.349072 1
136.017931 197.782340 68.471030 1
140.181738 183.321668 72.729333 1
140.181738 183.321668 72.729333 1
104.168255 187.229523 73.787524 1
103.483116 168.906343 74.045520 1
102.634680 146.215947 74.365014 1
101.360602 123.554851 72.388291 1
100.300144 104.693250 70.742997 1
101.342019 97.953287 85.052899 1
102.971269 97.069517 92.555159 1
117.717033 186.765645 71.060382 1
118.564970 168.458439 71.697406 1
119.614998 145.788049 72.486245 1
118.464543 123.033500 69.387312 1
117.526293 104.476094 66.859984 1
121.237026 97.637732 80.671327 1
122.292430 96.752923 88.275503 1
111.305900 188.283300 73.701200 1
111.597912 196.090141 73.836794 1
111.807079 206.200370 73.139571 1
112.033618 215.892737 72.556851 1
113.059545 240.829100 73.146550 1
113.736431 248.069133 75.116955 1
109.155029 266.246134 70.953884 1
108.246799 226.509911 72.563677 1
94.850059 229.127367 74.275790 1
94.302705 222.479907 76.210124 1
92.708454 203.118197 81.844163 1
95.435933 196.622832 85.176402 1
100.909393 183.588046 91.863482 1
100.909393 183.588046 91.863482 1
116.259978 226.218403 70.949695 1
128.385991 231.525792 67.201832 1
129.752579 224.727457 66.820983 1
133.732969 204.926299 65.711705 1
135.720173 197.717352 67.906009 1
139.708059 183.250579 72.309496 1
139.708059 183.250579 72.309496 1
104.286847 187.211639 74.059845 1
103.621972 168.889099 74.402479 1
102.798629 146.199497 74.826783 1
101.362541 123.573878 72.574013 1
100.167237 104.741804 70.698954 1
101.169627 98.015408 85.018057 1
102.792464 97.132864 92.521851 1
117.840602 186.751613 71.356889 1
118.661583 168.442544 71.975429 1
119.678230 145.769848 72.741378 1
118.489124 123.038750 69.488738 1
117.519351 104.500470 66.836057 1
121.202014 97.650037 80.648930 1
122.243668 96.765150 88.254994 1
111.513700 188.247100 73.927700 1
111.786683 196.054380 74.076957 1
111.965294 206.165238 73.380349 1
112.150804 215.856495 72.765557 1
113.044804 240.801332 73.187895 1
113.788206 248.027765 75.184081 1
109.162145 266.176060 70.945835 1
108.307356 226.453160 72.710424 1
94.933207 229.179775 74.428783 1
94.446936 222.524608 76.352910 1
93.030602 203.140450 81.957220 1
96.332619 196.905972 85.267913 1
102.959050 184.394728 91.911754 1
102.959050 184.394728 91.911754 1
116.318464 226.193641 71.080782 1
128.495148 231.327867 67.256761 1
129.720328 224.513381 66.716693 1
133.288843 204.665178 65.143664 1
135.270336 197.478353 67.414367 1
139.246763 183.055973 71.971170 1
139.246763 183.055973 71.971170 1
104.497081 187.157786 74.280756 1
103.844187 168.837913 74.761285 1
103.035681 146.151614 75.356351 1
101.445241 123.561606 72.862758 1
100.121464 104.759173 70.787256 1
101.102293 98.038119 85.110360 1
102.720353 97.155656 92.615196 1
118.053339 186.735339 71.584220 1
118.821396 168.422248 72.149332 1
119.772507 145.744569 72.849120 1
118.530896 123.026541 69.525564 1
117.518303 104.498919 66.815046 1
121.155560 97.647918 80.639664 1
122.172114 96.762982 88.249117 1
111.721600 188.219200 74.095900 1
111.957645 196.027772 74.240474 1
112.097643 206.138244 73.529585 1
112.262298 215.827983 72.885617 1
113.144170 240.774935 73.192871 1
114.070837 247.978852 75.193776 1
109.222432 266.028206 70.784974 1
108.413663 226.422405 72.782235 1
95.066448 229.286414 74.486453 1
94.601354 222.674345 76.558699 1
93.246698 203.415718 82.594429 1
96.845793 197.253903 85.726723 1
104.068398 184.888479 92.012558 1
104.068398 184.888479 92.012558 1
116.424656 226.159288 71.152598 1
128.560766 231.265763 67.165897 1
129.564042 224.414974 66.627296 1
132.486227 204.461034 65.058542 1
134.534252 197.261301 67.227023 1
138.644193 182.813020 71.578690 1
138.644193 182.813020 71.578690 1
104.709889 187.097037 74.443541 1
104.020135 168.779732 74.968396 1
103.165983 146.096612 75.618353 1
101.533479 123.522323 73.012126 1
100.174691 104.732975 70.842875 1
101.098940 98.004951 85.166470 1
102.678922 97.122336 92.679396 1
118.270335 186.736822 71.759060 1
118.963043 168.418301 72.239152 1
119.820847 145.733897 72.833656 1
118.539928 123.024569 69.465848 1
117.495278 104.504044 66.719240 1
121.048410 97.639764 80.559140 1
122.019174 96.754793 88.174566 1
111.944500 188.209100 74.236400 1
112.137240 196.018541 74.397371 1
112.218516 206.130398 73.697127 1
112.324517 215.820243 73.042524 1
113.054291 240.772984 73.267665 1
114.176287 247.981326 75.149065 1
109.375996 266.034564 70.703664 1
108.410721 226.390519 72.916381 1
95.135821 229.560309 74.643957 1
94.796501 223.025100 76.969010 1
93.808181 203.990337 83.741076 1
97.328320 197.680159 86.660492 1
104.392475 185.017000 92.519124 1
104.392475 185.017000 92.519124 1
116.418503 226.171225 71.264629 1
128.618286 231.046690 67.184167 1
129.432131 224.167723 66.686739 1
131.802572 204.131711 65.237909 1
133.820608 196.885821 67.276899 1
137.870367 182.344912 71.368704 1
137.870367 182.344912 71.368704 1
104.939716 187.047101 74.592706 1
104.215697 168.732934 75.177501 1
103.319115 146.053700 75.901684 1
101.615696 123.502288 73.147024 1
100.197883 104.731980 70.854227 1
101.088907 98.001618 85.178829 1
102.648853 97.118854 92.695923 1
118.497669 186.768277 71.886040 1
119.107971 168.443729 72.228149 1
119.863727 145.751862 72.651786 1
118.543245 123.034125 69.356765 1
117.466330 104.506740 66.669519 1
120.956403 97.640504 80.524485 1
121.892406 96.755560 88.144265 1
112.138400 188.186700 74.359200 1
112.293460 195.996922 74.522932 1
112.321681 206.108971 73.821309 1
112.377475 215.798375 73.154088 1
112.992073 240.754715 73.314952 1
114.322952 247.960232 75.066530 1
109.587678 266.013131 70.550580 1
108.413510 226.349962 73.029840 1
95.211802 229.766892 74.844932 1
94.980928 223.303059 77.373871 1
94.308473 204.476191 84.739786 1
97.457698 197.938757 87.581803 1
103.777510 184.819547 93.285113 1
103.777510 184.819547 93.285113 1
116.410669 226.164016 71.323438 1
128.654520 230.848388 67.152127 1
129.355708 223.949804 66.767630 1
131.398019 203.856655 65.647726 1
133.281973 196.541620 67.564455 1
137.062659 181.861952 71.410910 1
137.062659 181.861952 71.410910 1
105.141294 186.990024 74.749923 1
104.429344 168.677771 75.405229 1
103.547707 146.000907 76.216731 1
101.688414 123.486618 73.266177 1
100.140861 104.747208 70.810330 1
101.083150 98.020366 85.133305 1
102.674251 97.137685 92.643876 1
118.686766 186.779262 71.975462 1
119.252400 168.452160 72.251115 1
119.952842 145.757132 72.592456 1
118.582793 123.038552 69.323589 1
117.465453 104.510480 66.657673 1
120.971901 97.642397 80.507589 1
121.916892 96.757436 88.126257 1
112.306600 188.163200 74.514700 1
112.426447 195.974058 74.677673 1
112.406470 206.085994 73.974150 1
112.422016 215.775141 73.301060 1
112.963173 240.733350 73.433037 1
114.479799 247.934364 75.046728 1
109.869562 265.988847 70.409368 1
108.425598 226.314716 73.198877 1
95.273401 229.861791 75.120603 1
95.092416 223.437818 77.753052 1
94.565269 204.727048 85.420454 1
97.249518 198.004352 88.307127 1
102.636223 184.513359 94.100052 1
102.636223 184.513359 94.100052 1
116.409175 226.150977 71.427821 1
128.675407 230.677625 67.149496 1
129.381196 223.776171 66.830485 1
131.436908 203.674665 65.901321 1
133.047336 196.298456 67.832886 1
136.279115 181.496027 71.709114 1
136.279115 181.496027 71.709114 1
105.318208 186.933910 74.956757 1
104.618467 168.622906 75.658487 1
103.751949 145.947590 76.527476 1
101.757043 123.470852 73.385412 1
100.096614 104.762697 70.770165 1
101.110769 98.041636 85.090945 1
102.746746 97.158977 92.591872 1
118.843767 186.786342 72.082849 1
119.361322 168.456673 72.267057 1
120.002227 145.758465 72.495158 1
118.610193 123.030544 69.301365 1
117.474924 104.494856 66.696676 1
121.017040 97.634847 80.541516 1
121.981368 96.749841 88.157755 1
112.392600 188.155800 74.598300 1
112.491191 195.966720 74.772161 1
112.439736 206.079172 74.077697 1
112.429779 215.768073 73.400982 1
112.930256 240.727325 73.488947 1
114.583053 247.914352 75.029617 1
110.140324 265.961965 70.205762 1
108.415181 226.300839 73.310010 1
95.282094 229.868268 75.322602 1
95.100142 223.478591 78.037173 1
94.570179 204.867713 85.943767 1
96.780994 197.988288 88.862418 1
101.217619 184.182775 94.719517 1
101.217619 184.182775 94.719517 1
116.386337 226.147443 71.482967 1
128.645715 230.598005 67.106302 1
129.314760 223.691509 66.818797 1
131.263453 203.575317 65.981398 1
132.729214 196.204619 68.044704 1
135.670680 181.413248 72.185306 1
135.670680 181.413248 72.185306 1
105.411114 186.905726 75.088561 1
104.726236 168.594233 75.792179 1
103.878123 145.918310 76.663504 1
101.790376 123.465627 73.411690 1
100.052672 104.777494 70.705094 1
101.159770 98.060241 85.020776 1
102.849226 97.177546 92.509835 1
118.916092 186.801393 72.117610 1
119.397425 168.470121 72.224285 1
119.993475 145.769929 72.356375 1
118.598705 123.031124 69.242249 1
117.461205 104.486558 66.702532 1
121.042135 97.634465 80.541306 1
122.027833 96.749587 88.154824 1
112.463500 188.123300 74.708500 1
112.549353 195.934430 74.879676 1
112.475899 206.046521 74.181943 1
112.446392 215.734995 73.499710 1
112.910007 240.695029 73.565096 1
114.640801 247.861086 75.117743 1
110.414787 265.870195 69.966377 1
108.415641 226.261688 73.420904 1
95.286999 229.809142 75.496815 1
95.075658 223.442570 78.263051 1
94.460092 204.898989 86.320129 1
96.288036 197.908847 89.240618 1
99.956325 183.881149 95.101403 1
99.956325 183.881149 95.101403 1
116.377535 226.118695 71.553090 1
128.607211 230.555398 67.080311 1
129.251604 223.647149 66.778957 1
131.128493 203.525849 65.901218 1
132.502939 196.209379 68.206223 1
135.261156 181.526833 72.831862 1
135.261156 181.526833 72.831862 1
105.486977 186.861150 75.236984 1
104.822904 168.549057 75.944913 1
104.000556 145.872391 76.821579 1
101.829851 123.443628 73.460837 1
100.023100 104.775405 70.663577 1
101.212331 98.058345 84.972760 1
102.944630 97.175795 92.452042 1
118.975798 186.779605 72.192819 1
119.448647 168.448043 72.286720 1
120.034192 145.747491 72.402993 1
118.615273 123.013241 69.266597 1
117.458078 104.472390 66.708718 1
121.099426 97.632293 80.537658 1
122.117734 96.747349 88.146875 1
112.512100 188.109600 74.772500 1
112.587337 195.920953 74.938415 1
112.498047 206.032589 74.235954 1
112.455844 215.721011 73.553652 1
112.897220 240.681419 73.629455 1
114.684223 247.801405 75.323907 1
110.715543 265.687955 69.575457 1
108.415508 226.244119 73.487803 1
95.282509 229.756560 75.595440 1
95.015274 223.400048 78.379917 1
94.236911 204.885769 86.490124 1
95.808019 197.854947 89.461973 1
98.960892 183.745615 95.425828 1
98.960892 183.745615 95.425828 1
116.373726 226.109115 71.603795 1
128.546197 230.594056 67.024350 1
129.200895 223.688006 66.696012 1
131.107801 203.573111 65.739681 1
132.372140 196.325057 68.308733 1
134.909395 181.779805 73.464258 1
134.909395 181.779805 73.464258 1
105.539437 186.837750 75.327982 1
104.902992 168.525262 76.050901 1
104.114856 145.848106 76.946128 1
101.870208 123.441386 73.488323 1
100.001912 104.791510 70.610274 1
101.251317 98.078131 84.916057 1
103.019690 97.195540 92.386887 1
119.016835 186.773673 72.233225 1
119.489877 168.442080 72.319898 1
120.075662 145.741490 72.427219 1
118.627632 123.010373 69.281436 1
117.446695 104.472077 66.715901 1
121.140141 97.635137 80.532580 1
122.187078 96.749844 88.137871 1
112.560000 188.103700 74.819400 1
112.632311 195.915327 74.973274 1
112.538779 206.026558 74.265552 1
112.491662 215.715890 73.596615 1
112.919956 240.676145 73.753875 1
114.763832 247.758697 75.541700 1
111.035523 265.501212 69.215039 1
108.445724 226.237014 73.568947 1
95.292716 229.652858 75.710310 1
94.940730 223.280428 78.448595 1
93.915516 204.719782 86.424260 1
95.357781 197.655562 89.382196 1
98.252095 183.479205 95.318129 1
98.252095 183.479205 95.318129 1
116.402294 226.112406 71.677279 1
128.490614 230.722902 67.000646 1
129.169604 223.820569 66.644644 1
131.147261 203.716501 65.607735 1
132.316821 196.542745 68.418826 1
134.663877 182.146594 74.060067 1
134.663877 182.146594 74.060067 1
105.587906 186.830074 75.377949 1
104.955634 168.517446 76.100994 1
104.172664 145.840117 76.996378 1
101.916436 123.438142 73.515446 1
100.038500 104.792215 70.618147 1
101.288979 98.079218 84.924015 1
103.058364 97.196634 92.394607 1
119.064837 186.766321 72.281152 1
119.546726 168.435085 72.391422 1
120.143465 145.734938 72.527966 1
118.659858 123.012164 69.338783 1
117.449907 104.480672 66.737853 1
121.167716 97.634716 80.543529 1
122.228320 96.749620 88.146949 1
