79 35
100.752200 139.154700 26.056210 1
101.047577 144.894494 24.462661 1
101.465105 153.203441 21.426847 1
101.944580 161.232056 18.721659 1
103.462245 182.450694 13.906281 1
103.291454 189.019743 14.285456 1
103.687626 205.789526 14.014384 1
98.975009 170.190527 15.907742 1
86.969418 170.762282 15.915203 1
86.014860 166.491139 20.117740 1
83.234573 154.050829 32.358226 1
81.740650 149.288624 36.989467 1
78.742677 139.731940 46.283332 1
78.742677 139.731940 46.283332 1
106.095680 169.630569 15.684551 1
117.148127 172.744308 12.133605 1
117.887071 168.364864 16.267562 1
120.039349 155.609112 28.308296 1
121.297071 150.742900 32.901420 1
123.821042 140.977485 42.118806 1
123.821042 140.977485 42.118806 1
95.389242 138.337655 25.909902 1
95.953741 139.127760 41.901848 1
96.652787 140.106176 61.705474 1
94.701954 120.402765 59.661243 1
93.078221 104.003053 57.959770 1
90.248840 97.281402 69.733699 1
89.892100 95.946038 76.342387 1
105.902454 137.624917 25.291403 1
107.540108 138.495781 41.205175 1
109.568070 139.574207 60.911772 1
111.867591 119.668764 59.478780 1
113.742954 103.434963 58.310109 1
118.916876 96.359057 69.032678 1
120.554131 94.775427 75.388583 1
100.799100 139.188000 25.890510 1
101.082932 144.925872 24.287964 1
101.482536 153.238101 21.258731 1
101.942920 161.283141 18.599415 1
103.404523 182.555659 14.009702 1
103.287930 189.119314 14.489492 1
103.589212 205.893042 14.575001 1
98.949597 170.263220 15.881163 1
86.945653 170.858337 15.992306 1
86.035398 166.418416 20.026374 1
83.384149 153.486520 31.776172 1
81.939605 148.535943 36.221830 1
79.040727 138.601239 45.143273 1
79.040727 138.601239 45.143273 1
106.071679 169.724288 15.651351 1
117.187714 172.673560 12.158970 1
117.944676 168.291808 16.287217 1
120.149433 155.529334 28.311321 1
121.426868 150.657657 32.893198 1
123.990399 140.881277 42.088015 1
123.990399 140.881277 42.088015 1
95.437755 138.360107 25.746084 1
96.040989 139.195404 41.734319 1
96.788004 140.229783 61.533349 1
94.829444 120.516255 59.596887 1
93.199279 104.108123 57.985112 1
90.404907 97.484264 69.822654 1
90.068246 96.203458 76.443184 1
105.952290 137.667227 25.127512 1
107.486709 138.587555 41.048787 1
109.386830 139.727233 60.764676 1
111.561724 119.799199 59.456550 1
113.335448 103.546973 58.389714 1
118.361465 96.485400 69.191786 1
119.929803 94.920328 75.569629 1
100.934900 139.217400 25.586520 1
101.197521 144.953918 23.975533 1
101.560526 153.278824 20.976659 1
101.982795 161.361888 18.428647 1
103.346850 182.744596 14.349317 1
103.325279 189.299434 14.948470 1
103.505766 206.067359 15.458517 1
98.942722 170.396012 15.952107 1
86.944719 171.097493 16.082590 1
86.131371 166.521197 19.982736 1
83.762381 153.192088 31.342469 1
82.425085 148.090609 35.648901 1
79.741427 137.853081 44.290947 1
79.741427 137.853081 44.290947 1
106.064534 169.885569 15.657913 1
117.235287 172.660066 12.197043 1
117.915938 168.249782 16.308158 1
119.898432 155.404204 28.282365 1
121.090450 150.494151 32.846260 1
123.482567 140.640756 42.004991 1
123.482567 140.640756 42.004991 1
95.574339 138.379111 25.477248 1
96.266869 139.302369 41.457024 1
97.124464 140.445675 61.245580 1
95.020238 120.731957 59.470588 1
93.268831 104.323667 57.993211 1
90.501836 97.880534 69.936459 1
90.197367 96.691853 76.575703 1
106.086025 137.705567 24.792443 1
107.421396 138.700660 40.727154 1
109.075031 139.932923 60.459681 1
111.111386 119.976951 59.373228 1
112.772125 103.701942 58.487177 1
117.580690 96.676496 69.411106 1
119.042388 95.144037 75.822113 1
101.027300 139.212300 25.294180 1
101.272246 144.949550 23.683016 1
101.604687 153.293345 20.733499 1
102.000166 161.421633 18.329101 1
103.313749 182.918452 14.881921 1
103.358159 189.441100 15.764221 1
103.372077 206.186598 16.786044 1
98.932155 170.523278 16.152391 1
86.945641 171.397179 16.297073 1
86.263193 166.721754 20.103623 1
84.275467 153.103917 31.190744 1
83.081484 147.893491 35.407932 1
80.685424 137.437331 43.870885 1
80.685424 137.437331 43.870885 1
106.051368 170.028414 15.779244 1
117.207561 172.887837 12.340608 1
117.770418 168.426470 16.414250 1
119.409817 155.432105 28.279310 1
120.469844 150.464088 32.812942 1
122.597084 140.494375 41.910944 1
122.597084 140.494375 41.910944 1
95.666764 138.369430 25.227036 1
96.521498 139.358254 41.195033 1
97.579957 140.582754 60.969001 1
95.248755 120.876589 59.406440 1
93.308430 104.474585 58.105874 1
90.591050 98.222280 70.161410 1
90.339621 97.125970 76.818745 1
106.173279 137.705154 24.458901 1
107.208276 138.732613 40.413887 1
108.489946 140.004957 60.171520 1
110.547075 120.036774 59.391895 1
112.224756 103.751806 58.756076 1
116.798244 96.904887 69.892248 1
118.122858 95.476690 76.356895 1
101.090500 139.196900 25.053510 1
101.323121 144.938767 23.457036 1
101.633078 153.308279 20.578791 1
102.004890 161.485023 18.340664 1
103.261368 183.085147 15.587908 1
103.360491 189.561546 16.759141 1
103.335223 206.225877 18.697045 1
98.907815 170.647397 16.483326 1
86.945452 171.802300 16.654384 1
86.395886 167.146356 20.506050 1
84.795198 153.585259 31.724572 1
83.749770 148.399826 36.011432 1
81.651828 137.993821 44.614203 1
81.651828 137.993821 44.614203 1
106.025021 170.177556 16.045210 1
117.175730 173.155300 12.690232 1
117.626678 168.642219 16.720606 1
118.940126 155.497231 28.459641 1
119.889940 150.471147 32.953525 1
121.796009 140.384904 41.971761 1
121.796009 140.384904 41.971761 1
95.730433 138.349576 25.008742 1
96.823804 139.423641 40.956663 1
98.177779 140.753699 60.705771 1
95.519239 121.064439 59.491596 1
93.306461 104.676505 58.481003 1
90.682740 98.735429 70.713383 1
90.518298 97.790850 77.396641 1
106.233859 137.696513 24.190387 1
106.965248 138.715219 40.162731 1
107.870950 139.976723 59.941859 1
110.005208 120.005158 59.555218 1
111.745792 103.717433 59.239894 1
116.086565 97.123927 70.619472 1
117.269392 95.837936 77.141217 1
101.116400 139.147600 24.920140 1
101.346245 144.902167 23.369651 1
101.648629 153.309305 20.602399 1
102.008829 161.537230 18.558357 1
103.233334 183.220383 16.542613 1
103.409755 189.628063 18.037895 1
103.379816 206.130695 21.057541 1
98.894101 170.755207 17.035843 1
86.969105 172.246308 17.215414 1
86.537407 167.522301 20.998609 1
85.280027 153.762963 32.017701 1
84.364820 148.505290 36.245949 1
82.528201 137.954316 44.731096 1
82.528201 137.954316 44.731096 1
106.008870 170.307242 16.539139 1
117.152126 173.438084 13.300801 1
117.538933 168.871953 17.277732 1
118.665564 155.572447 28.861110 1
119.530255 150.489013 33.307420 1
121.265500 140.287680 42.230183 1
121.265500 140.287680 42.230183 1
95.755951 138.302277 24.884071 1
97.084801 139.415696 40.811397 1
98.730382 140.794488 60.535001 1
95.774718 121.126393 59.735545 1
93.314635 104.756076 59.070133 1
90.813651 99.156000 71.487687 1
90.746697 98.379355 78.194218 1
106.256745 137.652724 24.029927 1
106.789825 138.575048 40.015971 1
107.449953 139.717198 59.812065 1
109.527927 119.735978 59.783872 1
111.222608 103.440378 59.760879 1
115.329229 97.086235 71.361395 1
116.388309 95.941612 77.930580 1
100.987100 139.050700 24.874020 1
101.255480 144.825799 23.408385 1
101.596211 153.280545 20.794908 1
101.962396 161.557159 18.959107 1
103.133295 183.296881 17.641818 1
103.381217 189.615268 19.469898 1
103.480942 205.895161 23.520970 1
98.821008 170.813126 17.755181 1
86.928482 172.546376 17.912818 1
86.586791 167.755788 21.620739 1
85.591567 153.802521 32.420584 1
84.778190 148.471951 36.577776 1
83.145920 137.774687 44.920330 1
83.145920 137.774687 44.920330 1
105.933556 170.396557 17.202514 1
117.100854 173.595580 14.117247 1
117.472124 168.964679 18.020076 1
118.553501 155.476522 29.387620 1
119.400314 150.321860 33.754659 1
121.099681 139.977588 42.518344 1
121.099681 139.977588 42.518344 1
95.621140 138.241753 24.825404 1
97.120865 139.361481 40.737107 1
98.978048 140.748087 60.441365 1
95.905153 121.084607 60.103900 1
93.347496 104.718130 59.823017 1
91.015307 99.437140 72.412039 1
91.049474 98.825850 79.135904 1
106.117473 137.534851 23.962012 1
106.574529 138.327990 39.957339 1
107.140514 139.310166 59.764929 1
109.149629 119.323534 60.021631 1
110.788152 103.023519 60.230984 1
114.752961 96.909930 72.008749 1
115.741854 95.905825 78.611768 1
100.853200 138.988900 24.818760 1
101.154941 144.786355 23.451151 1
101.530713 153.291304 21.011124 1
101.905307 161.614847 19.403360 1
103.041837 183.388864 18.835719 1
103.384423 189.627382 20.906683 1
103.626629 205.694206 25.728979 1
98.746153 170.902449 18.536827 1
86.895877 172.908311 18.629834 1
86.605582 168.021393 22.214373 1
85.760055 153.787550 32.654852 1
85.004577 148.351430 36.684325 1
83.488498 137.442350 44.770577 1
83.488498 137.442350 44.770577 1
105.856409 170.515634 17.935207 1
117.018063 173.819993 14.941905 1
117.407582 169.100382 18.735151 1
118.542112 155.353846 29.783517 1
119.409312 150.101860 34.028900 1
121.149591 139.562282 42.548447 1
121.149591 139.562282 42.548447 1
95.482654 138.211914 24.757016 1
97.106923 139.238501 40.662773 1
99.118336 140.509764 60.359668 1
96.141550 120.830292 60.616860 1
93.663886 104.450505 60.830927 1
91.619167 99.620470 73.648934 1
91.791521 99.256300 80.388585 1
105.974719 137.459099 23.880656 1
106.419549 138.095628 39.883325 1
106.970394 138.883868 59.700006 1
108.840883 118.893165 60.364088 1
110.366351 102.589831 60.905677 1
114.195914 96.770308 72.875599 1
115.127237 95.939106 79.510939 1
100.774400 138.945900 24.814720 1
101.097040 144.767632 23.559640 1
101.484833 153.322518 21.302956 1
101.837198 161.685647 19.909933 1
102.839954 183.473466 19.994615 1
103.387457 189.599727 22.338656 1
103.769919 205.480213 27.734945 1
98.617723 170.975533 19.340994 1
86.829010 173.314829 19.463910 1
86.559042 168.331462 22.914756 1
85.772726 153.816701 32.965836 1
85.040941 148.277231 36.856539 1
83.572409 137.160754 44.664311 1
83.572409 137.160754 44.664311 1
105.726811 170.650873 18.690786 1
116.935924 173.943889 15.867134 1
117.361035 169.153780 19.567040 1
118.599232 155.201908 30.343539 1
119.506157 149.872584 34.482918 1
121.326155 139.177805 42.789739 1
121.326155 139.177805 42.789739 1
95.400968 138.190202 24.740991 1
97.038249 139.027114 40.656523 1
99.065774 140.063492 60.365522 1
96.305968 120.364703 61.107277 1
94.008903 103.968838 61.724659 1
92.211444 99.529461 74.719754 1
92.486359 99.384430 81.464278 1
105.889718 137.415579 23.844190 1
106.358865 137.877365 39.852161 1
106.939824 138.449215 59.675406 1
108.621701 118.456500 60.690567 1
109.993347 102.151525 61.518476 1
113.697363 96.566302 73.638582 1
114.583241 95.876073 80.296270 1
100.718100 138.922800 24.928160 1
101.072227 144.763466 23.773560 1
101.485206 153.359369 21.683347 1
101.818884 161.754081 20.490010 1
102.668068 183.537339 21.190239 1
103.383627 189.571085 23.721492 1
103.934296 205.274919 29.598773 1
98.532776 171.033226 20.190578 1
86.827551 173.753056 20.417289 1
86.594897 168.665909 23.716071 1
85.917260 153.848871 33.324245 1
85.227357 148.197821 37.059010 1
83.842873 136.857425 44.553848 1
83.842873 136.857425 44.553848 1
105.642620 170.777676 19.518164 1
116.902133 174.026521 16.848047 1
117.353604 169.169164 20.456014 1
118.668576 155.021426 30.964731 1
119.604955 149.617411 34.999392 1
121.484062 138.772745 43.096066 1
121.484062 138.772745 43.096066 1
95.341225 138.194997 24.829136 1
96.934027 138.752744 40.761404 1
98.906472 139.443420 60.491128 1
96.454119 119.719875 61.575914 1
94.412957 103.303405 62.478812 1
92.834498 99.123645 75.587949 1
93.187059 99.132252 82.330415 1
105.828170 137.384064 23.943396 1
106.368256 137.694557 39.952779 1
107.037061 138.079054 59.777775 1
108.500155 118.082648 61.031181 1
109.693373 101.774663 62.053391 1
113.310419 96.359562 74.276528 1
114.176001 95.775463 80.947031 1
100.626200 139.040900 25.101670 1
101.012641 144.890729 24.005293 1
101.451506 153.511937 22.027602 1
101.757553 161.929320 20.997750 1
102.395873 183.694357 22.261671 1
103.329179 189.628975 24.951394 1
104.048871 205.181182 31.201749 1
98.384099 171.181619 20.923814 1
86.785440 174.306088 21.336096 1
86.611558 169.115894 24.474061 1
86.105103 153.998721 33.613829 1
85.479514 148.236608 37.186713 1
84.224094 136.673335 44.356692 1
84.224094 136.673335 44.356692 1
105.498576 171.010706 20.273951 1
116.826432 174.145182 17.760806 1
117.296447 169.219540 21.272543 1
118.665434 154.872910 31.500977 1
119.622608 149.391573 35.424933 1
121.543446 138.391738 43.299448 1
121.543446 138.391738 43.299448 1
95.247354 138.336098 24.954858 1
96.797326 138.538484 40.899822 1
98.716734 138.789100 60.645268 1
96.608957 119.038490 61.941302 1
94.854595 102.599492 63.020026 1
93.484562 98.576010 76.201301 1
93.905345 98.685172 82.938975 1
105.737414 137.490632 24.141229 1
106.377554 137.631813 40.149313 1
107.170259 137.806646 59.972700 1
108.436994 117.804503 61.342947 1
109.470072 101.491838 62.460447 1
113.035984 96.181870 74.744580 1
113.898381 95.666388 81.421148 1
100.503500 139.201300 25.276730 1
100.915028 145.057255 24.223015 1
101.379488 153.697940 22.338356 1
101.673286 162.132872 21.459606 1
102.173550 183.862824 23.270872 1
103.266164 189.717383 26.073672 1
104.117819 205.147539 32.603681 1
98.246099 171.364784 21.589524 1
86.735342 174.780593 22.133473 1
86.590880 169.511323 25.138315 1
86.170116 154.163825 33.890348 1
85.580988 148.315333 37.326461 1
84.398737 136.578716 44.221971 1
84.398737 136.578716 44.221971 1
105.366324 171.250644 20.992289 1
116.739511 174.336617 18.628275 1
117.203691 169.338245 22.036498 1
118.555684 154.779779 31.963430 1
119.506391 149.216319 35.771674 1
121.414253 138.051679 43.413982 1
121.414253 138.051679 43.413982 1
95.124682 138.510906 25.071897 1
96.620475 138.314945 41.022115 1
98.472790 138.072267 60.774067 1
96.726324 118.293931 62.179884 1
95.272691 101.831858 63.349984 1
94.071696 97.860432 76.563493 1
94.539073 98.016255 83.297176 1
105.620224 137.644656 24.356796 1
106.383756 137.584296 40.359978 1
107.329262 137.509553 60.177295 1
108.396775 117.499830 61.605343 1
109.267379 101.180984 62.769982 1
112.792828 95.970346 75.108210 1
113.657655 95.519651 81.789150 1
100.411300 139.383200 25.436330 1
100.845987 145.247453 24.439600 1
101.334480 153.910171 22.665404 1
101.616814 162.360675 21.947158 1
101.986220 184.040394 24.308315 1
103.242613 189.808294 27.220043 1
104.203755 205.132885 33.979421 1
98.139525 171.568728 22.280192 1
86.737826 175.311126 22.956108 1
86.624054 169.946328 25.788273 1
86.292678 154.320592 34.037357 1
85.744327 148.366076 37.293406 1
84.643905 136.416693 43.827568 1
84.643905 136.416693 43.827568 1
105.264975 171.506104 21.740412 1
116.684491 174.533404 19.528792 1
117.132354 169.464204 22.833000 1
118.436817 154.699438 32.456972 1
119.369365 149.055519 36.149559 1
121.240785 137.729417 43.559767 1
121.240785 137.729417 43.559767 1
95.033295 138.706839 25.171981 1
96.478479 138.141337 41.118043 1
98.268123 137.441036 60.864849 1
96.861587 117.641136 62.346274 1
95.690887 101.161113 63.579305 1
94.634721 97.212861 76.812114 1
95.138789 97.398443 83.542396 1
105.533515 137.823330 24.553151 1
106.416928 137.529693 40.547581 1
107.510887 137.166075 60.354061 1
108.424861 117.153726 61.850220 1
109.170246 100.832739 63.070406 1
112.672728 95.731213 75.460664 1
113.544198 95.347783 82.144938 1
100.220200 139.536300 25.531490 1
100.686674 145.409825 24.606295 1
101.208893 154.095572 22.958818 1
101.479898 162.558911 22.406509 1
101.692100 184.175733 25.303014 1
103.148439 189.833732 28.334759 1
104.183104 205.050780 35.322388 1
97.943086 171.735452 22.928752 1
86.662687 175.793635 23.791845 1
86.571514 170.341216 26.452292 1
86.305960 154.460272 34.201221 1
85.785853 148.409378 37.279365 1
84.742112 136.266584 43.456511 1
84.742112 136.266584 43.456511 1
105.074023 171.727868 22.462934 1
116.568930 174.569102 20.400006 1
117.000440 169.436888 23.607705 1
118.257272 154.488584 32.950584 1
119.171692 148.771134 36.532939 1
121.006731 137.297472 43.721936 1
121.006731 137.297472 43.721936 1
94.843484 138.881918 25.195338 1
96.266536 138.020951 41.130171 1
98.028771 136.954763 60.863071 1
96.927409 117.143336 62.445284 1
96.010714 100.653720 63.762203 1
95.096696 96.753005 77.019670 1
95.640007 96.978087 83.745691 1
105.347307 137.968417 24.691967 1
106.343041 137.465864 40.674595 1
107.576089 136.843537 60.466460 1
108.433454 116.838859 62.093018 1
109.132672 100.524127 63.419550 1
112.647394 95.587721 75.873066 1
113.532169 95.296033 82.560225 1
100.067100 139.661900 25.609980 1
100.579122 145.542777 24.758507 1
101.154078 154.248443 23.238677 1
101.427461 162.720718 22.848269 1
101.502432 184.263880 26.255367 1
103.152467 189.772328 29.458451 1
104.270862 204.857548 36.713889 1
97.841461 171.866738 23.542258 1
86.672567 176.161999 24.668182 1
86.586733 170.634736 27.169613 1
86.336729 154.535799 34.455388 1
85.826817 148.402680 37.368058 1
84.803535 136.094880 43.213135 1
84.803535 136.094880 43.213135 1
104.977573 171.901503 23.165408 1
116.550584 174.524718 21.256133 1
116.958830 169.333653 24.370831 1
118.147904 154.213940 33.442830 1
119.036451 148.427194 36.918852 1
120.819570 136.814471 43.894460 1
120.819570 136.814471 43.894460 1
94.692003 139.042221 25.192108 1
96.132960 137.968005 41.112376 1
97.917369 136.637739 60.827240 1
97.040762 116.824000 62.517318 1
96.311139 100.332460 63.924017 1
95.531461 96.488479 77.206612 1
96.119025 96.753037 83.927475 1
105.196544 138.074270 24.823519 1
106.287041 137.391925 40.793293 1
107.637439 136.546957 60.569239 1
108.548704 116.558297 62.355577 1
109.291880 100.256629 63.812418 1
112.857134 95.506433 76.323853 1
113.762437 95.311719 83.011791 1
99.928000 139.780100 25.704530 1
100.467366 145.671345 24.946768 1
101.078106 154.399594 23.577918 1
101.357067 162.877851 23.358967 1
101.352702 184.336265 27.265144 1
103.161395 189.665988 30.678066 1
104.378264 204.561331 38.300667 1
97.746934 172.000108 24.220399 1
86.640272 176.367392 25.645193 1
86.539099 170.783920 28.017907 1
86.244420 154.521268 34.928774 1
85.719635 148.326416 37.704962 1
84.666505 135.894733 43.276151 1
84.666505 135.894733 43.276151 1
104.887076 172.053940 23.932651 1
116.518929 174.500079 22.150077 1
116.881565 169.256292 25.180977 1
117.937794 153.983019 34.008904 1
118.775496 148.133438 37.391110 1
120.456581 136.394618 44.178453 1
120.456581 136.394618 44.178453 1
94.557187 139.182474 25.207041 1
96.005144 137.939377 41.114378 1
97.798220 136.399978 60.813228 1
97.086873 116.590574 62.627210 1
96.494800 100.102641 64.137037 1
95.806219 96.339451 77.447772 1
96.422174 96.652592 84.164003 1
105.062968 138.189125 24.962108 1
106.197814 137.350322 40.921337 1
107.603131 136.311607 60.684225 1
108.618067 116.343256 62.634302 1
109.445793 100.058151 64.224679 1
113.038957 95.495903 76.797923 1
113.945998 95.395779 83.487711 1
99.849100 139.939500 25.817110 1
100.402359 145.841182 25.156858 1
101.034023 154.591342 23.946566 1
101.316280 163.072234 23.909187 1
101.260081 184.427458 28.344611 1
103.191167 189.586346 31.947686 1
104.526166 204.218541 40.045381 1
97.692758 172.169559 24.957738 1
86.642104 176.592516 26.625567 1
86.517273 170.955343 28.866517 1
86.153687 154.536276 35.393604 1
85.604270 148.281958 38.028077 1
84.501710 135.730939 43.314876 1
84.501710 135.730939 43.314876 1
104.835514 172.232138 24.746936 1
116.502746 174.587509 23.076881 1
116.824224 169.282607 26.004307 1
117.760573 153.831326 34.530851 1
118.552364 147.910705 37.798569 1
120.141316 136.029323 44.356158 1
120.141316 136.029323 44.356158 1
94.483453 139.355745 25.252005 1
95.906693 137.891058 41.142705 1
97.669162 136.077252 60.820951 1
97.077676 116.267035 62.668783 1
96.585366 99.778426 64.206785 1
95.936020 96.018162 77.520319 1
96.558904 96.338338 84.235579 1
104.990317 138.354431 25.105966 1
106.128704 137.370177 41.056634 1
107.538406 136.151345 60.808919 1
108.678665 116.203539 62.895254 1
109.608597 99.935190 64.596756 1
113.206532 95.541587 77.228563 1
114.099963 95.523979 83.920907 1
99.819500 140.084700 25.946780 1
100.386109 145.996045 25.392845 1
101.039471 154.766588 24.353724 1
101.334866 163.245706 24.508308 1
101.280362 184.479643 29.492153 1
103.266613 189.498048 33.259881 1
104.770320 203.786691 41.921844 1
97.718095 172.319241 25.765535 1
86.694850 176.740318 27.610347 1
86.545699 171.051959 29.716409 1
86.111277 154.483810 35.850615 1
85.535411 148.171454 38.336846 1
84.379774 135.503966 43.326156 1
84.379774 135.503966 43.326156 1
104.862248 172.374900 25.606529 1
116.544096 174.732412 24.045199 1
116.843600 169.358885 26.847103 1
117.715948 153.707725 35.008045 1
118.483226 147.709579 38.137295 1
120.022985 135.672623 44.417008 1
120.022985 135.672623 44.417008 1
94.457257 139.519278 25.332835 1
95.868796 137.870206 41.206504 1
97.616776 135.828067 60.863661 1
97.075588 116.020243 62.752113 1
96.625143 99.533625 64.323924 1
96.008466 95.800665 77.646692 1
96.642569 96.136851 84.360119 1
104.963440 138.504066 25.245520 1
106.057808 137.397269 41.191235 1
107.413000 136.026686 60.937388 1
108.712704 116.098430 63.115299 1
109.772671 99.846024 64.891486 1
113.363572 95.584653 77.570507 1
114.233161 95.628074 84.265874 1
99.813300 140.217500 26.087490 1
100.401776 146.136174 25.646037 1
101.085101 154.923854 24.786482 1
101.401443 163.396306 25.138722 1
101.376068 184.492499 30.676931 1
103.379695 189.415023 34.560176 1
105.021201 203.331297 43.785078 1
97.798860 172.440614 26.626196 1
86.792002 176.831112 28.634620 1
86.621746 171.091550 30.595132 1
86.125851 154.374262 36.305400 1
85.526753 148.002966 38.630582 1
84.324495 135.217199 43.296705 1
84.324495 135.217199 43.296705 1
104.943405 172.486931 26.482502 1
116.608437 174.980317 25.008991 1
116.895016 169.536709 27.673606 1
117.729721 153.681431 35.434676 1
118.482561 147.605746 38.414265 1
119.993347 135.413185 44.393642 1
119.993347 135.413185 44.393642 1
94.450444 139.682699 25.451846 1
95.875357 137.826086 41.301384 1
97.639897 135.526939 60.928658 1
97.040889 115.715024 62.755743 1
96.542319 99.225001 64.276477 1
95.947824 95.456404 77.590217 1
96.600075 95.771646 84.302922 1
104.953174 138.632141 25.367340 1
105.979855 137.409043 41.309059 1
107.251228 135.894441 61.050264 1
108.733160 115.987224 63.302932 1
109.941742 99.751977 65.140085 1
113.534393 95.608183 77.857524 1
114.382271 95.703355 84.555140 1
99.827300 140.277800 26.187660 1
100.465577 146.199795 25.880321 1
101.215254 154.999901 25.228242 1
101.587238 163.458268 25.797676 1
101.685749 184.392747 31.918106 1
103.602814 189.208834 35.974647 1
105.374526 202.888436 45.523760 1
98.034320 172.474777 27.549825 1
87.003365 176.745593 29.680396 1
86.807198 170.961348 31.502258 1
86.235835 154.113912 36.808693 1
85.606822 147.690297 38.976713 1
84.344530 134.799536 43.327444 1
84.344530 134.799536 43.327444 1
105.178379 172.491339 27.378190 1
116.788012 175.271594 25.982558 1
117.045592 169.758788 28.504023 1
117.795829 153.701959 35.848147 1
118.516155 147.550085 38.675557 1
119.961691 135.204630 44.349544 1
119.961691 135.204630 44.349544 1
94.457278 139.804192 25.564091 1
95.934395 137.785270 41.388987 1
97.763582 135.285127 60.985745 1
97.049870 115.464787 62.675053 1
96.455827 98.967751 64.081110 1
95.916512 95.113473 77.372652 1
96.610528 95.379451 84.083302 1
104.949961 138.665176 25.407867 1
105.932871 137.358993 41.345754 1
107.150040 135.741504 61.082213 1
108.786040 115.857487 63.431105 1
110.120272 99.641160 65.346733 1
113.747148 95.612554 78.091439 1
114.594172 95.759588 84.788225 1
99.978200 140.286300 26.203250 1
100.631958 146.213341 26.082156 1
101.410536 155.027070 25.706537 1
101.841571 163.460884 26.538160 1
102.187242 184.195226 33.297546 1
103.943744 188.961274 37.483815 1
105.704362 202.453594 47.297763 1
98.384009 172.445761 28.613714 1
87.314334 176.567083 30.835917 1
87.098852 170.740476 32.515018 1
86.471232 153.769656 37.405638 1
85.819245 147.295636 39.410827 1
84.510851 134.303725 43.434793 1
84.510851 134.303725 43.434793 1
105.525129 172.413369 28.347885 1
117.024079 175.653750 27.030596 1
117.232574 170.074637 29.406557 1
117.839844 153.824678 36.326880 1
118.504829 147.600007 39.004552 1
119.839308 135.108464 44.378051 1
119.839308 135.108464 44.378051 1
94.599132 139.848815 25.633588 1
96.050383 137.747304 41.450123 1
97.847540 135.144888 61.036527 1
97.052702 115.320613 62.641328 1
96.391137 98.820303 63.977049 1
95.865542 94.936892 77.260659 1
96.575118 95.184369 83.970389 1
105.085168 138.685486 25.305166 1
105.964833 137.302046 41.242567 1
107.054150 135.588886 60.978425 1
108.793044 115.733974 63.493708 1
110.211190 99.541383 65.545037 1
113.800697 95.642821 78.340664 1
114.614515 95.851660 85.039925 1
99.998400 140.100300 26.192800 1
100.719285 146.019864 26.297544 1
101.596154 154.832209 26.244912 1
102.148882 163.226293 27.358662 1
102.896762 183.735318 34.743939 1
104.344392 188.440437 39.113330 1
106.104433 201.784218 49.128409 1
98.850104 172.185077 29.777119 1
87.686417 176.035363 32.015099 1
87.425528 170.176579 33.571298 1
86.665655 153.112041 38.103950 1
85.958766 146.600134 39.962492 1
84.540195 133.532192 43.692170 1
84.540195 133.532192 43.692170 1
105.983719 172.071657 29.369692 1
117.318367 175.921029 28.288369 1
117.444665 170.274104 30.504549 1
117.812528 153.826635 36.959488 1
118.383955 147.527647 39.480378 1
119.530683 134.886966 44.539248 1
119.530683 134.886966 44.539248 1
94.604559 139.745212 25.712517 1
96.058809 137.637282 41.527922 1
97.859680 135.026916 61.112927 1
97.048259 115.197507 62.644315 1
96.372890 98.692923 63.918931 1
95.957984 94.810024 77.206609 1
96.725050 95.057045 83.910026 1
105.067899 138.481290 25.130127 1
105.900688 137.096352 41.069916 1
106.931957 135.381338 60.808731 1
108.738487 115.567202 63.584408 1
110.211794 99.407866 65.848100 1
113.834235 95.668649 78.681946 1
114.657343 95.957003 85.377120 1
100.125100 140.097500 26.181120 1
100.910575 145.999906 26.522462 1
101.882786 154.798043 26.799367 1
102.544014 163.144214 28.181685 1
103.626178 183.433803 36.111582 1
104.842871 188.000168 40.693430 1
106.599081 201.129951 50.988116 1
99.380865 172.069290 30.888751 1
88.146595 175.662256 33.200232 1
87.842585 169.781518 34.662991 1
86.957115 152.653036 38.923487 1
86.183387 146.101745 40.608938 1
84.630686 132.954770 43.991261 1
84.630686 132.954770 43.991261 1
106.506531 171.888311 30.379394 1
117.735482 176.102007 29.594155 1
117.802400 170.392150 31.645550 1
117.997308 153.761383 37.620529 1
118.500406 147.392024 39.973576 1
119.510014 134.610126 44.695624 1
119.510014 134.610126 44.695624 1
94.721870 139.817458 25.760442 1
96.213936 137.680394 41.568413 1
98.061635 135.033950 61.144212 1
97.248918 115.199087 62.602538 1
96.572471 98.689963 63.816343 1
96.283252 94.805591 77.106919 1
97.113941 95.051755 83.802781 1
105.162444 138.473044 24.982541 1
105.985751 137.078802 40.922012 1
107.005277 135.352265 60.660432 1
108.856892 115.580075 63.693575 1
110.366968 99.454948 66.167242 1
114.023769 95.871653 79.035778 1
114.859757 96.238813 85.725496 1
100.153000 140.097200 26.212750 1
100.992821 145.976166 26.764421 1
102.041090 154.751130 27.339086 1
102.776430 163.045607 28.972341 1
104.055657 183.107243 37.434970 1
105.168401 187.467215 42.238906 1
106.976163 200.305475 52.886306 1
99.695201 171.917091 31.937722 1
88.430159 175.332712 34.365379 1
87.987813 169.355187 35.308082 1
86.699421 151.944798 38.053840 1
85.987351 145.440229 39.935950 1
84.558382 132.387011 43.712923 1
84.558382 132.387011 43.712923 1
106.816010 171.699414 31.377355 1
118.011937 176.041798 30.871310 1
118.051278 170.274335 32.755451 1
118.165862 153.475782 38.243280 1
118.636878 147.040949 40.418076 1
119.582104 134.127658 44.782412 1
119.582104 134.127658 44.782412 1
94.745018 139.879374 25.817065 1
96.284724 137.670436 41.610582 1
98.191418 134.934988 61.168480 1
97.376924 115.094849 62.552139 1
96.698998 98.581335 63.703795 1
96.515402 94.672398 76.989048 1
97.399944 94.905900 83.678463 1
105.168293 138.474280 24.923078 1
106.006154 137.041404 40.858363 1
107.043705 135.267025 60.591601 1
108.928675 115.528193 63.815465 1
110.465954 99.430270 66.444674 1
114.151263 95.973786 79.339736 1
114.998735 96.405192 86.024173 1
100.163500 140.212400 26.307380 1
101.070037 146.059876 27.053772 1
102.203231 154.801114 27.911509 1
102.999193 163.036393 29.796510 1
104.383588 182.841204 38.828379 1
105.470020 186.996638 43.816103 1
107.388083 199.427663 54.917755 1
99.961128 171.828649 33.030251 1
88.701860 175.170032 35.584698 1
88.102495 169.144168 35.965331 1
86.356761 151.592983 37.073982 1
85.712306 145.167718 39.232558 1
84.419026 132.273647 43.564339 1
84.419026 132.273647 43.564339 1
107.078637 171.603946 32.432009 1
118.278633 175.955681 32.142737 1
118.302962 170.138728 33.868317 1
118.373825 153.196026 38.894313 1
118.827507 146.703920 40.895663 1
119.737946 133.675695 44.911932 1
119.737946 133.675695 44.911932 1
94.751578 140.066143 25.933217 1
96.335771 137.738558 41.705279 1
98.297556 134.856182 61.236610 1
97.429460 115.011536 62.519356 1
96.706920 98.494270 63.587021 1
96.615630 94.532666 76.857620 1
97.553234 94.736716 83.540769 1
105.154386 138.580576 24.936798 1
106.011406 137.074760 40.864337 1
107.072681 135.210058 60.587982 1
108.935127 115.495779 63.971236 1
110.454035 99.417881 66.730435 1
114.159167 96.071416 79.648817 1
115.020006 96.561256 86.327516 1
100.233100 140.363700 26.442390 1
101.140929 146.187163 27.356178 1
102.289991 154.896744 28.475083 1
103.125882 163.062620 30.625978 1
104.668802 182.528112 40.343786 1
105.724407 186.581490 45.421303 1
107.858639 198.560995 56.970872 1
100.158354 171.760666 34.165536 1
88.897956 175.080525 36.742964 1
88.215560 169.051766 36.802643 1
86.227986 151.492150 36.976467 1
85.581751 145.074588 39.157312 1
84.284899 132.195976 43.533783 1
84.284899 132.195976 43.533783 1
107.273861 171.499859 33.558205 1
118.381990 176.089519 33.482885 1
118.387573 170.221575 35.026376 1
118.403837 153.130356 39.522012 1
118.835026 146.579869 41.328628 1
119.700329 133.434485 44.954108 1
119.700329 133.434485 44.954108 1
94.821476 140.230154 26.059272 1
96.419929 137.744412 41.805741 1
98.399371 134.666184 61.305380 1
97.435087 114.819248 62.479390 1
96.632487 98.300076 63.456551 1
96.537562 94.261278 76.703834 1
97.484171 94.421543 83.386907 1
105.224694 138.769833 25.030348 1
106.077691 137.101940 40.941947 1
107.133985 135.036531 60.645854 1
108.907930 115.323065 64.081009 1
110.354661 99.245830 66.882536 1
113.994812 95.942762 79.830527 1
114.830442 96.458958 86.510443 1
100.319800 140.536700 26.599910 1
101.245897 146.324123 27.704430 1
102.420663 154.988809 29.108792 1
103.280460 163.077202 31.526485 1
104.883029 182.208890 41.876947 1
105.959374 186.064311 47.102132 1
108.329399 197.599211 59.051405 1
100.338199 171.660325 35.355819 1
89.119113 174.995271 38.089207 1
88.340332 168.985669 37.783674 1
86.072021 151.481851 36.893770 1
85.443878 145.069514 39.095171 1
84.183333 132.201384 43.512890 1
84.183333 132.201384 43.512890 1
107.452047 171.404463 34.727310 1
118.568679 175.972920 34.831493 1
118.563520 170.062450 36.203168 1
118.548493 152.847371 40.198365 1
118.967442 146.246516 41.814493 1
119.808182 133.000057 45.057705 1
119.808182 133.000057 45.057705 1
94.907118 140.430995 26.223104 1
96.516439 137.768117 41.939478 1
98.509340 134.470532 61.401848 1
97.448761 114.621283 62.446603 1
96.566010 98.100186 63.316182 1
96.485449 93.981593 76.538970 1
97.450036 94.096688 83.220402 1
105.304212 138.976623 25.126113 1
106.137586 137.121782 41.018045 1
107.169578 134.824869 60.697598 1
108.839959 115.098562 64.110892 1
110.202229 99.010855 66.894591 1
113.782578 95.686185 79.853722 1
114.598230 96.196307 86.536573 1
100.444700 140.796500 26.814790 1
101.377587 146.542580 28.112544 1
102.560005 155.153156 29.812242 1
103.423975 163.150099 32.515768 1
105.029552 181.887055 43.564313 1
106.202608 185.589578 48.878503 1
108.716115 196.748759 61.150871 1
100.482492 171.585276 36.661386 1
89.337094 174.987336 39.605409 1
88.439848 169.027691 38.903453 1
85.826492 151.669379 36.858910 1
85.227986 145.265179 39.092030 1
84.026917 132.413382 43.573404 1
84.026917 132.413382 43.573404 1
107.595952 171.354564 36.018915 1
118.697377 175.956014 36.233874 1
118.680814 170.005917 37.421828 1
118.632574 152.675416 40.881914 1
119.038779 146.026909 42.292951 1
119.853944 132.684822 45.124592 1
119.853944 132.684822 45.124592 1
95.031425 140.708287 26.442017 1
96.607573 137.798939 42.118009 1
98.559393 134.196137 61.530370 1
97.487118 114.337145 62.354820 1
96.594634 97.807940 63.041032 1
96.508259 93.517339 76.208974 1
97.471270 93.544706 82.891569 1
105.425706 139.282648 25.282435 1
106.217047 137.204000 41.148798 1
107.196988 134.629939 60.796686 1
108.755345 114.876231 64.102810 1
110.026256 98.766177 66.799105 1
113.523449 95.373021 79.763192 1
114.307390 95.852965 86.452071 1
100.513200 141.070200 27.040850 1
101.463879 146.762655 28.545525 1
102.681632 155.301484 30.554150 1
103.594080 163.191279 33.541652 1
105.354744 181.510312 45.247840 1
106.470074 185.047923 50.685368 1
109.073874 195.910555 63.202536 1
100.721925 171.496421 37.987552 1
89.605619 174.811447 41.133899 1
88.590712 168.930539 40.038436 1
85.634654 151.801557 36.847747 1
85.046218 145.408769 39.115964 1
83.865355 132.579872 43.667768 1
83.865355 132.579872 43.667768 1
107.832885 171.233094 37.330113 1
118.826588 176.058130 37.894642 1
118.756675 170.064733 38.837758 1
118.553042 152.608114 41.584717 1
118.897085 145.905946 42.734172 1
119.587504 132.456173 45.040874 1
119.587504 132.456173 45.040874 1
95.099895 141.013108 26.662491 1
96.679880 137.872338 42.293373 1
98.636453 133.982956 61.649873 1
97.591931 114.116674 62.319820 1
96.722545 97.581400 62.877434 1
96.687901 93.185600 76.010871 1
97.674162 93.160902 82.690084 1
105.490212 139.596417 25.457310 1
106.227635 137.317733 41.298783 1
107.140809 134.495960 60.915850 1
108.652083 114.706601 64.024746 1
109.884595 98.567472 66.560193 1
113.321000 95.051009 79.507665 1
114.077208 95.468932 86.203895 1
100.554900 141.319200 27.278410 1
101.535778 146.935316 29.030266 1
102.796441 155.374747 31.400041 1
103.746759 163.133861 34.701500 1
105.595795 180.989957 47.089506 1
106.686408 184.387198 52.620751 1
109.326648 194.939019 65.393544 1
100.912876 171.274209 39.465377 1
89.847107 174.616699 42.757441 1
88.726471 168.826063 41.333409 1
85.462461 151.960012 37.185715 1
84.864810 145.555398 39.417874 1
83.665454 132.702768 43.897319 1
83.665454 132.702768 43.897319 1
108.021471 171.011889 38.782456 1
118.976162 175.879032 39.658142 1
118.835109 169.864820 40.448402 1
118.424273 152.347571 42.750144 1
118.687238 145.615605 43.735101 1
119.214952 132.106031 45.711691 1
119.214952 132.106031 45.711691 1
95.140664 141.304315 26.909477 1
96.741808 137.957587 42.495400 1
98.724583 133.813155 61.796225 1
97.712613 113.940751 62.318235 1
96.870323 97.400381 62.752717 1
96.920040 92.911954 75.854738 1
97.945541 92.841788 82.527717 1
105.521721 139.893180 25.620871 1
106.186989 137.478349 41.445360 1
107.010810 134.487981 61.041396 1
108.532020 114.659442 63.884436 1
109.772636 98.488359 66.203066 1
113.176260 94.802273 79.111959 1
113.913359 95.131322 85.815273 1
100.581900 141.606900 27.595730 1
101.597550 147.131725 29.599889 1
102.910624 155.451979 32.334536 1
103.910145 163.066271 35.944259 1
105.879894 180.443144 48.978298 1
106.900189 183.651450 54.634368 1
109.591206 193.875368 67.660724 1
101.129971 171.041342 41.009787 1
90.108960 174.402693 44.430287 1
88.893126 168.712199 42.711219 1
85.351838 152.137829 37.704192 1
84.733976 145.713336 39.872817 1
83.494062 132.820814 44.224765 1
83.494062 132.820814 44.224765 1
108.235883 170.764471 40.305039 1
119.165052 175.616424 41.518706 1
118.954339 169.581199 42.107619 1
118.340609 152.002749 43.822911 1
118.523940 145.239755 44.589046 1
118.891846 131.667916 46.126509 1
118.891846 131.667916 46.126509 1
95.167462 141.641177 27.231080 1
96.833967 138.058147 42.757506 1
98.897681 133.621092 61.984653 1
97.855390 113.747234 62.375069 1
96.987862 97.205655 62.700021 1
97.144737 92.650597 75.778180 1
98.227944 92.545078 82.441568 1
105.539102 140.227906 25.870967 1
106.102585 137.687820 41.679791 1
106.800363 134.542344 61.256427 1
108.426017 114.679657 63.786018 1
109.751811 98.480726 65.849016 1
113.136922 94.618847 78.711299 1
113.851371 94.850366 85.421140 1
100.625100 141.988400 27.927450 1
101.674302 147.417008 30.163802 1
103.031555 155.608252 33.244463 1
104.064793 163.064286 37.161934 1
106.094729 179.902429 50.876090 1
107.047094 182.915632 56.650080 1
109.865136 192.851837 69.870765 1
101.312178 170.841029 42.541161 1
90.357370 174.195329 46.174618 1
89.048419 168.631834 44.137626 1
85.235915 152.427365 38.204601 1
84.612975 145.961265 40.244283 1
83.362871 132.985248 44.337470 1
83.362871 132.985248 44.337470 1
108.417045 170.568317 41.824349 1
119.284218 175.465070 43.369512 1
119.008899 169.413485 43.712572 1
118.206995 151.787388 44.711781 1
118.315987 144.997765 45.209588 1
118.534712 131.372489 46.208577 1
118.534712 131.372489 46.208577 1
95.210609 142.068989 27.570973 1
96.944665 138.268867 43.038274 1
99.092032 133.562976 62.192202 1
97.965361 113.691414 62.438506 1
97.027601 97.151746 62.643511 1
97.262817 92.501777 75.687049 1
98.395518 92.343521 82.341157 1
105.572694 140.655903 26.139699 1
106.016753 137.901744 41.916450 1
106.566644 134.491173 61.453370 1
108.332671 114.596825 63.612997 1
109.772946 98.372073 65.374271 1
113.135733 94.311113 78.180977 1
113.820556 94.429999 84.896845 1
100.712000 142.456900 28.318750 1
101.784174 147.776039 30.794448 1
103.176667 155.818807 34.230136 1
104.239967 163.098673 38.458556 1
106.332605 179.357485 52.845830 1
107.300639 182.236133 58.685492 1
110.117834 191.854037 72.139688 1
101.516718 170.661603 44.148608 1
90.622117 173.989667 47.981729 1
89.243458 168.565085 45.639002 1
85.227919 152.765219 38.815477 1
84.604827 146.244283 40.672342 1
83.354418 133.158221 44.398656 1
83.354418 133.158221 44.398656 1
108.620705 170.389404 43.422936 1
119.350037 175.456873 45.336923 1
119.011147 169.398944 45.379463 1
118.024081 151.754366 45.503364 1
118.058811 144.947874 45.674051 1
118.128507 131.288746 46.016581 1
118.128507 131.288746 46.016581 1
95.298169 142.577801 27.963643 1
97.041871 138.417630 43.336923 1
99.201183 133.265873 62.374422 1
98.008426 113.396784 62.449630 1
97.015661 96.859174 62.512226 1
97.312282 92.128387 75.525415 1
98.483266 91.925694 82.171687 1
105.654736 141.182665 26.475933 1
105.991134 138.137200 42.201722 1
106.407704 134.365894 61.675533 1
108.304289 114.444500 63.438748 1
109.851039 98.197689 64.876731 1
113.188288 93.894182 77.610702 1
113.843405 93.877579 84.330564 1
100.779400 142.997900 28.809910 1
101.869778 148.195638 31.524035 1
103.282795 156.074765 35.312418 1
104.353538 163.168742 39.844039 1
106.433422 178.840063 54.870867 1
107.445825 181.612276 60.754338 1
110.337926 190.931055 74.401761 1
101.625199 170.498394 45.829276 1
90.823205 173.828664 49.914296 1
89.402617 168.537513 47.306459 1
85.264955 153.126284 39.710765 1
84.654936 146.523516 41.256775 1
83.430761 133.273238 44.359270 1
83.430761 133.273238 44.359270 1
108.729804 170.255443 45.099289 1
119.257646 175.595869 47.358837 1
118.877320 169.546669 47.080110 1
117.769564 151.927514 46.268279 1
117.754461 145.121190 46.088301 1
117.724153 131.462398 45.727125 1
117.724153 131.462398 45.727125 1
95.365899 143.152547 28.462958 1
97.107506 138.598641 43.724478 1
99.264225 132.959301 62.623578 1
98.050555 113.091451 62.555893 1
97.040383 96.554873 62.499556 1
97.414277 91.759695 75.487161 1
98.626479 91.523303 82.124925 1
105.717402 141.792425 26.909054 1
105.958906 138.332997 42.550745 1
106.257965 134.049066 61.920415 1
108.261864 114.110270 63.333472 1
109.896134 97.849268 64.485885 1
113.194910 93.380301 77.172801 1
113.815953 93.269411 83.895004 1
100.918000 143.636900 29.535420 1
102.023650 148.707004 32.475397 1
103.450119 156.414250 36.597609 1
104.517463 163.318557 41.414031 1
106.551676 178.406173 57.032852 1
107.640937 181.068235 62.953350 1
110.518399 190.136508 76.771551 1
101.767371 170.403147 47.677918 1
91.032257 173.697520 51.963427 1
89.598621 168.519863 49.143548 1
85.422954 153.439201 40.930252 1
84.801509 146.762573 42.111456 1
83.554404 133.364072 44.481869 1
83.554404 133.364072 44.481869 1
108.872448 170.211985 46.937205 1
119.147525 175.850536 49.600041 1
118.732690 169.828936 48.980848 1
117.524426 152.290169 47.177359 1
117.465981 145.503967 46.627175 1
117.348694 131.885554 45.523075 1
117.348694 131.885554 45.523075 1
95.503864 143.814754 29.210174 1
97.259047 138.805332 44.326730 1
99.432576 132.601904 63.046314 1
98.193975 112.737923 62.734612 1
97.163052 96.204564 62.475172 1
97.625131 91.273961 75.409121 1
98.883740 90.967681 82.035381 1
105.849123 142.510066 27.569572 1
105.985031 138.527923 43.087707 1
106.153328 133.596694 62.304373 1
108.152133 113.634478 63.344859 1
109.782248 97.354375 64.193423 1
113.000794 92.658932 76.819000 1
113.579350 92.427810 83.541935 1
101.180100 144.508800 30.429600 1
102.250727 149.469362 33.563043 1
103.630497 157.022741 37.975728 1
104.661933 163.749574 43.044500 1
106.628792 178.273691 59.197001 1
107.740596 180.813863 65.166655 1
110.658536 189.676300 79.109355 1
101.882380 170.599263 49.551922 1
91.198372 173.830289 54.009905 1
89.773070 168.749745 51.014617 1
85.621679 153.951939 42.290416 1
84.987008 147.220524 43.092947 1
83.713364 133.712079 44.703448 1
83.713364 133.712079 44.703448 1
108.989365 170.451143 48.819706 1
119.113637 176.171004 51.860014 1
118.679546 170.195711 50.899497 1
117.415194 152.791820 48.101853 1
117.331760 146.046929 47.175488 1
117.164329 132.511420 45.316477 1
117.164329 132.511420 45.316477 1
95.766425 144.673854 30.090244 1
97.544765 139.174496 45.032795 1
99.746972 132.364357 63.536898 1
98.453210 112.508221 63.018171 1
97.376375 95.981392 62.586418 1
97.875041 90.924343 75.470090 1
99.157081 90.551048 82.088416 1
106.123784 143.479705 28.441829 1
106.184021 138.894517 43.793080 1
106.258612 133.216518 62.803087 1
108.047419 113.221165 63.547355 1
109.506272 96.914038 64.154341 1
112.545889 92.013782 76.746388 1
113.054487 91.686009 83.470962 1
101.375900 145.408900 31.370310 1
102.436706 150.246381 34.693764 1
103.798820 157.632599 39.386047 1
104.812099 164.182798 44.684609 1
106.737415 178.191922 61.290613 1
108.007744 180.764799 67.214457 1
110.600958 189.305513 81.419649 1
102.011721 170.809622 51.410214 1
91.383565 173.977786 56.043379 1
90.016687 168.934343 52.959470 1
86.035464 154.244600 43.977149 1
85.367035 147.474257 44.250024 1
84.025647 133.887691 44.797625 1
84.025647 133.887691 44.797625 1
109.118416 170.714541 50.666470 1
119.254117 176.283939 53.939168 1
118.823332 170.366352 52.669621 1
117.568610 153.130540 48.971885 1
117.488483 146.442603 47.697622 1
117.327687 133.021388 45.140457 1
117.327687 133.021388 45.140457 1
95.961424 145.572294 31.043143 1
97.792325 139.624114 45.806348 1
100.059620 132.258177 64.088359 1
98.699525 112.413298 63.353548 1
97.567479 95.895838 62.741943 1
98.139562 90.702189 75.568094 1
99.465111 90.255979 82.173321 1
106.320101 144.471605 29.338897 1
106.244336 139.352185 44.520276 1
106.150509 133.012626 63.319925 1
107.893622 113.004086 63.753310 1
109.315210 96.686205 64.106755 1
112.225300 91.619315 76.663404 1
112.670685 91.205369 83.387709 1
101.446000 146.271900 32.403714 1
102.562564 150.973716 35.899153 1
103.983534 158.182347 40.843400 1
105.015756 164.562391 46.342141 1
106.904495 178.119915 63.322953 1
108.034374 180.580235 69.322582 1
110.577314 188.986448 83.616815 1
102.194887 170.984028 53.255604 1
91.630147 173.990799 58.134822 1
90.390679 168.865506 55.133113 1
86.780552 153.937364 46.390210 1
85.983419 147.198883 45.827849 1
84.383750 133.676256 44.699315 1
84.383750 133.676256 44.699315 1
109.299844 170.952968 52.490133 1
119.553280 176.280551 55.798466 1
119.134199 170.416741 54.296712 1
117.913565 153.337563 49.922638 1
117.848826 146.706136 48.380349 1
117.718910 133.398325 45.285313 1
117.718910 133.398325 45.285313 1
96.029433 146.471753 32.136982 1
98.017708 140.072276 46.689601 1
100.479886 132.147474 64.710832 1
98.940196 112.329157 63.675131 1
97.658668 95.833805 62.813086 1
98.400614 90.468292 75.559544 1
99.830425 89.925701 82.135748 1
106.365519 145.391190 30.288775 1
106.269860 139.828165 45.313157 1
106.151398 132.939275 63.918392 1
107.932324 112.930393 64.120560 1
109.384749 96.612233 64.285437 1
112.325655 91.421256 76.784087 1
112.783744 90.938875 83.502976 1
101.624600 147.508300 33.566221 1
102.684204 152.118362 37.198912 1
104.027193 159.198514 42.346429 1
105.006282 165.439485 48.011961 1
106.828461 178.586626 65.319593 1
107.954281 180.955204 71.356788 1
110.302973 189.246493 85.751031 1
102.151720 171.666898 55.087376 1
91.606794 174.522868 60.098279 1
90.716369 169.032437 57.673930 1
88.122881 153.040776 50.612670 1
87.007112 146.580891 48.773172 1
84.768012 133.617346 45.081710 1
84.768012 133.617346 45.081710 1
109.255154 171.707906 54.308363 1
119.666170 176.751934 57.568685 1
119.251160 170.920695 55.944006 1
118.042385 153.936384 51.211899 1
117.985437 147.340952 49.522015 1
117.871155 134.105375 46.130791 1
117.871155 134.105375 46.130791 1
96.206537 147.656209 33.296040 1
98.216564 140.740104 47.607313 1
100.705679 132.175536 65.329673 1
98.888569 112.394440 64.058698 1
97.376137 95.930069 63.000828 1
98.082932 90.447836 75.699528 1
99.523135 89.831324 82.266943 1
106.556529 146.743732 31.435072 1
106.381925 140.510964 46.193479 1
106.165704 132.792706 64.469347 1
107.897817 112.778601 64.411698 1
109.310434 96.456182 64.364684 1
112.117822 91.116401 76.831308 1
112.511085 90.557343 83.548362 1
101.817900 148.974700 34.813270 1
102.805919 153.529821 38.534368 1
104.057811 160.525220 43.818898 1
104.982702 166.658554 49.609700 1
106.757265 179.443110 67.191731 1
107.799121 181.762079 73.263162 1
109.966545 190.013726 87.708530 1
102.105621 172.724566 56.815017 1
91.491306 175.450919 61.751056 1
90.774936 169.872845 59.473544 1
88.688408 153.625911 52.839967 1
87.471526 147.380433 50.416746 1
85.029514 134.847153 45.553883 1
85.029514 134.847153 45.553883 1
109.208870 172.807656 56.037665 1
119.721564 177.607646 59.339865 1
119.307562 171.807121 57.608488 1
118.101721 154.912267 52.565606 1
118.047005 148.349761 50.751994 1
117.937205 135.180258 47.112475 1
117.937205 135.180258 47.112475 1
96.400216 149.068913 34.513092 1
98.361122 141.468823 48.480151 1
100.789409 132.057243 65.776253 1
98.983105 112.289971 64.292600 1
97.479666 95.837105 63.057712 1
98.183247 90.215756 75.695624 1
99.619820 89.528106 82.256768 1
106.770238 148.301925 32.698558 1
106.518709 141.337312 47.124900 1
106.207228 132.712784 64.989560 1
107.868019 112.695491 64.646525 1
109.222468 96.370471 64.366765 1
111.873039 90.878132 76.801398 1
112.192247 90.241843 83.515506 1
101.818400 150.574900 36.141330 1
102.778606 155.102273 39.903348 1
103.996863 162.051623 45.256056 1
104.897923 168.120706 51.117874 1
106.625732 180.671338 68.872256 1
107.511683 182.942306 74.986433 1
109.521900 191.214444 89.442808 1
102.003433 174.098438 58.389692 1
91.219483 176.637573 63.050205 1
90.536377 171.095253 60.677187 1
88.546734 154.952457 53.765439 1
87.373706 148.734472 51.251584 1
85.019698 136.256365 46.206839 1
85.019698 136.256365 46.206839 1
109.110013 174.176559 57.642875 1
119.786805 178.612905 60.927097 1
119.380634 172.828411 59.141090 1
118.197605 155.980253 53.939092 1
118.153266 149.436309 52.059331 1
118.064288 136.304056 48.287066 1
118.064288 136.304056 48.287066 1
96.402500 150.665120 35.809408 1
98.301220 142.358395 49.376959 1
100.652498 132.071754 66.178330 1
98.929443 112.312508 64.501338 1
97.495295 95.866323 63.105529 1
98.239161 90.099205 75.675271 1
99.686789 89.340445 82.226139 1
106.784121 149.924258 34.051219 1
106.542805 142.147327 48.056560 1
106.243972 132.516876 65.399879 1
107.864407 112.503595 64.759028 1
109.185944 96.181847 64.236385 1
111.765400 90.509678 76.605068 1
112.052809 89.779268 83.311029 1
101.873700 152.226600 37.523980 1
102.779490 156.757474 41.295267 1
103.933105 163.704212 46.665658 1
104.798056 169.755098 52.551679 1
106.494779 182.210512 70.375975 1
107.110908 184.441004 76.538008 1
108.961863 192.786525 90.973460 1
101.892372 175.700397 59.845588 1
90.928482 178.138409 64.124651 1
90.301293 172.565707 61.808015 1
88.474516 156.334424 55.060487 1
87.359789 150.085391 52.597609 1
85.122779 137.544977 47.655163 1
85.122779 137.544977 47.655163 1
109.001312 175.769402 59.120657 1
119.898173 179.677496 62.352744 1
119.487873 173.899265 60.547509 1
118.292814 157.069351 55.289506 1
118.245518 150.533208 53.382868 1
118.150608 137.416611 49.556665 1
118.150608 137.416611 49.556665 1
96.460389 152.289656 37.146657 1
98.233694 143.239263 50.247460 1
100.429665 132.031701 66.470832 1
98.867923 112.271295 64.655243 1
97.568041 95.824145 63.144075 1
98.303998 89.917540 75.649346 1
99.730182 89.093968 82.197089 1
106.859995 151.601685 35.475412 1
106.640534 143.040887 49.016203 1
106.368765 132.439746 65.784255 1
107.934423 112.432064 64.884659 1
109.211288 96.114882 64.150998 1
111.707827 90.322027 76.480700 1
111.959074 89.530278 83.181148 1
101.910800 153.959600 38.991430 1
102.772553 158.522273 42.734594 1
103.876164 165.506699 48.066472 1
104.718416 171.583476 53.929065 1
106.417160 184.075859 71.727278 1
106.825429 186.390097 77.875691 1
108.368826 194.839377 92.286924 1
101.815632 177.552617 61.204633 1
90.705278 179.895821 65.145520 1
90.126665 174.273974 62.937535 1
88.441375 157.899545 56.506464 1
87.377802 151.598695 54.155528 1
85.243447 138.954296 49.437723 1
85.243447 138.954296 49.437723 1
108.925856 177.602731 60.490826 1
120.008195 181.056251 63.607896 1
119.615524 175.260989 61.854069 1
118.471815 158.381467 56.745797 1
118.446275 151.830140 54.891574 1
118.395024 138.683073 51.170559 1
118.395024 138.683073 51.170559 1
96.499977 153.997692 38.576907 1
98.280930 144.163716 51.099143 1
100.486371 131.985803 66.606046 1
98.876774 112.238486 64.692491 1
97.537060 95.802231 63.099783 1
98.321870 89.820248 75.566193 1
99.776923 88.955680 82.102290 1
106.913429 153.339745 36.981513 1
106.723441 144.005585 50.001722 1
106.488169 132.446762 66.125117 1
108.012677 112.447759 64.992129 1
109.255981 96.137655 64.068126 1
111.683468 90.264467 76.373588 1
111.904836 89.432616 83.070231 1
101.964800 155.570500 40.415920 1
102.776207 160.174221 44.119871 1
103.820387 167.216239 49.387581 1
104.630927 173.357626 55.186976 1
106.310450 186.055296 72.841158 1
106.739295 188.648819 78.875650 1
107.631435 197.086959 93.348311 1
101.721521 179.415639 62.386040 1
90.484593 181.578253 66.062415 1
89.945530 175.891763 64.015857 1
88.375433 159.329052 58.054967 1
87.355972 152.959060 55.877192 1
85.310140 140.175909 51.506885 1
85.310140 140.175909 51.506885 1
108.833275 179.447474 61.686569 1
120.118978 182.462481 64.515670 1
119.756102 176.630203 62.882262 1
118.699176 159.642868 58.124728 1
118.710613 153.057498 56.395151 1
118.733565 139.842111 52.924272 1
118.733565 139.842111 52.924272 1
96.557097 155.577525 39.960972 1
98.339598 144.993368 51.855658 1
100.546956 131.886470 66.585436 1
98.894256 112.145882 64.639465 1
97.518667 95.715227 63.019776 1
98.338071 89.663584 75.450287 1
99.815147 88.760688 81.976254 1
106.985259 154.955727 38.449369 1
106.791784 144.879201 50.903872 1
106.552193 132.401079 66.326734 1
108.050964 112.409833 65.033788 1
109.273280 96.106056 63.979333 1
111.606808 90.228844 76.301039 1
111.783844 89.397942 82.999118 1
102.027500 157.206900 41.690760 1
102.782906 161.864703 45.338515 1
103.756709 168.985396 50.513119 1
104.514530 175.216172 56.223612 1
106.089502 188.198140 73.679549 1
106.523286 191.058238 79.591996 1
107.123892 199.943484 93.809863 1
101.563833 181.394708 63.302438 1
90.277339 183.528569 66.841204 1
89.807519 177.761833 65.013857 1
88.439102 160.965398 59.691452 1
87.489144 154.505726 57.760386 1
85.582789 141.542607 53.885167 1
85.582789 141.542607 53.885167 1
108.680310 181.405804 62.652098 1
119.947500 184.456787 65.516205 1
119.608821 178.595698 63.983855 1
118.622370 161.524445 59.520669 1
118.660188 154.909426 57.908604 1
118.736079 141.634540 54.673545 1
118.736079 141.634540 54.673545 1
96.625145 157.188962 41.176445 1
98.358120 145.917757 52.429977 1
100.504147 131.960052 66.365780 1
98.884132 112.211328 64.475684 1
97.535747 95.773901 62.902501 1
98.360006 89.730384 75.336644 1
99.835583 88.833614 81.863794 1
107.071320 156.581977 39.788226 1
106.879035 145.787661 51.626056 1
106.640918 132.420673 66.285270 1
108.117872 112.432492 64.921767 1
109.322394 96.131214 63.809768 1
111.550619 90.260003 76.153807 1
111.676307 89.435054 82.853783 1
102.123900 158.761300 42.950260 1
102.813792 163.478360 46.534290 1
103.703904 170.691388 51.594827 1
104.400071 177.043207 57.178405 1
105.861288 190.458423 74.313707 1
106.300649 193.571492 80.096537 1
106.704817 203.075866 93.915349 1
101.402958 183.395194 64.082045 1
90.078005 185.446881 67.545743 1
89.710429 179.605587 65.945951 1
88.639814 162.591989 61.286332 1
87.811922 156.045130 59.609420 1
86.150526 142.907046 56.244232 1
86.150526 142.907046 56.244232 1
108.523341 183.393902 63.475864 1
119.795776 186.537365 66.216669 1
119.498517 180.631791 64.856154 1
118.632705 163.430971 60.893460 1
118.717657 156.772446 59.473779 1
118.888138 143.410254 56.624793 1
118.888138 143.410254 56.624793 1
96.727607 158.704482 42.378350 1
98.211859 146.809387 53.007976 1
100.049881 132.079088 66.171166 1
98.635207 112.306359 64.369252 1
97.457733 95.848952 62.869466 1
98.193782 89.900301 75.354785 1
99.599631 89.063915 81.905301 1
107.191411 158.136488 41.111722 1
106.964873 146.664018 52.292937 1
106.684339 132.457248 66.139041 1
108.126359 112.465129 64.796023 1
109.302391 96.160641 63.700730 1
111.398935 90.281553 76.064074 1
111.459885 89.455388 82.764801 1
102.259300 160.089100 44.287000 1
102.892366 164.886248 47.773901 1
103.704217 172.224814 52.664243 1
104.330585 178.743277 58.060899 1
105.624155 192.759846 74.721759 1
106.089442 196.096524 80.376442 1
106.280739 206.268940 93.715910 1
101.263392 185.325945 64.713079 1
89.889574 187.228765 68.100808 1
89.618018 181.322745 66.736864 1
88.827075 164.120622 62.764187 1
88.106262 157.499163 61.351559 1
86.659750 144.211374 58.516732 1
86.659750 144.211374 58.516732 1
108.388145 185.325089 64.160625 1
119.586231 188.706878 66.922427 1
119.335024 182.759653 65.746601 1
118.603348 165.437515 62.321842 1
118.738697 158.737834 61.115764 1
119.010313 145.293051 58.695431 1
119.010313 145.293051 58.695431 1
96.868926 159.992105 43.666721 1
98.234974 147.565321 53.686412 1
99.926618 132.176608 66.094289 1
98.470855 112.407055 64.290249 1
97.259182 95.952292 62.788694 1
97.916289 90.084201 75.316469 1
99.283113 89.288996 81.880359 1
107.346777 159.450680 42.509281 1
107.079987 147.369146 53.028494 1
106.749609 132.408151 66.054816 1
108.175540 112.416057 64.694374 1
109.338451 96.111588 63.584871 1
111.311971 90.169176 75.938186 1
111.310295 89.310530 82.635105 1
102.409000 161.551900 45.556800 1
102.998087 166.464782 48.886733 1
103.749176 173.976497 53.516970 1
104.313597 180.711795 58.647641 1
105.431236 195.480586 74.658745 1
105.905090 199.068138 80.156953 1
105.844282 209.965884 92.912009 1
101.175310 187.588466 64.960583 1
89.745033 189.385773 68.213216 1
89.511413 183.423783 67.110825 1
88.830964 166.058642 63.899958 1
88.151651 159.377643 62.776756 1
86.788420 145.970369 60.522742 1
86.788420 145.970369 60.522742 1
108.305078 187.572768 64.477377 1
119.478593 191.133384 67.110954 1
119.298394 185.139247 66.187366 1
118.773537 167.680473 63.497287 1
118.988816 160.937918 62.575179 1
119.420835 147.407098 60.724711 1
119.420835 147.407098 60.724711 1
97.025462 161.423180 44.885058 1
98.287249 148.442589 54.190832 1
99.849780 132.368070 65.714628 1
98.356798 112.592546 64.009143 1
97.114146 96.132813 62.589617 1
97.688556 90.333651 75.153502 1
99.016685 89.572466 81.729358 1
107.515561 160.864429 43.853654 1
107.253811 148.178534 53.635680 1
106.929674 132.469136 65.749117 1
108.306813 112.469545 64.449980 1
109.429931 96.158962 63.390475 1
111.300622 90.271831 75.786185 1
111.251761 89.446942 82.487168 1
102.552000 162.716800 47.066600 1
103.092971 167.767338 50.192508 1
103.776942 175.478869 54.492923 1
104.282593 182.456841 59.294883 1
105.263459 198.054650 74.508956 1
105.653785 201.959872 79.793106 1
105.243896 213.719305 91.751524 1
101.086672 189.645097 65.219893 1
89.589557 191.565731 68.150536 1
89.378489 185.553628 67.359820 1
88.763725 168.042525 65.056748 1
88.107536 161.310808 64.274316 1
86.790707 147.801755 62.704150 1
86.790707 147.801755 62.704150 1
108.218881 189.631412 64.774103 1
119.338808 193.461249 67.252153 1
119.238768 187.426120 66.633793 1
118.947385 169.847950 64.832732 1
119.252459 163.070669 64.254753 1
119.864674 149.470160 63.094875 1
119.864674 149.470160 63.094875 1
97.173711 162.529791 46.367085 1
98.256083 149.001991 54.882505 1
99.596436 132.249836 65.427566 1
98.295097 112.444089 63.928258 1
97.211955 95.959200 62.680340 1
97.694259 90.258217 75.292937 1
98.954406 89.557243 81.888836 1
107.673146 161.987877 45.425619 1
107.440623 148.812305 54.538175 1
107.152679 132.496521 65.822585 1
108.432397 112.496361 64.435563 1
109.476064 96.185314 63.304383 1
111.286096 90.288691 75.704586 1
111.219257 89.465274 82.405596 1
102.700900 163.803800 48.666700 1
103.197491 169.008231 51.537096 1
103.825358 176.940884 55.423984 1
104.288539 184.191648 59.807873 1
105.183102 200.743725 73.983566 1
105.481839 204.986291 79.007184 1
104.703706 217.610751 90.028689 1
101.059339 191.748676 65.235053 1
89.512863 193.740004 67.913611 1
89.317506 187.692136 67.466071 1
88.748501 170.076863 66.162546 1
88.108466 163.310385 65.757657 1
86.824057 149.731576 64.945134 1
86.824057 149.731576 64.945134 1
108.194057 191.707125 64.833330 1
119.301607 195.705629 67.090647 1
119.279971 189.644025 66.822986 1
119.216954 171.988741 66.043384 1
119.610459 165.193947 65.857396 1
120.400139 151.558293 65.484159 1
120.400139 151.558293 65.484159 1
97.329297 163.559675 47.934190 1
98.256850 149.572232 55.691532 1
99.405484 132.250878 65.297828 1
98.190553 112.434630 63.866297 1
97.179332 95.941001 62.674792 1
97.511913 90.245337 75.294626 1
98.686765 89.550189 81.906865 1
107.838070 163.013675 47.106102 1
107.698279 149.381616 55.522508 1
107.525166 132.500549 65.944851 1
108.667956 112.499368 64.456665 1
109.599953 96.187488 63.242982 1
111.390995 90.262214 75.632281 1
111.332570 89.431481 82.332465 1
102.883500 164.847300 50.315300 1
103.316840 170.196648 52.916950 1
103.867804 178.338383 56.357542 1
104.278541 185.859751 60.264831 1
105.083207 203.411448 73.188152 1
105.318356 207.984691 77.916313 1
104.286187 221.575283 87.698260 1
101.016531 193.798488 65.094577 1
89.431269 195.928936 67.482894 1
89.245085 189.864722 67.406656 1
88.702800 172.201840 67.184606 1
88.069227 165.422653 67.188577 1
86.797784 151.818340 67.196546 1
86.797784 151.818340 67.196546 1
108.154100 193.722786 64.752973 1
119.266068 197.833734 66.774223 1
119.312702 191.767472 66.890210 1
119.448532 174.098623 67.228038 1
119.917972 167.310399 67.469517 1
120.860036 153.687931 67.954111 1
120.860036 153.687931 67.954111 1
97.522123 164.530943 49.536942 1
98.296538 150.162365 56.581763 1
99.255532 132.369032 65.305707 1
98.077388 112.550301 63.877804 1
97.096785 96.054606 62.689319 1
97.210178 90.340475 75.304677 1
98.269427 89.635888 81.935421 1
108.042675 164.010414 48.854881 1
107.981814 149.954320 56.543249 1
107.906444 132.548156 66.064034 1
108.893429 112.547115 64.466482 1
109.698359 96.235351 63.163606 1
111.437776 90.253111 75.532868 1
111.372559 89.400586 82.230253 1
103.122900 165.698000 51.936600 1
103.473095 171.173166 54.275790 1
103.922363 179.493155 57.276627 1
104.269577 187.249175 60.701565 1
104.991973 205.697483 72.314482 1
105.146187 210.730764 76.553309 1
103.999702 225.205587 84.956945 1
100.976413 195.516574 64.920079 1
89.364888 197.863572 66.951156 1
89.174651 191.805796 67.238076 1
88.620559 174.161664 68.073772 1
87.983704 167.394706 68.475638 1
86.705677 153.814932 69.282092 1
86.705677 153.814932 69.282092 1
108.115899 195.421655 64.626747 1
119.201582 199.726962 66.368336 1
119.297747 193.680895 66.869335 1
119.577840 176.070870 68.328565 1
120.104068 169.315775 68.999714 1
121.160093 155.759788 70.346561 1
121.160093 155.759788 70.346561 1
97.773619 165.285309 51.121028 1
98.372168 150.611981 57.525747 1
99.113381 132.441261 65.457022 1
97.916780 112.630562 63.936052 1
96.920816 96.141551 62.670103 1
96.756365 90.373210 75.260203 1
97.675497 89.637339 81.908429 1
108.305628 164.846665 50.571008 1
108.279715 150.411878 57.522606 1
108.247622 132.536763 66.131024 1
109.116650 112.535562 64.468300 1
109.825380 96.223665 63.112273 1
111.476994 90.192996 75.470049 1
111.380573 89.321074 82.164559 1
103.186800 166.724000 54.107100 1
103.556382 172.380163 55.962664 1
104.014400 180.927167 58.235993 1
104.331712 188.947183 60.990125 1
104.880052 208.308600 71.017919 1
105.019284 213.625075 74.896200 1
103.832027 228.856230 81.828615 1
100.964044 197.513931 64.491602 1
89.319177 199.897078 66.274539 1
89.117115 193.865883 66.906218 1
88.528580 176.299172 68.746076 1
87.876856 169.566646 69.525278 1
86.568987 156.055971 71.088963 1
86.568987 156.055971 71.088963 1
108.104995 197.448578 64.227303 1
119.277932 201.650603 65.630740 1
119.412619 195.653920 66.545515 1
119.804913 178.187729 69.209925 1
120.376293 171.497106 70.335868 1
121.522926 158.070499 72.595386 1
121.522926 158.070499 72.595386 1
97.835242 166.258672 53.336008 1
98.326410 151.184507 58.740962 1
98.934646 132.517410 65.434178 1
97.821560 112.701231 63.921195 1
96.895107 96.207660 62.661895 1
96.614636 90.347060 75.207257 1
97.468134 89.564212 81.858866 1
108.365164 165.741573 52.814946 1
108.438053 150.966612 59.010403 1
108.528310 132.670248 66.682465 1
109.318811 112.678304 64.875479 1
109.963499 96.373958 63.401799 1
111.768273 90.357639 75.745142 1
111.762609 89.496679 82.441762 1
103.342600 167.271200 55.598300 1
103.652721 172.999873 57.228643 1
104.042923 181.647681 59.097396 1
104.325837 189.824065 61.349795 1
104.854972 209.898114 69.862981 1
104.940827 215.556133 73.225243 1
103.671216 231.381752 78.646858 1
100.955323 198.640113 64.161845 1
89.256632 201.006282 65.577135 1
89.025318 195.021149 66.546590 1
88.351583 177.588601 69.370264 1
87.665219 170.911758 70.513717 1
86.287835 157.512827 72.808370 1
86.287835 157.512827 72.808370 1
108.097571 198.542975 63.946971 1
119.263476 202.853705 65.043029 1
119.404463 196.924058 66.321533 1
119.815108 179.653120 70.045356 1
120.414449 173.046111 71.577315 1
121.617197 159.787302 74.651618 1
121.617197 159.787302 74.651618 1
98.001388 166.731952 54.803978 1
98.379858 151.464069 59.644823 1
98.848535 132.557084 65.639473 1
97.766254 112.743572 64.070254 1
96.865441 96.252221 62.764148 1
96.346500 90.354893 75.284677 1
97.073475 89.552465 81.948972 1
108.538968 166.279964 54.387724 1
108.631032 151.255625 59.950927 1
108.745035 132.650447 66.840045 1
109.469333 112.666489 64.920480 1
110.060030 96.368655 63.354986 1
111.806947 90.289159 75.675677 1
111.780067 89.398053 82.368301 1
103.449100 167.773800 57.244900 1
103.686042 173.579878 58.588477 1
103.993051 182.320303 59.981246 1
104.236371 190.626489 61.700162 1
104.757559 211.279753 68.692500 1
104.768642 217.191452 71.586814 1
103.468740 233.433800 75.580862 1
100.867777 199.633466 63.825633 1
89.116786 201.900951 64.936438 1
88.842958 195.974903 66.210070 1
88.045395 178.714448 69.919703 1
87.309883 172.106954 71.389005 1
85.833871 158.847190 74.337567 1
85.833871 158.847190 74.337567 1
108.010931 199.509021 63.660778 1
119.199804 203.828778 64.441794 1
119.372292 197.985551 66.067251 1
119.874688 180.966324 70.801626 1
120.488594 174.460156 72.712534 1
121.720568 161.403713 76.547307 1
121.720568 161.403713 76.547307 1
98.120607 167.137858 56.436801 1
98.390589 151.690922 60.679976 1
98.724920 132.562207 65.934502 1
97.708602 112.755092 64.245027 1
96.862692 96.269065 62.838828 1
96.060003 90.309678 75.314918 1
96.631858 89.475709 81.990448 1
108.665426 166.779395 56.126249 1
108.778228 151.504912 60.960077 1
108.917910 132.589970 66.945984 1
109.554243 112.615420 64.901400 1
110.073201 96.325258 63.233948 1
111.759919 90.152039 75.516365 1
111.712846 89.215002 82.202601 1
103.495000 168.172300 58.794700 1
103.685397 174.039011 59.851738 1
103.946296 182.842529 60.778613 1
104.184599 191.238316 61.987155 1
104.787346 212.322754 67.537374 1
104.618242 218.427910 69.991723 1
103.332844 234.934796 72.698475 1
100.854157 200.386291 63.474901 1
89.048782 202.486515 64.301560 1
88.725942 196.625046 65.835873 1
87.785624 179.552685 70.304778 1
86.994001 173.019093 72.049572 1
85.405390 159.907632 75.550984 1
85.405390 159.907632 75.550984 1
107.997043 200.217360 63.340936 1
119.196680 204.549626 63.851598 1
119.370858 198.797815 65.775523 1
119.878174 182.044847 71.379227 1
120.494517 175.644873 73.619566 1
121.731382 162.801536 78.115433 1
121.731382 162.801536 78.115433 1
98.174834 167.459184 57.996215 1
98.359863 151.854725 61.622767 1
98.588994 132.530942 66.113698 1
97.622347 112.727737 64.350831 1
96.817781 96.244964 62.883545 1
95.785661 90.246730 75.324097 1
96.232248 89.392896 82.006667 1
108.723208 167.161465 57.748595 1
108.911840 151.700183 61.944025 1
109.145425 132.553922 67.139381 1
109.676744 112.589068 64.973689 1
110.110056 96.306814 63.207467 1
111.835145 90.058921 75.446721 1
111.821372 89.086071 82.127991 1
103.492500 168.498800 60.211000 1
103.631237 174.405012 61.029104 1
103.833308 183.242830 61.559414 1
104.046566 191.692028 62.315831 1
104.662662 213.081055 66.540961 1
104.448567 219.331945 68.591790 1
103.188637 235.982943 70.208233 1
100.723642 200.918349 63.223504 1
88.887465 202.926293 63.801636 1
88.510942 197.136590 65.577232 1
87.414268 180.273261 70.748908 1
86.562006 173.821406 72.750410 1
84.851705 160.873972 76.766977 1
84.851705 160.873972 76.766977 1
107.866572 200.734203 63.114153 1
119.077645 205.058817 63.380128 1
119.254469 199.394742 65.548571 1
119.769497 182.897318 71.864468 1
120.389521 176.598253 74.373653 1
121.633772 163.957416 79.409033 1
121.633772 163.957416 79.409033 1
98.180923 167.709372 59.427266 1
98.236032 151.994168 62.544088 1
98.304275 132.533244 66.403794 1
97.456568 112.732518 64.554019 1
96.750998 96.251808 63.014396 1
95.462859 90.207416 75.408647 1
95.762121 89.332712 82.096737 1
108.732118 167.490022 59.221529 1
108.995231 151.885107 62.841732 1
109.321050 132.560980 67.324763 1
109.784048 112.607462 65.042074 1
110.161643 96.334454 63.180437 1
111.929715 90.012846 75.375625 1
111.946696 89.002530 82.051326 1
103.501400 168.742200 61.446500 1
103.601231 174.678350 62.015750 1
103.763183 183.531912 62.147252 1
103.964558 192.009031 62.470519 1
104.610654 213.603903 65.464817 1
104.334710 219.940209 67.225623 1
103.141206 236.657741 67.971077 1
100.658813 201.278991 62.831892 1
88.794664 203.155114 63.260009 1
88.382393 197.431748 65.231881 1
87.181598 180.761633 70.975237 1
86.289082 174.383690 73.185228 1
84.497998 161.584583 77.620186 1
84.497998 161.584583 77.620186 1
107.801726 201.074294 62.766897 1
119.039753 205.336231 62.828492 1
119.183628 199.731762 65.148921 1
119.602683 183.407950 71.907498 1
120.186800 177.173999 74.582441 1
121.358997 164.663831 79.950461 1
121.358997 164.663831 79.950461 1
98.198825 167.888294 60.669437 1
98.156365 152.079401 63.269889 1
98.103784 132.502457 66.490147 1
97.356533 112.700175 64.613906 1
96.734576 96.218171 63.052256 1
95.190461 90.130379 75.395915 1
95.344517 89.235011 82.086192 1
108.752077 167.724441 60.527345 1
109.060959 152.007591 63.621481 1
109.443456 132.544851 67.453064 1
109.860617 112.607133 65.027923 1
110.200829 96.347011 63.050108 1
111.989674 89.976612 75.216845 1
112.022971 88.941474 81.888680 1
103.457500 168.932100 62.553800 1
103.516363 174.883640 62.937981 1
103.629150 183.737256 62.765229 1
103.796622 192.221243 62.742403 1
104.379956 213.935210 64.713468 1
104.128188 220.336101 66.226932 1
102.995675 237.074459 66.255634 1
100.469768 201.490168 62.643648 1
88.599678 203.357849 62.915500 1
88.172040 197.693733 65.048592 1
86.926484 181.196193 71.261527 1
86.016714 174.883652 73.645419 1
84.191005 162.215792 78.429358 1
84.191005 162.215792 78.429358 1
107.613349 201.299301 62.632178 1
118.858539 205.539944 62.477875 1
118.982704 199.984268 64.913898 1
119.344351 183.802574 72.009163 1
119.907285 177.621865 74.809271 1
121.036970 165.218543 80.428470 1
121.036970 165.218543 80.428470 1
98.165780 168.020147 61.768738 1
98.015473 152.150864 63.966128 1
97.829341 132.499136 66.687255 1
97.201424 112.694416 64.793110 1
96.678791 96.210381 63.216557 1
94.857951 90.053847 75.488193 1
94.853374 89.124494 82.175606 1
108.720572 167.920088 61.701635 1
109.042673 152.124076 64.360718 1
109.441538 132.563306 67.653559 1
109.820629 112.640392 65.103721 1
110.129794 96.392342 63.024211 1
111.880037 89.993820 75.181801 1
111.897201 88.945193 81.851591 1
103.446200 169.047500 63.482900 1
103.466428 175.007914 63.694890 1
103.535225 183.852162 63.243632 1
103.667485 192.330256 62.910420 1
104.159403 214.109799 63.974033 1
103.932453 220.544776 65.339655 1
102.855447 237.278422 64.809389 1
100.312772 201.574698 62.384231 1
88.443182 203.460706 62.514580 1
88.009289 197.850015 64.783291 1
86.745513 181.508083 71.391235 1
85.828729 175.254071 73.922171 1
83.988945 162.703665 79.001194 1
83.988945 162.703665 79.001194 1
107.456572 201.409518 62.462630 1
118.683119 205.693221 62.187484 1
118.783772 200.151068 64.655192 1
119.076939 184.008764 71.842741 1
119.613825 177.841580 74.677571 1
120.691237 165.465402 80.366450 1
120.691237 165.465402 80.366450 1
98.169898 168.081219 62.659965 1
97.942706 152.173466 64.551271 1
97.661362 132.474099 66.893358 1
97.123692 112.667793 64.988062 1
96.676176 96.182438 63.402228 1
94.548975 89.948707 75.585291 1
94.372522 88.978953 82.264637 1
108.725109 168.043088 62.724904 1
109.048578 152.186822 64.997051 1
109.449138 132.551437 67.810735 1
109.800271 112.647778 65.110926 1
110.086635 96.415432 62.909108 1
111.729486 89.989368 75.067158 1
111.693033 88.927654 81.734799 1
103.485300 169.121600 64.343500 1
103.441012 175.085291 64.409193 1
103.439754 183.914944 63.726328 1
103.526592 192.380056 63.142425 1
103.930824 214.184634 63.487008 1
103.682580 220.657339 64.656546 1
102.710919 237.381354 63.751422 1
100.150923 201.589145 62.254607 1
88.283782 203.491420 62.138435 1
87.842730 197.914382 64.487326 1
86.558104 181.670470 71.328807 1
85.633367 175.451704 73.942349 1
83.777623 162.972028 79.187145 1
83.777623 162.972028 79.187145 1
107.293024 201.453604 62.452934 1
118.480456 205.827806 62.041952 1
118.553116 200.266607 64.467432 1
118.764750 184.068828 71.531987 1
119.270565 177.877450 74.319400 1
120.285625 165.452722 79.913122 1
120.285625 165.452722 79.913122 1
98.233462 168.079443 63.458974 1
97.906978 152.156201 65.199389 1
97.502677 132.437654 67.354621 1
97.032853 112.638715 65.357047 1
96.641805 96.159493 63.694409 1
94.124283 89.854094 75.765674 1
93.732836 88.845014 82.430038 1
108.786002 168.155195 63.696273 1
109.077097 152.247608 65.581058 1
109.437566 132.548672 67.915059 1
109.786417 112.663159 65.084404 1
110.070919 96.445612 62.775875 1
111.496993 89.968208 74.934040 1
111.347231 88.880446 81.595898 1
103.539800 169.170800 65.057000 1
103.449035 175.134147 65.010814 1
103.399042 183.947855 64.147590 1
103.458888 192.396845 63.361726 1
103.824682 214.203372 63.110054 1
103.425329 220.696541 64.112363 1
102.578431 237.412996 62.972647 1
100.079447 201.571566 62.180807 1
88.202211 203.367506 61.772132 1
87.752609 197.823370 64.196092 1
86.443082 181.675289 71.256221 1
85.509101 175.489116 73.942806 1
83.634808 163.074848 79.334183 1
83.634808 163.074848 79.334183 1
107.218911 201.455105 62.466837 1
118.442826 205.742326 62.143344 1
118.477972 200.133708 64.457935 1
118.580341 183.797813 71.199510 1
119.044731 177.548321 73.861626 1
119.976660 165.006969 79.203906 1
119.976660 165.006969 79.203906 1
98.307218 168.071015 64.129187 1
97.875859 152.134794 65.721689 1
97.341686 132.400175 67.693752 1
96.933713 112.609423 65.603605 1
96.594146 96.137015 63.863915 1
93.753105 89.797090 75.844952 1
93.182368 88.768991 82.493447 1
108.855212 168.234366 64.491519 1
109.113119 152.288116 66.020920 1
109.432489 132.541302 67.914835 1
109.759116 112.668988 64.990385 1
110.025493 96.462206 62.605363 1
111.276928 89.916214 74.746010 1
111.038685 88.793585 81.399502 1
103.615700 169.237200 65.636400 1
103.488628 175.198434 65.497026 1
103.399282 183.996085 64.485870 1
103.439972 192.428641 63.538793 1
103.794588 214.224965 62.820284 1
103.233722 220.722632 63.709725 1
102.481649 237.429445 62.378246 1
100.062097 201.573467 62.141370 1
88.180027 203.254097 61.468256 1
87.731037 197.716753 63.907804 1
86.423290 181.588454 71.013333 1
85.490581 175.405107 73.706860 1
83.618840 162.996513 79.112165 1
83.618840 162.996513 79.112165 1
107.199856 201.468204 62.470968 1
118.376584 205.879140 62.178478 1
118.374613 200.212147 64.346508 1
118.368873 183.706228 70.661204 1
118.791225 177.388032 73.163341 1
119.638793 164.708806 78.184577 1
119.638793 164.708806 78.184577 1
98.395339 168.090628 64.696460 1
97.834309 152.143253 66.128839 1
97.139558 132.394820 67.902614 1
96.805578 112.611633 65.729368 1
96.527597 96.145521 63.920512 1
93.419179 89.818154 75.841652 1
92.697936 88.797805 82.476704 1
108.939895 168.325194 65.115363 1
109.174096 152.356456 66.393261 1
109.464113 132.581794 67.975732 1
109.762792 112.711884 65.032026 1
110.006378 96.507063 62.631299 1
111.159683 89.899835 74.748470 1
110.873101 88.745673 81.394656 1
103.650900 169.298800 66.132100 1
103.497550 175.257304 65.920909 1
103.379205 184.040744 64.795627 1
103.407776 192.458297 63.722971 1
103.768621 214.239341 62.637767 1
103.062505 220.733942 63.442077 1
102.367647 237.430389 61.958209 1
100.034418 201.578941 62.165735 1
88.149381 203.173191 61.349989 1
87.720971 197.615151 63.745780 1
86.473166 181.426571 70.723863 1
85.564007 175.215732 73.361611 1
83.739526 162.751965 78.654981 1
83.739526 162.751965 78.654981 1
107.171571 201.477825 62.509447 1
118.290692 206.032193 62.219533 1
118.257874 200.311669 64.241829 1
118.162289 183.649829 70.132055 1
118.549579 177.268639 72.474934 1
119.326785 164.462996 77.176576 1
119.326785 164.462996 77.176576 1
98.437285 168.117713 65.197468 1
97.726050 152.159081 66.422807 1
96.845294 132.396708 67.940195 1
96.609560 112.614086 65.749007 1
96.413353 96.148444 63.925217 1
93.073631 89.881227 75.815536 1
92.218711 88.896334 82.440059 1
108.979971 168.404400 65.630764 1
109.245245 152.416666 66.635968 1
109.573740 132.618479 67.880752 1
109.830852 112.738351 65.002846 1
110.040537 96.525197 62.655782 1
111.193375 89.898021 74.762099 1
110.910671 88.734448 81.406810 1
103.702200 169.360900 66.538900 1
103.530431 175.316581 66.270126 1
103.386883 184.087430 65.053285 1
103.396791 192.491580 63.879936 1
103.723739 214.256508 62.500519 1
102.955993 220.746073 63.288852 1
102.315323 237.431009 61.658360 1
100.009079 201.585126 62.200197 1
88.117970 203.128705 61.375534 1
87.729520 197.533166 63.689452 1
86.598104 181.235367 70.429069 1
85.733859 174.979037 72.972732 1
83.999510 162.423981 78.077294 1
83.999510 162.423981 78.077294 1
107.146431 201.499702 62.544037 1
118.226868 206.143568 62.198213 1
118.185474 200.385552 64.110984 1
118.064910 183.614512 69.682203 1
118.442743 177.189022 71.902336 1
119.200972 164.294481 76.357655 1
119.200972 164.294481 76.357655 1
98.492553 168.154661 65.614319 1
97.607097 152.188507 66.605861 1
96.510593 132.416820 67.833726 1
96.384107 112.628656 65.683939 1
96.278830 96.158402 63.894608 1
92.705859 89.978386 75.762747 1
91.715214 89.044385 82.375725 1
109.034169 168.478250 66.047657 1
109.349228 152.474684 66.736924 1
109.739374 132.656893 67.590470 1
109.951498 112.758144 64.840431 1
110.124492 96.529803 62.597647 1
111.309615 89.939016 74.720701 1
111.048465 88.796826 81.370003 1
103.763000 169.389400 66.789600 1
103.576916 175.342555 66.477826 1
103.412695 184.104022 65.197661 1
103.403425 192.499466 63.963553 1
103.685972 214.254456 62.426566 1
102.925056 220.748358 63.185256 1
102.288162 237.414266 61.369244 1
99.994677 201.574277 62.226048 1
88.103086 203.125963 61.423855 1
87.781982 197.484219 63.633558 1
86.846720 181.051843 70.069636 1
86.057630 174.740165 72.498391 1
84.474099 162.074036 77.372360 1
84.474099 162.074036 77.372360 1
107.132939 201.504753 62.554219 1
118.186605 206.201096 62.083042 1
118.157751 200.421220 63.928946 1
118.073711 183.586511 69.305403 1
118.466346 177.135238 71.446800 1
119.254279 164.188955 75.744111 1
119.254279 164.188955 75.744111 1
98.554932 168.164331 65.881019 1
97.536118 152.193067 66.633345 1
96.274470 132.415052 67.564976 1
96.220793 112.615769 65.516923 1
96.176117 96.136260 63.812269 1
92.434159 90.006444 75.654335 1
91.344844 89.102205 82.255923 1
109.096344 168.515640 66.297394 1
109.499936 152.506545 66.781601 1
109.999715 132.681907 67.381215 1
110.145934 112.770136 64.722658 1
110.265181 96.531175 62.554483 1
111.550298 90.029495 74.715406 1
111.348969 88.937986 81.375292 1
103.728300 169.333200 67.036400 1
103.546982 175.285098 66.698887 1
103.382414 184.041043 65.381524 1
103.362524 192.431356 64.113123 1
103.597768 214.180708 62.490748 1
102.894193 220.679334 63.264187 1
102.178822 237.313283 61.201174 1
99.929469 201.493000 62.354878 1
88.037010 203.052577 61.581373 1
87.778317 197.357610 63.658773 1
87.024838 180.770211 69.709497 1
86.305470 174.395705 71.991381 1
84.861855 161.603497 76.570612 1
84.861855 161.603497 76.570612 1
107.069166 201.438032 62.653234 1
118.112723 206.141814 62.040493 1
118.119837 200.348481 63.843936 1
118.140556 183.474578 69.096723 1
118.574659 177.008070 71.183465 1
119.445807 164.031214 75.371097 1
119.445807 164.031214 75.371097 1
98.516825 168.109057 66.146295 1
97.450160 152.130746 66.637263 1
96.129256 132.344004 67.245243 1
96.158858 112.519417 65.458095 1
96.183497 96.018847 63.970599 1
92.378050 89.906206 75.801306 1
91.240632 89.016544 82.396758 1
109.059573 168.452253 66.534663 1
109.578705 152.443843 66.921667 1
110.221560 132.620053 67.400911 1
110.321379 112.710833 64.721188 1
110.402785 96.473952 62.535750 1
111.853700 90.083699 74.737018 1
111.744333 89.053618 81.408823 1
103.676700 169.301900 67.265000 1
103.488865 175.246341 66.817539 1
103.315540 183.980411 65.363211 1
103.285852 192.357544 64.010671 1
103.485839 214.099853 62.292017 1
102.834190 220.592654 63.154713 1
102.115788 237.206801 60.938849 1
99.842146 201.404668 62.199287 1
87.935067 202.917443 61.571468 1
87.731138 197.172691 63.513479 1
87.137165 180.440289 69.169864 1
86.478949 174.007510 71.301746 1
85.158054 161.098362 75.579955 1
85.158054 161.098362 75.579955 1
106.980781 201.364694 62.524257 1
118.053028 205.997005 61.885343 1
118.106076 200.194462 63.658149 1
118.260588 183.293732 68.821701 1
118.747189 176.817653 70.866765 1
119.723691 163.821590 74.970757 1
119.723691 163.821590 74.970757 1
98.470833 168.054212 66.374773 1
97.403836 152.074418 66.814015 1
96.082523 132.285839 67.357939 1
96.103221 112.464238 65.537843 1
96.120449 95.966154 64.022924 1
92.201681 89.789057 75.782947 1
91.002727 88.862712 82.362431 1
109.011304 168.419494 66.802783 1
109.590813 152.410088 67.029880 1
110.308437 132.585065 67.311106 1
110.384509 112.675900 64.630196 1
110.446548 96.439064 62.443792 1
111.932733 90.073474 74.653704 1
111.844627 89.057600 81.328001 1
103.651000 169.332900 67.383100 1
103.472523 175.272363 66.870446 1
103.305716 183.994485 65.345375 1
103.278841 192.368447 63.973281 1
103.492283 214.116445 62.329871 1
102.889741 220.618241 63.159901 1
102.165294 237.218144 60.841618 1
99.831131 201.426382 62.224624 1
87.926661 202.965670 61.611965 1
87.770349 197.179154 63.430472 1
87.315070 180.325108 68.727133 1
86.710021 173.843453 70.722344 1
85.495820 160.836219 74.726287 1
85.495820 160.836219 74.726287 1
106.972314 201.376043 62.485949 1
118.030004 206.025063 61.727492 1
118.116179 200.223154 63.501070 1
118.367175 183.324268 68.666867 1
118.891482 176.849851 70.707872 1
119.943653 163.857125 74.803718 1
119.943653 163.857125 74.803718 1
98.435092 168.087281 66.550622 1
97.415668 152.105615 67.032699 1
96.153266 132.314720 67.629669 1
96.179215 112.506102 65.673398 1
96.200814 96.018823 64.045137 1
92.406990 89.784085 75.815709 1
91.276009 88.826248 82.402715 1
108.979569 168.433094 66.886129 1
109.542826 152.423689 67.151047 1
110.240323 132.598668 67.479109 1
110.341771 112.693172 64.771923 1
110.424504 96.459328 62.564088 1
112.026602 90.062232 74.742834 1
111.996018 89.026950 81.414660 1
103.615100 169.335000 67.381100 1
103.457909 175.267902 66.791309 1
103.307790 183.975199 65.182108 1
103.287443 192.345131 63.785533 1
103.515359 214.099116 62.225419 1
102.975544 220.605229 63.064729 1
102.294450 237.198830 60.688896 1
99.832176 201.415449 62.117859 1
87.933136 203.043645 61.645626 1
87.817810 197.219953 63.344590 1
87.481907 180.257626 68.293066 1
86.922189 173.734055 70.160829 1
85.798959 160.642705 73.909011 1
85.798959 160.642705 73.909011 1
106.976068 201.352639 62.285690 1
117.989639 206.081855 61.392973 1
118.100661 200.290833 63.200430 1
118.424028 183.423660 68.464905 1
118.976262 176.963154 70.542299 1
120.084474 163.998342 74.711170 1
120.084474 163.998342 74.711170 1
98.383655 168.103475 66.629025 1
97.442207 152.116840 67.104870 1
96.276366 132.319790 67.694122 1
96.271214 112.520708 65.643426 1
96.266927 96.041367 63.936572 1
92.670557 89.760305 75.744442 1
91.650294 88.776449 82.345677 1
108.932945 168.403079 66.831249 1
109.533145 152.396849 67.190181 1
110.276391 132.575759 67.634662 1
110.357104 112.672963 64.907004 1
110.422927 96.441321 62.682474 1
112.259253 90.005040 74.807391 1
112.353533 88.946890 81.475032 1
103.623900 169.340300 67.373200 1
103.480976 175.270933 66.757528 1
103.335980 183.973014 65.119892 1
103.311420 192.341465 63.714539 1
103.528780 214.097386 62.180126 1
103.048705 220.607428 63.025251 1
102.428923 237.203006 60.646445 1
99.837616 201.415787 62.108281 1
87.949507 203.154472 61.775109 1
87.845532 197.308614 63.396927 1
87.542692 180.281724 68.120705 1
86.995231 173.734664 69.908189 1
85.896598 160.596177 73.495269 1
85.896598 160.596177 73.495269 1
106.983141 201.349046 62.174202 1
117.971374 206.104599 61.123192 1
118.107987 200.334891 62.995884 1
118.505895 183.529799 68.450363 1
119.087105 177.094668 70.597443 1
120.253465 164.180779 74.906158 1
120.253465 164.180779 74.906158 1
98.378358 168.125097 66.696549 1
97.470275 152.134813 67.110643 1
96.345752 132.333246 67.623427 1
96.317986 112.534682 65.567914 1
96.294876 96.055772 63.857050 1
92.879552 89.756166 75.708714 1
91.959637 88.762259 82.323177 1
108.930447 168.385683 66.757128 1
109.576032 152.384393 67.237148 1
110.375478 132.569421 67.831578 1
110.424859 112.669456 65.082598 1
110.465129 96.440123 62.840678 1
112.532546 89.999354 74.925946 1
112.751353 88.937725 81.590110 1
103.685000 169.390600 67.360200 1
103.533317 175.319641 66.731437 1
103.370480 184.017849 65.075008 1
103.329710 192.383342 63.652526 1
103.521087 214.136502 62.076076 1
103.093780 220.647953 62.938498 1
102.528915 237.252157 60.606682 1
99.837327 201.452560 62.057770 1
87.952711 203.232128 61.833708 1
87.830146 197.385657 63.452013 1
87.473159 180.356979 68.165557 1
86.904709 173.811382 69.951844 1
85.763955 160.675829 73.536521 1
85.763955 160.675829 73.536521 1
106.983191 201.390266 62.065674 1
117.980008 206.095527 60.885973 1
118.137261 200.348857 62.826646 1
118.595283 183.610864 68.479132 1
119.200110 177.202131 70.697465 1
120.413864 164.341217 75.149168 1
120.413864 164.341217 75.149168 1
98.435118 168.170393 66.727653 1
97.487434 152.182375 67.140486 1
96.313871 132.383613 67.651707 1
96.303702 112.589578 65.552876 1
96.295239 96.114437 63.805957 1
92.918164 89.796398 75.658770 1
92.017475 88.793031 82.274451 1
108.987182 168.437923 66.704795 1
109.663634 152.437999 67.187812 1
110.501306 132.624717 67.785954 1
110.507060 112.717646 65.088473 1
110.511751 96.482517 62.888555 1
112.700857 90.058739 74.961430 1
112.988512 89.007118 81.624564 1
103.715900 169.353200 67.363500 1
103.558547 175.280343 66.718439 1
103.384957 183.974118 65.039979 1
103.338508 192.336546 63.599759 1
103.534986 214.086938 61.986192 1
103.111113 220.599184 62.844297 1
102.568575 237.216889 60.605194 1
99.843928 201.405121 62.006158 1
87.954466 203.156106 61.816664 1
87.801450 197.329548 63.502775 1
87.355769 180.358872 68.413816 1
86.753257 173.837395 70.275568 1
85.544148 160.750248 74.011688 1
85.544148 160.750248 74.011688 1
106.989715 201.338698 61.980923 1
117.997913 205.998447 60.728929 1
118.154662 200.267214 62.714768 1
118.611216 183.574183 68.498804 1
119.215738 177.182337 70.765414 1
120.428881 164.355310 75.314001 1
120.428881 164.355310 75.314001 1
98.463625 168.128875 66.759418 1
97.505171 152.140667 67.138655 1
96.318270 132.341670 67.608273 1
96.292577 112.546755 65.517883 1
96.271193 96.070883 63.777990 1
92.924793 89.764412 75.645654 1
92.042486 88.767005 82.264712 1
109.015339 168.400972 66.685643 1
109.702014 152.401291 67.162268 1
110.552346 132.588311 67.752495 1
110.551047 112.675929 65.094495 1
110.549987 96.436470 62.926774 1
112.805823 90.036368 74.999940 1
113.129202 88.997406 81.663422 1
103.726900 169.348300 67.312500 1
103.570146 175.275266 66.665675 1
103.398197 183.968559 64.984547 1
103.361281 192.330562 63.541586 1
103.607856 214.079887 61.920536 1
103.138564 220.590465 62.767595 1
102.616375 237.218100 60.598471 1
99.885010 201.407396 61.954983 1
87.988453 203.110096 61.770805 1
87.802784 197.311239 63.546739 1
87.261998 180.421245 68.719401 1
86.623019 173.932415 70.680421 1
85.340728 160.910783 74.615749 1
85.340728 160.910783 74.615749 1
107.030507 201.323001 61.909562 1
118.012117 206.039781 60.637791 1
118.144801 200.316424 62.647951 1
118.531263 183.646335 68.502826 1
119.108452 177.263061 70.800506 1
120.266744 164.453237 75.411443 1
120.266744 164.453237 75.411443 1
98.471958 168.126274 66.727246 1
97.525941 152.137471 67.112588 1
96.354443 132.337737 67.589767 1
96.319257 112.543384 65.494207 1
96.289973 96.067979 63.750011 1
92.996658 89.766100 75.634952 1
92.144367 88.771089 82.258302 1
109.023480 168.393251 66.616509 1
109.717525 152.394299 67.106701 1
110.576982 132.582221 67.713728 1
110.574158 112.666635 65.079842 1
110.571853 96.424562 62.931788 1
112.875601 90.037696 75.002916 1
113.224347 89.005641 81.666192 1
103.721600 169.358800 67.136300 1
103.573542 175.288773 66.515505 1
103.410895 183.989655 64.873164 1
103.379454 192.358218 63.468616 1
103.636064 214.114838 61.950254 1
103.186452 220.631807 62.757914 1
102.689205 237.257521 60.568296 1
99.904797 201.444786 61.935075 1
88.012953 203.178398 61.735583 1
87.810716 197.410954 63.609309 1
87.221671 180.612455 69.066805 1
86.564017 174.160350 71.139636 1
85.244250 161.212415 75.299344 1
85.244250 161.212415 75.299344 1
107.050078 201.355892 61.868905 1
118.019669 206.099191 60.592048 1
118.119874 200.383565 62.625946 1
118.411735 183.735993 68.549962 1
118.952181 177.360495 70.877966 1
120.036739 164.566275 75.549757 1
120.036739 164.566275 75.549757 1
98.462980 168.148493 66.559792 1
97.535031 152.159322 66.972810 1
96.385905 132.359133 67.484261 1
96.339204 112.562125 65.414152 1
96.300335 96.084511 63.691141 1
93.077597 89.792967 75.600879 1
92.264388 88.803800 82.230016 1
109.014624 168.397524 66.422063 1
109.712566 152.401277 66.988999 1
110.576850 132.592549 67.691059 1
110.573496 112.674359 65.076935 1
110.570759 96.430163 62.944997 1
112.906790 90.056900 75.017110 1
113.272498 89.032035 81.680586 1
103.726000 169.366700 66.958000 1
103.579197 175.298748 66.357052 1
103.415740 184.006411 64.751130 1
103.380852 192.383036 63.395577 1
103.623149 214.150620 62.040820 1
103.216272 220.675051 62.809980 1
102.752153 237.290257 60.534998 1
99.899425 201.478793 61.933538 1
88.013496 203.252967 61.738205 1
87.803950 197.517619 63.707224 1
87.193620 180.812605 69.442273 1
86.527603 174.397885 71.625526 1
85.191054 161.524975 76.006826 1
85.191054 161.524975 76.006826 1
107.044697 201.394708 61.860422 1
118.031563 206.104231 60.607298 1
118.098809 200.394451 62.658896 1
118.294672 183.763907 68.634465 1
118.798031 177.393453 70.984489 1
119.808162 164.609357 75.700470 1
119.808162 164.609357 75.700470 1
98.466642 168.159798 66.381086 1
97.551221 152.170744 66.825399 1
96.417610 132.370699 67.375603 1
96.357589 112.570017 65.341296 1
96.307632 96.089344 63.648083 1
93.119225 89.825109 75.581433 1
92.326114 88.850743 82.215195 1
109.018259 168.406319 66.236924 1
109.719637 152.412527 66.865526 1
110.588176 132.606838 67.643951 1
110.585895 112.685390 65.054779 1
110.584033 96.438536 62.943190 1
112.921089 90.078132 75.021884 1
113.287107 89.060268 81.686417 1
103.679500 169.374400 66.776100 1
103.544029 175.310242 66.211027 1
103.395269 184.028280 64.660939 1
103.367203 192.414434 63.365471 1
103.606164 214.192110 62.183312 1
103.227771 220.722306 62.917281 1
102.799144 237.325049 60.546362 1
99.885569 201.520692 61.970844 1
88.007034 203.344359 61.781622 1
87.796560 197.637276 63.831029 1
87.183527 181.014588 69.800218 1
86.516311 174.632790 72.077559 1
85.177354 161.825947 76.647673 1
85.177354 161.825947 76.647673 1
107.030950 201.438795 61.906516 1
118.032185 206.125472 60.694469 1
118.059611 200.414618 62.743994 1
118.139495 183.780943 68.713524 1
118.597986 177.407350 71.064219 1
119.518078 164.616954 75.781544 1
119.518078 164.616954 75.781544 1
98.418991 168.180262 66.183338 1
97.510526 152.191474 66.650915 1
96.385529 132.391760 67.229929 1
96.334127 112.584301 65.262449 1
96.291344 96.097988 63.624858 1
93.117394 89.863643 75.577699 1
92.330789 88.906477 82.214739 1
108.971243 168.409136 66.057761 1
109.691513 152.418394 66.740272 1
110.583446 132.616482 67.585454 1
110.578973 112.690990 65.027586 1
110.575323 96.440839 62.941527 1
112.909424 90.101095 75.031649 1
113.273990 89.094694 81.698001 1
103.659400 169.383400 66.582300 1
103.529444 175.324148 66.069946 1
103.387976 184.055100 64.593612 1
103.361763 192.450801 63.361495 1
103.590441 214.235962 62.324079 1
103.268319 220.770059 63.050139 1
102.880360 237.362228 60.599536 1
99.876779 201.564290 62.023628 1
88.006418 203.438047 61.812148 1
87.817407 197.760780 63.944770 1
87.266885 181.224935 70.156335 1
86.623533 174.876478 72.531624 1
85.332467 162.136544 77.298299 1
85.332467 162.136544 77.298299 1
107.022267 201.486555 61.966306 1
118.051034 206.118526 60.794857 1
118.039454 200.401604 62.827547 1
118.005723 183.750256 68.748043 1
118.420474 177.367258 71.081279 1
119.252788 164.557988 75.763567 1
119.252788 164.557988 75.763567 1
98.398640 168.198927 65.972615 1
97.484464 152.211289 66.467574 1
96.352395 132.412999 67.080495 1
96.311226 112.599260 65.177049 1
96.276961 96.107720 63.592755 1
93.113697 89.908404 75.566629 1
92.331541 88.971254 82.207050 1
108.951218 168.420206 65.861745 1
109.660526 152.431270 66.596101 1
110.538884 132.631595 67.505483 1
110.559738 112.702223 64.978115 1
110.576744 96.448906 62.916932 1
112.867338 90.140863 75.031930 1
113.205957 89.151195 81.702156 1
103.634900 169.383000 66.499100 1
103.508145 175.328062 66.038600 1
103.375051 184.069878 64.627208 1
103.357815 192.471559 63.436387 1
103.605791 214.258938 62.451320 1
103.302933 220.790539 63.207512 1
102.972691 237.386112 60.771543 1
99.884334 201.590672 62.106952 1
88.013495 203.460533 61.887957 1
87.849891 197.810816 64.094559 1
87.373371 181.355214 70.521602 1
86.758373 175.036757 72.982839 1
85.524205 162.357027 77.921992 1
85.524205 162.357027 77.921992 1
107.029930 201.507959 62.076340 1
118.077904 206.106138 60.953763 1
118.034387 200.380186 62.960436 1
117.907635 183.702536 68.805153 1
118.286491 177.307320 71.110875 1
119.046772 164.473532 75.737949 1
119.046772 164.473532 75.737949 1
98.376121 168.205295 65.859932 1
97.459285 152.217401 66.341518 1
96.323923 132.418793 66.937881 1
96.290032 112.597135 65.118613 1
96.261824 96.099003 63.604383 1
93.077607 89.929877 75.588292 1
92.282894 89.009830 82.229614 1
108.929081 168.424823 65.789294 1
109.639209 152.436845 66.543437 1
110.518582 132.638356 67.477325 1
110.560605 112.707372 64.962959 1
110.594876 96.452742 62.912379 1
112.828174 90.179065 75.055886 1
113.133968 89.207817 81.730403 1
