58 35
95.312100 153.501700 31.736570 1
95.612931 161.056526 28.276912 1
95.914647 170.574851 23.958480 1
96.157195 180.316848 21.630600 1
96.616917 206.051441 22.480241 1
95.787700 212.848879 26.155473 1
96.135533 232.633617 25.248073 1
92.109651 191.198153 20.974587 1
77.985304 192.522495 21.355090 1
75.774721 185.762654 22.216433 1
69.336054 166.073562 24.725229 1
72.163525 165.751319 32.243903 1
77.837662 165.104647 47.332299 1
77.837662 165.104647 47.332299 1
100.544108 191.053392 20.795509 1
113.248716 197.376935 20.835190 1
115.258555 190.571889 21.823083 1
121.112526 170.751131 24.700476 1
119.698395 168.515024 32.291850 1
116.860535 164.027623 47.526136 1
116.860535 164.027623 47.526136 1
87.854739 152.227380 31.698833 1
82.188595 152.095750 49.746625 1
75.171933 151.932734 72.096091 1
79.583005 128.971821 69.709245 1
83.254480 109.860735 67.722598 1
76.851542 102.831667 81.026812 1
74.351179 101.919699 88.541287 1
102.528540 151.340241 31.037541 1
109.369977 151.769701 48.668747 1
117.841985 152.301515 70.502123 1
113.909008 129.055077 67.904141 1
110.701474 110.096483 65.785360 1
118.900463 102.854206 77.939928 1
122.473974 101.942831 85.007543 1
95.302700 153.515200 31.750150 1
95.606388 161.066789 28.283681 1
95.910024 170.586187 23.967749 1
96.150292 180.334227 21.665066 1
96.587578 206.064738 22.640827 1
95.791280 212.818598 26.402659 1
96.169494 232.604632 25.536610 1
92.094334 191.215234 21.057910 1
77.965882 192.491281 21.450822 1
75.774928 185.729152 22.343785 1
69.393435 166.033399 24.944680 1
72.278224 165.760383 32.443504 1
78.067385 165.212501 47.492062 1
78.067385 165.212501 47.492062 1
100.529093 191.078367 20.887041 1
113.256301 197.355182 21.011900 1
115.262859 190.551274 22.014201 1
121.107273 170.733832 24.933559 1
119.724311 168.513167 32.535201 1
116.949001 164.056752 47.790092 1
116.949001 164.056752 47.790092 1
87.844759 152.244209 31.714733 1
82.199349 152.105123 49.768966 1
75.208364 151.932873 72.126407 1
79.594233 128.967562 69.735433 1
83.244732 109.852816 67.745350 1
76.852602 102.823777 81.054776 1
74.359089 101.911554 88.571496 1
102.518054 151.349862 31.051916 1
109.306875 151.786484 48.703272 1
117.713727 152.327166 70.561602 1
113.861103 129.070758 67.932635 1
110.719099 110.104033 65.788584 1
118.895525 102.841166 77.946065 1
122.458738 101.928293 85.018685 1
95.311800 153.551500 31.739100 1
95.617545 161.094457 28.254069 1
95.915756 170.611650 23.932899 1
96.136626 180.367541 21.661737 1
96.482268 206.092002 22.817223 1
95.775151 212.762740 26.741678 1
96.210003 232.549832 25.927971 1
92.041625 191.237955 21.131816 1
77.916722 192.547028 21.543258 1
75.718127 185.789124 22.449319 1
69.314377 166.105672 25.088363 1
72.307004 165.880033 32.546390 1
78.312573 165.427226 47.513079 1
78.312573 165.427226 47.513079 1
100.476766 191.132443 20.957595 1
113.239511 197.333910 21.181149 1
115.281659 190.537531 22.162428 1
121.229735 170.742019 25.020557 1
119.841646 168.534359 32.625052 1
117.056046 164.104045 47.885669 1
117.056046 164.104045 47.885669 1
87.852162 152.290109 31.723247 1
82.214384 152.138712 49.779765 1
75.232848 151.951217 72.140037 1
79.597531 128.982772 69.740415 1
83.230396 109.865417 67.743134 1
76.836204 102.836405 81.051583 1
74.341590 101.924173 88.567937 1
102.522780 151.375152 31.029993 1
109.234205 151.810767 48.710946 1
117.545214 152.350203 70.605927 1
113.788301 129.086828 67.901178 1
110.724354 110.114420 65.695322 1
118.875129 102.855786 77.872539 1
122.423038 101.943071 84.952868 1
95.348200 153.612300 31.632020 1
95.664168 161.141289 28.117818 1
95.961535 170.656894 23.793096 1
96.161454 180.427890 21.585824 1
96.392912 206.135831 23.086058 1
95.811324 212.682804 27.233227 1
96.274279 232.473133 26.519970 1
92.017004 191.285858 21.206601 1
77.910714 192.777519 21.634822 1
75.732261 186.017465 22.572929 1
69.387176 166.327752 25.305313 1
72.459159 166.152880 32.732374 1
78.623981 165.801953 47.636921 1
78.623981 165.801953 47.636921 1
100.452315 191.220733 21.021183 1
113.231774 197.378529 21.424673 1
115.322989 190.588566 22.345148 1
121.413979 170.811742 25.026174 1
120.006611 168.609814 32.628787 1
117.182323 164.191001 47.885627 1
117.182323 164.191001 47.885627 1
87.884493 152.375268 31.651434 1
82.261918 152.186288 49.712338 1
75.299210 151.952254 72.078041 1
79.648312 128.974012 69.744837 1
83.268209 109.848503 67.802839 1
76.889114 102.819727 81.118655 1
74.402822 101.907703 88.637792 1
102.549078 151.409770 30.901424 1
109.144091 151.864468 48.625650 1
117.310942 152.427534 70.574216 1
113.709933 129.130204 67.950898 1
110.773133 110.130104 65.811454 1
118.867029 102.839058 78.007233 1
122.385933 101.926491 85.102041 1
95.394000 153.719100 31.440060 1
95.722884 161.230105 27.888755 1
96.012878 170.749136 23.571077 1
96.169607 180.546618 21.480826 1
96.193114 206.214103 23.574194 1
95.823160 212.662888 27.895815 1
96.271653 232.459956 27.390701 1
91.933329 191.375155 21.369087 1
77.898065 193.427001 21.813094 1
75.818079 186.639174 22.773876 1
69.759795 166.868569 25.572302 1
72.882057 166.731794 32.979169 1
79.147776 166.457320 47.843190 1
79.147776 166.457320 47.843190 1
100.368053 191.385378 21.149026 1
113.142645 197.535120 21.770550 1
115.261913 190.742656 22.604321 1
121.434611 170.958544 25.032808 1
120.035426 168.763740 32.638991 1
117.227557 164.359224 47.902994 1
117.227557 164.359224 47.902994 1
87.924941 152.516754 31.511256 1
82.376194 152.289511 49.594538 1
75.504911 152.008093 71.987952 1
79.757768 129.007642 69.696546 1
83.297557 109.863647 67.789337 1
76.958359 102.834735 81.124122 1
74.494704 101.922593 88.650692 1
102.580009 151.479865 30.675432 1
109.018142 151.939914 48.457105 1
116.990723 152.509607 70.476811 1
113.544051 129.185908 67.880622 1
110.733120 110.164304 65.763302 1
118.752676 102.856165 77.997899 1
122.230849 101.943577 85.112760 1
95.398900 153.794100 31.186580 1
95.742773 161.294573 27.614495 1
96.023955 170.833653 23.340705 1
96.128018 180.670137 21.438834 1
95.892855 206.251627 24.394271 1
95.782425 212.627264 28.837148 1
96.235135 232.428722 28.558716 1
91.779263 191.451283 21.705253 1
77.900193 194.372743 22.187238 1
75.996304 187.529094 23.116599 1
70.450929 167.595898 25.823507 1
73.570642 167.460602 33.231475 1
79.831248 167.189096 48.097705 1
79.831248 167.189096 48.097705 1
100.212574 191.557368 21.458048 1
112.964907 197.725537 22.310999 1
115.089760 190.917540 22.989398 1
121.278725 171.088189 24.965342 1
119.903389 168.923298 32.584436 1
117.143383 164.578811 47.874351 1
117.143383 164.578811 47.874351 1
87.924331 152.631010 31.311461 1
82.493954 152.369180 49.430174 1
75.769253 152.044932 71.867464 1
79.920220 129.020238 69.633398 1
83.375204 109.856065 67.773914 1
77.098278 102.827213 81.138156 1
74.669712 101.915122 88.676127 1
102.567771 151.515451 30.378747 1
108.850663 152.015357 48.214792 1
116.631002 152.634407 70.301827 1
113.358251 129.274170 67.811217 1
110.689162 110.222768 65.780002 1
118.622076 102.849907 78.032239 1
122.057690 101.937658 85.167793 1
95.422000 153.851100 30.836520 1
95.792332 161.357742 27.280073 1
96.074483 170.942310 23.109361 1
96.124489 180.828564 21.483369 1
95.594675 206.246850 25.586115 1
95.838651 212.625143 30.019845 1
96.240141 232.429631 29.984345 1
91.649112 191.534085 22.244005 1
78.044497 195.527019 22.849631 1
76.383874 188.602614 23.636392 1
71.547051 168.434205 25.927955 1
74.671765 168.302540 33.333880 1
80.942406 168.038319 48.196010 1
80.942406 168.038319 48.196010 1
100.079844 191.752012 21.982570 1
112.787671 197.977771 23.053508 1
114.901996 191.149297 23.528500 1
121.060300 171.260303 24.911989 1
119.707517 169.110105 32.539277 1
116.992770 164.795104 47.845635 1
116.992770 164.795104 47.845635 1
87.940863 152.737106 31.007269 1
82.624717 152.440683 49.159295 1
76.041476 152.073596 71.637838 1
80.050776 129.011101 69.539037 1
83.387844 109.815465 67.792139 1
77.207639 102.786802 81.201481 1
74.833742 101.874766 88.756854 1
102.570234 151.527108 29.976662 1
108.741574 152.049135 47.850977 1
116.383775 152.695578 69.985406 1
113.260044 129.297247 67.666983 1
110.712488 110.214776 65.776195 1
118.589489 102.809053 78.044676 1
121.996721 101.897047 85.193857 1
95.394800 153.901300 30.431860 1
95.780707 161.433266 26.931046 1
96.057308 171.089833 22.929472 1
96.060443 181.030484 21.677349 1
95.286619 206.163873 27.237610 1
95.823461 212.589867 31.575640 1
96.191374 232.394515 31.719667 1
91.479560 191.628049 23.064032 1
78.247567 196.684893 23.923405 1
76.830527 189.683655 24.469944 1
72.703178 169.291457 26.061824 1
75.803011 169.073851 33.476174 1
82.023719 168.637164 48.355212 1
82.023719 168.637164 48.355212 1
99.906820 191.947117 22.794612 1
112.489251 198.368127 24.154344 1
114.565151 191.515991 24.405177 1
120.611534 171.558077 25.135765 1
119.256363 169.354762 32.747454 1
116.536823 164.933165 48.022508 1
116.536823 164.933165 48.022508 1
87.908991 152.827818 30.650628 1
82.705647 152.532170 48.835323 1
76.262092 152.166043 71.354321 1
80.146293 129.072133 69.368762 1
83.379237 109.850350 67.716118 1
77.260209 102.821527 81.153405 1
74.920643 101.909447 88.719473 1
102.523122 151.544188 29.499876 1
108.608878 152.117911 47.401930 1
116.145096 152.828371 69.570707 1
113.020163 129.405545 67.516280 1
110.471627 110.303097 65.840794 1
118.277303 102.845743 78.123579 1
121.649491 101.933904 85.289377 1
95.411700 153.866400 29.989270 1
95.780636 161.446430 26.591895 1
96.022558 171.198269 22.826062 1
95.971494 181.185252 22.024850 1
94.990702 205.889599 29.231503 1
95.720565 212.379517 33.444383 1
96.197436 232.180321 33.728945 1
91.300711 191.626469 24.117823 1
78.520780 197.673223 25.345003 1
77.337332 190.610550 25.550307 1
73.890355 170.039415 26.148289 1
76.936565 169.724104 33.581329 1
83.049665 169.091342 48.497874 1
83.049665 169.091342 48.497874 1
99.723973 192.038947 23.850216 1
112.157518 198.689933 25.452452 1
114.178555 191.816854 25.436996 1
120.065140 171.797941 25.391977 1
118.703180 169.527334 32.982650 1
115.970013 164.970700 48.215528 1
115.970013 164.970700 48.215528 1
87.926314 152.800093 30.252957 1
82.749113 152.547346 48.445759 1
76.337934 152.234345 70.974797 1
80.127414 129.108228 69.191364 1
83.281520 109.859637 67.706957 1
77.162640 102.830003 81.143886 1
74.822209 101.917810 88.709673 1
102.528865 151.512995 28.967015 1
108.548001 152.113146 46.890712 1
116.001722 152.856333 69.086292 1
112.876641 129.414107 67.266787 1
110.327984 110.295838 65.782891 1
118.071769 102.853355 78.113778 1
121.406175 101.941452 85.297227 1
95.451300 153.711400 29.603860 1
95.767729 161.375709 26.395531 1
95.911284 171.248936 22.955013 1
95.720759 181.261696 22.650526 1
94.337000 205.416667 31.472382 1
95.387356 211.945462 35.555479 1
95.859970 231.744389 35.954618 1
90.866584 191.440429 25.487096 1
78.677663 198.489785 27.257018 1
77.733507 191.394480 26.958242 1
74.983507 170.728300 26.088010 1
77.915392 170.259626 33.558839 1
83.799067 169.319099 48.551220 1
83.799067 169.319099 48.551220 1
99.274425 192.052237 25.130734 1
111.647761 198.749483 26.986345 1
113.623196 191.869247 26.696431 1
119.376961 171.829487 25.852012 1
118.041968 169.492943 33.427449 1
115.362923 164.803983 48.629754 1
115.362923 164.803983 48.629754 1
87.971814 152.613297 29.902205 1
82.602231 152.458822 48.040260 1
75.952816 152.267515 70.501502 1
79.963884 129.155814 69.045928 1
83.302424 109.919221 67.834407 1
77.096602 102.877215 81.224906 1
74.687700 101.965062 88.769176 1
102.567213 151.408720 28.464124 1
108.572158 152.073496 46.390301 1
116.008305 152.896711 68.588952 1
112.842912 129.442997 67.002054 1
110.261379 110.315358 65.707860 1
117.958650 102.863405 78.062128 1
121.266859 101.951560 85.257686 1
95.435700 153.579300 29.435080 1
95.656663 161.385498 26.580335 1
95.654867 171.417560 23.631415 1
95.301185 181.427045 23.895020 1
93.571107 204.943771 34.247458 1
94.930670 211.440880 38.289644 1
95.359395 231.233622 38.955801 1
90.283800 191.290499 27.466277 1
78.621499 199.015357 29.856498 1
77.839357 191.947398 28.986873 1
75.561248 171.360864 26.453954 1
78.394734 170.650160 33.943624 1
84.080941 169.223927 48.973813 1
84.080941 169.223927 48.973813 1
98.665951 192.122788 26.976447 1
111.075706 198.687961 29.048235 1
113.052907 191.828077 28.450978 1
118.811813 171.847597 26.711374 1
117.463067 169.400360 34.249332 1
114.756420 164.489265 49.376424 1
114.756420 164.489265 49.376424 1
87.969357 152.393686 29.727643 1
82.511171 152.360218 47.839860 1
75.752034 152.318761 70.269106 1
79.836025 129.214874 68.894502 1
83.235262 109.984787 67.750375 1
76.977345 102.934653 81.112322 1
74.526210 102.022475 88.642974 1
102.566196 151.402830 28.148009 1
108.637238 152.076298 46.051584 1
116.155236 152.910276 68.222245 1
112.883837 129.463241 66.756235 1
110.215851 110.341050 65.560631 1
117.884149 102.891958 77.934626 1
121.175106 101.980071 85.138085 1
95.222800 153.322700 29.422260 1
95.404738 161.315283 27.137385 1
95.360960 171.526312 24.885421 1
94.975374 181.498607 25.773699 1
93.217516 204.393174 37.433513 1
94.753920 210.804432 41.548769 1
95.100847 230.586655 42.509764 1
89.945903 191.138198 29.896618 1
78.524135 199.052299 32.778643 1
77.780311 192.057704 31.419816 1
75.613806 171.684856 27.462021 1
78.437228 170.732221 34.928591 1
84.103239 168.820485 49.912425 1
84.103239 168.820485 49.912425 1
98.326572 192.008979 29.450286 1
110.747207 198.478071 31.746916 1
112.754248 191.674443 30.743685 1
118.600070 171.857816 27.821619 1
117.236037 169.244040 35.300689 1
114.498711 163.998736 50.309604 1
114.498711 163.998736 50.309604 1
87.763601 152.068327 29.578647 1
82.309705 152.178022 47.691855 1
75.555879 152.313851 70.122328 1
79.690736 129.213208 68.848997 1
83.132311 109.985821 67.789163 1
76.916116 102.931159 81.168184 1
74.480953 102.019066 88.704026 1
102.376802 151.292993 28.030106 1
108.605356 151.977192 45.879086 1
116.318407 152.824459 67.982141 1
112.891411 129.393934 66.610680 1
110.096528 110.285208 65.492186 1
117.785796 102.870040 77.873541 1
121.084982 101.957930 85.073207 1
94.995300 152.955600 29.719650 1
95.198880 161.115485 28.135364 1
95.213012 171.474336 26.709742 1
94.920732 181.366518 28.272966 1
93.482261 203.597403 41.192761 1
94.858625 210.001411 45.375391 1
95.257269 229.770398 46.562170 1
90.030739 190.843838 32.908064 1
78.547439 198.512396 36.182644 1
77.768639 191.606870 34.441604 1
75.500262 171.493448 29.370553 1
78.272391 170.300579 36.821812 1
83.835467 167.906745 51.774920 1
83.835467 167.906745 51.774920 1
98.427149 191.595446 32.549627 1
110.743663 198.144944 35.157958 1
112.767234 191.431347 33.689348 1
118.661201 171.876949 29.411793 1
117.282268 169.039686 36.806208 1
114.515041 163.345892 51.645240 1
114.515041 163.345892 51.645240 1
87.536417 151.691118 29.658808 1
82.194638 151.919333 47.804294 1
75.579653 152.201932 70.274738 1
79.788738 129.118263 68.938341 1
83.292094 109.905004 67.826016 1
77.138744 102.862010 81.240189 1
74.757828 101.949857 88.793338 1
102.171590 151.054758 28.261838 1
108.602060 151.791337 46.036979 1
116.565151 152.703469 68.048595 1
113.032409 129.292220 66.617576 1
110.151284 110.199214 65.450509 1
117.897185 102.833392 77.826017 1
121.223246 101.921045 85.013277 1
94.789700 152.763800 30.158770 1
95.025593 161.027992 29.274111 1
95.110536 171.467528 28.684828 1
94.943264 181.226345 30.947984 1
94.010754 202.635656 45.229943 1
94.961073 209.125922 49.398089 1
95.415186 228.885563 50.713609 1
90.258647 190.469268 36.224205 1
78.635641 197.757561 39.854954 1
77.669286 191.073838 37.463711 1
74.854629 171.606452 30.498841 1
77.726147 170.054036 37.845492 1
83.488678 166.938668 52.588674 1
83.488678 166.938668 52.588674 1
98.660302 191.119840 35.797536 1
110.750157 197.945242 38.737796 1
112.736443 191.327992 36.842880 1
118.521814 172.054219 31.323643 1
117.187316 168.960375 38.622694 1
114.509263 162.751677 53.270349 1
114.509263 162.751677 53.270349 1
87.328487 151.532070 29.933625 1
82.112539 151.790639 48.115274 1
75.653378 152.110825 70.630501 1
79.929376 129.053399 69.071952 1
83.488425 109.861983 67.774723 1
77.414297 102.833865 81.232733 1
75.100987 101.921825 88.806875 1
101.972664 150.971313 28.600060 1
108.580005 151.711596 46.310060 1
116.762123 152.628312 68.241012 1
113.138024 129.241054 66.654593 1
110.182394 110.167613 65.360789 1
117.973832 102.846938 77.734501 1
121.320923 101.934375 84.911964 1
94.593800 152.569200 30.823690 1
94.827727 160.880475 30.767931 1
94.922269 171.330659 31.118821 1
94.765527 180.906485 34.062177 1
93.872680 201.563796 49.414079 1
94.838905 208.047769 53.588356 1
95.256405 227.802147 54.992089 1
90.103083 189.895065 39.779065 1
78.725130 197.380336 43.767642 1
77.739393 190.910877 40.852429 1
74.868280 172.067569 32.361418 1
77.802836 170.151856 39.596562 1
83.691872 166.307426 54.115974 1
83.691872 166.307426 54.115974 1
98.510442 190.517715 39.430197 1
110.554218 197.277525 42.693366 1
112.573096 190.838219 40.288470 1
118.453395 172.082740 33.283837 1
117.116774 168.658566 40.433479 1
114.434460 161.786965 54.781301 1
114.434460 161.786965 54.781301 1
87.139729 151.363299 30.354455 1
82.012646 151.652755 48.560898 1
75.663529 152.011189 71.106828 1
80.055761 129.001366 69.205654 1
83.711555 109.849571 67.623246 1
77.739492 102.820109 81.126159 1
75.482069 101.907865 88.717120 1
101.804848 150.942883 29.213279 1
108.552765 151.653597 46.871410 1
116.908963 152.533700 68.738130 1
113.199770 129.186368 66.799397 1
110.174742 110.145490 65.218265 1
117.965688 102.828339 77.594371 1
121.312052 101.915733 84.772167 1
94.452300 152.572800 31.664680 1
94.704358 160.836386 32.550539 1
94.828846 171.200926 33.928657 1
94.697023 180.550762 37.526928 1
93.880147 200.582598 53.690492 1
94.789824 207.108547 57.811726 1
95.162555 226.856797 59.311039 1
90.068087 189.322754 43.596596 1
78.775855 196.763505 47.899682 1
77.689839 190.585358 44.439174 1
74.526649 172.590544 34.359902 1
77.560543 170.196976 41.409385 1
83.648928 165.393592 55.556214 1
83.648928 165.393592 55.556214 1
98.478019 189.925084 43.275137 1
110.453868 196.661954 46.823301 1
112.468323 190.429211 43.921761 1
118.335739 172.275377 35.470575 1
116.981827 168.499986 42.437802 1
114.264813 160.923566 56.419554 1
114.264813 160.923566 56.419554 1
87.003563 151.455520 30.953657 1
81.935939 151.646673 49.178036 1
75.660454 151.883376 71.746177 1
80.045252 128.909780 69.434134 1
83.694859 109.788137 67.509748 1
77.836376 102.759236 81.062617 1
75.643296 101.847116 88.672432 1
101.683169 151.111446 29.986429 1
108.535442 151.657091 47.610212 1
117.020867 152.332782 69.434397 1
113.109890 129.052258 67.124386 1
109.920296 110.065865 65.240459 1
117.682999 102.765944 77.644456 1
121.010827 101.853348 84.830866 1
94.334000 153.256800 32.462513 1
94.636115 161.368832 34.262176 1
94.831892 171.552466 36.627269 1
94.755690 180.648358 40.827663 1
94.036438 200.112099 57.675452 1
94.868505 206.676702 61.751448 1
95.215642 226.432272 63.157577 1
90.176035 189.249746 47.172633 1
78.965840 196.644643 51.759882 1
77.822220 190.712770 47.909031 1
74.491248 173.435264 36.692827 1
77.590816 170.579119 43.538557 1
83.810995 164.847441 57.276495 1
83.810995 164.847441 57.276495 1
98.593329 189.778149 46.921529 1
110.425410 196.610568 50.757640 1
112.476236 190.571003 47.495461 1
118.449588 172.979830 37.993856 1
117.027920 168.824817 44.727624 1
114.174935 160.486577 58.240873 1
114.174935 160.486577 58.240873 1
86.890026 152.297867 31.511066 1
81.861716 152.096815 49.746224 1
75.634915 151.847830 72.327714 1
79.938633 128.924329 69.438214 1
83.520755 109.844382 67.033193 1
77.773376 102.815300 80.633456 1
75.642506 101.903129 88.260919 1
101.580948 151.919456 30.750553 1
108.512301 152.051621 48.351348 1
117.095654 152.215283 70.147066 1
113.063826 128.997923 67.442769 1
109.775673 110.063043 65.237282 1
117.470465 102.822649 77.718244 1
120.751770 101.909883 84.925994 1
94.304200 154.727000 33.667357 1
94.601478 162.679511 36.076574 1
94.797968 172.678996 39.127817 1
94.713467 181.542296 43.798912 1
93.954166 200.368914 61.354096 1
94.830374 206.943107 65.405311 1
95.064857 226.712574 66.627367 1
90.121365 189.912349 50.437479 1
79.062250 197.291824 55.400861 1
77.874199 191.462519 51.409398 1
74.413814 174.483759 39.783638 1
77.614006 171.206039 46.390016 1
84.036114 164.628348 59.647624 1
84.036114 164.628348 59.647624 1
98.540805 190.431171 50.245242 1
110.234036 197.237859 54.526966 1
112.269863 191.307422 51.061512 1
118.199527 174.034099 40.967839 1
116.835837 169.506045 47.469067 1
114.099201 160.419188 60.515659 1
114.099201 160.419188 60.515659 1
86.872124 153.869475 32.541993 1
81.947027 152.895887 50.780437 1
75.848040 151.690233 73.365997 1
80.137540 128.859914 69.797411 1
83.707829 109.857525 66.827164 1
78.112653 102.828078 80.490561 1
76.067117 101.915783 88.141335 1
101.571383 153.495846 31.961525 1
108.340189 152.887189 49.615474 1
116.722254 152.133465 71.477014 1
112.776938 128.988495 68.106625 1
109.559339 110.112652 65.357909 1
117.019361 102.835458 77.959419 1
120.169398 101.922924 85.225526 1
94.357300 156.577400 35.095370 1
94.631053 164.425855 37.827025 1
94.804433 174.297554 41.270555 1
94.703840 182.983166 46.263990 1
93.937058 201.200393 64.450447 1
94.747510 207.703330 68.628375 1
94.858026 227.492900 69.489130 1
90.106599 191.113833 53.190272 1
79.118349 198.398007 58.443367 1
77.932527 192.604923 54.398859 1
74.478636 175.731664 42.618596 1
77.675490 172.122842 49.051746 1
84.090900 164.880698 61.961725 1
84.090900 164.880698 61.961725 1
98.524750 191.654960 53.003158 1
109.921957 198.523743 57.934621 1
111.875337 192.582590 54.440189 1
117.564860 175.278057 44.262110 1
116.342256 170.406579 50.539278 1
113.888749 160.630544 63.136227 1
113.888749 160.630544 63.136227 1
86.933253 155.760040 33.889967 1
82.235998 153.866118 52.116162 1
76.419158 151.520769 74.686551 1
80.480330 128.794785 70.282614 1
83.860574 109.879238 66.617080 1
78.440170 102.852840 80.352307 1
76.492651 101.939987 88.028551 1
101.636214 155.422537 33.386203 1
108.028051 153.955004 51.129930 1
115.943303 152.137700 73.102646 1
112.297251 129.094776 68.819582 1
109.323718 110.302157 65.326534 1
116.452443 102.859557 78.022853 1
119.429764 101.947925 85.361535 1
94.362400 158.570000 36.586350 1
94.631386 166.369724 39.454640 1
94.798207 176.175122 43.082964 1
94.685593 184.751572 48.261399 1
93.881941 202.523380 66.881805 1
94.701063 208.938982 71.191003 1
94.702381 228.738288 71.797387 1
90.072817 192.706925 55.378309 1
79.153875 199.952239 60.826058 1
78.067715 194.084853 56.861455 1
74.904105 176.995176 45.313930 1
78.083576 173.403362 51.765188 1
84.464104 166.195350 64.711505 1
84.464104 166.195350 64.711505 1
98.490422 193.262831 55.211039 1
109.754072 200.066772 60.524459 1
111.672337 194.047387 57.146396 1
117.259587 176.514991 47.307261 1
116.086806 171.447008 53.436619 1
113.733285 161.276629 65.736945 1
113.733285 161.276629 65.736945 1
86.942115 157.778640 35.341088 1
82.494297 154.888181 53.498937 1
76.986347 151.308772 75.984689 1
80.797809 128.719084 70.737131 1
83.970212 109.916981 66.369424 1
78.740935 102.799357 80.131750 1
76.894349 101.886455 87.832891 1
101.646540 157.440070 34.882790 1
107.628289 155.024355 52.665706 1
115.035712 152.032883 74.686951 1
111.790722 129.115632 69.501944 1
109.144274 110.425505 65.273317 1
115.967173 102.803864 78.031301 1
118.786666 101.893606 85.432224 1
94.397500 160.985400 38.114660 1
94.652426 168.765289 41.037583 1
94.809620 178.546780 44.730293 1
94.694074 187.092237 49.959650 1
93.884946 204.764335 68.674479 1
94.737038 211.123762 73.059878 1
94.731057 230.927859 73.481684 1
90.084097 195.027387 57.100887 1
79.234630 202.318509 62.625780 1
78.324204 196.198293 59.014947 1
75.672448 178.372209 48.497831 1
78.743197 174.690540 54.951103 1
84.905542 167.302209 67.901460 1
84.905542 167.302209 67.901460 1
98.504567 195.549139 56.972261 1
109.881091 202.197392 62.242107 1
111.813801 196.043933 59.123837 1
117.443123 178.121022 50.041391 1
116.246545 172.981594 56.106322 1
113.845267 162.667842 68.277356 1
113.845267 162.667842 68.277356 1
86.983563 160.203266 36.826497 1
82.640596 156.177871 54.792580 1
77.262487 151.193014 77.040858 1
80.926971 128.740228 71.141532 1
83.977038 110.052071 66.231337 1
78.867352 102.820242 79.979038 1
77.080723 101.907422 87.694319 1
101.690098 159.866479 36.440271 1
107.365052 156.324740 54.134905 1
114.392560 151.938871 76.046827 1
111.479996 129.176018 70.048148 1
109.104657 110.611810 65.155933 1
115.671383 102.822632 77.947115 1
118.359995 101.914432 85.396833 1
94.455400 163.625800 39.829870 1
94.719384 171.402419 42.760677 1
94.899560 181.186383 46.445780 1
94.822804 189.754589 51.638499 1
94.139089 207.576675 70.215590 1
94.898519 213.982608 74.550032 1
94.809652 233.790515 74.688283 1
90.269454 197.778148 58.717006 1
79.302409 204.994704 64.105982 1
78.448013 198.596517 60.998371 1
75.959451 179.960798 51.946970 1
78.918975 175.888898 58.215124 1
84.858114 167.717455 70.793988 1
84.858114 167.717455 70.793988 1
98.693514 198.237708 58.586164 1
110.220566 204.725673 63.727099 1
112.110566 198.437755 60.861087 1
117.615488 180.123212 52.513380 1
116.462152 174.913583 58.526573 1
114.147653 164.458951 70.593778 1
114.147653 164.458951 70.593778 1
87.042187 162.858065 38.528944 1
82.680966 157.553118 56.155135 1
77.280254 150.983729 77.982507 1
80.907217 128.688359 71.492537 1
83.926055 110.131225 66.090731 1
78.899916 102.802590 79.817951 1
77.154210 101.890012 87.542623 1
101.748708 162.495539 38.166226 1
107.241688 157.695013 55.619914 1
114.043849 151.750343 77.233464 1
111.346646 129.167298 70.499532 1
109.146944 110.749732 65.007683 1
115.534735 102.805426 77.794068 1
118.134753 101.897748 85.275230 1
94.505400 166.602300 41.472820 1
94.768013 174.392359 44.367841 1
94.953637 184.200141 47.988801 1
94.888829 192.822728 53.090874 1
94.229724 210.914437 71.406392 1
94.961364 217.453605 75.542099 1
94.829111 237.259428 75.238572 1
90.352124 200.973532 60.033386 1
79.309996 208.235411 65.203719 1
78.712970 201.558738 62.675943 1
76.974041 182.111889 55.313403 1
79.507830 177.683722 61.526305 1
84.592607 168.797325 73.994291 1
84.592607 168.797325 73.994291 1
98.779189 201.382764 59.932413 1
110.386732 207.842873 64.925185 1
112.177377 201.434437 62.270081 1
117.392913 182.768868 54.536677 1
116.368558 177.352853 60.388717 1
114.312895 166.484047 72.132524 1
114.312895 166.484047 72.132524 1
87.094740 165.833712 40.157929 1
82.702965 159.151712 57.301689 1
77.264417 150.877053 78.531643 1
80.881692 128.703189 71.632861 1
83.892465 110.247188 65.890789 1
78.948235 102.823273 79.596539 1
77.242780 101.911236 87.330262 1
101.801815 165.459127 39.831774 1
107.203261 159.272695 56.872946 1
113.892075 151.611806 77.975662 1
111.307948 129.176157 70.724548 1
109.200465 110.878801 64.810912 1
115.414887 102.824935 77.614182 1
117.924395 101.918070 85.126287 1
94.581900 169.820500 43.103800 1
94.828039 177.637012 45.928103 1
94.998736 187.486947 49.433531 1
94.927927 196.195744 54.386936 1
94.254298 214.696099 72.289048 1
94.965108 221.370500 76.206600 1
94.911108 241.162903 75.407794 1
90.390368 204.515892 61.124996 1
79.151861 211.735886 65.917020 1
78.791684 204.856074 63.951693 1
77.742611 184.817550 58.227374 1
79.813811 179.843619 64.193866 1
83.970271 169.861987 76.167360 1
83.970271 169.861987 76.167360 1
98.819187 204.893696 61.051730 1
110.505408 211.361286 65.847388 1
112.185311 204.824402 63.445074 1
117.078289 185.784707 56.447960 1
116.213569 180.032330 61.996953 1
114.478260 168.488517 73.132606 1
114.478260 168.488517 73.132606 1
87.174256 169.027891 41.786176 1
82.806088 160.913095 58.306300 1
77.396773 150.864134 78.763975 1
80.911339 128.743688 71.644155 1
83.836625 110.332150 65.718106 1
79.010682 102.807941 79.411319 1
77.366124 101.896433 87.158282 1
101.882341 168.674331 41.482871 1
107.196188 161.018013 57.944734 1
113.776523 151.536909 78.330070 1
111.242006 129.190700 70.790980 1
109.174982 110.966287 64.642486 1
115.174119 102.806989 77.481635 1
117.569395 101.904473 85.031461 1
94.695000 173.284600 44.731900 1
94.921841 181.145847 47.430876 1
95.075765 191.061564 50.746484 1
94.998747 199.894450 55.474968 1
94.324636 218.959571 72.774369 1
94.992193 225.728168 76.534762 1
95.044768 245.497928 75.296202 1
90.463329 208.433511 61.934857 1
79.036985 215.557969 66.415551 1
78.797937 208.551206 64.941721 1
78.101674 188.142917 60.648961 1
79.752605 182.676793 66.308008 1
83.065674 171.707437 77.664525 1
83.065674 171.707437 77.664525 1
98.892896 208.794921 61.865037 1
110.675319 215.253497 66.431996 1
112.282255 208.596711 64.327479 1
116.962709 189.207783 58.197743 1
116.226748 183.029662 63.288723 1
114.749830 170.631471 73.505242 1
114.749830 170.631471 73.505242 1
87.290349 172.455228 43.420091 1
82.994278 162.888128 59.163651 1
77.674244 151.040709 78.659667 1
80.965536 128.891342 71.523070 1
83.704984 110.455731 65.583056 1
79.048398 102.806099 79.265412 1
77.492269 101.895774 87.030759 1
101.999440 172.128158 43.136486 1
107.149036 162.961588 58.862413 1
113.525973 151.610282 78.336410 1
111.127684 129.292057 70.670921 1
109.171760 111.090466 64.419342 1
114.906473 102.805830 77.298992 1
117.157152 101.903023 84.893145 1
94.821100 176.817200 46.367100 1
95.009768 184.728677 48.918191 1
95.124476 194.715695 52.014109 1
95.025848 203.680508 56.487001 1
94.329540 223.344512 73.101592 1
95.045503 230.192570 76.705979 1
95.050693 249.932833 75.062143 1
90.483525 212.446094 62.630905 1
78.899669 219.532225 66.753634 1
78.705077 212.445576 65.721361 1
78.138295 191.804607 62.714706 1
79.512029 185.879450 67.971536 1
82.268822 173.988909 78.520888 1
82.268822 173.988909 78.520888 1
98.913577 212.797386 62.568436 1
110.784704 219.274918 66.871200 1
112.340412 212.517791 65.069796 1
116.871655 192.836606 59.822929 1
116.278274 186.195606 64.314466 1
115.087485 172.868515 73.328031 1
115.087485 172.868515 73.328031 1
87.423270 175.933694 45.052155 1
83.225549 164.929266 59.855094 1
78.027307 151.301934 78.186293 1
81.109578 129.071771 71.209362 1
83.675051 110.568911 65.402243 1
79.184012 102.827986 79.088593 1
77.716633 101.918611 86.871310 1
102.134235 175.660163 44.812471 1
107.063853 165.008849 59.648153 1
113.168384 151.818929 78.019728 1
110.930383 129.463353 70.414845 1
109.105183 111.231300 64.212692 1
114.505401 102.820630 77.155095 1
116.572476 101.924929 84.802100 1
94.934700 180.258700 47.979500 1
95.088038 188.212700 50.397246 1
95.165224 198.264765 53.276210 1
95.036942 207.364942 57.466042 1
94.268517 227.691314 73.260049 1
95.172611 234.513866 76.870518 1
94.948723 254.202354 74.704059 1
90.468972 216.376090 63.223525 1
78.742883 223.450813 66.944136 1
78.570861 216.310022 66.393187 1
78.069823 195.511353 64.788460 1
79.260849 189.192490 69.613636 1
81.650987 176.511866 79.296750 1
81.650987 176.511866 79.296750 1
98.899459 216.720856 63.189991 1
110.854503 223.216891 67.224131 1
112.398484 216.385568 65.716422 1
116.895571 196.488274 61.324982 1
116.468987 189.472564 65.227127 1
115.612924 175.393510 73.057904 1
115.612924 175.393510 73.057904 1
87.545418 179.329949 46.647775 1
83.464241 166.967221 60.371925 1
78.410320 151.657841 77.367203 1
81.268764 129.285708 70.758490 1
83.647939 110.664683 65.257849 1
79.323587 102.850015 78.955969 1
77.946917 101.941689 86.755364 1
102.258057 179.098463 46.476224 1
106.909020 167.034740 60.285071 1
112.668481 152.095783 77.385077 1
110.637439 129.651041 69.987570 1
108.981024 111.346269 63.954543 1
114.001305 102.839495 76.986776 1
115.852352 101.946248 84.689210 1
95.022400 183.421900 49.507800 1
95.155611 191.415605 51.792110 1
95.213475 201.530376 54.442852 1
95.066485 210.769080 58.317013 1
94.236370 231.801212 73.154899 1
95.133763 238.705807 76.607630 1
94.987101 258.357389 74.122867 1
90.478176 220.040267 63.628158 1
78.608633 227.099333 66.896088 1
78.450411 219.937126 66.853588 1
77.989567 199.076083 66.729800 1
78.911023 192.367470 71.062734 1
80.760189 178.904698 79.758023 1
80.760189 178.904698 79.758023 1
98.909159 220.374356 63.626277 1
110.940907 226.913294 67.351216 1
112.500889 220.023229 66.160626 1
117.044582 199.954842 62.692846 1
116.864206 192.667251 66.082150 1
116.502230 178.042591 72.883765 1
116.502230 178.042591 72.883765 1
87.641310 182.463757 48.151694 1
83.720809 168.859138 60.697184 1
78.865861 152.011862 76.232870 1
81.432688 129.461315 70.130223 1
83.569142 110.691789 65.050798 1
79.431673 102.811300 78.768916 1
78.157587 101.903966 86.585840 1
102.354862 182.243579 48.064155 1
106.727978 168.919567 60.760440 1
112.143370 152.419946 76.482721 1
110.347812 129.836802 69.454760 1
108.883445 111.419155 63.723116 1
113.531238 102.799131 76.818945 1
115.171199 101.909274 84.569458 1
95.032700 186.387400 51.081600 1
95.150807 194.431435 53.182714 1
95.191462 204.617002 55.547236 1
95.022934 213.999019 59.059175 1
94.112794 235.737983 72.835664 1
95.052211 242.704771 76.149492 1
94.913934 262.324597 73.424880 1
90.406605 223.521208 63.879258 1
78.469208 230.639417 66.747269 1
78.284322 223.494511 67.237352 1
77.745811 202.683859 68.664794 1
78.375021 195.514155 72.246461 1
79.637711 181.126071 79.434114 1
79.637711 181.126071 79.434114 1
98.837561 223.854563 63.910221 1
110.913893 230.488396 67.308792 1
112.505618 223.564840 66.384223 1
117.141768 203.398905 63.691272 1
117.065572 195.913689 66.622933 1
116.912664 180.892436 72.506152 1
116.912664 180.892436 72.506152 1
87.659691 185.395495 49.705950 1
83.974351 170.667494 60.990877 1
79.410615 152.429081 74.965545 1
81.640669 129.678547 69.506776 1
83.496816 110.742566 64.963270 1
79.564797 102.810843 78.712253 1
78.405138 101.904345 86.547066 1
102.373561 185.179184 49.706998 1
106.454125 170.711383 61.190936 1
111.507241 152.795367 75.411921 1
110.007025 130.049406 68.855604 1
108.783523 111.498975 63.508608 1
113.071242 102.796139 76.672333 1
114.504023 101.908837 84.464098 1
94.985600 188.976000 52.670000 1
95.078150 197.073052 54.557938 1
95.089698 207.329005 56.595999 1
94.889054 216.852748 59.701226 1
93.865155 239.300496 72.281081 1
94.961357 246.287975 75.501885 1
94.816404 265.887438 72.634790 1
90.233852 226.619801 63.961451 1
78.295959 233.880083 66.445572 1
78.087812 226.787449 67.433124 1
77.481553 206.129047 70.309523 1
77.855127 198.730155 73.431340 1
78.604810 183.882139 79.696170 1
78.604810 183.882139 79.696170 1
98.664330 226.955033 64.049429 1
110.834696 233.603708 67.061598 1
112.487490 226.662825 66.416263 1
117.301511 206.446421 64.536624 1
117.429252 198.830000 67.106197 1
117.685603 183.545445 72.262782 1
117.685603 183.545445 72.262782 1
87.622217 187.934436 51.279575 1
84.211071 172.241811 61.277121 1
79.986884 152.808857 73.657561 1
81.842511 129.875534 68.864084 1
83.387010 110.787411 64.874322 1
79.644339 102.810822 78.650170 1
78.590788 101.905017 86.500036 1
102.336188 187.745339 51.369278 1
106.132793 172.283554 61.585349 1
110.834272 153.136651 74.236288 1
109.596240 130.241328 68.162891 1
108.586563 111.569085 63.209740 1
112.547148 102.800596 76.432255 1
113.787916 101.909762 84.256491 1
94.923500 191.182200 54.276400 1
95.006182 199.332686 55.918921 1
95.009753 209.653646 57.597060 1
94.802531 219.306034 60.275275 1
93.756666 242.400005 71.623279 1
94.945675 249.402691 74.777443 1
94.771725 268.984675 71.794850 1
90.141620 229.291444 63.987855 1
78.111243 236.529326 66.056417 1
77.802270 229.507751 67.444240 1
76.902337 209.056317 71.486490 1
77.094176 201.512617 74.258618 1
77.479152 186.374002 79.821695 1
77.479152 186.374002 79.821695 1
98.572041 229.625727 64.084538 1
110.786149 236.359199 66.705942 1
112.499848 229.412337 66.347628 1
117.491267 209.178520 65.303984 1
117.846987 201.474851 67.574634 1
118.560841 186.015210 72.131344 1
118.560841 186.015210 72.131344 1
87.565531 190.095429 52.891922 1
84.502003 173.595567 61.622023 1
80.708287 153.162973 72.432923 1
82.143954 130.072121 68.296559 1
83.338907 110.852882 64.853733 1
79.826621 102.820328 78.657699 1
78.902898 101.917244 86.524211 1
102.279161 189.916397 53.039650 1
105.800534 173.629192 61.993755 1
110.161184 153.460141 73.081954 1
109.207640 130.422511 67.516608 1
108.429978 111.634211 62.977797 1
112.137432 102.851000 76.263786 1
113.211363 101.918671 84.107841 1
94.824100 192.980500 55.770100 1
94.893105 201.176296 57.169847 1
94.886784 211.548699 58.493331 1
94.683854 221.308316 60.750112 1
93.681572 244.968392 70.869340 1
94.967454 251.927580 74.081241 1
94.660169 271.450177 70.741483 1
90.041370 231.483040 63.934152 1
77.848417 238.549637 65.604759 1
77.395908 231.596456 67.269857 1
76.077905 211.344232 72.119715 1
76.140782 203.730550 74.699792 1
76.266961 188.451496 79.877464 1
76.266961 188.451496 79.877464 1
98.472385 231.807363 64.010911 1
110.732526 238.581691 66.289786 1
112.519404 231.645178 66.163669 1
117.723966 211.441505 65.796335 1
118.255980 203.691518 67.866011 1
119.323618 188.138926 72.019410 1
119.323618 188.138926 72.019410 1
87.468372 191.841191 54.416292 1
84.768253 174.717655 61.988557 1
81.424565 153.512737 71.365652 1
82.361963 130.299294 67.813830 1
83.142193 110.978018 64.857536 1
79.938150 102.817867 78.661650 1
79.171742 101.915283 86.545101 1
102.182218 191.690421 54.573709 1
105.433335 174.729491 62.294213 1
109.459316 153.726140 71.854799 1
108.777936 130.557070 66.820458 1
108.222235 111.661573 62.714708 1
111.727386 102.895568 76.066809 1
112.660020 101.911486 83.922605 1
94.747900 194.392500 57.229300 1
94.795438 202.625640 58.390450 1
94.772861 213.036608 59.364942 1
94.577273 222.883704 61.203643 1
93.659963 247.038296 70.087153 1
95.066179 253.862532 73.529892 1
94.514005 273.283185 69.668082 1
89.966103 233.218532 63.876504 1
77.550847 239.956739 65.238056 1
76.922096 233.055606 67.055495 1
75.090764 212.954981 72.349069 1
75.124926 205.324434 74.879383 1
75.193479 190.011536 79.957191 1
75.193479 190.011536 79.957191 1
98.397905 233.530462 63.899022 1
110.741426 240.237598 65.910897 1
112.590623 233.316908 66.003432 1
117.976697 213.159319 66.272957 1
118.653070 205.385079 68.204953 1
120.010407 189.783816 72.082054 1
120.010407 189.783816 72.082054 1
87.393886 193.193939 55.918008 1
85.029464 175.599307 62.451288 1
82.101486 153.811007 70.541756 1
82.656905 130.531330 67.362726 1
83.119201 111.154926 64.716718 1
80.148353 103.140886 78.657907 1
79.531333 101.896099 86.507789 1
102.108265 193.088673 56.061991 1
105.109575 175.598732 62.615097 1
108.826210 153.940287 70.730049 1
108.401805 130.657400 66.219869 1
108.055680 111.669080 62.541596 1
111.385940 102.955516 75.972557 1
112.190192 101.911276 83.834777 1
94.687500 195.409100 58.603600 1
94.699114 203.671813 59.532344 1
94.644498 214.108681 60.170464 1
94.444388 224.021981 61.609495 1
93.586637 248.581936 69.308546 1
95.030772 255.307786 72.924831 1
94.408415 274.670426 68.791907 1
89.855590 234.481973 63.788316 1
77.317123 241.044038 64.847555 1
76.519425 234.187747 66.765627 1
74.196005 214.217732 72.352310 1
74.223350 206.599101 74.918358 1
74.278224 191.310114 80.067878 1
74.278224 191.310114 80.067878 1
98.287864 234.781323 63.772827 1
110.754766 241.332063 65.522109 1
112.644685 234.428205 65.820444 1
118.149368 214.319644 66.689393 1
118.936116 206.544369 68.574870 1
120.514955 190.941030 72.358619 1
120.514955 190.941030 72.358619 1
87.338687 194.141939 57.328139 1
85.266147 176.202596 62.961068 1
82.699620 153.987426 69.936588 1
82.989521 130.665003 67.048912 1
83.230818 111.253021 64.645407 1
80.364583 103.469604 78.738335 1
79.844988 102.135270 86.580556 1
102.053398 194.105093 57.471937 1
104.840967 176.233883 63.012555 1
108.292918 154.103301 69.873706 1
108.076677 130.747134 65.743644 1
107.900320 111.699051 62.375377 1
111.066002 103.195144 75.979404 1
111.745501 101.887803 83.814000 1
94.548700 196.129800 59.782000 1
94.552070 204.413801 60.496458 1
94.491226 214.864754 60.831525 1
94.294524 224.822679 61.920284 1
93.468110 249.681929 68.593911 1
94.893573 256.433095 72.170209 1
94.343272 275.798162 68.038432 1
89.718635 235.369414 63.664814 1
77.117164 241.851344 64.428582 1
76.172337 235.033077 66.414173 1
73.420381 215.173809 72.197515 1
73.391872 207.577362 74.828498 1
73.334660 192.332893 80.108327 1
73.334660 192.332893 80.108327 1
98.151241 235.658031 63.633951 1
110.708120 242.101344 65.118655 1
112.601777 235.206357 65.562792 1
118.117353 215.123633 66.856411 1
118.958021 207.376453 68.832105 1
120.645063 191.829493 72.796901 1
120.645063 191.829493 72.796901 1
87.200549 194.822364 58.543920 1
85.366827 176.630278 63.394774 1
83.096038 154.102124 69.401812 1
83.213571 130.746526 66.782581 1
83.311400 111.306932 64.602511 1
80.559289 103.700050 78.814082 1
80.125706 102.455426 86.676255 1
101.915366 194.804613 58.680336 1
104.520239 176.681394 63.435613 1
107.745952 154.238738 69.324247 1
107.739577 130.852531 65.361925 1
107.734376 111.779949 62.130456 1
110.781717 103.448205 75.867388 1
111.361788 101.920344 83.670010 1
94.445500 196.642800 60.835100 1
94.446394 204.939954 61.375808 1
94.386487 215.395946 61.459646 1
94.198841 225.382371 62.247352 1
93.415512 250.469117 68.013122 1
94.804902 257.260983 71.525990 1
94.362369 276.616207 67.335561 1
89.640525 235.992781 63.609962 1
76.966700 242.356201 64.136151 1
75.892106 235.570663 66.167347 1
72.762184 215.806724 72.083523 1
72.620891 208.238740 74.791759 1
72.337343 193.051391 80.226621 1
72.337343 193.051391 80.226621 1
98.073548 236.266761 63.563582 1
110.689537 242.645517 64.806208 1
112.549226 235.750455 65.375170 1
117.965860 215.667511 67.032358 1
118.826338 207.960908 69.152909 1
120.553136 192.495377 73.408403 1
120.553136 192.495377 73.408403 1
87.096687 195.307061 59.631643 1
85.413043 176.931727 63.797905 1
83.328104 154.176647 68.957179 1
83.357318 130.796347 66.565771 1
83.381637 111.336192 64.575326 1
80.702105 103.873683 78.877025 1
80.321452 102.703989 86.753431 1
101.811632 195.297471 59.754477 1
104.273124 176.994339 63.851489 1
107.321282 154.328890 68.924970 1
107.484996 130.922648 65.086259 1
107.618511 111.833725 61.955602 1
110.578406 103.624422 75.785059 1
111.098270 102.079867 83.588639 1
94.364700 197.044000 61.746400 1
94.356588 205.349132 62.146211 1
94.287640 215.804620 62.018113 1
94.097838 225.808561 62.537255 1
93.322013 251.074475 67.460082 1
94.657823 257.877353 70.972426 1
94.344869 277.222793 66.725518 1
89.543527 236.460662 63.540625 1
76.772303 242.639871 63.870847 1
75.605162 235.895519 65.986394 1
72.205683 216.251543 72.148257 1
71.928617 208.706061 74.908301 1
71.372600 193.563871 80.447128 1
71.372600 193.563871 80.447128 1
97.976712 236.729141 63.491732 1
110.631215 243.065554 64.544943 1
112.439416 236.168688 65.243294 1
117.706083 216.080491 67.277349 1
118.569153 208.415664 69.543277 1
120.301151 193.033969 74.090510 1
120.301151 193.033969 74.090510 1
87.016542 195.679799 60.571204 1
85.422339 177.174275 64.155816 1
83.448160 154.257977 68.594804 1
83.423416 130.860703 66.375555 1
83.402824 111.386420 64.528403 1
80.750223 104.039220 78.894679 1
80.393068 102.929674 86.780882 1
101.731572 195.688774 60.683335 1
104.078492 177.248013 64.187532 1
106.984772 154.412133 68.526906 1
107.286720 130.985492 64.823395 1
107.532972 111.879933 61.803000 1
110.410784 103.778935 75.713412 1
110.878559 102.236455 83.520697 1
94.202600 197.402400 62.570100 1
94.204101 205.712748 62.840723 1
94.146314 216.164301 62.524342 1
93.963922 226.177655 62.813890 1
93.194017 251.571126 67.030694 1
94.435709 258.398966 70.529108 1
94.236648 277.756854 66.332353 1
89.413746 236.855772 63.513516 1
76.524412 242.791313 63.687476 1
75.297239 236.092914 65.912233 1
71.722906 216.582783 72.392185 1
71.311902 209.074970 75.236953 1
70.487100 194.008371 80.945805 1
70.487100 194.008371 80.945805 1
97.847138 237.118667 63.470143 1
110.509741 243.467143 64.336839 1
112.260042 236.571776 65.182063 1
117.358070 216.487945 67.643906 1
118.190788 208.858178 70.036005 1
119.861875 193.546841 74.836435 1
119.861875 193.546841 74.836435 1
86.853139 196.028654 61.414334 1
85.324038 177.419559 64.448926 1
83.430478 154.375003 68.206798 1
83.422685 130.961422 66.166625 1
83.416202 111.473567 64.468525 1
80.770503 104.200394 78.873689 1
80.416410 103.131716 86.765672 1
101.568142 196.022224 61.530165 1
103.832280 177.483165 64.534509 1
106.636048 154.525560 68.254898 1
107.112228 131.085084 64.658788 1
107.500574 111.968241 61.725985 1
110.322585 103.986439 75.716503 1
110.737666 102.502449 83.538092 1
94.166800 197.650200 63.121400 1
94.176188 205.963545 63.274172 1
94.126683 216.408844 62.792852 1
93.950598 226.426005 62.892113 1
93.192204 251.907229 66.543765 1
94.332672 258.784167 69.979918 1
94.173018 278.165681 65.891928 1
89.405008 237.118938 63.355313 1
76.402361 242.804153 63.428229 1
75.142866 236.142304 65.742854 1
71.474394 216.738631 72.484561 1
70.928474 209.275405 75.422438 1
69.832926 194.298284 81.318140 1
69.832926 194.298284 81.318140 1
97.838498 237.377268 63.304195 1
110.487811 243.770310 64.025117 1
112.179142 236.877463 65.000874 1
117.105410 216.800972 67.842919 1
117.890952 209.208934 70.367358 1
119.467369 193.973313 75.433367 1
119.467369 193.973313 75.433367 1
86.815063 196.267063 61.991600 1
85.373716 177.577889 64.537704 1
83.588825 154.434169 67.690657 1
83.533718 131.008411 65.796213 1
83.487854 111.510419 64.219407 1
80.889576 104.346372 78.687749 1
80.567884 103.334947 86.588659 1
101.530150 196.248550 62.094752 1
103.723430 177.632973 64.644051 1
106.439452 154.580613 67.800941 1
107.015953 131.126263 64.311558 1
107.486116 111.998105 61.465795 1
110.282915 104.087354 75.501659 1
110.671950 102.638342 83.331140 1
94.088800 197.841800 63.603900 1
94.110373 206.156337 63.659874 1
94.075075 216.594962 63.049742 1
93.914998 226.612810 63.011545 1
93.207682 252.147770 66.277747 1
94.211330 259.127675 69.544812 1
94.081904 278.530318 65.557214 1
89.388320 237.319252 63.323060 1
76.249166 242.681906 63.343313 1
74.953507 236.031438 65.670668 1
71.179697 216.660912 72.449451 1
70.562143 209.209811 75.403875 1
69.322840 194.257023 81.332781 1
69.322840 194.257023 81.332781 1
97.822082 237.562442 63.248198 1
110.450062 244.007415 63.874545 1
112.084946 237.115068 64.945412 1
116.846802 217.040035 68.064480 1
117.591797 209.488884 70.720418 1
119.086844 194.335315 76.050320 1
119.086844 194.335315 76.050320 1
86.732284 196.456262 62.508677 1
85.372214 177.709291 64.640958 1
83.687973 154.493998 67.281453 1
83.596984 131.059437 65.500667 1
83.521254 111.554119 64.018461 1
80.997878 104.495123 78.551550 1
80.721239 103.539368 86.461092 1
101.447543 196.417633 62.575212 1
103.603573 177.751062 64.756900 1
106.273467 154.635554 67.458564 1
106.920455 131.167224 64.077203 1
107.448104 112.027666 61.319537 1
110.274349 104.167810 75.378076 1
110.670027 102.743291 83.211719 1
94.003800 197.995300 64.062300 1
94.033122 206.310002 64.065002 1
94.006577 216.743790 63.376716 1
93.859436 226.761001 63.241808 1
93.200821 252.334102 66.205806 1
94.055060 259.407283 69.310719 1
93.948339 278.815817 65.351221 1
89.350666 237.477753 63.436723 1
76.100813 242.560750 63.456160 1
74.794501 235.907387 65.769243 1
70.989665 216.528431 72.506461 1
70.380799 209.088299 75.490187 1
69.158932 194.157524 81.477898 1
69.158932 194.157524 81.477898 1
97.784604 237.706292 63.338972 1
110.402132 244.176449 63.914188 1
112.002105 237.288121 65.060954 1
116.662278 217.224794 68.401089 1
117.352078 209.699272 71.143275 1
118.736359 194.597132 76.646259 1
118.736359 194.597132 76.646259 1
86.642970 196.609633 62.996628 1
85.341891 177.823656 64.796509 1
83.730701 154.560059 67.025379 1
83.619000 131.117632 65.352579 1
83.526030 111.605767 63.960253 1
81.074963 104.636968 78.549141 1
80.839900 103.729362 86.465696 1
101.358316 196.557732 63.022088 1
103.496236 177.859751 64.936228 1
106.143704 154.705348 67.306577 1
106.845801 131.226617 64.009467 1
107.418394 112.078576 61.320511 1
110.279521 104.265068 75.397818 1
110.686807 102.863232 83.234956 1
93.952100 198.082100 64.319200 1
93.980173 206.396765 64.293048 1
93.953552 216.827195 63.555606 1
93.811475 226.843248 63.348597 1
93.179800 252.444557 66.064573 1
93.897967 259.587380 69.041888 1
93.863603 278.994948 65.076367 1
89.313157 237.565748 63.442982 1
75.989986 242.453377 63.446205 1
74.698515 235.798621 65.763610 1
70.936905 216.415605 72.513412 1
70.382016 208.999242 75.566042 1
69.268469 194.116164 81.692028 1
69.268469 194.116164 81.692028 1
97.747230 237.785161 63.336328 1
110.362996 244.262596 63.866509 1
111.949506 237.386640 65.102732 1
116.570463 217.359343 68.703424 1
117.229302 209.845249 71.484289 1
118.551451 194.766042 77.064891 1
118.551451 194.766042 77.064891 1
86.589465 196.691688 63.272340 1
85.316657 177.884138 64.853902 1
83.740477 154.593827 66.812416 1
83.629207 131.146655 65.207470 1
83.536598 111.630840 63.871622 1
81.120436 104.739990 78.503296 1
80.904369 103.874604 86.425119 1
101.304841 196.641998 63.269983 1
103.434237 177.921652 64.962153 1
106.071150 154.739553 67.057629 1
106.799343 131.251436 63.833846 1
107.393219 112.095741 61.204692 1
110.275487 104.303782 75.289628 1
110.690877 102.912465 83.128215 1
93.944800 198.133100 64.545400 1
93.970937 206.447681 64.498678 1
93.943815 216.875289 63.722365 1
93.805375 226.889896 63.452456 1
93.194600 252.514709 65.942124 1
93.846234 259.677520 68.886544 1
93.807737 279.076632 64.879902 1
89.315056 237.616161 63.455145 1
75.923826 242.314112 63.446435 1
74.650660 235.662088 65.781745 1
70.942365 216.287033 72.583700 1
70.485274 208.885476 75.688040 1
69.567985 194.032113 81.917797 1
69.567985 194.032113 81.917797 1
97.749208 237.828332 63.340483 1
110.372427 244.295345 63.817913 1
111.964340 237.437005 65.141935 1
116.601035 217.461022 68.998355 1
117.258474 209.954434 71.799749 1
118.577813 194.890291 77.421549 1
118.577813 194.890291 77.421549 1
86.581917 196.738413 63.505997 1
85.384350 177.911613 64.906979 1
83.901343 154.597463 66.641871 1
83.709361 131.148793 65.066723 1
83.549570 111.631730 63.755675 1
81.200173 104.785508 78.419137 1
81.029609 103.940668 86.344287 1
101.297301 196.692098 63.495734 1
103.430659 177.959678 65.043099 1
106.072479 154.762627 66.959257 1
106.804230 131.272948 63.747683 1
107.401007 112.115979 61.128488 1
110.299162 104.338576 75.218209 1
110.722440 102.954974 83.057740 1
93.879400 198.157800 64.748300 1
93.904008 206.472323 64.691484 1
93.875445 216.897968 63.889299 1
93.740114 226.911148 63.569485 1
93.151044 252.554391 65.867225 1
93.737646 259.729376 68.795638 1
93.705308 279.141236 64.851166 1
89.257568 237.640422 63.497203 1
75.806662 242.164683 63.498519 1
74.553567 235.517512 65.858373 1
70.903732 216.156590 72.731817 1
70.563410 208.762285 75.868268 1
69.880454 193.923472 82.162464 1
69.880454 193.923472 82.162464 1
97.691720 237.845539 63.370318 1
110.323669 244.298924 63.798727 1
111.932719 237.461539 65.207686 1
116.619332 217.546590 69.311498 1
117.302567 210.041034 72.109484 1
118.673675 194.978964 77.724445 1
118.673675 194.978964 77.724445 1
86.516069 196.760534 63.715558 1
85.380510 177.919997 64.976510 1
83.974291 154.588837 66.537997 1
83.717080 131.139712 64.978998 1
83.502998 111.622271 63.681393 1
81.214876 104.808459 78.369619 1
81.084869 103.978240 86.297083 1
101.231450 196.716845 63.695420 1
103.367945 177.975913 65.131380 1
106.013648 154.768322 66.909581 1
106.741054 131.279256 63.692540 1
107.334286 112.122787 61.068885 1
110.249129 104.344738 75.154806 1
110.681812 102.960824 82.993769 1
93.861300 198.193100 64.911700 1
93.887370 206.507484 64.837725 1
93.858850 216.930819 64.006060 1
93.718337 226.942444 63.642763 1
93.103569 252.598097 65.790333 1
93.684856 259.773946 68.717686 1
93.662509 279.208226 64.885130 1
89.224484 237.666408 63.509981 1
75.753736 242.131243 63.515213 1
74.541747 235.495368 65.927742 1
71.011643 216.167349 72.954608 1
70.771282 208.769902 76.092904 1
70.288927 193.924785 82.390802 1
70.288927 193.924785 82.390802 1
97.658346 237.879610 63.377288 1
110.310894 244.294011 63.782660 1
111.944043 237.478720 65.268818 1
116.700844 217.628120 69.597486 1
117.420472 210.112596 72.359357 1
118.864612 195.030522 77.901846 1
118.864612 195.030522 77.901846 1
86.497496 196.795016 63.883445 1
85.371774 177.945793 65.016961 1
83.977737 154.603876 66.420638 1
83.732512 131.151024 64.916741 1
83.528406 111.630481 63.664999 1
81.245711 104.850165 78.369561 1
81.117288 104.038538 86.298975 1
101.212865 196.748669 63.860195 1
103.346243 178.000362 65.201384 1
105.988085 154.783636 66.862225 1
106.734254 131.293827 63.654927 1
107.342789 112.136751 61.039218 1
110.259012 104.371862 75.132112 1
110.690059 102.994299 82.972283 1
93.824100 198.226400 65.040600 1
93.856022 206.540558 64.946352 1
93.832794 216.961733 64.087888 1
93.692871 226.972298 63.696229 1
93.068536 252.634233 65.764512 1
93.622597 259.825181 68.659920 1
93.619583 279.280947 64.937908 1
89.194857 237.694066 63.530982 1
75.696325 242.074139 63.551844 1
74.524607 235.450848 66.018244 1
71.111796 216.159479 73.202020 1
70.908887 208.784143 76.394534 1
70.501690 193.983399 82.801239 1
70.501690 193.983399 82.801239 1
97.628615 237.910109 63.396292 1
110.281127 244.326291 63.773649 1
111.925434 237.535238 65.355388 1
116.714736 217.755239 69.962451 1
117.500479 210.211537 72.627797 1
119.077298 195.072915 77.976578 1
119.077298 195.072915 77.976578 1
86.459694 196.830964 64.013063 1
85.342636 177.975209 65.041665 1
83.959327 154.625204 66.315420 1
83.724910 131.168873 64.865007 1
83.529799 111.645435 63.657782 1
81.247158 104.897749 78.377354 1
81.117722 104.104113 86.308573 1
101.175034 196.774264 63.995313 1
103.324810 178.022258 65.256199 1
105.986959 154.800952 66.817599 1
106.711746 131.311212 63.604891 1
107.302843 112.154193 60.984770 1
110.252700 104.389500 75.070770 1
110.703841 103.012603 82.909928 1
93.770300 198.286300 65.128800 1
93.809567 206.600257 65.020580 1
93.791714 217.019990 64.144661 1
93.650462 227.029872 63.736394 1
93.008159 252.694719 65.762618 1
93.554099 259.888591 68.652300 1
93.550864 279.345707 64.937351 1
89.143935 237.747850 63.557737 1
75.637150 242.102349 63.588475 1
74.513435 235.483365 66.088546 1
71.240439 216.204541 73.370390 1
71.042349 208.839198 76.586192 1
70.644821 194.058507 83.039629 1
70.644821 194.058507 83.039629 1
97.577386 237.970226 63.414407 1
110.225603 244.396672 63.759723 1
111.887518 237.623206 65.397478 1
116.728106 217.894431 70.167694 1
117.556486 210.327501 72.753086 1
119.218869 195.142264 77.941415 1
119.218869 195.142264 77.941415 1
86.404104 196.895700 64.107553 1
85.308901 178.032595 65.018115 1
83.952658 154.673488 66.145695 1
83.726706 131.213162 64.760004 1
83.538641 111.686398 63.606648 1
81.281304 104.945040 78.333021 1
81.164405 104.155238 86.264818 1
101.119376 196.825867 64.082013 1
103.213336 178.059176 65.211509 1
105.806366 154.819686 66.610203 1
106.640677 131.324359 63.465654 1
107.321096 112.162782 60.901119 1
110.211035 104.475437 75.041859 1
110.616980 103.136689 82.890089 1
93.741200 198.268600 65.174000 1
93.781199 206.582721 65.079560 1
93.764180 217.003512 64.216302 1
93.630484 227.013631 63.811300 1
93.029659 252.680631 65.822918 1
93.520150 259.882146 68.703491 1
93.488413 279.335910 64.971162 1
89.138715 237.737877 63.637217 1
75.598405 241.986361 63.716040 1
74.493848 235.361888 66.210105 1
71.276656 216.067079 73.474458 1
71.067098 208.695763 76.675815 1
70.646558 193.903087 83.100265 1
70.646558 193.903087 83.100265 1
97.572085 237.948198 63.472515 1
110.211550 244.393164 63.792185 1
111.887576 237.631824 65.465285 1
116.769266 217.938368 70.338449 1
117.618411 210.352653 72.861297 1
119.322467 195.129718 77.924117 1
119.322467 195.129718 77.924117 1
86.372572 196.880541 64.166940 1
85.286627 178.013506 65.004202 1
83.941848 154.649531 66.041011 1
83.733829 131.184627 64.732135 1
83.560691 111.654054 63.642715 1
81.341256 104.911333 78.374224 1
81.242200 104.121788 86.306289 1
101.087742 196.809082 64.108317 1
103.134302 178.033556 65.176188 1
105.668635 154.783126 66.498570 1
106.603269 131.286154 63.394793 1
107.365507 112.123236 60.863510 1
110.208104 104.495171 75.045886 1
110.576886 103.184798 82.900737 1
93.713200 198.256200 65.211400 1
93.753080 206.570457 65.129767 1
93.734911 216.992386 64.280375 1
93.599867 227.002852 63.884513 1
92.999465 252.668872 65.908731 1
93.464116 259.880369 68.768539 1
93.409014 279.332343 65.027162 1
89.105886 237.726409 63.725734 1
75.555733 241.942950 63.825658 1
74.477480 235.310377 66.309684 1
71.336899 215.991973 73.544797 1
71.105233 208.611218 76.722797 1
70.640325 193.799599 83.100373 1
70.640325 193.799599 83.100373 1
97.538807 237.938236 63.541165 1
110.181329 244.376994 63.865001 1
111.881354 237.623385 65.545099 1
116.832946 217.952448 70.438645 1
117.679403 210.349708 72.910638 1
119.378063 195.092609 77.871402 1
119.378063 195.092609 77.871402 1
86.341780 196.869803 64.222648 1
85.267873 178.002053 65.059345 1
83.938000 154.637194 66.095455 1
83.740426 131.172877 64.774510 1
83.575982 111.642791 63.675045 1
81.410470 104.888155 78.409120 1
81.338641 104.092891 86.340907 1
101.056729 196.798244 64.123056 1
103.128389 178.026817 65.214307 1
105.693804 154.781460 66.565642 1
106.615108 131.285797 63.448004 1
107.366474 112.123946 60.905416 1
110.268147 104.492945 75.074242 1
110.670038 103.181102 82.927224 1
93.690200 198.249200 65.252200 1
93.729891 206.563419 65.166698 1
93.710719 216.985224 64.315806 1
93.577094 226.995950 63.926098 1
92.991583 252.659516 65.985491 1
93.431823 259.881840 68.821741 1
93.384593 279.335357 65.088288 1
89.086796 237.721397 63.792804 1
75.533266 241.926307 63.920904 1
74.464686 235.289988 66.399099 1
71.352281 215.960673 73.617227 1
71.102339 208.574177 76.780467 1
70.600754 193.751035 83.128425 1
70.600754 193.751035 83.128425 1
97.519300 237.930292 63.587080 1
110.161227 244.370912 63.896825 1
111.881434 237.622115 65.575716 1
116.891809 217.965194 70.465748 1
117.718485 210.342531 72.882462 1
119.377448 195.045450 77.732291 1
119.377448 195.045450 77.732291 1
86.316783 196.862340 64.279114 1
85.254734 177.993739 65.111740 1
83.939545 154.627826 66.142811 1
83.750112 131.165414 64.787287 1
83.592443 111.636914 63.659040 1
81.461322 104.878583 78.396435 1
81.406690 104.081836 86.328210 1
101.031499 196.790761 64.149548 1
103.118606 178.019715 65.217679 1
105.703151 154.774831 66.540383 1
106.592281 131.278148 63.421081 1
107.317409 112.115467 60.877138 1
110.268695 104.466423 75.025974 1
110.700754 103.145672 82.875860 1
93.677700 198.241200 65.298400 1
93.714226 206.555558 65.225940 1
93.689148 216.978641 64.391017 1
93.550656 226.989776 64.013696 1
92.960614 252.651295 66.097162 1
93.359170 259.884978 68.910537 1
93.337910 279.347618 65.224701 1
89.055811 237.713563 63.901867 1
75.489089 241.874229 64.071480 1
74.416175 235.235403 66.541072 1
71.291144 215.898787 73.734144 1
71.059875 208.509604 76.892526 1
70.595764 193.681069 83.230733 1
70.595764 193.681069 83.230733 1
97.487650 237.925965 63.673685 1
110.117898 244.390925 63.951089 1
111.850698 237.643121 65.620994 1
116.897750 217.989089 70.484853 1
117.716950 210.353050 72.861555 1
119.360910 195.029126 77.631088 1
119.360910 195.029126 77.631088 1
86.302527 196.853221 64.340331 1
85.242815 177.981612 65.104999 1
83.930521 154.611975 66.051913 1
83.751997 131.146948 64.740890 1
83.603409 111.616273 63.649684 1
81.505609 104.868437 78.396665 1
81.467215 104.077986 86.329166 1
101.016925 196.787150 64.176319 1
103.095456 178.016043 65.260000 1
105.669380 154.771084 66.601959 1
106.601983 131.276872 63.476753 1
107.362563 112.116205 60.927994 1
110.315165 104.492581 75.090269 1
110.742413 103.183638 82.942395 1
93.678400 198.244200 65.359500 1
93.714799 206.558711 65.307378 1
93.687974 216.983550 64.494726 1
93.550246 226.995280 64.133263 1
92.967196 252.654797 66.243189 1
93.347543 259.897641 69.035436 1
93.338584 279.373903 65.422215 1
89.055398 237.719288 64.045223 1
75.468864 241.813151 64.250689 1
74.374308 235.175846 66.714867 1
71.186242 215.843660 73.892169 1
70.965879 208.455111 77.052815 1
70.523654 193.627852 83.395567 1
70.523654 193.627852 83.395567 1
97.486522 237.931688 63.791988 1
110.100220 244.429980 64.042327 1
111.831263 237.674291 65.681899 1
116.873199 217.997294 70.457408 1
117.689328 210.355447 72.816436 1
119.327124 195.019870 77.550501 1
119.327124 195.019870 77.550501 1
86.300683 196.858591 64.417730 1
85.247095 177.984761 65.134548 1
83.942385 154.612373 66.022206 1
83.775791 131.146819 64.719094 1
83.637132 111.615703 63.634472 1
81.586954 104.878572 78.393041 1
81.572229 104.094620 86.326266 1
101.014589 196.792901 64.214244 1
103.089850 178.020629 65.283922 1
105.659724 154.774228 66.608541 1
106.607366 131.280318 63.485586 1
107.380213 112.119898 60.938662 1
110.353520 104.501796 75.099577 1
110.790007 103.194984 82.951550 1
93.682300 198.251300 65.439400 1
93.719092 206.565853 65.394860 1
93.692101 216.991349 64.590688 1
93.555244 227.003327 64.235799 1
92.989247 252.662182 66.358374 1
93.340418 259.908874 69.144453 1
93.353994 279.398374 65.603347 1
89.065026 237.729395 64.164062 1
75.456498 241.747694 64.402972 1
74.330452 235.116518 66.869462 1
71.050668 215.802185 74.053498 1
70.818325 208.417793 77.222988 1
70.352058 193.598875 83.583486 1
70.352058 193.598875 83.583486 1
97.495560 237.938108 63.889077 1
110.099778 244.455725 64.113108 1
111.819041 237.693538 65.738224 1
116.826665 217.997614 70.471627 1
117.633537 210.347158 72.805801 1
119.252758 194.994302 77.489991 1
119.252758 194.994302 77.489991 1
86.303313 196.866954 64.505755 1
85.260339 177.990724 65.173191 1
83.968773 154.615364 65.999698 1
83.803817 131.149860 64.695461 1
83.666521 111.618787 63.609903 1
81.646135 104.901003 78.381394 1
81.646870 104.127657 86.315673 1
101.016945 196.800656 64.283472 1
103.086057 178.025764 65.318513 1
105.648318 154.776118 66.600240 1
106.616534 131.283121 63.476725 1
107.406160 112.123446 60.929345 1
110.382930 104.516916 75.095751 1
110.818772 103.215452 82.948649 1
93.644200 198.260300 65.537500 1
93.685906 206.574797 65.487197 1
93.664030 217.000007 64.679166 1
93.532912 227.012161 64.327102 1
92.991877 252.669560 66.473657 1
93.290494 259.925575 69.241538 1
93.327522 279.426959 65.766647 1
89.049455 237.741202 64.281836 1
75.421573 241.690037 64.570607 1
74.272170 235.064443 67.041318 1
70.924353 215.766367 74.237652 1
70.656477 208.384059 77.409194 1
70.118904 193.569325 83.773811 1
70.118904 193.569325 83.773811 1
97.478998 237.944671 63.974448 1
110.067145 244.494128 64.172019 1
111.776725 237.727616 65.789333 1
116.756144 218.019098 70.500013 1
117.558998 210.363515 72.818712 1
119.170156 195.000371 77.471847 1
119.170156 195.000371 77.471847 1
86.262927 196.879746 64.616400 1
85.244299 177.999816 65.212998 1
83.982882 154.619872 65.951782 1
83.811168 131.154518 64.645723 1
83.668248 111.623570 63.558648 1
81.695004 104.930950 78.347924 1
81.721295 104.171019 86.283456 1
100.976148 196.804460 64.371046 1
103.051924 178.027494 65.353796 1
105.622435 154.775279 66.570770 1
106.595207 131.282304 63.448510 1
107.388548 112.122646 60.902152 1
110.401722 104.516843 75.061251 1
110.856319 103.215188 82.913054 1
93.662900 198.270900 65.593800 1
93.704498 206.585469 65.557081 1
93.682079 217.011849 64.764310 1
93.554929 227.024406 64.422401 1
93.042252 252.681193 66.583184 1
93.306713 259.947509 69.327415 1
93.339043 279.463335 65.934522 1
89.080170 237.757144 64.397477 1
75.436043 241.644770 64.743863 1
74.269030 235.025780 67.224001 1
70.869922 215.746937 74.447790 1
70.553639 208.367552 77.621673 1
69.918925 193.558682 83.990990 1
69.918925 193.558682 83.990990 1
97.508792 237.953844 64.061702 1
110.092604 244.512008 64.246023 1
111.791315 237.742787 65.863448 1
116.739074 218.026373 70.574450 1
117.542921 210.371509 72.895180 1
119.156069 195.009809 77.552389 1
119.156069 195.009809 77.552389 1
86.279104 196.891861 64.690829 1
85.268959 178.009502 65.221369 1
84.018046 154.626553 65.878349 1
83.854162 131.160903 64.576607 1
83.717758 111.629708 63.493125 1
81.793208 104.963017 78.300517 1
81.844070 104.217582 86.237304 1
100.991591 196.816989 64.404690 1
103.065569 178.038336 65.358589 1
105.633856 154.784033 66.539836 1
106.608561 131.290091 63.425468 1
107.403480 112.129644 60.885547 1
110.443646 104.530408 75.042402 1
110.912303 103.232014 82.893917 1
93.624900 198.303900 65.679900 1
93.664346 206.618539 65.661354 1
93.641884 217.046307 64.887049 1
93.523367 227.059365 64.556907 1
93.058725 252.715840 66.732208 1
93.283006 260.010727 69.403242 1
93.294848 279.543812 66.111033 1
89.066878 237.799726 64.546496 1
75.419255 241.672598 64.919433 1
74.232193 235.065132 67.420699 1
70.774693 215.819860 74.706026 1
70.412317 208.449603 77.896152 1
69.685104 193.659052 84.298062 1
69.685104 193.659052 84.298062 1
97.495141 237.982238 64.194132 1
110.078320 244.542020 64.363517 1
111.757381 237.767699 65.980110 1
116.647910 218.036434 70.688689 1
117.427039 210.378622 73.008121 1
118.990584 195.011005 77.662728 1
118.990584 195.011005 77.662728 1
86.239590 196.924969 64.789225 1
85.256979 178.039219 65.245584 1
84.040164 154.652071 65.810703 1
83.785115 131.187256 64.508569 1
83.572833 111.656757 63.424761 1
81.714939 105.019910 78.254057 1
81.812000 104.286421 86.191527 1
100.951470 196.854467 64.472397 1
103.017650 178.070630 65.336958 1
105.576280 154.809906 66.407575 1
106.571758 131.307700 63.362905 1
107.383617 112.140514 60.879827 1
110.434360 104.551179 75.039716 1
110.906576 103.257312 82.891766 1
93.617400 198.320000 65.749000 1
93.655394 206.634665 65.755160 1
93.633924 217.064320 65.006677 1
93.525366 227.077911 64.689539 1
93.110897 252.735008 66.867639 1
93.308663 260.053903 69.474315 1
93.217745 279.602714 66.278078 1
89.088948 237.826582 64.684660 1
75.441981 241.699983 65.075666 1
74.239881 235.103149 67.597725 1
70.738578 215.888843 74.943616 1
70.353798 208.528368 78.153639 1
69.581622 193.757446 84.595481 1
69.581622 193.757446 84.595481 1
97.517173 237.993376 64.323692 1
110.106191 244.542242 64.481253 1
111.770107 237.764968 66.101121 1
116.616524 218.025099 70.819240 1
117.373391 210.364726 73.137588 1
118.892263 194.991970 77.790017 1
118.892263 194.991970 77.790017 1
86.230792 196.942430 64.867025 1
85.262152 178.054464 65.256658 1
84.062638 154.664571 65.739146 1
83.796282 131.199246 64.448528 1
83.574589 111.668322 63.374305 1
81.760955 105.061637 78.222536 1
81.882564 104.343946 86.161112 1
100.942113 196.875459 64.524484 1
103.008383 178.089531 65.342120 1
105.567125 154.826218 66.354628 1
106.573697 131.322012 63.329104 1
107.394603 112.153195 60.861641 1
110.457078 104.566890 75.020622 1
110.934335 103.274090 82.872543 1
93.592600 198.345400 65.841400 1
93.631829 206.660046 65.857523 1
93.614640 217.090295 65.117257 1
93.519002 227.104004 64.799689 1
93.162628 252.763889 66.955108 1
93.307548 260.098656 69.520316 1
93.115597 279.656638 66.385236 1
89.105752 237.862206 64.790799 1
75.460871 241.741046 65.200241 1
74.242930 235.150157 67.730230 1
70.695486 215.953165 75.099216 1
70.306545 208.597591 78.319955 1
69.526019 193.836506 84.783300 1
69.526019 193.836506 84.783300 1
97.533845 238.010504 64.418826 1
110.130682 244.544332 64.575715 1
111.779761 237.766412 66.208007 1
116.582964 218.024663 70.962312 1
117.319937 210.364516 73.287805 1
118.798884 194.992213 77.954573 1
118.798884 194.992213 77.954573 1
86.204991 196.969975 64.964481 1
85.238027 178.080311 65.265988 1
84.040589 154.688315 65.639347 1
83.805336 131.222858 64.345097 1
83.609531 111.691824 63.267851 1
81.808990 105.101092 78.124763 1
81.933756 104.393414 86.064188 1
100.915984 196.901258 64.608493 1
102.972381 178.111177 65.352255 1
105.518897 154.842722 66.273281 1
106.551047 131.334700 63.286267 1
107.392814 112.162771 60.850209 1
110.452993 104.584941 75.014225 1
110.926255 103.295699 82.866972 1
