72 35
107.354900 142.635700 59.729700 1
107.364965 149.034979 59.507012 1
107.362941 158.117572 58.200299 1
107.502150 166.773599 56.664145 1
108.470990 189.152171 53.665630 1
107.150939 194.914219 57.067124 1
107.340565 212.157515 54.875451 1
104.103729 176.252190 55.010096 1
91.854000 178.490394 54.839114 1
90.752259 172.721777 57.082735 1
87.543277 155.919835 63.617607 1
90.764483 153.857589 69.545642 1
97.228742 149.719113 81.441910 1
97.228742 149.719113 81.441910 1
111.411646 175.788724 53.912380 1
123.515937 178.405470 55.228974 1
124.885600 172.724269 57.546857 1
128.874944 156.176938 64.298030 1
126.258290 153.650638 70.342992 1
121.007238 148.580912 82.473908 1
121.007238 148.580912 82.473908 1
101.632328 141.551593 59.583342 1
99.740520 138.296179 75.751209 1
97.397803 134.264849 95.772661 1
99.192461 113.826404 97.873865 1
100.686216 96.814781 99.622768 1
98.538910 92.412143 113.111063 1
98.095051 92.601654 120.090123 1
112.896203 141.490658 58.341398 1
116.227114 138.533485 74.333273 1
120.351899 134.871508 94.136567 1
121.002273 114.158247 96.087527 1
121.532684 97.265602 97.678627 1
126.223552 92.297647 110.297795 1
127.780696 92.105205 117.115349 1
107.338100 142.651700 59.735170 1
107.342850 149.050499 59.498909 1
107.334632 158.131005 58.177795 1
107.466921 166.786371 56.637314 1
108.410446 189.167945 53.653172 1
107.118028 194.939732 57.048762 1
107.298169 212.188811 54.902260 1
104.059266 176.260183 54.974903 1
91.807248 178.488945 54.851191 1
90.702265 172.724919 57.104993 1
87.483840 155.936348 63.669520 1
90.708221 153.867924 69.593674 1
97.178852 149.717049 81.482155 1
97.178852 149.717049 81.482155 1
111.372045 175.809213 53.904704 1
123.485884 178.422852 55.136958 1
124.857596 172.744454 57.460492 1
128.852909 156.205289 64.228126 1
126.244556 153.680678 70.277380 1
121.010163 148.614342 82.416909 1
121.010163 148.614342 82.416909 1
101.616689 141.562241 59.583251 1
99.727257 138.305813 75.751193 1
97.387482 134.273226 95.772735 1
99.180387 113.834585 97.873521 1
100.672683 96.822798 99.622077 1
98.519267 92.419163 113.109072 1
98.071393 92.608390 120.087884 1
112.882312 141.508599 58.356917 1
116.219298 138.544217 74.346191 1
120.351605 134.873313 94.146263 1
120.991821 114.158388 96.082854 1
121.513948 97.264385 97.662235 1
126.200671 92.286766 110.279135 1
127.756737 92.089559 117.096799 1
107.313900 142.645900 59.740930 1
107.305110 149.043224 59.467720 1
107.281181 158.118574 58.111828 1
107.400561 166.774387 56.572808 1
108.298944 189.170585 53.686033 1
107.138599 194.994310 57.040392 1
107.301025 212.249493 54.942076 1
103.979156 176.242053 54.903638 1
91.733095 178.505875 54.842506 1
90.627282 172.749462 57.115279 1
87.406441 155.983067 63.735064 1
90.626186 153.907293 69.659169 1
97.087513 149.741669 81.547552 1
97.087513 149.741669 81.547552 1
111.306450 175.821865 53.924031 1
123.441901 178.423450 54.952247 1
124.816259 172.747367 57.279871 1
128.819277 156.214945 64.059415 1
126.220661 153.688172 70.111955 1
121.005807 148.617497 82.258080 1
121.005807 148.617497 82.258080 1
101.595679 141.542440 59.571038 1
99.716686 138.285654 75.740123 1
97.389839 134.252625 95.763084 1
99.189642 113.816778 97.885046 1
100.687680 96.807317 99.651227 1
98.521650 92.404468 113.136459 1
98.065301 92.594627 120.114696 1
112.866511 141.507609 58.392839 1
116.215195 138.531809 74.377546 1
120.361989 134.846765 94.171962 1
120.997544 114.130113 96.091551 1
121.515868 97.234703 97.657066 1
126.195591 92.253947 110.275326 1
127.748525 92.055299 117.093663 1
107.267800 142.687300 59.741670 1
107.235870 149.081910 59.412411 1
107.184618 158.149275 58.004835 1
107.280131 166.806322 56.471099 1
108.094865 189.225876 53.745286 1
107.146202 195.122390 57.038470 1
107.298769 212.388311 55.029651 1
103.833155 176.263316 54.794055 1
91.598074 178.586037 54.843023 1
90.497569 172.837473 57.138129 1
87.292187 156.093938 63.822959 1
90.507517 154.010572 69.746798 1
96.959982 149.829711 81.634645 1
96.959982 149.829711 81.634645 1
111.181043 175.894706 53.958526 1
123.327712 178.540077 54.703556 1
124.705008 172.866538 57.035641 1
128.716580 156.341524 63.828181 1
126.113642 153.819616 69.880893 1
120.890113 148.758703 82.027362 1
120.890113 148.758703 82.027362 1
101.555157 141.559799 59.544213 1
99.688754 138.299267 75.714002 1
97.377497 134.261598 95.737833 1
99.181592 113.829217 97.889322 1
100.683201 96.822640 99.680080 1
98.488529 92.422134 113.161445 1
98.015816 92.613920 120.138548 1
112.833510 141.559247 58.439782 1
116.193172 138.569703 74.419619 1
120.353559 134.867639 94.208007 1
120.994804 114.149320 96.107595 1
121.517769 97.252549 97.656799 1
126.183741 92.274487 110.281214 1
127.728666 92.077067 117.101405 1
107.197000 142.733500 59.733420 1
107.139304 149.123464 59.326596 1
107.059538 158.178887 57.845401 1
107.130441 166.836351 56.312677 1
107.852535 189.281792 53.780686 1
107.147856 195.244583 57.015258 1
107.307691 212.529359 55.176344 1
103.658455 176.282295 54.624990 1
91.443265 178.700134 54.819473 1
90.346036 172.963479 57.145733 1
87.150195 156.254632 63.921308 1
90.369660 154.157534 69.838051 1
96.830425 149.949116 81.711658 1
96.830425 149.949116 81.711658 1
111.026947 175.970943 53.966339 1
123.167061 178.711628 54.414591 1
124.553574 173.036902 56.738310 1
128.591996 156.508430 63.506481 1
125.980527 153.998409 69.560459 1
120.739879 148.961351 81.709469 1
120.739879 148.961351 81.709469 1
101.491525 141.577385 59.497852 1
99.646745 138.308000 75.668335 1
97.362264 134.259368 95.693025 1
99.174198 113.831495 97.880439 1
100.682331 96.828671 99.701099 1
98.452814 92.430362 113.177462 1
97.961100 92.623544 120.153213 1
112.779366 141.615506 58.495753 1
116.156255 138.604558 74.467939 1
120.337975 134.875990 94.246851 1
120.992557 114.155212 96.114810 1
121.526399 97.256436 97.638218 1
126.182394 92.280677 110.267223 1
127.720381 92.083895 117.089000 1
107.125000 142.757000 59.715000 1
107.040354 149.141604 59.235282 1
106.930086 158.185685 57.688207 1
106.973303 166.845190 56.166020 1
107.581124 189.318236 53.858859 1
107.149891 195.324357 57.061115 1
107.307831 212.638014 55.517423 1
103.472578 176.278227 54.465555 1
91.294986 178.851913 54.886323 1
90.191426 173.133091 57.253143 1
86.977145 156.476185 64.146853 1
90.235855 154.353045 70.032744 1
96.775375 150.092368 81.844438 1
96.775375 150.092368 81.844438 1
110.859149 176.032138 54.014502 1
122.971648 178.922592 54.179695 1
124.383302 173.247143 56.486451 1
128.494949 156.716567 63.205216 1
125.839847 154.217000 69.244522 1
120.511637 149.200920 81.364090 1
120.511637 149.200920 81.364090 1
101.427497 141.570379 59.441258 1
99.611855 138.308347 75.616523 1
97.363459 134.268820 95.647135 1
99.185062 113.840977 97.826786 1
100.701244 96.838178 99.640984 1
98.419474 92.420234 113.102170 1
97.906057 92.601803 120.076669 1
112.723630 141.652449 58.540327 1
116.117956 138.638644 74.508277 1
120.321270 134.906538 94.281944 1
120.968845 114.180592 96.094182 1
121.496973 97.277602 97.572146 1
126.134915 92.286149 110.201601 1
127.664154 92.081283 117.025107 1
107.045600 142.789100 59.718380 1
106.937574 149.166251 59.152037 1
106.807289 158.196199 57.525978 1
106.837941 166.857579 56.014193 1
107.375406 189.357274 53.963560 1
107.170001 195.343381 57.225189 1
107.398709 212.682399 56.009942 1
103.333075 176.286872 54.301538 1
91.228163 179.109798 55.074089 1
90.062817 173.429782 57.503905 1
86.668577 156.885906 64.581099 1
90.070114 154.707650 70.365160 1
96.896259 150.336366 81.972504 1
96.896259 150.336366 81.972504 1
110.731711 176.090375 54.084719 1
122.786553 179.216727 54.047888 1
124.232741 173.539108 56.327755 1
128.444975 157.002211 62.968199 1
125.723851 154.526271 68.987820 1
120.263149 149.557605 81.067882 1
120.263149 149.557605 81.067882 1
101.356892 141.572454 59.397563 1
99.588139 138.307645 75.577462 1
97.397805 134.264681 95.613813 1
99.184730 113.846393 97.908653 1
100.672049 96.851547 99.818726 1
98.403069 92.475662 113.295803 1
97.882503 92.682694 120.269063 1
112.661868 141.694962 58.620683 1
116.062746 138.651113 74.581539 1
120.274173 134.881801 94.346421 1
120.973466 114.157803 96.161704 1
121.543773 97.256400 97.642153 1
126.174594 92.299377 110.287771 1
127.692749 92.110258 117.114206 1
106.942600 142.863500 59.658210 1
106.814571 149.232129 59.006568 1
106.669110 158.248394 57.307505 1
106.691074 166.913930 55.819574 1
107.162761 189.441255 54.079646 1
107.280808 195.318988 57.536844 1
107.516423 212.684225 56.786047 1
103.189022 176.345520 54.113821 1
91.199316 179.459601 55.396039 1
89.934592 173.834657 57.903046 1
86.250899 157.451183 65.205071 1
89.840490 155.073399 70.793596 1
97.044017 150.301707 82.008539 1
97.044017 150.301707 82.008539 1
110.591815 176.192558 54.140252 1
122.560434 179.631975 54.009084 1
124.060036 173.960322 56.269207 1
128.427843 157.440802 62.852148 1
125.632167 154.981419 68.844330 1
120.021856 150.045979 80.869331 1
120.021856 150.045979 80.869331 1
101.263194 141.618087 59.286943 1
99.547926 138.349168 75.471770 1
97.423827 134.301113 95.514223 1
99.196040 113.889675 97.880301 1
100.671113 96.900530 99.849668 1
98.389489 92.555230 113.334504 1
97.860525 92.778570 120.306629 1
112.575909 141.779396 58.640818 1
115.983637 138.712548 74.595810 1
120.203546 134.914757 94.353429 1
120.946701 114.191488 96.159592 1
121.552778 97.290680 97.632603 1
126.173763 92.356035 110.290565 1
127.680639 92.176628 117.119761 1
106.809900 142.898700 59.542770 1
106.660187 149.258019 58.809885 1
106.495886 158.263629 57.056891 1
106.501308 166.940559 55.636750 1
106.865816 189.502379 54.387092 1
107.239527 195.271630 58.005098 1
107.624706 212.648747 57.764065 1
102.988298 176.383037 54.015882 1
91.159363 179.792423 55.899237 1
89.811222 174.202521 58.440914 1
85.884564 157.921113 65.843919 1
89.658466 155.480388 71.281856 1
97.231863 150.582386 82.194602 1
97.231863 150.582386 82.194602 1
110.387212 176.278209 54.281436 1
122.261571 180.024529 54.037817 1
123.833658 174.367055 56.284179 1
128.412590 157.888834 62.827036 1
125.547622 155.451757 68.795557 1
119.798257 150.561082 80.773073 1
119.798257 150.561082 80.773073 1
101.140369 141.622529 59.127613 1
99.483084 138.367661 75.321311 1
97.430786 134.337006 95.374749 1
99.178575 113.931904 97.812561 1
100.633319 96.948034 99.841635 1
98.335101 92.631142 113.332775 1
97.797735 92.869120 120.303773 1
112.458433 141.827973 58.598228 1
115.896312 138.756880 74.545933 1
120.153559 134.953832 94.294529 1
120.898301 114.231826 96.114477 1
121.505673 97.332049 97.598730 1
126.112886 92.429938 110.274341 1
127.611493 92.267740 117.105786 1
106.741400 142.939000 59.512960 1
106.569304 149.288495 58.703782 1
106.384374 158.288198 56.922731 1
106.372409 166.985289 55.631838 1
106.622370 189.577577 55.125617 1
107.353703 195.247976 58.843900 1
107.748326 212.621241 59.273553 1
102.848761 176.455015 54.204590 1
91.234216 180.221821 56.655744 1
89.835913 174.651980 59.214303 1
85.763153 158.429002 66.666482 1
89.629728 155.962471 72.027122 1
97.389100 151.012684 82.784750 1
97.389100 151.012684 82.784750 1
110.235847 176.384520 54.706010 1
122.005421 180.435138 54.300735 1
123.643423 174.787137 56.523714 1
128.414340 158.336504 62.998465 1
125.510728 155.951000 68.969146 1
119.683814 151.163819 80.950998 1
119.683814 151.163819 80.950998 1
101.081680 141.631644 59.062474 1
99.468991 138.379578 75.261236 1
97.471920 134.352392 95.320946 1
99.207965 113.951268 97.800091 1
100.652934 96.970708 99.863567 1
98.328917 92.667259 113.354583 1
97.779608 92.911818 120.324422 1
112.402976 141.883559 58.631403 1
115.844579 138.811006 74.578024 1
120.106437 135.006150 94.325277 1
120.884519 114.284358 96.133674 1
121.519081 97.384755 97.608507 1
126.115259 92.498082 110.294082 1
127.603660 92.342508 117.127912 1
106.669200 142.979200 59.490150 1
106.478798 149.319478 58.615457 1
106.280315 158.320052 56.840276 1
106.257766 167.044315 55.748177 1
106.403846 189.637432 56.258014 1
107.465487 195.176851 60.092288 1
107.846510 212.529964 61.038306 1
102.728701 176.554535 54.639011 1
91.384814 180.705528 57.668887 1
89.959030 175.119339 60.176126 1
85.806225 158.848748 67.478827 1
89.768306 156.395251 72.775325 1
97.719338 151.471618 83.404235 1
97.719338 151.471618 83.404235 1
110.097694 176.490628 55.359632 1
121.734370 180.899805 54.868142 1
123.432950 175.251629 57.044733 1
128.380311 158.800490 63.384371 1
125.448062 156.423633 69.344496 1
119.563678 151.653806 81.305164 1
119.563678 151.653806 81.305164 1
101.018057 141.645238 59.010907 1
99.436678 138.402890 75.214704 1
97.478380 134.387740 95.280648 1
99.212803 113.990087 97.789310 1
100.656422 97.012416 99.877356 1
98.311827 92.716814 113.367312 1
97.751759 92.965459 120.336150 1
112.341206 141.937060 58.661397 1
115.789521 138.842458 74.602303 1
120.059691 135.010298 94.342479 1
120.855801 114.285859 96.112293 1
121.505065 97.384098 97.555659 1
126.093689 92.488596 110.240565 1
127.575826 92.327389 117.075626 1
106.642200 143.035500 59.396590 1
106.433761 149.370720 58.489944 1
106.224360 158.383274 56.777921 1
106.201099 167.137470 55.959719 1
106.290116 189.667566 57.725244 1
107.578944 195.079043 61.670968 1
107.952869 212.403555 63.046516 1
102.679792 176.692101 55.297708 1
91.629376 181.177073 58.884905 1
90.180642 175.534831 61.249409 1
85.960993 159.100973 68.136372 1
90.007215 156.694508 73.390670 1
98.127099 151.865260 83.934893 1
98.127099 151.865260 83.934893 1
110.030137 176.593492 56.185477 1
121.510105 181.404350 55.784699 1
123.255793 175.718453 57.821303 1
128.340364 159.157445 63.753211 1
125.376465 156.802497 69.706373 1
119.428568 152.076635 81.653070 1
119.428568 152.076635 81.653070 1
100.997613 141.679868 58.901174 1
99.502036 138.428848 75.111379 1
97.649991 134.402959 95.185258 1
99.287601 114.007635 97.776566 1
100.650641 97.031903 99.933399 1
98.307679 92.817438 113.449207 1
97.762872 93.104112 120.417794 1
112.321023 142.008725 58.595814 1
115.759520 138.880529 74.532283 1
120.017533 135.006768 94.266965 1
120.848099 114.287241 96.077977 1
121.525465 97.389486 97.554942 1
126.099846 92.502842 110.248404 1
127.570515 92.344886 117.086017 1
106.663500 142.976400 59.189910 1
106.439411 149.317398 58.328516 1
106.223100 158.359131 56.778914 1
106.217912 167.139016 56.310367 1
106.375376 189.516353 59.466346 1
107.726688 194.832664 63.519086 1
108.026004 212.115884 65.355216 1
102.731315 176.728885 56.227284 1
92.020449 181.544130 60.372813 1
90.541933 175.801278 62.460454 1
86.235542 159.074379 68.541016 1
90.332391 156.674185 73.758824 1
98.553875 151.857522 84.229820 1
98.553875 151.857522 84.229820 1
110.077684 176.549167 57.135028 1
121.379070 181.780806 57.077825 1
123.147343 176.027333 58.893140 1
128.297697 159.269501 64.180511 1
125.306234 156.939509 70.129705 1
119.303018 152.263730 82.068436 1
119.303018 152.263730 82.068436 1
101.020229 141.612650 58.701834 1
99.535198 138.401746 74.921001 1
97.696212 134.425534 95.005979 1
99.312922 114.040336 97.688484 1
100.658564 97.073032 99.921224 1
98.308809 92.908117 113.451205 1
97.763935 93.219395 120.418731 1
112.341977 141.966995 58.364957 1
115.806015 138.873633 74.302694 1
120.095656 135.043009 94.038946 1
120.892807 114.333160 95.971581 1
121.542921 97.443297 97.547736 1
126.091412 92.644532 110.283957 1
127.550661 92.534849 117.124961 1
106.724700 142.848900 59.004050 1
106.495760 149.203758 58.253157 1
106.286097 158.284948 56.953535 1
106.325444 167.077117 56.907065 1
106.698270 189.182076 61.593429 1
107.902923 194.443734 65.762082 1
108.111630 211.681121 67.998052 1
102.908804 176.671520 57.541763 1
92.409862 181.679770 61.989717 1
90.864802 175.828377 63.692245 1
86.364587 158.785340 68.651107 1
90.572663 156.458350 73.813262 1
99.017354 151.788592 84.172574 1
99.017354 151.788592 84.172574 1
110.267185 176.383633 58.314286 1
121.370105 182.002337 58.814263 1
123.158263 176.168856 60.330046 1
128.366535 159.177989 64.744987 1
125.289807 156.879529 70.662880 1
119.115486 152.267029 82.538798 1
119.115486 152.267029 82.538798 1
101.075550 141.496552 58.553719 1
99.587488 138.353946 74.785980 1
97.744749 134.462310 94.887173 1
99.337739 114.083774 97.633720 1
100.663638 97.122015 99.919766 1
98.331868 93.019448 113.471889 1
97.800904 93.361541 120.439044 1
112.393255 141.850773 58.100853 1
115.824003 138.817182 74.057270 1
120.072418 135.060575 93.816653 1
120.875256 114.363340 95.877788 1
121.530009 97.483764 97.558740 1
126.055008 92.756259 110.329931 1
127.499572 92.683980 117.174548 1
106.841700 142.660400 58.724550 1
106.649624 149.033850 58.139133 1
106.492331 158.156905 57.166444 1
106.607609 166.937434 57.607987 1
107.290104 188.619663 63.944024 1
108.185420 193.841202 68.239119 1
108.309324 211.033579 70.803781 1
103.280133 176.470088 59.086245 1
92.917148 181.641495 63.664426 1
91.282430 175.688420 64.853203 1
86.521073 158.349215 68.315693 1
90.822012 156.082793 73.428019 1
99.453058 151.534581 83.687338 1
99.453058 151.534581 83.687338 1
110.658309 176.092983 59.581968 1
121.531073 182.031909 60.849573 1
123.322517 176.108940 61.960332 1
128.540359 158.857428 65.195579 1
125.346489 156.603535 71.068379 1
118.937089 152.080470 82.853806 1
118.937089 152.080470 82.853806 1
101.175950 141.361015 58.330312 1
99.684021 138.268771 74.571887 1
97.836492 134.439500 94.684614 1
99.410297 114.068644 97.498374 1
100.720228 97.113278 99.840363 1
98.459211 93.089758 113.428127 1
97.970062 93.470940 120.396315 1
112.487478 141.644550 57.705833 1
115.865043 138.709609 73.692018 1
120.047602 135.075162 93.488264 1
120.862162 114.398962 95.746509 1
121.526473 97.536543 97.588215 1
126.053384 92.920441 110.399418 1
127.495324 92.906325 117.244955 1
106.899600 142.457900 58.315610 1
106.798896 148.851558 57.981750 1
106.753340 158.011307 57.435933 1
106.974969 166.746766 58.409885 1
108.005647 187.881359 66.346945 1
108.557957 193.059194 70.751361 1
108.533173 210.188480 73.710686 1
103.749155 176.140955 60.749155 1
93.507807 181.504731 65.379418 1
91.782036 175.488723 65.974368 1
86.755475 157.966218 67.707248 1
91.122374 155.740527 72.781410 1
99.885787 151.274051 82.964140 1
99.885787 151.274051 82.964140 1
111.140080 175.722082 60.904761 1
121.742337 181.874547 63.103386 1
123.516554 175.875991 63.731152 1
128.684218 158.404318 65.559612 1
125.347378 156.167362 71.358935 1
118.651069 151.678284 82.996909 1
118.651069 151.678284 82.996909 1
101.207321 141.261807 57.981144 1
99.734043 138.197009 74.229622 1
97.909611 134.401727 94.350898 1
99.467919 114.040917 97.244852 1
100.764953 97.093911 99.653588 1
98.658481 93.191857 113.301481 1
98.255941 93.633131 120.271664 1
112.508227 141.396351 57.149010 1
115.856953 138.574540 73.161609 1
120.003799 135.080188 92.990566 1
120.806693 114.435699 95.526084 1
121.461491 97.599141 97.593919 1
126.024383 93.123101 110.442006 1
127.485739 93.183784 117.283170 1
107.001600 142.306900 57.768680 1
106.956328 148.709852 57.743677 1
106.989432 157.885731 57.687617 1
107.312302 166.538894 59.212237 1
108.754012 187.014103 68.668320 1
108.809690 192.057858 73.258673 1
108.831070 209.118162 76.592771 1
104.225832 175.736674 62.375052 1
94.068009 181.309467 66.942026 1
92.240941 175.294069 66.904397 1
86.919337 157.773342 66.794796 1
91.366033 155.471454 71.764589 1
100.289581 150.852069 81.737872 1
100.289581 150.852069 81.737872 1
111.615083 175.292802 62.209572 1
121.924185 181.507544 65.402382 1
123.666091 175.467385 65.485116 1
128.739647 157.874536 65.726091 1
125.268295 155.564280 71.416702 1
118.302049 150.928105 82.836515 1
118.302049 150.928105 82.836515 1
101.295119 141.177891 57.443171 1
99.817832 138.078345 73.684693 1
97.988436 134.240034 93.797355 1
99.543813 113.908094 96.889101 1
100.838407 96.985118 99.462466 1
98.817982 93.225446 113.163233 1
98.465876 93.737459 120.131308 1
112.586788 141.253995 56.487425 1
115.827878 138.432443 72.522203 1
119.841435 134.938410 92.378624 1
120.755887 114.334594 95.191976 1
121.501666 97.531207 97.486398 1
126.015061 93.281846 110.428594 1
127.429493 93.454614 117.277704 1
107.109200 142.148200 57.270940 1
107.108168 148.538544 57.675868 1
107.206357 157.696982 58.236563 1
107.615103 166.224461 60.339175 1
109.384551 185.994173 71.144624 1
109.262091 190.983534 75.792762 1
109.019885 207.940343 79.610959 1
104.651786 175.193966 64.198653 1
94.643531 181.038627 68.755998 1
92.714428 175.090334 68.107171 1
87.095634 157.765058 66.217367 1
91.582381 155.333632 71.088496 1
100.586304 150.454292 80.863782 1
100.586304 150.454292 80.863782 1
112.032752 174.735027 63.829659 1
122.050534 180.997183 67.769719 1
123.780059 174.973197 67.274799 1
128.817553 157.427457 65.833272 1
125.171992 154.960244 71.346290 1
117.856147 150.009092 82.409712 1
117.856147 150.009092 82.409712 1
101.392215 141.079566 56.926492 1
99.929911 137.990680 73.171400 1
98.119069 134.165570 93.288255 1
99.691812 113.853691 96.500725 1
101.000859 96.947414 99.174574 1
99.000916 93.335248 112.917962 1
98.698385 93.910905 119.883398 1
112.674684 141.148513 55.867176 1
115.847770 138.300153 71.910813 1
119.777114 134.772922 91.778205 1
120.686047 114.194323 94.772112 1
121.427326 97.411501 97.213785 1
125.838087 93.297588 110.234888 1
127.193627 93.539978 117.093790 1
107.121800 142.232400 57.036290 1
107.158649 148.576284 57.904767 1
107.316568 157.670966 59.114235 1
107.792744 166.033550 61.787507 1
109.766273 185.052823 73.833364 1
109.536607 189.965093 78.558907 1
109.248167 206.854477 82.662098 1
104.917476 174.758180 66.230761 1
95.040663 180.758806 70.871418 1
92.997738 174.938094 69.658829 1
87.047419 157.984417 66.126989 1
91.583870 155.356858 70.847918 1
100.687538 150.083923 80.321787 1
100.687538 150.083923 80.321787 1
112.292868 174.268163 65.796108 1
122.147095 180.500948 70.171178 1
123.900202 174.561773 69.086082 1
129.006381 157.263059 65.925581 1
125.191794 154.638210 71.248147 1
117.536749 149.370718 81.929376 1
117.536749 149.370718 81.929376 1
101.398773 141.225990 56.613621 1
99.982564 138.008924 72.837721 1
98.228803 134.025081 92.928809 1
99.848706 113.735042 96.253881 1
101.197007 96.846942 99.021453 1
99.235501 93.329039 112.794800 1
98.986234 93.942172 119.759148 1
112.682179 141.304012 55.564955 1
115.786762 138.269432 71.587839 1
119.631277 134.511599 91.429531 1
120.580406 113.948008 94.512759 1
121.354466 97.177426 97.027277 1
125.625323 93.195916 110.135885 1
126.895519 93.503120 117.008512 1
107.204900 142.420900 57.086940 1
107.223055 148.684672 58.415586 1
107.375480 157.670371 60.268956 1
107.873212 165.831313 63.502718 1
109.932224 184.023974 76.751032 1
109.735539 188.958722 81.454591 1
109.473720 205.778397 85.836447 1
105.050198 174.292678 68.459002 1
95.379166 180.402518 73.381973 1
93.212379 174.768587 71.624570 1
86.901296 158.358938 66.505877 1
91.485341 155.496478 71.040574 1
100.684519 149.752148 80.140718 1
100.684519 149.752148 80.140718 1
112.423807 173.738666 68.073791 1
122.151403 180.042429 72.626931 1
123.978131 174.259537 70.969875 1
129.298742 157.416018 66.143456 1
125.345473 154.597511 71.261884 1
117.412124 148.941389 81.533450 1
117.412124 148.941389 81.533450 1
101.486944 141.439391 56.551994 1
100.063320 138.109257 72.752614 1
98.300378 133.985395 92.814625 1
99.926680 113.692352 96.118170 1
101.280307 96.801751 98.867824 1
99.294088 93.297489 112.641107 1
99.052319 93.911222 119.605666 1
112.777114 141.610542 55.590846 1
115.765068 138.405600 71.602730 1
119.465158 134.436803 91.430799 1
120.442912 113.850452 94.348763 1
121.240316 97.061307 96.728500 1
125.318921 92.979926 109.867585 1
126.481314 93.231915 116.761504 1
107.265400 142.825800 57.429600 1
107.224203 148.988512 59.167343 1
107.322799 157.833179 61.609296 1
107.797075 165.761454 65.380698 1
109.792745 183.018950 79.834984 1
109.845440 188.077595 84.408956 1
109.608944 204.833903 89.028574 1
104.978332 173.932294 70.804802 1
95.631626 180.179378 76.162755 1
93.341338 174.774230 73.912519 1
86.670541 159.030944 67.358374 1
91.347338 155.931702 71.635394 1
100.732647 149.712201 80.218435 1
100.732647 149.712201 80.218435 1
112.349843 173.275082 70.571704 1
121.911836 179.833672 75.115692 1
123.821262 174.249679 72.948270 1
129.382746 157.985482 66.635335 1
125.265870 154.927200 71.479803 1
117.004199 148.789903 81.201592 1
117.004199 148.789903 81.201592 1
101.563296 141.854842 56.731174 1
100.121982 138.330600 72.889111 1
98.337132 133.966366 92.898265 1
99.902266 113.666172 96.187391 1
101.204980 96.769620 98.925043 1
99.156531 93.217510 112.676938 1
98.889654 93.804976 119.642845 1
112.867118 142.141847 55.981321 1
115.748356 138.739886 71.972101 1
119.316295 134.527113 91.774038 1
120.397239 113.916224 94.474263 1
121.278800 97.107068 96.676424 1
125.139963 93.005266 109.874715 1
126.169062 93.238588 116.790443 1
107.508500 143.326600 58.086990 1
107.455203 149.315486 60.352133 1
107.538681 157.937694 63.490851 1
108.003960 165.601712 67.774809 1
110.007906 182.089825 83.099839 1
110.157786 187.206430 87.606700 1
109.956790 203.924629 92.364017 1
105.188354 173.481537 73.615148 1
95.990170 179.782994 79.163093 1
93.581952 174.639159 76.467530 1
86.567665 159.656988 68.616308 1
91.342099 156.290597 72.571408 1
100.923347 149.534988 80.508425 1
100.923347 149.534988 80.508425 1
112.559724 172.837312 73.344364 1
122.018093 179.392167 78.105432 1
124.013214 174.046512 75.465721 1
129.824292 158.476509 67.777175 1
125.513061 155.210210 72.306546 1
116.861361 148.655468 81.396004 1
116.861361 148.655468 81.396004 1
101.809236 142.413178 57.294154 1
100.300058 138.618625 73.384535 1
98.431170 133.919652 93.310031 1
99.895854 113.583624 96.419135 1
101.114960 96.657246 99.006949 1
99.054542 92.993699 112.727785 1
98.791060 93.521553 119.698592 1
113.114245 142.777252 56.597567 1
115.910511 139.027138 72.525450 1
119.373227 134.383234 92.249499 1
120.431682 113.733605 94.645511 1
121.294903 96.892854 96.599571 1
124.954245 92.609248 109.797608 1
125.876818 92.746918 116.730910 1
107.677100 144.186100 59.025080 1
107.628096 149.943820 61.826281 1
107.710458 158.279899 65.660861 1
108.166953 165.656674 70.423291 1
110.157320 181.439626 86.475303 1
110.346553 186.649547 90.872440 1
110.239700 203.358959 95.663555 1
105.340704 173.253322 76.622654 1
96.286800 179.591216 82.363087 1
93.801844 174.691088 79.307216 1
86.564047 160.418749 70.406543 1
91.433148 156.801245 74.008784 1
101.204371 149.541706 81.237691 1
101.204371 149.541706 81.237691 1
112.713457 172.648385 76.303268 1
122.081566 179.159745 81.296800 1
124.152619 174.023830 78.320606 1
130.184863 159.064727 69.652005 1
125.680660 155.570395 73.808016 1
116.641709 148.558039 82.148222 1
116.641709 148.558039 82.148222 1
101.976698 143.349845 58.158689 1
100.414360 139.165273 74.146968 1
98.479643 133.983320 93.946026 1
99.916936 113.599845 96.741382 1
101.113244 96.633975 99.068052 1
99.030215 92.785473 112.734736 1
98.783138 93.209776 119.713212 1
113.281053 143.773530 57.485586 1
116.003919 139.507703 73.295982 1
119.375740 134.225176 92.874544 1
120.429901 113.531474 94.856421 1
121.289619 96.654780 96.472736 1
124.726286 92.138768 109.653145 1
125.537183 92.156435 116.601736 1
108.000900 144.985400 60.120100 1
107.954189 150.461627 63.438116 1
108.024977 158.458510 67.937653 1
108.448500 165.536803 73.136147 1
110.311962 180.691758 89.797032 1
110.572702 185.980081 94.095818 1
110.622582 202.696457 98.863516 1
105.568394 172.878698 79.611517 1
96.726932 179.194959 85.696584 1
94.172179 174.502346 82.383393 1
86.731086 160.834426 72.733239 1
91.689196 156.999838 75.971095 1
101.639038 149.304659 82.468762 1
101.639038 149.304659 82.468762 1
112.944501 172.309328 79.304432 1
122.237879 178.772880 84.495796 1
124.341707 173.760194 81.338028 1
130.469412 159.160013 72.140566 1
125.811795 155.426357 75.900492 1
116.464973 147.933731 83.445841 1
116.464973 147.933731 83.445841 1
102.299253 144.227865 59.191711 1
100.748294 139.558960 75.046440 1
98.827666 133.777234 94.680118 1
100.215017 113.338608 97.068356 1
101.369757 96.326833 99.056168 1
99.333686 92.079162 112.611239 1
99.129924 92.291973 119.600760 1
113.601985 144.720165 58.538314 1
116.188607 139.821420 74.187327 1
119.391715 133.755127 93.566041 1
120.506280 113.022193 95.039672 1
121.415260 96.113503 96.241487 1
124.440881 91.016489 109.310317 1
125.096870 90.751704 116.270226 1
108.119400 146.281300 61.624800 1
108.094711 151.549849 65.263791 1
108.180316 159.290676 70.190580 1
108.579015 166.138143 75.691415 1
110.301779 180.760261 92.836560 1
110.623349 186.169668 96.977672 1
110.689599 202.878687 101.770890 1
105.635068 173.249536 82.391423 1
96.903188 179.464414 88.733678 1
94.337191 174.863431 85.302757 1
86.863351 161.462394 75.309695 1
91.912149 157.475304 78.205103 1
102.043982 149.474088 84.015550 1
102.043982 149.474088 84.015550 1
113.015438 172.736668 82.087231 1
122.292886 179.047191 87.491018 1
124.405285 174.083093 84.262999 1
130.557955 159.624430 74.860921 1
125.778656 155.703533 78.260259 1
116.187648 147.835157 85.081991 1
116.187648 147.835157 85.081991 1
102.416944 145.620043 60.630173 1
101.059914 140.275162 76.287993 1
99.379437 133.656342 95.677828 1
100.685224 113.158702 97.550667 1
101.772074 96.097808 99.109494 1
99.919555 91.302964 112.507475 1
99.810492 91.232073 119.501993 1
113.725463 146.072201 60.052261 1
116.123967 140.441130 75.483338 1
119.094120 133.467972 94.592175 1
120.347283 112.713860 95.574424 1
121.369296 95.787899 96.375494 1
124.051075 90.166888 109.303779 1
124.571872 89.640164 116.260222 1
108.167500 147.739500 63.386400 1
108.133677 152.888249 67.192935 1
108.204995 160.477114 72.350942 1
108.576385 167.179897 78.029033 1
110.215647 181.430784 95.492002 1
110.525701 186.928715 99.515745 1
110.563277 203.657367 104.240302 1
105.591984 174.125470 84.883317 1
96.843889 180.137265 91.396673 1
94.283104 175.576061 87.909208 1
86.824444 162.290888 77.751457 1
91.998614 158.265771 80.358568 1
102.382043 150.188244 85.590467 1
102.382043 150.188244 85.590467 1
112.975147 173.661028 84.569268 1
122.240423 179.947007 90.022319 1
124.326054 174.932904 86.854746 1
130.400760 160.328595 77.628724 1
125.551873 156.274055 80.762353 1
115.821217 148.137484 87.050862 1
115.821217 148.137484 87.050862 1
102.471024 147.135789 62.323273 1
101.362818 141.067406 77.735061 1
99.990473 133.552640 96.820224 1
101.028497 112.998295 98.164578 1
101.892479 95.890204 99.283529 1
100.189997 90.709418 112.557158 1
100.159464 90.436213 119.547483 1
113.785828 147.556369 61.854932 1
115.895797 141.228206 77.056323 1
118.508646 133.391815 95.880732 1
119.949747 112.629775 96.240330 1
121.125033 95.697348 96.533600 1
123.685534 89.785499 109.356319 1
124.103703 89.087688 116.304626 1
108.357700 149.155100 65.290500 1
108.311029 154.179411 69.259705 1
108.361860 161.626153 74.621090 1
108.719506 168.231230 80.413412 1
110.352179 182.356316 97.978904 1
110.591681 187.909919 101.930364 1
110.544419 204.664187 106.563176 1
105.727896 175.114822 87.326824 1
96.857422 180.899603 93.880117 1
94.426304 176.235443 90.436298 1
87.345318 162.650395 80.405671 1
92.588799 158.635661 82.887291 1
103.111321 150.578969 87.867357 1
103.111321 150.578969 87.867357 1
113.111828 174.678309 86.991521 1
122.450680 180.776147 92.531997 1
124.418484 175.687058 89.408932 1
130.150000 160.864343 80.312547 1
125.328355 156.704009 83.348003 1
115.652367 148.355133 89.439499 1
115.652367 148.355133 89.439499 1
102.660953 148.558159 64.225006 1
101.738334 141.819610 79.368234 1
100.595812 133.474946 98.120825 1
101.418906 112.879832 98.848610 1
102.103995 95.737807 99.454369 1
100.535907 90.109599 112.561337 1
100.577170 89.599279 119.538304 1
113.972169 149.048109 63.737815 1
115.841263 142.037524 78.668927 1
118.155829 133.356067 97.158640 1
119.693149 112.600604 96.818348 1
120.946906 95.673541 96.540824 1
123.350581 89.572182 109.304993 1
123.667283 88.765112 116.246830 1
108.371000 150.716500 67.364900 1
108.344579 155.721116 71.359094 1
108.418848 163.150221 76.744619 1
108.790778 169.756146 82.535074 1
110.449959 183.946084 100.045729 1
110.592481 189.574321 103.894954 1
110.434118 206.376887 108.346845 1
105.806866 176.657714 89.433876 1
96.752514 182.272339 95.882857 1
94.524951 177.410368 92.577738 1
88.036846 163.249167 82.951096 1
93.211588 159.158580 85.453051 1
103.596165 150.949670 90.473924 1
103.596165 150.949670 90.473924 1
113.190587 176.235343 89.076522 1
122.629912 182.225538 94.563903 1
124.390482 177.058726 91.444759 1
129.518400 162.009632 82.359795 1
124.856269 157.751070 85.506191 1
115.500390 149.205072 91.820322 1
115.500390 149.205072 91.820322 1
102.670581 150.137951 66.308940 1
101.891690 142.619259 81.088628 1
100.927151 133.308504 99.391032 1
101.623519 112.695978 99.459646 1
102.203129 95.539461 99.516755 1
100.762257 89.523404 112.465083 1
100.872275 88.805404 119.422997 1
113.981810 150.604328 65.799406 1
115.748099 142.901806 80.398422 1
117.935359 133.363499 98.476889 1
119.507561 112.639353 97.333927 1
120.789765 95.737831 96.401786 1
123.210336 89.671893 109.179637 1
123.509505 88.873375 116.123242 1
108.364000 152.311400 69.566100 1
108.356154 157.366183 73.496695 1
108.450622 164.867979 78.780172 1
108.830817 171.563929 84.465738 1
110.496837 186.064934 101.719011 1
110.493037 191.749598 105.487097 1
110.290668 208.652448 109.539673 1
105.844402 178.573504 91.253669 1
96.641239 184.120697 97.548516 1
94.646848 179.010941 94.476478 1
88.837893 164.128031 85.528719 1
93.864483 159.896032 88.096638 1
103.951750 151.403336 93.249886 1
103.951750 151.403336 93.249886 1
113.228406 178.174036 90.876395 1
122.795734 184.111119 96.197291 1
124.332091 178.761041 93.274812 1
128.806954 163.178156 84.762664 1
124.323350 158.726785 87.901649 1
115.325738 149.793862 94.200908 1
115.325738 149.793862 94.200908 1
102.660290 151.731900 68.528594 1
102.001219 143.451492 82.901384 1
101.185059 133.197469 100.699905 1
101.785132 112.593425 100.007695 1
102.284592 95.443968 99.431544 1
100.953035 89.272821 112.318442 1
101.122811 88.471021 119.265996 1
113.971469 152.167272 67.991279 1
115.662291 143.740189 82.193579 1
117.756096 133.304633 99.780776 1
119.355815 112.641249 97.848459 1
120.660462 95.789281 96.272563 1
123.144062 89.746340 109.049214 1
123.448731 88.948427 115.992649 1
108.364400 153.742600 71.853000 1
108.351614 158.904639 75.641623 1
108.439904 166.554899 80.707855 1
108.826655 173.421075 86.186177 1
110.557079 188.469582 102.957530 1
110.501151 194.239616 106.593115 1
110.102917 211.231705 110.237418 1
105.860862 180.632711 92.768366 1
96.476704 186.147274 98.819962 1
94.702376 180.764331 96.099614 1
89.534386 165.085722 88.176202 1
94.410350 160.702781 90.781089 1
104.195344 151.907178 96.008524 1
104.195344 151.907178 96.008524 1
113.243539 180.247135 92.352608 1
122.869399 186.163138 97.590772 1
124.203534 180.573151 95.041904 1
128.089398 164.291493 87.617952 1
123.792841 159.510535 90.525297 1
115.170590 149.916200 96.359707 1
115.170590 149.916200 96.359707 1
102.659393 153.114856 70.851313 1
102.083360 144.188207 84.835580 1
101.370031 133.133911 102.152975 1
101.947132 112.577845 100.577857 1
102.427472 95.468322 99.266831 1
101.133167 89.300172 112.158958 1
101.323008 88.499993 119.106179 1
113.967135 153.574049 70.263818 1
115.613576 144.479687 84.053732 1
117.652423 133.217817 101.130258 1
119.184936 112.640473 98.392975 1
120.434773 95.858674 96.160591 1
122.989302 89.831149 108.930539 1
123.314230 89.033846 115.873125 1
108.228700 155.074500 74.184200 1
108.252664 160.369007 77.785324 1
108.387645 168.202570 82.562149 1
108.810828 175.282719 87.758144 1
110.621167 191.039268 103.857338 1
110.494849 196.907167 107.330909 1
110.061618 214.009388 110.412632 1
105.876295 182.771378 94.038058 1
96.362287 188.270060 99.898332 1
94.825452 182.607928 97.639350 1
90.349193 166.116137 91.059736 1
95.005870 161.511690 93.683674 1
104.350805 152.271574 98.949341 1
104.350805 152.271574 98.949341 1
113.256904 182.367545 93.603354 1
122.928404 188.443518 98.567151 1
124.051160 182.624360 96.469193 1
127.321349 165.675210 90.358584 1
123.294619 160.611960 93.172756 1
115.213851 150.451128 98.820189 1
115.213851 150.451128 98.820189 1
102.516192 154.428667 73.238316 1
102.111444 144.856556 86.795140 1
101.610224 133.002953 103.583212 1
102.182050 112.528340 101.168861 1
102.658000 95.486612 99.159312 1
101.492325 89.318469 112.063709 1
101.751372 88.518316 119.008697 1
113.821578 154.832020 72.570057 1
115.457769 145.119622 85.933146 1
117.483922 133.092416 102.481118 1
119.032272 112.636903 98.953653 1
120.295024 95.954464 96.076837 1
123.031921 89.954961 108.822174 1
123.424089 89.158952 115.761435 1
108.088900 156.401000 76.513300 1
108.130150 161.853535 79.870179 1
108.291227 169.902194 84.274055 1
108.743406 177.231432 89.109730 1
110.635923 193.810275 104.350811 1
110.462461 199.775907 107.651576 1
110.032152 216.998431 109.968936 1
105.846074 185.053081 94.988175 1
96.232994 190.531452 100.704012 1
94.934827 184.621933 98.996102 1
91.153724 167.409595 94.021563 1
95.512587 162.504061 96.611286 1
104.259876 152.659729 101.808293 1
104.259876 152.659729 101.808293 1
113.224485 184.598199 94.566791 1
122.950755 190.881566 99.150853 1
123.888040 184.867001 97.578875 1
126.618017 167.348700 93.000259 1
123.020851 162.002199 95.871836 1
115.802125 151.272944 101.634465 1
115.802125 151.272944 101.634465 1
102.373279 155.724171 75.608797 1
102.113616 145.472656 88.663131 1
101.792063 132.777715 104.828945 1
102.270722 112.414519 101.592123 1
102.669125 95.465529 98.898004 1
101.587425 89.297318 111.809679 1
101.891703 88.497109 118.752825 1
113.678030 156.074404 74.901002 1
115.355862 145.718518 87.766476 1
117.433582 132.894459 103.698236 1
118.910498 112.576937 99.422093 1
120.114992 96.007036 95.934695 1
123.058060 90.040594 108.649575 1
123.532480 89.247774 115.584063 1
108.032800 157.788400 78.877900 1
108.082042 163.387076 81.984807 1
108.240143 171.636547 86.000056 1
108.669800 179.211602 90.443015 1
110.481758 196.652041 104.700579 1
110.324482 202.739457 107.771820 1
109.953411 220.045347 109.365291 1
105.726519 187.326010 95.885653 1
95.984808 192.893014 101.289559 1
94.918080 186.803477 100.147525 1
91.811078 169.066810 96.821184 1
95.844630 163.814344 99.252785 1
103.939089 153.273796 104.132475 1
103.939089 153.273796 104.132475 1
113.106555 186.923412 95.440219 1
122.967211 193.232290 99.689943 1
123.797845 187.097541 98.594724 1
126.217186 169.229184 95.404738 1
123.023253 163.495043 97.991056 1
116.613726 151.987878 103.181232 1
116.613726 151.987878 103.181232 1
102.314428 157.067740 78.026189 1
102.120150 146.113392 90.497801 1
101.879566 132.548097 105.942004 1
102.300005 112.316477 101.958204 1
102.649950 95.477002 98.642348 1
101.616685 89.308813 111.558000 1
101.947020 88.508610 118.499956 1
113.616203 157.392854 77.261207 1
115.332319 146.377501 89.561486 1
117.457447 132.736801 104.793344 1
118.892645 112.562967 99.871453 1
120.063116 96.110249 95.857418 1
123.116167 90.058862 108.506047 1
123.642812 89.236000 115.433263 1
107.920900 159.171800 81.172700 1
107.970393 164.917030 83.999422 1
108.124545 173.362984 87.583146 1
108.552359 181.176553 91.592020 1
110.389246 199.454923 104.754742 1
110.240519 205.678626 107.539937 1
109.903168 223.033220 108.475296 1
105.609834 189.587813 96.564051 1
95.761395 195.313255 101.596168 1
94.904959 189.110537 101.032780 1
92.410464 171.044210 99.391830 1
96.100898 165.500578 101.719805 1
103.506794 154.375723 106.391539 1
103.506794 154.375723 106.391539 1
112.987751 189.200394 96.072435 1
122.913125 195.674923 99.901544 1
123.676421 189.469055 99.246419 1
125.899633 171.393555 97.338272 1
123.172834 165.381306 99.825853 1
117.700745 153.316041 104.817888 1
117.700745 153.316041 104.817888 1
102.200373 158.396130 80.386282 1
102.035459 146.746451 92.211441 1
101.831237 132.320095 106.855110 1
102.262861 112.220560 102.252039 1
102.622116 95.491024 98.420742 1
101.618092 89.322911 111.338736 1
101.964221 88.522721 118.279924 1
113.497361 158.710530 79.549476 1
115.284383 147.063362 91.242634 1
117.497316 132.640264 105.722674 1
118.901275 112.590536 100.309202 1
120.046269 96.239032 95.894259 1
123.212438 90.099771 108.472537 1
123.794890 89.246330 115.391580 1
107.856200 160.583900 83.396500 1
107.896217 166.456702 85.947786 1
108.035378 175.074269 89.097259 1
108.459782 183.107392 92.646169 1
110.347329 202.202057 104.586066 1
110.165921 208.534290 107.112689 1
109.880568 225.908981 107.570191 1
105.526926 191.803168 97.108307 1
95.572271 197.685081 101.734600 1
94.873063 191.437238 101.721142 1
92.836517 173.239482 101.681942 1
96.129446 167.413438 103.914530 1
102.737637 155.721843 108.394846 1
102.737637 155.721843 108.394846 1
112.900238 191.427048 96.544182 1
122.856034 198.096341 99.934950 1
123.588191 191.857536 99.678312 1
125.720706 173.686102 98.930816 1
123.527954 167.432129 101.349551 1
119.127579 154.881774 106.203428 1
119.127579 154.881774 106.203428 1
102.134661 159.747014 82.683650 1
101.993083 147.402132 93.781417 1
101.817761 132.114873 107.524322 1
102.254476 112.126913 102.459086 1
102.617969 95.490244 98.243114 1
101.659221 89.322067 111.164516 1
102.029613 88.521863 118.104450 1
113.424778 160.070512 81.761902 1
115.263676 147.768153 92.755097 1
117.540848 132.533709 106.368347 1
118.931797 112.582043 100.600794 1
120.066182 96.310515 95.897081 1
123.321088 90.092965 108.414105 1
123.945974 89.211952 115.325987 1
107.826500 162.054800 85.537500 1
107.860292 168.034161 87.828039 1
107.978111 176.793978 90.558005 1
108.371984 185.017839 93.643280 1
110.190659 204.864838 104.297823 1
110.059911 211.286620 106.590750 1
109.815956 228.667910 106.634414 1
105.396219 193.953166 97.571843 1
95.334125 199.997995 101.732247 1
94.709885 193.759787 102.200972 1
92.891695 175.590096 103.566202 1
95.798941 169.535070 105.723797 1
101.633151 157.383960 110.053615 1
101.633151 157.383960 110.053615 1
112.765769 193.618809 96.936729 1
122.824984 200.403975 99.741792 1
123.597998 194.165169 99.807836 1
125.849516 175.993735 100.000197 1
124.169417 169.573964 102.394865 1
120.797824 156.690890 107.200444 1
120.797824 156.690890 107.200444 1
102.103835 161.167517 84.898459 1
101.982990 148.123012 95.165051 1
101.833342 131.969376 107.878670 1
102.244153 112.062338 102.502154 1
102.586084 95.493023 98.027092 1
101.700424 89.324606 110.953595 1
102.110090 88.524261 117.891306 1
113.386734 161.489419 83.891692 1
115.227684 148.534925 94.107949 1
117.507397 132.492920 106.759089 1
118.912990 112.606473 100.773948 1
120.059317 96.388134 95.892780 1
123.365212 90.115546 108.368915 1
124.011904 89.214747 115.276239 1
107.814600 163.551800 87.542900 1
107.838290 169.625817 89.569284 1
107.928672 178.506041 91.878925 1
108.282799 186.890021 94.503696 1
109.994230 207.381594 103.879018 1
109.887860 213.856461 106.018802 1
109.676527 231.234249 105.646694 1
105.250106 196.022086 97.900312 1
95.105219 202.213067 101.621558 1
94.467558 196.013024 102.444643 1
92.610277 177.954493 104.841999 1
95.171002 171.757848 107.036290 1
100.309820 159.322541 111.439752 1
100.309820 159.322541 111.439752 1
112.615843 195.724887 97.205308 1
122.761891 202.615805 99.365769 1
123.654339 196.400083 99.670624 1
126.253723 178.295880 100.558561 1
124.973761 171.796014 102.984270 1
122.405156 158.752207 107.852142 1
122.405156 158.752207 107.852142 1
102.091734 162.615688 86.979839 1
101.986102 148.907591 96.342185 1
101.855294 131.932197 107.936035 1
102.244199 112.058116 102.437351 1
102.567897 95.516232 97.860606 1
101.772947 89.347268 110.792743 1
102.231184 88.546662 117.727385 1
113.366761 162.935979 85.887964 1
115.163866 149.333961 95.233307 1
117.389285 132.490106 106.805964 1
118.836876 112.622614 100.768115 1
120.017455 96.419733 95.843961 1
123.326903 90.131495 108.311273 1
123.971119 89.224774 115.218053 1
107.875700 164.977600 89.353900 1
107.874464 171.122807 91.153039 1
107.918755 180.092290 93.088859 1
108.225350 188.602037 95.278873 1
109.834309 209.636899 103.382948 1
109.756750 216.145868 105.417944 1
109.544176 233.512983 104.704658 1
105.138665 197.893321 98.155199 1
94.865961 204.129749 101.422179 1
94.131637 197.977034 102.484949 1
91.992814 180.056352 105.580422 1
94.290887 173.812860 107.927398 1
98.902620 161.283539 112.637264 1
98.902620 161.283539 112.637264 1
112.498781 197.624186 97.392508 1
122.730735 204.563356 98.892396 1
123.778444 198.381158 99.347757 1
126.830046 180.374604 100.674060 1
125.864472 173.856854 103.195415 1
123.926777 160.777158 108.255228 1
123.926777 160.777158 108.255228 1
102.155137 163.985520 88.868642 1
101.993416 149.679783 97.288638 1
101.793149 131.964301 107.715531 1
102.200895 112.078393 102.261149 1
102.540275 95.526666 97.721277 1
101.799435 89.357979 110.656759 1
102.286728 88.557043 117.589382 1
113.419673 164.335298 87.681669 1
115.141177 150.153396 96.136845 1
117.272977 132.591450 106.607177 1
118.786812 112.693938 100.685548 1
120.021417 96.466574 95.856178 1
123.301399 90.166837 108.325471 1
123.924666 89.254820 115.233476 1
107.951800 166.313500 91.003100 1
107.933299 172.515873 92.593917 1
107.940777 181.552161 94.189674 1
108.199324 190.155148 95.986254 1
109.675449 211.608655 102.935954 1
109.620343 218.146705 104.876255 1
109.356303 235.495865 103.823842 1
105.047733 199.557931 98.391249 1
94.658464 205.839022 101.167151 1
93.791169 199.732591 102.385310 1
91.265046 181.946718 105.933377 1
93.330743 175.712579 108.510010 1
97.476149 163.202028 113.680747 1
97.476149 163.202028 113.680747 1
112.402692 199.317459 97.571375 1
122.681159 206.303331 98.374719 1
123.888322 200.158326 98.928144 1
127.404362 182.260099 100.540076 1
126.768269 175.726103 103.123274 1
125.491768 162.613805 108.307191 1
125.491768 162.613805 108.307191 1
102.233143 165.281861 90.582117 1
102.032663 150.444032 98.023570 1
101.784399 132.069634 107.238684 1
102.169278 112.130398 101.980869 1
102.489624 95.534284 97.604606 1
101.836670 89.365184 110.544625 1
102.370979 88.564043 117.473759 1
113.489742 165.638147 89.323923 1
115.187081 150.932013 96.835819 1
117.288956 132.720893 106.138054 1
118.794376 112.750339 100.465393 1
120.022116 96.463407 95.839068 1
123.288805 90.155876 108.307911 1
123.908356 89.242142 115.216023 1
107.974600 167.608200 92.486800 1
107.976834 173.859934 93.871101 1
107.995682 182.948182 95.137741 1
108.234004 191.620607 96.565397 1
109.593185 213.397554 102.451602 1
109.547913 219.946857 104.353834 1
109.207209 237.272261 102.980907 1
105.027443 201.106877 98.529446 1
94.550759 207.423054 100.861749 1
93.570136 201.364147 102.222864 1
90.713927 183.716694 106.187309 1
92.490280 177.493615 108.995953 1
96.055037 165.005257 114.632285 1
96.055037 165.005257 114.632285 1
112.378872 200.878986 97.675050 1
122.645347 207.925383 97.881039 1
124.005216 201.815911 98.472408 1
127.966032 184.021179 100.194855 1
127.645329 177.486919 102.835162 1
127.001750 164.374090 108.133685 1
127.001750 164.374090 108.133685 1
102.252100 166.578720 92.115716 1
102.070335 151.320332 98.652164 1
101.845247 132.425136 106.746569 1
101.964789 112.406149 101.787562 1
102.064288 95.743655 97.660009 1
101.595036 89.358496 110.502820 1
102.232877 88.557850 117.423248 1
113.506041 166.862494 90.815983 1
115.223592 151.699819 97.352283 1
117.350498 132.923348 105.446404 1
118.833835 112.836836 100.192823 1
120.043566 96.455333 95.908279 1
123.364356 90.151437 108.364662 1
124.016601 89.239593 115.270015 1
108.160400 168.682000 93.809700 1
108.153704 174.973031 95.002746 1
108.146979 184.097837 95.971695 1
108.335709 192.818452 97.076776 1
109.515105 214.831637 102.052611 1
109.438694 221.392011 103.915284 1
109.035075 238.693297 102.280279 1
105.048310 202.347566 98.663544 1
94.506774 208.695931 100.578983 1
93.407572 202.680975 102.040719 1
90.205984 185.161536 106.298237 1
91.734769 178.975748 109.326350 1
94.802708 166.562225 115.403109 1
94.802708 166.562225 115.403109 1
112.397604 202.152858 97.782970 1
122.667362 209.190785 97.475902 1
124.145653 203.109491 98.073501 1
128.451392 185.396832 99.814097 1
128.453266 178.852247 102.448302 1
128.457028 165.718700 107.734580 1
128.457028 165.718700 107.734580 1
102.439374 167.633496 93.470524 1
102.189315 152.006982 99.067498 1
101.879656 132.655917 105.998506 1
101.940668 112.540190 101.446617 1
101.991449 95.797177 97.657921 1
101.579668 89.358844 110.476132 1
102.249991 88.558320 117.393504 1
113.692875 167.893615 92.162060 1
115.336882 152.346665 97.745026 1
117.372715 133.094334 104.658600 1
118.887348 112.901733 99.838527 1
120.122603 96.433710 95.907527 1
123.395823 90.153904 108.388645 1
124.024318 89.250616 115.297324 1
108.293700 169.599800 94.931900 1
108.290770 175.914697 95.991396 1
108.276346 185.060147 96.740749 1
108.428349 193.810432 97.586535 1
109.435345 215.994027 101.782287 1
109.402765 222.569873 103.590900 1
108.889533 239.850619 101.778976 1
105.068177 203.365723 98.825284 1
94.454216 209.692604 100.377397 1
93.249469 203.720989 101.930783 1
89.740464 186.327787 106.455245 1
90.993649 180.168116 109.658152 1
93.508518 167.807005 116.085684 1
93.508518 167.807005 116.085684 1
112.421342 203.193161 97.972860 1
122.700556 210.181106 97.197599 1
124.320260 204.140310 97.837882 1
129.037883 186.545610 99.702800 1
129.355605 179.982108 102.269924 1
129.993203 166.810599 107.421585 1
129.993203 166.810599 107.421585 1
102.572537 168.550908 94.596239 1
102.237648 152.665566 99.404603 1
101.822940 132.993983 105.359036 1
101.751230 112.798013 101.177705 1
101.691543 95.988210 97.697437 1
101.303303 89.385757 110.432630 1
101.991222 88.586301 117.348397 1
113.830547 168.770341 93.319491 1
115.462775 152.915950 97.962126 1
117.484021 133.282906 103.711255 1
118.910786 112.972750 99.383402 1
120.074380 96.408856 95.853833 1
123.329809 90.153089 108.351664 1
123.963617 89.261548 115.261383 1
108.434000 170.268000 95.847400 1
108.431185 176.602042 96.785679 1
108.409509 185.761385 97.339732 1
108.535043 194.530873 97.961227 1
109.415213 216.835025 101.493983 1
109.436490 223.427298 103.241947 1
108.801278 240.692610 101.324615 1
105.123721 204.102920 98.892699 1
94.447369 210.383762 100.181564 1
93.149780 204.450371 101.805060 1
89.370362 187.168501 106.533731 1
90.357794 181.026517 109.861137 1
92.339359 168.700898 116.538512 1
92.339359 168.700898 116.538512 1
112.482527 203.939913 98.088437 1
122.748546 210.905570 97.000718 1
124.434202 204.884762 97.658775 1
129.343923 187.348276 99.575462 1
129.913240 180.751839 102.011345 1
131.055736 167.514236 106.899632 1
131.055736 167.514236 106.899632 1
102.713471 169.216221 95.509973 1
102.327295 153.109684 99.510840 1
101.849074 133.164183 104.465311 1
101.757825 112.873263 100.772601 1
101.681875 95.984430 97.699030 1
101.302893 89.365302 110.425842 1
101.996196 88.566488 117.341147 1
113.976420 169.404549 94.272414 1
115.557244 153.339098 98.143098 1
117.514834 133.444690 102.936294 1
118.979094 113.042766 99.078077 1
120.173267 96.404031 95.931517 1
123.378612 90.133999 108.435145 1
123.984140 89.237507 115.346759 1
108.585700 170.757800 96.586100 1
108.578720 177.105415 97.427646 1
108.550329 186.272665 97.829789 1
108.667123 195.052591 98.282789 1
109.513130 217.429723 101.328841 1
109.500534 224.049160 102.971037 1
108.827327 241.308859 101.016496 1
105.243312 204.639237 98.991713 1
94.523952 210.901102 99.981162 1
93.155420 204.997467 101.654128 1
89.169371 187.802264 106.526887 1
89.919533 181.656672 109.909133 1
91.424949 169.323815 116.696560 1
91.424949 169.323815 116.696560 1
112.605170 204.466221 98.218061 1
122.858983 211.412196 96.911384 1
124.588760 205.408592 97.610824 1
129.626987 187.922215 99.648046 1
130.382230 181.283600 101.912780 1
131.897839 167.961353 106.457610 1
131.897839 167.961353 106.457610 1
102.866190 169.698564 96.254790 1
102.395648 153.442945 99.587962 1
101.812953 133.312829 103.715596 1
101.729236 112.951984 100.430043 1
101.659554 96.004950 97.695363 1
101.252763 89.363434 110.409647 1
101.936440 88.553011 117.324558 1
114.131209 169.872783 95.034128 1
115.651140 153.642409 98.171756 1
117.533324 133.543773 102.057183 1
118.991231 113.060293 98.655719 1
120.180224 96.355045 95.881663 1
123.339043 90.108492 108.408861 1
123.925323 89.221393 115.323346 1
108.728400 171.140600 97.281200 1
108.725150 177.499531 98.032504 1
108.702480 186.671863 98.294801 1
108.819682 195.458294 98.596192 1
109.648167 217.890516 101.211388 1
109.589049 224.535458 102.746042 1
109.014187 241.806268 100.859437 1
105.390465 205.055581 99.107474 1
94.633625 211.286433 99.856817 1
93.211124 205.406766 101.568720 1
89.067880 188.281375 106.554889 1
89.623004 182.104454 109.917642 1
90.737019 169.708725 116.665952 1
90.737019 169.708725 116.665952 1
112.755029 204.870387 98.362934 1
123.045946 211.736804 96.933253 1
124.796417 205.746943 97.696156 1
129.894921 188.300595 99.918224 1
130.755700 181.610852 101.986322 1
132.483095 168.186004 106.136546 1
132.483095 168.186004 106.136546 1
103.008428 170.080684 96.960192 1
102.476371 153.714814 99.689993 1
101.817499 133.448169 103.070442 1
101.731099 113.033086 100.140798 1
101.659184 96.040908 97.702353 1
101.243984 89.400075 110.416722 1
101.932040 88.566859 117.328490 1
114.274569 170.229830 95.746584 1
115.715607 153.875501 98.204074 1
117.500095 133.623366 101.247262 1
118.999613 113.078696 98.257888 1
120.222541 96.323544 95.819912 1
123.348418 90.132889 108.383069 1
123.917147 89.264129 115.301347 1
108.840800 171.403900 97.839500 1
108.853351 177.768256 98.543268 1
108.846131 186.942774 98.714030 1
108.969575 195.732663 98.882985 1
109.796095 218.213165 101.044962 1
109.784950 224.858831 102.577573 1
109.233449 242.131302 100.699215 1
105.538252 205.337295 99.208444 1
94.728728 211.499116 99.738326 1
93.272241 205.633183 101.468666 1
89.030010 188.547792 106.508535 1
89.460966 182.326418 109.806929 1
90.325803 169.841482 116.426087 1
90.325803 169.841482 116.426087 1
112.901300 205.139304 98.452295 1
123.282498 211.862587 96.995297 1
125.018043 205.879207 97.838898 1
130.073071 188.451739 100.296012 1
130.994040 181.719690 102.193895 1
132.842225 168.209942 106.002534 1
132.842225 168.209942 106.002534 1
103.117816 170.354521 97.538177 1
102.520136 153.911243 99.737722 1
101.780001 133.548740 102.461531 1
101.710973 113.090351 99.850892 1
101.653518 96.062128 97.677966 1
101.263097 89.408026 110.386180 1
101.968742 88.565460 117.295041 1
114.381724 170.469187 96.300339 1
115.827797 154.041857 98.206019 1
117.618521 133.699322 100.565881 1
119.063097 113.097324 97.969875 1
120.241218 96.295418 95.852708 1
123.435710 90.114658 108.403472 1
124.050060 89.250405 115.318413 1
108.954800 171.579200 98.313300 1
108.974294 177.950297 98.952995 1
108.973862 187.126158 99.020640 1
109.100343 195.917479 99.071837 1
109.926504 218.428891 100.884019 1
109.933431 225.079205 102.396361 1
109.520285 242.354820 100.511402 1
105.668753 205.525901 99.248644 1
94.846087 211.675282 99.635500 1
93.378441 205.808721 101.354244 1
89.103708 188.721503 106.360340 1
89.476652 182.448278 109.566302 1
90.225071 169.859288 115.999965 1
90.225071 169.859288 115.999965 1
113.031663 205.316413 98.494255 1
123.478122 211.924783 96.979138 1
125.187134 205.946051 97.905771 1
130.164881 188.532119 100.604728 1
131.073229 181.769127 102.395667 1
132.896085 168.197282 105.989694 1
132.896085 168.197282 105.989694 1
103.230376 170.532141 98.031908 1
102.566479 154.038120 99.787790 1
101.744344 133.612779 101.962188 1
101.688223 113.122544 99.614209 1
101.641511 96.067815 97.659905 1
101.248588 89.401543 110.361663 1
101.957262 88.549006 117.268990 1
114.492333 170.623927 96.774557 1
115.923489 154.145106 98.181738 1
117.695740 133.738808 99.924292 1
119.107720 113.094002 97.673357 1
120.259257 96.257186 95.837613 1
123.509345 90.085990 108.378806 1
124.160547 89.226782 115.291003 1
109.038900 171.712900 98.737500 1
109.065651 178.090264 99.311070 1
109.073954 187.266318 99.280209 1
109.204481 196.057582 99.229316 1
110.029948 218.589897 100.760208 1
110.077239 225.239690 102.274115 1
109.827984 242.514703 100.355153 1
105.772632 205.667372 99.285873 1
94.935680 211.795684 99.600363 1
93.463895 205.922619 101.293159 1
89.177108 188.816455 106.223676 1
89.537775 182.468586 109.280652 1
90.261559 169.729802 115.415334 1
90.261559 169.729802 115.415334 1
113.135594 205.448673 98.534617 1
123.642539 211.949828 96.974574 1
125.296067 205.966855 97.971819 1
130.112209 188.540573 100.876440 1
130.943976 181.761740 102.644552 1
132.613151 168.158108 106.192771 1
132.613151 168.158108 106.192771 1
103.313230 170.669331 98.468790 1
102.581673 154.142184 99.845324 1
101.675753 133.675822 101.549959 1
101.640504 113.161237 99.424762 1
101.611164 96.086241 97.655886 1
101.189718 89.412013 110.352551 1
101.885443 88.556958 117.260884 1
114.574869 170.735575 97.207003 1
115.986337 154.225640 98.211852 1
117.734208 133.780813 99.456184 1
119.116404 113.107997 97.458031 1
120.243650 96.248337 95.828441 1
123.543031 90.083984 108.360124 1
124.226798 89.228834 115.269679 1
109.132400 171.787400 99.050500 1
109.168666 178.169022 99.574007 1
109.187384 187.344504 99.468336 1
109.323624 196.134902 99.340739 1
110.151070 218.680386 100.662380 1
110.232809 225.332930 102.162674 1
110.123503 242.606720 100.219776 1
105.893346 205.745347 99.303476 1
95.057196 211.876438 99.590224 1
93.606952 205.995125 101.272948 1
89.382905 188.864940 106.174128 1
89.696923 182.446206 109.084776 1
90.327090 169.565212 114.925810 1
90.327090 169.565212 114.925810 1
113.257179 205.518478 98.563251 1
123.817574 211.911763 96.920508 1
125.395263 205.921738 97.995267 1
129.990512 188.474913 101.125659 1
130.699561 181.697361 102.951216 1
132.122469 168.096297 106.614712 1
132.122469 168.096297 106.614712 1
103.405146 170.750211 98.790983 1
102.624370 154.206869 99.924484 1
101.657497 133.720451 101.328157 1
101.623556 113.195904 99.301410 1
101.595306 96.112616 97.614477 1
101.150108 89.463030 110.323255 1
101.834059 88.550909 117.225461 1
114.666637 170.789922 97.526755 1
116.061529 154.264194 98.257862 1
117.788874 133.799811 99.163210 1
119.150883 113.110756 97.325730 1
120.261665 96.237852 95.827177 1
123.602756 90.077377 108.349713 1
124.312843 89.224391 115.256880 1
109.242400 171.835800 99.336300 1
109.281799 178.221041 99.813393 1
109.303600 187.395515 99.641504 1
109.439615 196.184766 99.450438 1
110.257079 218.739571 100.609219 1
110.387298 225.394967 102.093348 1
110.364989 242.667902 100.139924 1
106.005488 205.793288 99.341228 1
95.173964 211.934138 99.591599 1
93.767379 206.041868 101.273053 1
89.670496 188.879770 106.170533 1
90.003404 182.369041 108.866864 1
90.671481 169.303432 114.277811 1
90.671481 169.303432 114.277811 1
113.369910 205.564066 98.607612 1
123.990000 211.836620 96.886158 1
125.488629 205.841324 98.041642 1
129.853604 188.379146 101.407161 1
130.382468 181.616725 103.346386 1
131.443784 168.046028 107.237992 1
131.443784 168.046028 107.237992 1
103.514848 170.800068 99.077542 1
102.703867 154.247299 100.039176 1
101.699590 133.749206 101.230019 1
101.634170 113.220818 99.243343 1
101.579718 96.134332 97.589762 1
101.106265 89.533719 110.323025 1
101.778398 88.552482 117.216908 1
114.777848 170.824052 97.826422 1
116.157466 154.291963 98.431901 1
117.865896 133.819702 99.181678 1
119.193452 113.127625 97.353040 1
120.276137 96.252256 95.861699 1
123.632105 90.069973 108.369500 1
124.353086 89.210455 115.274729 1
109.334500 171.874100 99.573500 1
109.374139 178.262611 100.004580 1
109.396536 187.435671 99.769093 1
109.528080 196.223609 99.522520 1
110.319403 218.785584 100.552708 1
110.508283 225.445918 102.008105 1
110.518870 242.721366 100.076935 1
106.083327 205.827493 99.355385 1
95.261165 211.986845 99.549899 1
93.903390 206.087542 101.246743 1
89.948669 188.904960 106.189052 1
90.311068 182.310767 108.670165 1
91.038327 169.077667 113.649217 1
91.038327 169.077667 113.649217 1
113.448614 205.602324 98.629235 1
124.129039 211.756842 96.855803 1
125.538109 205.759709 98.110204 1
129.642229 188.292179 101.763830 1
129.972060 181.562892 103.856323 1
130.633960 168.058686 108.055503 1
130.633960 168.058686 108.055503 1
103.607250 170.837447 99.311770 1
102.759021 154.278474 100.122639 1
101.708619 133.772699 101.126782 1
101.616581 113.241021 99.175471 1
101.539974 96.151797 97.551326 1
101.017387 89.594637 110.305102 1
101.662957 88.594485 117.198805 1
114.872516 170.850595 98.081066 1
116.238797 154.313453 98.567008 1
117.930712 133.834936 99.168760 1
119.215776 113.138742 97.356419 1
120.263807 96.260016 95.878368 1
123.625070 90.052517 108.372251 1
124.353187 89.186755 115.275951 1
109.445600 171.916500 99.758900 1
109.487921 178.306845 100.161605 1
109.516096 187.478637 99.881564 1
109.651990 196.264979 99.585458 1
110.447898 218.832932 100.471034 1
110.645441 225.492188 101.930207 1
110.677217 242.772070 100.039353 1
106.210385 205.868543 99.349354 1
95.377193 212.008133 99.554361 1
94.061145 206.100806 101.256157 1
90.227962 188.894850 106.212886 1
90.618006 182.259028 108.576010 1
91.400744 168.942385 113.318283 1
91.400744 168.942385 113.318283 1
113.577016 205.636612 98.639144 1
124.319626 211.686821 96.882458 1
125.630354 205.686731 98.226157 1
129.448038 188.210591 102.139874 1
129.479049 181.524062 104.389317 1
129.541282 168.105663 108.903462 1
129.541282 168.105663 108.903462 1
103.718606 170.882329 99.482182 1
102.781383 154.321694 100.148188 1
101.620774 133.813860 100.972941 1
101.579629 113.273100 99.117848 1
101.545382 96.176317 97.573789 1
100.916434 89.660585 110.343985 1
101.496090 88.662123 117.243788 1
114.988024 170.882824 98.290026 1
116.340463 154.341531 98.659428 1
118.015237 133.857873 99.116864 1
119.259160 113.157564 97.322918 1
120.273637 96.275481 95.859869 1
123.614664 90.060286 108.355353 1
124.338949 89.183412 115.258054 1
109.590400 171.962700 99.935700 1
109.618198 178.355167 100.304562 1
109.633410 187.525217 99.971473 1
109.757792 196.309583 99.617371 1
110.513086 218.884842 100.336706 1
110.742261 225.534264 101.835559 1
110.819081 242.816055 99.963534 1
106.303788 205.905712 99.281217 1
95.458433 212.022662 99.517571 1
94.197129 206.106396 101.229736 1
90.523394 188.874404 106.216668 1
91.009723 182.249909 108.593679 1
91.985684 168.955999 113.363821 1
91.985684 168.955999 113.363821 1
113.676055 205.679811 98.630003 1
124.495258 211.608729 96.930763 1
125.705229 205.602873 98.341531 1
129.229448 188.109936 102.450597 1
129.004610 181.482167 104.857409 1
128.553411 168.181685 109.687360 1
128.553411 168.181685 109.687360 1
103.867724 170.916807 99.616897 1
102.842979 154.359290 100.229388 1
101.573987 133.855319 100.987869 1
101.563075 113.312153 99.159178 1
101.553991 96.213368 97.637095 1
100.736006 89.734172 110.415168 1
101.212488 88.754608 117.325568 1
115.146660 170.931139 98.518519 1
116.453269 154.383742 98.755939 1
118.071289 133.892526 99.049938 1
119.311892 113.194254 97.230372 1
120.323663 96.313833 95.746430 1
123.536559 90.131516 108.291727 1
124.199121 89.239053 115.198629 1
109.691700 171.991700 100.041000 1
109.731896 178.384139 100.409204 1
109.762797 187.553946 100.070550 1
109.893658 196.337649 99.702608 1
110.641505 218.914917 100.364359 1
110.858812 225.573918 101.821887 1
110.941724 242.854001 99.934426 1
106.437142 205.931840 99.338148 1
95.563060 212.001629 99.419649 1
94.335654 206.078712 101.133459 1
90.760656 188.827350 106.125180 1
91.349985 182.223479 108.536031 1
92.532641 168.970956 113.374084 1
92.532641 168.970956 113.374084 1
113.810134 205.706469 98.695002 1
124.676621 211.576888 97.097414 1
125.838548 205.581273 98.589775 1
129.222829 188.118168 102.936492 1
128.751691 181.573205 105.527267 1
127.806220 168.438898 110.726390 1
127.806220 168.438898 110.726390 1
103.967872 170.957932 99.703859 1
102.917037 154.399300 100.236834 1
101.615736 133.893948 100.896848 1
101.576386 113.347657 99.104017 1
101.543632 96.246269 97.611780 1
100.685671 89.805354 110.406574 1
101.144595 88.845005 117.320858 1
115.250297 170.948158 98.641873 1
116.570258 154.401072 98.819528 1
118.204812 133.910240 99.039517 1
119.371121 113.211292 97.178958 1
120.322300 96.330320 95.661583 1
123.536361 90.121430 108.193452 1
124.206568 89.229094 115.099632 1
109.777300 172.004200 100.063600 1
109.812178 178.395050 100.458938 1
109.842080 187.565815 100.147237 1
109.973645 196.349671 99.783197 1
110.713990 218.928460 100.399945 1
110.906066 225.586752 101.864241 1
111.010303 242.858805 99.905681 1
106.519317 205.942629 99.368940 1
95.618695 211.965027 99.411350 1
94.425935 206.033132 101.118556 1
90.951847 188.755618 106.091041 1
91.647233 182.206450 108.619966 1
93.042723 169.063703 113.694964 1
93.042723 169.063703 113.694964 1
113.897317 205.716624 98.786290 1
124.795843 211.570578 97.355207 1
125.902902 205.579193 98.905155 1
129.127374 188.128408 103.419604 1
128.463410 181.676282 106.194464 1
127.130981 168.728279 111.763005 1
127.130981 168.728279 111.763005 1
104.056361 170.969513 99.683051 1
102.996970 154.410152 100.174843 1
101.685075 133.903897 100.783857 1
101.596621 113.351776 99.060958 1
101.522997 96.245536 97.626928 1
100.584865 89.838594 110.433146 1
101.008032 88.893820 117.351855 1
115.345774 170.968831 98.698076 1
116.641887 154.419421 98.828624 1
118.246911 133.925712 98.990278 1
119.390666 113.224981 97.135566 1
120.323453 96.342555 95.622959 1
123.421133 90.152186 108.193240 1
124.033622 89.260726 115.104892 1
109.871900 171.997100 100.052300 1
109.911541 178.387084 100.460951 1
109.950816 187.558290 100.163548 1
110.084797 196.342348 99.805333 1
110.800334 218.922049 100.417955 1
110.961326 225.584414 101.867397 1
111.060988 242.846347 99.821334 1
106.625766 205.932106 99.357573 1
95.702932 211.914265 99.347679 1
94.526410 205.978952 101.054272 1
91.099619 188.691483 106.024976 1
91.882990 182.205640 108.687831 1
93.455047 169.189974 114.031600 1
93.455047 169.189974 114.031600 1
114.008609 205.712265 98.837248 1
124.922315 211.573829 97.561427 1
126.011635 205.595727 99.173967 1
129.184439 188.183630 103.870727 1
128.376079 181.808551 106.782007 1
126.753879 169.015165 112.624314 1
126.753879 169.015165 112.624314 1
104.152638 170.970106 99.628186 1
103.098602 154.410310 100.116826 1
101.793338 133.903516 100.721937 1
101.662798 113.349434 99.025310 1
101.554145 96.241562 97.613147 1
100.548699 89.871310 110.432554 1
100.941450 88.944151 117.355439 1
115.448886 170.957785 98.725051 1
116.740636 154.407723 98.807235 1
118.340256 133.913206 98.908998 1
119.446175 113.210239 97.056298 1
120.348104 96.325989 95.545332 1
123.361758 90.146119 108.141178 1
123.933422 89.263499 115.057460 1
109.956600 172.006900 100.021100 1
109.996448 178.395582 100.449608 1
110.039577 187.567528 100.176562 1
110.172459 196.352236 99.834230 1
110.862525 218.932116 100.469094 1
110.968306 225.598936 101.903047 1
111.066191 242.856205 99.817923 1
106.706892 205.939021 99.373532 1
95.771572 211.897898 99.301474 1
94.604887 205.964826 101.022553 1
91.206747 188.683886 106.035447 1
92.051823 182.266504 108.841455 1
93.747708 169.388223 114.472499 1
93.747708 169.388223 114.472499 1
114.092910 205.726695 98.896986 1
125.003317 211.628355 97.788802 1
126.085491 205.664711 99.458670 1
129.237481 188.294725 104.322407 1
128.339487 181.989019 107.355937 1
126.537411 169.334849 113.443572 1
126.537411 169.334849 113.443572 1
104.239976 170.984098 99.553518 1
103.146577 154.427259 100.055671 1
101.792567 133.924127 100.677517 1
101.673738 113.366617 99.022057 1
101.574831 96.255892 97.644159 1
100.462435 89.920593 110.472051 1
100.797668 89.012221 117.400447 1
115.542306 170.968837 98.730034 1
116.816956 154.417325 98.781524 1
118.395401 133.921013 98.845279 1
119.465636 113.216526 96.988614 1
120.338464 96.331036 95.474415 1
123.249405 90.149876 108.093762 1
123.770676 89.269114 115.014261 1
110.048600 172.006600 99.975800 1
110.091653 178.394096 100.421341 1
110.142604 187.566608 100.169486 1
110.277535 196.351852 99.842043 1
110.944866 218.931689 100.502242 1
111.001063 225.604725 101.909841 1
111.074834 242.863623 99.837248 1
106.808538 205.936386 99.360776 1
95.855181 211.861116 99.233517 1
94.691486 205.934365 100.978237 1
91.302053 188.671836 106.059990 1
92.186863 182.320000 108.999703 1
93.962486 169.573255 114.899064 1
93.962486 169.573255 114.899064 1
114.198435 205.730120 98.945671 1
125.081408 211.699933 97.937275 1
126.173788 205.753091 99.659595 1
129.355502 188.432043 104.676104 1
128.425518 182.172727 107.794871 1
126.559243 169.611650 114.053559 1
126.559243 169.611650 114.053559 1
104.334265 170.990564 99.467289 1
103.211247 154.436037 99.980196 1
101.820561 133.935768 100.615360 1
101.712566 113.374815 99.002464 1
101.622677 96.261224 97.659994 1
100.419408 89.963732 110.498295 1
100.705416 89.075833 117.431551 1
115.641834 170.966513 98.719420 1
116.904338 154.414016 98.748072 1
118.467742 133.916482 98.783546 1
119.523977 113.211691 96.922267 1
120.385387 96.325953 95.404305 1
123.202954 90.141512 108.043223 1
123.675794 89.260129 114.967121 1
110.129400 171.994200 99.906100 1
110.168771 178.380441 100.369620 1
110.217497 187.553532 100.139356 1
110.346639 196.339344 99.825075 1
110.979336 218.919734 100.500281 1
111.002185 225.594132 101.902345 1
111.052506 242.857463 99.866286 1
106.867594 205.919407 99.327616 1
95.898227 211.813704 99.169789 1
94.734362 205.895768 100.944065 1
91.344433 188.658912 106.111904 1
92.246107 182.365939 109.170678 1
94.055573 169.737320 115.308968 1
94.055573 169.737320 115.308968 1
114.260127 205.723356 98.956879 1
125.124382 211.742852 98.046776 1
126.246099 205.810247 99.799079 1
129.513263 188.530668 104.902917 1
128.595106 182.300211 108.082384 1
126.752566 169.797048 114.462883 1
126.752566 169.797048 114.462883 1
104.418498 170.978876 99.359058 1
103.259728 154.427533 99.894690 1
101.824767 133.931207 100.557995 1
101.730392 113.367078 98.985242 1
101.651839 96.250843 97.676185 1
100.349353 89.979139 110.517427 1
100.581474 89.105279 117.454479 1
115.730525 170.958291 98.681831 1
116.976123 154.404492 98.693533 1
118.518591 133.905347 98.708016 1
119.549830 113.199535 96.844078 1
120.390854 96.312964 95.323947 1
123.110579 90.124052 107.982095 1
123.534405 89.242162 114.909101 1
110.155300 172.000100 99.903300 1
110.194865 178.385553 100.377531 1
110.249222 187.559038 100.164915 1
110.385596 196.345492 99.872376 1
111.031095 218.923354 100.616499 1
111.000234 225.608556 101.965951 1
111.017485 242.873707 99.944832 1
106.916906 205.929623 99.380990 1
95.948206 211.822349 99.140057 1
94.779626 205.912378 100.937629 1
91.375967 188.698720 106.173321 1
92.281932 182.453903 109.328018 1
94.100008 169.921922 115.658805 1
94.100008 169.921922 115.658805 1
114.311443 205.728944 99.055433 1
125.112831 211.862395 98.157969 1
126.259321 205.946150 99.949119 1
129.598641 188.714221 105.166104 1
128.759785 182.474193 108.348712 1
127.076383 169.951824 114.735514 1
127.076383 169.951824 114.735514 1
104.446969 170.988108 99.324187 1
103.259014 154.439340 99.875208 1
101.787912 133.946201 100.557569 1
101.719691 113.379439 99.018249 1
101.662908 96.261013 97.737020 1
100.279508 90.014074 110.581871 1
100.465801 89.154379 117.522074 1
115.762433 170.963820 98.707169 1
116.999298 154.409362 98.703470 1
118.530952 133.909402 98.698882 1
119.545856 113.202793 96.834821 1
120.373558 96.315573 95.314590 1
123.019679 90.124906 107.987471 1
123.406539 89.243453 114.916696 1
110.191900 171.991500 99.880300 1
110.232773 178.376452 100.361114 1
110.291034 187.550091 100.156295 1
110.428428 196.336682 99.868398 1
111.062633 218.914700 100.617482 1
111.012655 225.599089 101.970384 1
111.008198 242.867080 99.973609 1
106.958291 205.919601 99.363755 1
95.982129 211.797225 99.095354 1
94.809272 205.897688 100.924143 1
91.393157 188.714420 106.250761 1
92.280980 182.490901 109.452355 1
94.062651 170.001660 115.877254 1
94.062651 170.001660 115.877254 1
114.354175 205.721648 99.068545 1
125.135806 211.894523 98.204436 1
126.314630 205.992659 100.021846 1
129.748126 188.802614 105.315317 1
129.010944 182.535597 108.469946 1
127.531581 169.959067 114.800600 1
127.531581 169.959067 114.800600 1
104.485251 170.982839 99.279211 1
103.281002 154.435604 99.840810 1
101.789723 133.944365 100.536270 1
101.737405 113.375969 99.018292 1
101.693858 96.256184 97.754826 1
100.259167 90.022709 110.600591 1
100.416428 89.170778 117.542470 1
115.802892 170.953726 98.703720 1
117.034669 154.398893 98.692130 1
118.560023 133.898467 98.677769 1
119.564269 113.192028 96.806077 1
120.383279 96.304945 95.279622 1
122.981861 90.105344 107.957972 1
123.344591 89.219795 114.887980 1
110.233600 171.976900 99.859700 1
110.273937 178.361268 100.348253 1
110.332073 187.535100 100.152229 1
110.467942 196.321848 99.868436 1
111.090466 218.900204 100.617129 1
111.034819 225.584260 101.971456 1
111.007874 242.855121 99.999837 1
106.994876 205.903210 99.354460 1
96.013906 211.771311 99.074577 1
94.832268 205.876084 100.911597 1
91.390575 188.705373 106.262188 1
92.261888 182.493123 109.490096 1
94.010426 170.026498 115.967801 1
94.010426 170.026498 115.967801 1
114.391547 205.708458 99.077405 1
125.152307 211.919949 98.230025 1
126.378925 206.024754 100.037424 1
129.951626 188.854134 105.301737 1
129.315257 182.553470 108.410963 1
128.038203 169.909418 114.650505 1
128.038203 169.909418 114.650505 1
104.528257 170.969483 99.244297 1
103.299097 154.424319 99.812889 1
101.776968 133.935643 100.517009 1
101.752536 113.365865 99.017183 1
101.732200 96.244928 97.768824 1
100.252592 90.025733 110.616416 1
100.382779 89.182555 117.559924 1
115.847187 170.940021 98.694771 1
117.073912 154.384813 98.681843 1
118.593008 133.883924 98.665826 1
119.591255 113.177696 96.788592 1
120.405372 96.290786 95.257619 1
122.969637 90.085904 107.940371 1
123.314918 89.198019 114.870971 1
110.213700 171.978600 99.869100 1
110.256117 178.362212 100.367260 1
110.317326 187.536238 100.181518 1
110.454111 196.323074 99.900906 1
111.072880 218.901829 100.640619 1
111.017586 225.585764 101.995558 1
110.971687 242.858666 100.042253 1
106.979872 205.903703 99.381230 1
95.996040 211.766384 99.100070 1
94.805063 205.871882 100.933383 1
91.336166 188.703284 106.273173 1
92.185236 182.477439 109.480752 1
93.889136 169.983531 115.917661 1
93.889136 169.983531 115.917661 1
114.376712 205.709945 99.107995 1
125.136447 211.919202 98.231717 1
126.396757 206.029246 100.033009 1
130.067592 188.873888 105.279535 1
129.542534 182.520525 108.301076 1
128.488859 169.770716 114.364652 1
128.488859 169.770716 114.364652 1
104.508536 170.974383 99.246847 1
103.278347 154.429184 99.812211 1
101.754943 133.940467 100.512335 1
101.741609 113.369925 99.022873 1
101.730509 96.248352 97.783141 1
100.246744 90.038938 110.634983 1
100.373233 89.201581 117.579264 1
115.827964 170.941229 98.707873 1
117.055538 154.386085 98.694320 1
118.575687 133.885274 98.677529 1
119.565963 113.178737 96.799487 1
120.373580 96.291575 95.267854 1
122.926847 90.083819 107.951420 1
123.267350 89.194884 114.882121 1
110.210700 171.971100 99.885800 1
110.255763 178.354305 100.388923 1
110.319950 187.528424 100.208858 1
110.457203 196.315337 99.930910 1
111.071027 218.894239 100.670260 1
111.036383 225.580052 102.016589 1
110.962081 242.852806 100.062846 1
106.980794 205.895188 99.411403 1
95.999685 211.763304 99.137388 1
94.801508 205.867083 100.960451 1
91.311644 188.693475 106.270387 1
92.132191 182.431824 109.415073 1
93.778853 169.866060 115.725770 1
93.778853 169.866060 115.725770 1
114.377653 205.703067 99.137532 1
125.132720 211.910255 98.192018 1
126.414589 206.023197 99.987560 1
130.148219 188.876278 105.217336 1
129.749830 182.457966 108.118574 1
128.950353 169.577820 113.940729 1
128.950353 169.577820 113.940729 1
104.505481 170.970026 99.259007 1
103.280769 154.424141 99.816131 1
101.764148 133.934574 100.506050 1
101.669487 113.364158 99.017796 1
101.590697 96.242691 97.779070 1
100.108884 90.046111 110.637331 1
100.246972 89.211774 117.581754 1
115.825245 170.932007 98.727475 1
117.054277 154.376972 98.712809 1
118.576232 133.876297 98.694641 1
119.560645 113.170117 96.809591 1
120.363480 96.283246 95.272243 1
122.913140 90.068147 107.952937 1
123.252514 89.175554 114.883224 1
110.281400 172.035800 99.910200 1
110.305477 178.420603 100.394120 1
110.343085 187.594358 100.189645 1
110.461468 196.380984 99.894472 1
111.042116 218.961671 100.605560 1
111.031609 225.640743 101.985339 1
110.966291 242.912066 100.018676 1
106.971826 205.955155 99.359226 1
95.997700 211.840238 99.188926 1
94.799872 205.939378 100.997147 1
91.311021 188.752259 106.263857 1
92.126247 182.456831 109.341780 1
93.762232 169.823284 115.518499 1
93.762232 169.823284 115.518499 1
114.369225 205.773319 99.093021 1
125.139104 211.947187 98.099192 1
126.425396 206.047805 99.850578 1
130.171908 188.864991 104.951748 1
129.853004 182.382209 107.716249 1
129.213034 169.372687 113.264003 1
129.213034 169.372687 113.264003 1
104.579658 171.014215 99.284861 1
103.329902 154.470104 99.839015 1
101.782269 133.982733 100.525257 1
101.634923 113.412321 99.041230 1
101.512281 96.290858 97.806021 1
99.979868 90.101999 110.662069 1
100.098128 89.269017 117.607021 1
115.899636 171.011570 98.756546 1
117.080137 154.453046 98.716499 1
118.541994 133.948049 98.666900 1
119.558304 113.243253 96.783574 1
120.387152 96.357511 95.247632 1
122.868093 90.156444 107.948810 1
123.166552 89.270088 114.881780 1
110.271900 172.041000 99.921800 1
110.307516 178.426627 100.393990 1
110.354719 187.600169 100.182113 1
110.471898 196.387166 99.897658 1
111.033345 218.965942 100.681137 1
111.052473 225.657059 102.001173 1
110.949605 242.925322 100.009402 1
106.968414 205.959277 99.418979 1
96.007911 211.867841 99.193427 1
94.803611 205.964637 100.989659 1
91.295914 188.770689 106.221448 1
92.063894 182.403987 109.161844 1
93.605066 169.627408 115.062575 1
93.605066 169.627408 115.062575 1
114.363983 205.786412 99.100983 1
125.139041 211.936837 98.021618 1
126.462656 206.038505 99.748560 1
130.317879 188.858749 104.778530 1
130.051732 182.295425 107.351966 1
129.517635 169.124272 112.516293 1
129.517635 169.124272 112.516293 1
104.567221 171.027727 99.309867 1
103.339680 154.481333 99.845222 1
101.819557 133.991136 100.508182 1
101.651547 113.421941 99.009560 1
101.511705 96.301490 97.762204 1
100.030419 90.111038 110.623476 1
100.177904 89.276587 117.567693 1
115.886086 171.005355 98.758657 1
117.095736 154.448906 98.732620 1
118.593690 133.946481 98.700370 1
119.566820 113.243453 96.775259 1
120.360453 96.359154 95.205239 1
122.920443 90.111254 107.867720 1
123.266973 89.201358 114.795402 1
110.249800 172.040900 99.935900 1
110.278684 178.425452 100.422867 1
110.316739 187.599361 100.225569 1
110.424224 196.386525 99.942462 1
110.956394 218.966991 100.697154 1
111.017256 225.656035 102.026397 1
110.911598 242.923794 100.030400 1
106.909440 205.953611 99.446487 1
95.947743 211.862521 99.302871 1
94.746261 205.954844 101.086238 1
91.246768 188.747869 106.280556 1
91.993465 182.340259 109.136359 1
93.491926 169.481590 114.867331 1
93.491926 169.481590 114.867331 1
114.305645 205.789584 99.138787 1
125.086715 211.914597 97.978015 1
126.419005 206.006936 99.665957 1
130.299493 188.800007 104.582336 1
130.089628 182.181936 107.017028 1
129.668474 168.900919 111.902928 1
129.668474 168.900919 111.902928 1
104.546267 171.023091 99.320825 1
103.334899 154.475419 99.853485 1
101.834804 133.983638 100.513108 1
101.647687 113.414756 99.012455 1
101.491942 96.294566 97.763409 1
100.020703 90.104945 110.626235 1
100.175924 89.270069 117.570232 1
115.865224 171.013810 98.771151 1
117.072099 154.457155 98.747621 1
118.566615 133.954474 98.718477 1
119.548023 113.250631 96.806372 1
120.348408 96.365667 95.246960 1
122.888122 90.128999 107.919058 1
123.222528 89.224812 114.848083 1
110.269500 172.023100 99.922100 1
110.294267 178.407170 100.415569 1
110.324080 187.581248 100.224792 1
110.424116 196.368518 99.942283 1
110.941192 218.949770 100.683857 1
111.015935 225.637981 102.016581 1
110.896764 242.905399 100.018404 1
106.901564 205.932787 99.447073 1
95.936255 211.836011 99.354444 1
94.734638 205.925303 101.127648 1
91.234752 188.709499 106.292363 1
91.952413 182.252598 109.042638 1
93.392606 169.295010 114.561839 1
93.392606 169.295010 114.561839 1
114.297356 205.773948 99.126960 1
125.078558 211.885307 97.897483 1
126.419702 205.968381 99.545488 1
130.325980 188.734465 104.345542 1
130.142729 182.069188 106.650131 1
129.774987 168.693437 111.274939 1
129.774987 168.693437 111.274939 1
104.565810 171.001571 99.314693 1
103.366415 154.452891 99.843127 1
101.881148 133.959863 100.497518 1
101.676404 113.391598 98.990724 1
101.505988 96.271921 97.736565 1
100.060509 90.080067 110.601237 1
100.231447 89.243298 117.544637 1
115.883918 171.001487 98.747724 1
117.097370 154.445305 98.730974 1
118.600031 133.943209 98.710225 1
119.571946 113.237870 96.809514 1
120.364589 96.351685 95.259393 1
122.920303 90.124569 107.932972 1
123.264054 89.225857 114.862252 1
110.256800 172.024700 99.925400 1
110.283031 178.408279 100.425101 1
110.312735 187.582495 100.241055 1
110.411051 196.369851 99.960592 1
110.923442 218.951413 100.695922 1
111.007258 225.638199 102.035242 1
110.866919 242.905219 100.035002 1
106.884690 205.933016 99.471223 1
95.915592 211.829770 99.428456 1
94.711098 205.916292 101.190436 1
91.202832 188.692419 106.322459 1
91.896061 182.198769 108.991272 1
93.287223 169.167434 114.346997 1
93.287223 169.167434 114.346997 1
114.279782 205.776186 99.134378 1
125.061170 211.874970 97.845532 1
126.399358 205.944929 99.448178 1
130.297023 188.672815 104.116118 1
130.134221 181.979725 106.340230 1
129.807513 168.548160 110.803538 1
129.807513 168.548160 110.803538 1
104.551797 171.004156 99.328765 1
103.362099 154.454790 99.857646 1
101.888838 133.960912 100.512590 1
101.674884 113.393273 98.998544 1
101.496802 96.274118 97.738350 1
100.086039 90.075634 110.603683 1
100.276484 89.234994 117.546108 1
115.868710 171.003864 98.738430 1
117.090228 154.448268 98.731550 1
118.602877 133.946897 98.723023 1
119.567825 113.240433 96.831039 1
120.354787 96.353331 95.288035 1
122.940700 90.129586 107.957143 1
123.301554 89.232963 114.885824 1
110.252600 172.025700 99.906800 1
110.277341 178.408773 100.412995 1
110.301745 187.583141 100.235871 1
110.393504 196.370580 99.955782 1
110.889680 218.952999 100.675764 1
110.988401 225.634685 102.039296 1
110.820918 242.902120 100.044726 1
106.858238 205.930615 99.469510 1
95.889918 211.828969 99.465114 1
94.684150 205.915010 101.224606 1
91.172172 188.689737 106.349386 1
91.847989 182.170289 108.959115 1
93.204211 169.087183 114.196272 1
93.204211 169.087183 114.196272 1
114.252565 205.779489 99.113810 1
125.035855 211.867147 97.788775 1
126.366195 205.924688 99.351460 1
130.241002 188.616406 103.903010 1
130.079456 181.907078 106.077742 1
129.755269 168.442929 110.441958 1
129.755269 168.442929 110.441958 1
104.546597 171.003338 99.322981 1
103.378435 154.452272 99.846638 1
101.931845 133.956289 100.495113 1
101.691882 113.389224 98.977170 1
101.492151 96.270547 97.713732 1
100.130652 90.073911 110.585261 1
100.350258 89.233283 117.526826 1
115.862041 171.008474 98.705148 1
117.088190 154.453220 98.710313 1
118.606575 133.952273 98.716702 1
119.570802 113.244243 96.841555 1
120.357175 96.355864 95.312284 1
122.969177 90.143384 107.981569 1
123.343712 89.252675 114.910287 1
110.263300 172.014300 99.847600 1
110.287772 178.397006 100.358421 1
110.309473 187.571508 100.188018 1
110.398449 196.359150 99.913488 1
110.892073 218.941248 100.645205 1
110.977569 225.621102 102.018576 1
110.797867 242.891135 100.047710 1
106.859717 205.918721 99.443561 1
95.895311 211.824238 99.479794 1
94.692132 205.908544 101.235226 1
91.187696 188.678222 106.348180 1
91.856575 182.145413 108.926093 1
93.198872 169.035495 114.099399 1
93.198872 169.035495 114.099399 1
114.252962 205.769367 99.065320 1
125.030996 211.856710 97.696784 1
126.353244 205.904471 99.228815 1
130.204483 188.567703 103.691079 1
130.029648 181.852452 105.846414 1
129.678791 168.376416 110.171705 1
129.678791 168.376416 110.171705 1
104.556068 170.990955 99.277674 1
103.403477 154.438677 99.797503 1
101.976167 133.941192 100.441237 1
101.713810 113.374312 98.924499 1
101.495440 96.255788 97.662063 1
100.179780 90.064452 110.540908 1
100.426100 89.225916 117.481829 1
115.869888 170.999345 98.630811 1
117.099695 154.444372 98.649769 1
118.622608 133.943773 98.673239 1
119.581958 113.234216 96.812520 1
120.364354 96.344591 95.295015 1
123.006190 90.143119 107.963507 1
123.397285 89.258534 114.892095 1
110.244500 172.018600 99.822200 1
110.268122 178.400585 100.341992 1
110.286136 187.575252 100.180260 1
110.368977 196.363025 99.908017 1
110.843791 218.945842 100.629922 1
110.951029 225.622702 102.016265 1
110.742676 242.895274 100.070634 1
106.820637 205.919220 99.441899 1
95.849107 211.810465 99.557704 1
94.643392 205.893719 101.307839 1
91.131572 188.660329 106.405363 1
91.813398 182.132734 108.993075 1
93.181678 169.033281 114.186046 1
93.181678 169.033281 114.186046 1
114.213193 205.776379 99.048012 1
124.995707 211.849748 97.652936 1
126.306986 205.891594 99.171343 1
130.126278 188.537599 103.593927 1
129.937053 181.827860 105.765153 1
129.557320 168.362884 110.122333 1
129.557320 168.362884 110.122333 1
104.536474 170.994404 99.261838 1
103.395442 154.441389 99.783717 1
101.982448 133.942993 100.429990 1
101.706570 113.375863 98.919055 1
101.476947 96.257131 97.661450 1
100.196209 90.072128 110.546856 1
100.462431 89.236589 117.487404 1
115.849022 171.006993 98.593166 1
117.083049 154.452358 98.627029 1
118.611188 133.952177 98.668957 1
119.567813 113.240927 96.825761 1
120.347986 96.349922 95.322546 1
123.009767 90.159453 107.992244 1
123.411869 89.280926 114.920973 1
